1703399874.739 133
1703399875.047 144
1703399875.423 150
1703399875.692 150
1703399875.976 151
1703399876.252 154
1703399876.520 159
1703399876.781 162
1703399877.045 163
1703399877.305 166
1703399877.566 173
1703399877.840 188
1703399878.146 203
1703399878.420 211
1703399878.692 217
1703399878.959 229
1703399879.241 256
1703399879.512 304
1703399879.787 366
1703399880.059 460
1703399880.329 489
1703399880.610 499
1703399880.890 518
1703399881.164 537
1703399881.448 574
1703399881.728 574
1703399882.048 740
1703399882.294 749
1703399882.584 765
1703399882.863 773
1703399883.140 776
1703399883.418 778
1703399883.697 787
1703399883.997 806
1703399884.313 899
1703399884.589 934
1703399884.859 945
1703399885.128 957
1703399885.422 966
1703399885.708 996
1703399885.973 1033
1703399886.264 1049
1703399886.540 1055
1703399886.858 1055
1703399887.163 1070
1703399887.478 1088
1703399887.746 1098
1703399888.029 1102
1703399888.308 1108
1703399888.609 1111
1703399888.900 1115
1703399889.182 1178
1703399889.492 1204
1703399889.769 1234
1703399890.068 1263
1703399890.346 1307
1703399890.647 1337
1703399890.937 1365
1703399891.248 1414
1703399891.531 1436
1703399891.815 1462
1703399892.105 1489
1703399892.356 1551
1703399892.639 1554
1703399892.921 1569
1703399893.205 1595
1703399893.476 1596
1703399893.787 1616
1703399894.093 1626
1703399894.371 1626
1703399894.651 1626
1703399894.936 1626
1703399895.221 1626
1703399895.512 1626
1703399895.798 1626
1703399896.097 1626
1703399896.358 1626
1703399896.644 1629
1703399896.931 1637
1703399897.209 1644
1703399897.492 1653
1703399897.788 1662
1703399898.069 1679
1703399898.353 1687
1703399898.652 1700
1703399899.019 1713
1703399899.332 1721
1703399899.630 1732
1703399899.942 1738
1703399900.240 1744
1703399900.562 1756
1703399900.861 1760
1703399901.131 1763
1703399901.421 1766
1703399901.760 1774
1703399902.037 1779
1703399902.356 1787
1703399902.672 1800
1703399902.953 1807
1703399903.259 1819
1703399903.551 1827
1703399903.871 1836
1703399904.211 1840
1703399904.496 1843
1703399904.786 1844
1703399905.090 1862
1703399905.387 1945
1703399905.682 1988
1703399905.969 1995
1703399906.285 1999
1703399906.556 2030
1703399906.826 2032
1703399907.114 2055
1703399907.410 2056
1703399907.714 2062
1703399908.035 2063
1703399908.321 2071
1703399908.604 2085
1703399908.894 2090
1703399909.178 2104
1703399909.467 2106
1703399909.753 2107
1703399910.062 2115
1703399910.396 2121
1703399910.687 2135
1703399911.007 2188
1703399911.295 2191
1703399911.597 2209
1703399911.892 2224
1703399912.181 2242
1703399912.471 2252
1703399912.797 2261
1703399913.088 2266
1703399913.424 2266
1703399913.708 2266
1703399914.006 2266
1703399914.304 2277
1703399914.597 2289
1703399914.976 2289
1703399915.284 2290
1703399915.596 2290
1703399915.921 2290
1703399916.228 2291
1703399916.531 2300
1703399916.858 2305
1703399917.139 2305
1703399917.458 2305
1703399917.721 2305
1703399918.027 2305
1703399918.357 2305
1703399918.659 2305
1703399918.967 2305
1703399919.240 2305
1703399919.544 2306
1703399919.846 2306
1703399920.121 2306
1703399920.410 2306
1703399920.691 2306
1703399920.985 2306
1703399921.272 2306
1703399921.569 2306
1703399921.855 2306
1703399922.161 2306
1703399922.447 2306
1703399922.747 2306
1703399923.030 2306
1703399923.353 2306
1703399923.629 2306
1703399923.929 2306
1703399924.222 2306
1703399924.530 2330
1703399924.821 2390
1703399925.148 2399
1703399925.439 2411
1703399925.743 2456
1703399926.034 2481
1703399926.343 2517
1703399926.620 2532
1703399926.907 2536
1703399927.247 2539
1703399927.644 2547
1703399927.952 2570
1703399928.319 2603
1703399928.608 2616
1703399928.903 2616
1703399929.228 2623
1703399929.561 2629
1703399929.845 2629
1703399930.136 2630
1703399930.443 2630
1703399930.713 2632
1703399931.018 2637
1703399931.291 2645
1703399931.586 2656
1703399931.883 2661
1703399932.188 2670
1703399932.479 2678
1703399932.771 2682
1703399933.060 2687
1703399933.370 2689
1703399933.657 2691
1703399933.951 2691
1703399934.241 2691
1703399934.548 2691
1703399934.832 2691
1703399935.110 2691
1703399935.411 2707
1703399935.704 2710
1703399935.990 2712
1703399936.287 2718
1703399936.594 2719
1703399936.908 2719
1703399937.228 2719
1703399937.509 2719
1703399937.829 2719
1703399938.125 2720
1703399938.394 2720
1703399938.694 2720
1703399938.990 2720
1703399939.295 2720
1703399939.602 2720
1703399939.881 2720
1703399940.172 2720
1703399940.486 2720
1703399940.766 2720
1703399941.063 2720
1703399941.366 2720
1703399941.653 2720
1703399941.957 2720
1703399942.259 2720
1703399942.550 2731
1703399942.839 2757
1703399943.139 2763
1703399943.444 2789
1703399943.766 2789
1703399944.082 2789
1703399944.387 2789
1703399944.661 2789
1703399944.942 2789
1703399945.232 2789
1703399945.543 2791
1703399945.848 2791
1703399946.146 2796
1703399946.437 2800
1703399946.720 2805
1703399947.050 2810
1703399947.368 2819
1703399947.641 2820
1703399947.940 2827
1703399948.209 2832
1703399948.525 2854
1703399948.818 2870
1703399949.126 2907
1703399949.444 2928
1703399949.732 2950
1703399950.020 2958
1703399950.307 2975
1703399950.616 2975
1703399950.889 2975
1703399951.176 2975
1703399951.472 2975
1703399951.777 2975
1703399952.065 2975
1703399952.352 2975
1703399952.659 2975
1703399952.964 2975
1703399953.286 2975
1703399953.576 2975
1703399953.872 2975
1703399954.160 2975
1703399954.464 2975
1703399954.744 2975
1703399955.017 2975
1703399955.345 2983
1703399955.714 2985
1703399956.024 2991
1703399956.335 2998
1703399956.610 3013
1703399956.894 3027
1703399957.187 3047
1703399957.483 3067
1703399957.778 3082
1703399958.061 3096
1703399958.358 3105
1703399958.654 3111
1703399958.979 3129
1703399959.261 3175
1703399959.539 3204
1703399959.834 3219
1703399960.111 3220
1703399960.395 3224
1703399960.678 3225
1703399960.959 3232
1703399961.300 3238
1703399961.623 3242
1703399961.935 3277
1703399962.227 3340
1703399962.571 3389
1703399962.836 3414
1703399963.111 3435
1703399963.387 3458
1703399963.671 3465
1703399963.958 3466
1703399964.278 3467
1703399964.570 3468
1703399964.856 3469
1703399965.143 3470
1703399965.455 3470
1703399965.788 3470
1703399966.093 3470
1703399966.377 3472
1703399966.683 3472
1703399966.951 3476
1703399967.241 3487
1703399967.539 3506
1703399967.879 3520
1703399968.188 3528
1703399968.475 3535
1703399968.766 3536
1703399969.054 3541
1703399969.352 3543
1703399969.647 3547
1703399969.936 3555
1703399970.217 3563
1703399970.515 3624
1703399970.774 3672
1703399971.063 3679
1703399971.346 3685
1703399971.662 3693
1703399971.947 3695
1703399972.261 3698
1703399972.546 3698
1703399972.837 3698
1703399973.122 3698
1703399973.417 3698
1703399973.728 3708
1703399974.020 3708
1703399974.310 3708
1703399974.599 3708
1703399974.882 3708
1703399975.169 3708
1703399975.459 3708
1703399975.744 3708
1703399976.044 3708
1703399976.357 3708
1703399976.647 3708
1703399976.991 3708
1703399977.284 3708
1703399977.643 3708
1703399977.979 3708
1703399978.305 3708
1703399978.581 3708
1703399978.878 3713
1703399979.162 3713
1703399979.459 3713
1703399979.778 3727
1703399980.077 3727
1703399980.403 3731
1703399980.736 3735
1703399981.022 3738
1703399981.321 3742
1703399981.630 3743
1703399981.942 3744
1703399982.228 3747
1703399982.519 3747
1703399982.878 3747
1703399983.163 3747
1703399983.477 3747
1703399983.813 3747
1703399984.124 3747
1703399984.408 3747
1703399984.726 3747
1703399985.031 3747
1703399985.322 3747
1703399985.618 3747
1703399985.915 3747
1703399986.226 3747
1703399986.511 3747
1703399986.807 3747
1703399987.098 3747
1703399987.382 3747
1703399987.685 3747
1703399987.972 3747
1703399988.251 3747
1703399988.552 3747
1703399988.817 3747
1703399989.149 3747
1703399989.443 3747
1703399989.729 3753
1703399990.010 3753
1703399990.328 3753
1703399990.594 3753
1703399990.872 3753
1703399991.152 3753
1703399991.440 3753
1703399991.727 3753
1703399992.066 3753
1703399992.343 3753
1703399992.625 3753
1703399992.892 3753
1703399993.182 3753
1703399993.503 3753
1703399993.798 3753
1703399994.092 3753
1703399994.384 3753
1703399994.684 3753
1703399994.983 3753
1703399995.262 3753
1703399995.547 3753
1703399995.846 3753
1703399996.161 3753
1703399996.445 3753
1703399996.735 3753
1703399997.022 3753
1703399997.311 3753
1703399997.605 3753
1703399997.896 3753
1703399998.191 3753
1703399998.479 3753
1703399998.801 3753
1703399999.099 3753
1703399999.451 3753
1703399999.750 3755
1703400000.051 3757
1703400000.340 3763
1703400000.623 3768
1703400000.914 3772
1703400001.202 3776
1703400001.500 3785
1703400001.792 3791
1703400002.084 3799
1703400002.379 3804
1703400002.669 3815
1703400002.976 3833
1703400003.305 3850
1703400003.622 3871
1703400003.892 3890
1703400004.179 3895
1703400004.474 3905
1703400004.756 3909
1703400005.074 3912
1703400005.378 3914
1703400005.684 3915
1703400005.982 3915
1703400006.292 3915
1703400006.602 3915
1703400006.876 3915
1703400007.164 3915
1703400007.458 3915
1703400007.751 3915
1703400008.038 3915
1703400008.348 3915
1703400008.623 3915
1703400008.910 3915
1703400009.226 3915
1703400009.563 3915
1703400009.853 3915
1703400010.158 3915
1703400010.479 3915
1703400010.833 3915
1703400011.140 3915
1703400011.429 3915
1703400011.739 3915
1703400012.018 3915
1703400012.323 3915
1703400012.662 3915
1703400012.982 3915
1703400013.274 3915
1703400013.559 3917
1703400013.877 3919
1703400014.203 3920
1703400014.542 3923
1703400014.840 3928
1703400015.129 3934
1703400015.435 3938
1703400015.721 3945
1703400016.011 3949
1703400016.312 3991
1703400016.604 4009
1703400016.896 4014
1703400017.193 4023
1703400017.482 4038
1703400017.760 4099
1703400018.047 4165
1703400018.332 4201
1703400018.618 4203
1703400018.899 4203
1703400019.187 4203
1703400019.476 4203
1703400019.767 4206
1703400020.062 4206
1703400020.350 4213
1703400020.672 4226
1703400020.968 4237
1703400021.249 4241
1703400021.536 4242
1703400021.820 4245
1703400022.122 4254
1703400022.413 4258
1703400022.704 4260
1703400022.996 4260
1703400023.284 4260
1703400023.576 4260
1703400023.860 4260
1703400024.191 4260
1703400024.476 4263
1703400024.776 4264
1703400025.051 4267
1703400025.336 4267
1703400025.629 4267
1703400025.914 4268
1703400026.197 4268
1703400026.487 4268
1703400026.785 4268
1703400027.068 4268
1703400027.368 4268
1703400027.661 4268
1703400027.941 4268
1703400028.229 4269
1703400028.552 4281
1703400028.839 4292
1703400029.131 4300
1703400029.421 4315
1703400029.729 4337
1703400030.004 4367
1703400030.292 4396
1703400030.602 4430
1703400030.939 4471
1703400031.220 4494
1703400031.523 4514
1703400031.894 4537
1703400032.203 4591
1703400032.533 4614
1703400032.846 4615
1703400033.155 4616
1703400033.459 4620
1703400033.741 4620
1703400034.035 4620
1703400034.328 4620
1703400034.622 4620
1703400034.888 4620
1703400035.187 4621
1703400035.470 4621
1703400035.761 4623
1703400036.098 4634
1703400036.396 4641
1703400036.688 4660
1703400036.968 4676
1703400037.266 4685
1703400037.570 4697
1703400037.863 4701
1703400038.144 4703
1703400038.480 4707
1703400038.822 4707
1703400039.110 4707
1703400039.403 4707
1703400039.720 4707
1703400039.980 4707
1703400040.271 4707
1703400040.547 4707
1703400040.842 4707
1703400041.131 4707
1703400041.421 4707
1703400041.713 4707
1703400042.003 4707
1703400042.293 4707
1703400042.574 4708
1703400042.895 4708
1703400043.181 4714
1703400043.467 4714
1703400043.748 4715
1703400044.037 4728
1703400044.313 4741
1703400044.601 4752
1703400044.894 4765
1703400045.156 4783
1703400045.435 4795
1703400045.677 4803
1703400045.954 4812
1703400046.236 4831
1703400046.535 4865
1703400046.824 4891
1703400047.106 4905
1703400047.427 4915
1703400047.717 4919
1703400048.002 4927
1703400048.299 4927
1703400048.632 4929
1703400048.899 4929
1703400049.170 4929
1703400049.507 4929
1703400049.830 4929
1703400050.138 4930
1703400050.422 4931
1703400050.696 4931
1703400050.969 4931
1703400051.252 4931
1703400051.533 4931
1703400051.827 4938
1703400052.107 4938
1703400052.384 4938
1703400052.708 4941
1703400053.035 4941
1703400053.318 4942
1703400053.643 4942
1703400053.950 4942
1703400054.220 4942
1703400054.499 4942
1703400054.770 4942
1703400055.066 4942
1703400055.366 4942
1703400055.651 4942
1703400055.940 4942
1703400056.225 4943
1703400056.519 4944
1703400056.800 4944
1703400057.122 4944
1703400057.418 4944
1703400057.699 4944
1703400057.983 4944
1703400058.264 4944
1703400058.555 4944
1703400058.841 4944
1703400059.137 4944
1703400059.440 4944
1703400059.731 4957
1703400060.008 4957
1703400060.292 4958
1703400060.575 4958
1703400060.869 4959
1703400061.179 4962
1703400061.473 4968
1703400061.760 4973
1703400062.046 4979
1703400062.332 4983
1703400062.637 4983
1703400062.955 4988
1703400063.248 4992
1703400063.537 4994
1703400063.841 5002
1703400064.152 5009
1703400064.435 5019
1703400064.717 5027
1703400065.007 5033
1703400065.297 5033
1703400065.606 5033
1703400065.897 5033
1703400066.193 5033
1703400066.462 5033
1703400066.780 5033
1703400067.082 5040
1703400067.411 5106
1703400067.709 5186
1703400068.015 5252
1703400068.290 5268
1703400068.614 5276
1703400068.896 5287
1703400069.188 5288
1703400069.469 5288
1703400069.733 5288
1703400070.025 5288
1703400070.312 5288
1703400070.615 5288
1703400070.906 5288
1703400071.197 5289
1703400071.493 5289
1703400071.781 5289
1703400072.077 5290
1703400072.366 5290
1703400072.668 5290
1703400072.961 5290
1703400073.232 5290
1703400073.530 5290
1703400073.801 5290
1703400074.073 5290
1703400074.361 5290
1703400074.616 5290
1703400074.895 5290
1703400075.173 5290
1703400075.462 5290
1703400075.711 5290
1703400075.998 5290
1703400076.273 5290
1703400076.626 5290
1703400076.919 5290
1703400077.209 5290
1703400077.496 5290
1703400077.784 5291
1703400078.105 5298
1703400078.392 5298
1703400078.681 5298
1703400078.968 5298
1703400079.262 5298
1703400079.551 5311
1703400079.858 5317
1703400080.130 5329
1703400080.434 5331
1703400080.719 5331
1703400081.018 5331
1703400081.302 5337
1703400081.602 5351
1703400081.892 5362
1703400082.183 5366
1703400082.477 5393
1703400082.776 5395
1703400083.154 5397
1703400083.513 5397
1703400083.796 5403
1703400084.084 5403
1703400084.371 5409
1703400084.672 5415
1703400084.972 5425
1703400085.260 5436
1703400085.549 5444
1703400085.852 5456
1703400086.127 5471
1703400086.400 5473
1703400086.712 5474
1703400086.992 5474
1703400087.295 5485
1703400087.614 5485
1703400087.921 5497
1703400088.203 5501
1703400088.498 5501
1703400088.798 5501
1703400089.092 5501
1703400089.395 5506
1703400089.685 5518
1703400090.010 5521
1703400090.300 5522
1703400090.588 5529
1703400090.872 5530
1703400091.158 5530
1703400091.443 5532
1703400091.751 5547
1703400092.037 5547
1703400092.340 5555
1703400092.630 5556
1703400092.933 5556
1703400093.219 5556
1703400093.507 5556
1703400093.796 5558
1703400094.115 5558
1703400094.409 5558
1703400094.702 5558
1703400095.003 5558
1703400095.294 5558
1703400095.583 5558
1703400095.882 5558
1703400096.172 5558
1703400096.454 5558
1703400096.753 5558
1703400097.080 5558
1703400097.374 5558
1703400097.663 5558
1703400097.957 5560
1703400098.246 5560
1703400098.540 5560
1703400098.829 5560
1703400099.120 5560
1703400099.411 5560
1703400099.692 5560
1703400099.985 5560
1703400100.278 5560
1703400100.594 5560
1703400100.888 5560
1703400101.170 5560
1703400101.454 5560
1703400101.739 5560
1703400102.034 5560
1703400102.313 5560
1703400102.594 5561
1703400102.878 5564
1703400103.177 5603
1703400103.503 5652
1703400103.783 5665
1703400104.072 5675
1703400104.377 5753
1703400104.683 5786
1703400105.033 5838
1703400105.319 5852
1703400105.606 5857
1703400105.902 5874
1703400106.201 5883
1703400106.493 5883
1703400106.799 5884
1703400107.150 5884
1703400107.417 5884
1703400107.703 5884
1703400107.991 5884
1703400108.283 5888
1703400108.573 5888
1703400108.862 5888
1703400109.151 5888
1703400109.438 5888
1703400109.749 5889
1703400110.042 5889
1703400110.329 5889
1703400110.637 5889
1703400110.931 5889
1703400111.199 5889
1703400111.478 5889
1703400111.758 5889
1703400112.043 5889
1703400112.347 5889
1703400112.623 5889
1703400112.916 5889
1703400113.204 5889
1703400113.494 5889
1703400113.786 5889
1703400114.074 5889
1703400114.373 5889
1703400114.662 5889
1703400114.950 5889
1703400115.240 5889
1703400115.543 5889
1703400115.858 5889
1703400116.130 5889
1703400116.443 5889
1703400116.731 5896
1703400117.027 5915
1703400117.341 5954
1703400117.643 5990
1703400117.964 6009
1703400118.269 6031
1703400118.569 6040
1703400118.846 6065
1703400119.142 6074
1703400119.423 6074
1703400119.714 6079
1703400120.013 6080
1703400120.297 6080
1703400120.590 6081
1703400120.880 6081
1703400121.184 6081
1703400121.467 6081
1703400121.757 6081
1703400122.046 6081
1703400122.338 6081
1703400122.635 6081
1703400122.951 6081
1703400123.241 6081
1703400123.539 6081
1703400123.840 6081
1703400124.144 6081
1703400124.435 6081
1703400124.726 6081
1703400125.032 6081
1703400125.335 6081
1703400125.627 6081
1703400125.915 6081
1703400126.228 6081
1703400126.509 6081
1703400126.796 6081
1703400127.069 6082
1703400127.343 6082
1703400127.630 6082
1703400127.914 6082
1703400128.197 6082
1703400128.485 6082
1703400128.773 6082
1703400129.062 6082
1703400129.357 6082
1703400129.712 6082
1703400130.000 6082
1703400130.288 6082
1703400130.572 6082
1703400130.860 6082
1703400131.152 6082
1703400131.481 6082
1703400131.771 6082
1703400132.060 6082
1703400132.344 6082
1703400132.645 6082
1703400132.941 6082
1703400133.245 6082
1703400133.532 6082
1703400133.842 6082
1703400134.186 6082
1703400134.520 6082
1703400134.849 6082
1703400135.126 6082
1703400135.407 6082
1703400135.710 6082
1703400135.971 6083
1703400136.264 6083
1703400136.551 6083
1703400136.835 6083
1703400137.144 6083
1703400137.411 6088
1703400137.689 6088
1703400137.981 6088
1703400138.278 6088
1703400138.623 6088
1703400138.918 6088
1703400139.207 6088
1703400139.487 6088
1703400139.795 6089
1703400140.099 6089
1703400140.383 6089
1703400140.674 6089
1703400140.960 6089
1703400141.252 6089
1703400141.540 6089
1703400141.821 6089
1703400142.092 6089
1703400142.379 6089
1703400142.671 6089
1703400142.952 6090
1703400143.242 6098
1703400143.546 6100
1703400143.857 6100
1703400144.137 6100
1703400144.417 6100
1703400144.718 6100
1703400145.007 6100
1703400145.311 6101
1703400145.619 6112
1703400145.880 6119
1703400146.178 6147
1703400146.487 6168
1703400146.756 6175
1703400147.041 6177
1703400147.321 6183
1703400147.610 6192
1703400147.923 6218
1703400148.182 6253
1703400148.476 6297
1703400148.763 6304
1703400149.067 6315
1703400149.340 6320
1703400149.641 6332
1703400149.925 6335
1703400150.226 6337
1703400150.532 6337
1703400150.832 6338
1703400151.132 6338
1703400151.458 6338
1703400151.745 6338
1703400152.043 6340
1703400152.325 6353
1703400152.614 6364
1703400152.897 6370
1703400153.182 6392
1703400153.471 6410
1703400153.773 6432
1703400154.055 6450
1703400154.347 6451
1703400154.618 6451
1703400154.909 6452
1703400155.199 6452
1703400155.574 6452
1703400155.860 6452
1703400156.148 6452
1703400156.457 6453
1703400156.757 6459
1703400157.053 6468
1703400157.342 6471
1703400157.627 6478
1703400157.920 6481
1703400158.227 6483
1703400158.532 6483
1703400158.822 6483
1703400159.131 6483
1703400159.459 6483
1703400159.754 6485
1703400160.043 6486
1703400160.344 6486
1703400160.634 6486
1703400160.947 6488
1703400161.230 6491
1703400161.540 6498
1703400161.802 6498
1703400162.114 6498
1703400162.394 6498
1703400162.689 6498
1703400162.970 6498
1703400163.271 6498
1703400163.554 6503
1703400163.821 6503
1703400164.105 6506
1703400164.373 6506
1703400164.652 6506
1703400164.949 6509
1703400165.234 6509
1703400165.543 6509
1703400165.859 6509
1703400166.155 6509
1703400166.434 6509
1703400166.722 6509
1703400167.001 6510
1703400167.300 6510
1703400167.590 6510
1703400167.890 6510
1703400168.194 6510
1703400168.529 6510
1703400168.834 6510
1703400169.128 6510
1703400169.422 6510
1703400169.774 6511
1703400170.040 6511
1703400170.328 6511
1703400170.616 6511
1703400170.900 6511
1703400171.176 6511
1703400171.470 6511
1703400171.757 6511
1703400172.050 6511
1703400172.346 6511
1703400172.639 6511
1703400172.921 6511
1703400173.214 6511
1703400173.491 6511
1703400173.784 6511
1703400174.073 6511
1703400174.352 6511
1703400174.645 6511
1703400174.925 6511
1703400175.226 6511
1703400175.534 6511
1703400175.809 6511
1703400176.102 6511
1703400176.403 6511
1703400176.680 6511
1703400177.011 6511
1703400177.320 6511
1703400177.590 6511
1703400177.864 6511
1703400178.145 6511
1703400178.425 6511
1703400178.699 6511
1703400178.985 6511
1703400179.277 6511
1703400179.574 6511
1703400179.859 6511
1703400180.131 6511
1703400180.411 6511
1703400180.700 6511
1703400181.013 6511
1703400181.340 6511
1703400181.651 6511
1703400181.945 6511
1703400182.242 6511
1703400182.539 6511
1703400182.824 6511
1703400183.113 6511
1703400183.391 6511
1703400183.678 6511
1703400183.967 6511
1703400184.257 6511
1703400184.553 6511
1703400184.842 6511
1703400185.124 6511
1703400185.413 6511
1703400185.704 6511
1703400185.998 6511
1703400186.284 6511
1703400186.563 6511
1703400186.842 6512
1703400187.159 6512
1703400187.409 6512
1703400187.699 6512
1703400187.955 6512
1703400188.235 6512
1703400188.548 6514
1703400188.813 6514
1703400189.086 6514
1703400189.375 6514
1703400189.662 6515
1703400189.960 6520
1703400190.246 6533
1703400190.547 6570
1703400190.821 6575
1703400191.111 6606
1703400191.422 6619
1703400191.716 6619
1703400192.022 6619
1703400192.310 6619
1703400192.625 6619
1703400192.929 6625
1703400193.230 6637
1703400193.517 6643
1703400193.804 6643
1703400194.110 6643
1703400194.375 6643
1703400194.650 6643
1703400194.912 6643
