1703400600.449 58
1703400600.755 160
1703400601.248 173
1703400601.623 173
1703400601.907 173
1703400602.163 173
1703400602.435 176
1703400602.689 181
1703400602.948 183
1703400603.214 184
1703400603.479 186
1703400603.746 195
1703400604.005 202
1703400604.266 214
1703400604.524 225
1703400604.786 228
1703400605.046 230
1703400605.303 278
1703400605.573 338
1703400605.836 342
1703400606.111 362
1703400606.376 401
1703400606.648 425
1703400606.918 471
1703400607.186 505
1703400607.460 565
1703400607.729 634
1703400608.012 676
1703400608.288 696
1703400608.575 711
1703400608.864 727
1703400609.148 744
1703400609.441 782
1703400609.730 842
1703400609.996 892
1703400610.262 903
1703400610.539 984
1703400610.835 1044
1703400611.123 1056
1703400611.396 1056
1703400611.684 1058
1703400611.981 1060
1703400612.264 1071
1703400612.546 1085
1703400612.821 1101
1703400613.095 1116
1703400613.403 1123
1703400613.683 1124
1703400613.951 1144
1703400614.215 1167
1703400614.489 1178
1703400614.788 1191
1703400615.049 1246
1703400615.374 1273
1703400615.646 1287
1703400615.965 1306
1703400616.241 1318
1703400616.501 1318
1703400616.780 1318
1703400617.040 1318
1703400617.295 1318
1703400617.567 1319
1703400617.838 1319
1703400618.092 1346
1703400618.373 1365
1703400618.634 1375
1703400618.905 1398
1703400619.183 1424
1703400619.453 1463
1703400619.728 1477
1703400620.014 1492
1703400620.300 1504
1703400620.610 1530
1703400620.896 1555
1703400621.204 1568
1703400621.477 1597
1703400621.760 1656
1703400622.042 1705
1703400622.323 1741
1703400622.601 1757
1703400622.904 1767
1703400623.166 1777
1703400623.446 1786
1703400623.730 1793
1703400624.002 1799
1703400624.290 1802
1703400624.567 1810
1703400624.867 1812
1703400625.194 1820
1703400625.484 1822
1703400625.772 1832
1703400626.063 1838
1703400626.347 1845
1703400626.667 1853
1703400626.970 1878
1703400627.259 1909
1703400627.545 1929
1703400627.835 1942
1703400628.147 1948
1703400628.435 1952
1703400628.723 1952
1703400629.035 1982
1703400629.335 1987
1703400629.633 2021
1703400629.944 2049
1703400630.234 2072
1703400630.534 2083
1703400630.810 2088
1703400631.097 2095
1703400631.367 2095
1703400631.672 2095
1703400631.973 2095
1703400632.254 2095
1703400632.539 2095
1703400632.830 2109
1703400633.119 2139
1703400633.406 2168
1703400633.695 2194
1703400633.987 2194
1703400634.251 2199
1703400634.555 2202
1703400634.869 2210
1703400635.204 2231
1703400635.512 2236
1703400635.836 2247
1703400636.126 2268
1703400636.413 2297
1703400636.733 2298
1703400637.052 2302
1703400637.331 2309
1703400637.617 2317
1703400637.902 2324
1703400638.195 2337
1703400638.486 2345
1703400638.772 2355
1703400639.049 2364
1703400639.339 2390
1703400639.617 2409
1703400639.909 2421
1703400640.183 2441
1703400640.476 2450
1703400640.770 2450
1703400641.050 2450
1703400641.351 2450
1703400641.639 2450
1703400641.954 2450
1703400642.265 2450
1703400642.570 2450
1703400642.865 2451
1703400643.140 2455
1703400643.425 2472
1703400643.694 2493
1703400643.967 2565
1703400644.265 2617
1703400644.590 2632
1703400644.877 2637
1703400645.197 2640
1703400645.513 2644
1703400645.788 2648
1703400646.067 2656
1703400646.355 2664
1703400646.627 2666
1703400646.932 2666
1703400647.206 2668
1703400647.506 2669
1703400647.806 2669
1703400648.088 2670
1703400648.352 2670
1703400648.650 2670
1703400648.968 2670
1703400649.243 2671
1703400649.497 2671
1703400649.778 2671
1703400650.046 2672
1703400650.316 2672
1703400650.594 2672
1703400650.898 2672
1703400651.180 2672
1703400651.464 2672
1703400651.744 2675
1703400652.044 2677
1703400652.317 2680
1703400652.615 2694
1703400652.890 2704
1703400653.199 2718
1703400653.480 2737
1703400653.775 2756
1703400654.072 2785
1703400654.355 2827
1703400654.635 2859
1703400654.920 2883
1703400655.232 2896
1703400655.613 2907
1703400655.897 2930
1703400656.176 2956
1703400656.466 2978
1703400656.754 2989
1703400657.048 2999
1703400657.351 3005
1703400657.621 3005
1703400657.900 3005
1703400658.177 3006
1703400658.470 3013
1703400658.755 3018
1703400659.030 3024
1703400659.338 3025
1703400659.627 3025
1703400659.922 3028
1703400660.224 3037
1703400660.520 3047
1703400660.809 3050
1703400661.107 3051
1703400661.414 3054
1703400661.744 3086
1703400662.084 3131
1703400662.360 3181
1703400662.636 3216
1703400662.922 3245
1703400663.207 3271
1703400663.498 3314
1703400663.800 3396
1703400664.089 3431
1703400664.411 3455
1703400664.695 3467
1703400664.990 3483
1703400665.282 3489
1703400665.608 3516
1703400665.907 3541
1703400666.187 3559
1703400666.469 3559
1703400666.752 3560
1703400667.065 3565
1703400667.344 3570
1703400667.620 3573
1703400667.913 3587
1703400668.194 3599
1703400668.495 3608
1703400668.812 3614
1703400669.089 3617
1703400669.366 3617
1703400669.661 3617
1703400669.947 3617
1703400670.230 3617
1703400670.517 3617
1703400670.800 3617
1703400671.085 3617
1703400671.366 3617
1703400671.643 3617
1703400671.923 3617
1703400672.202 3617
1703400672.474 3617
1703400672.758 3617
1703400673.039 3617
1703400673.326 3617
1703400673.611 3617
1703400673.895 3617
1703400674.180 3617
1703400674.472 3617
1703400674.757 3617
1703400675.040 3617
1703400675.342 3617
1703400675.618 3617
1703400675.909 3617
1703400676.201 3618
1703400676.526 3621
1703400676.815 3635
1703400677.106 3663
1703400677.386 3678
1703400677.691 3706
1703400677.958 3730
1703400678.247 3753
1703400678.533 3767
1703400678.812 3783
1703400679.103 3796
1703400679.414 3808
1703400679.705 3826
1703400680.000 3844
1703400680.289 3856
1703400680.579 3862
1703400680.917 3865
1703400681.272 3882
1703400681.576 3901
1703400681.876 3914
1703400682.165 3919
1703400682.440 3924
1703400682.743 3926
1703400683.045 3927
1703400683.338 3927
1703400683.624 3928
1703400683.913 3932
1703400684.229 3935
1703400684.516 3935
1703400684.797 3938
1703400685.084 3939
1703400685.374 3940
1703400685.667 3940
1703400685.957 3941
1703400686.271 3941
1703400686.569 3943
1703400686.875 3943
1703400687.154 3943
1703400687.443 3943
1703400687.746 3943
1703400688.036 3943
1703400688.327 3943
1703400688.618 3943
1703400688.911 3946
1703400689.197 3947
1703400689.488 3947
1703400689.782 3947
1703400690.075 3947
1703400690.360 3947
1703400690.669 3947
1703400690.956 3947
1703400691.255 3947
1703400691.544 3947
1703400691.826 3947
1703400692.122 3947
1703400692.399 3947
1703400692.683 3947
1703400692.966 3947
1703400693.260 3969
1703400693.548 3969
1703400693.833 3969
1703400694.120 3969
1703400694.416 3969
1703400694.752 3969
1703400695.038 3969
1703400695.342 3969
1703400695.626 3969
1703400695.890 3969
1703400696.169 3971
1703400696.450 3973
1703400696.736 3976
1703400697.038 3981
1703400697.334 3984
1703400697.627 3987
1703400697.916 3990
1703400698.215 3992
1703400698.513 3997
1703400698.808 3998
1703400699.097 4006
1703400699.388 4014
1703400699.677 4022
1703400699.962 4030
1703400700.272 4037
1703400700.586 4041
1703400700.867 4044
1703400701.179 4047
1703400701.442 4047
1703400701.728 4052
1703400702.011 4054
1703400702.301 4054
1703400702.575 4054
1703400702.846 4054
1703400703.136 4054
1703400703.454 4054
1703400703.740 4054
1703400704.026 4054
1703400704.312 4054
1703400704.599 4054
1703400704.881 4054
1703400705.173 4054
1703400705.463 4055
1703400705.751 4061
1703400706.038 4062
1703400706.336 4062
1703400706.620 4062
1703400706.909 4062
1703400707.206 4062
1703400707.501 4062
1703400707.813 4062
1703400708.079 4062
1703400708.361 4062
1703400708.649 4062
1703400708.936 4062
1703400709.248 4062
1703400709.543 4062
1703400709.844 4062
1703400710.142 4066
1703400710.414 4068
1703400710.727 4068
1703400711.019 4068
1703400711.307 4068
1703400711.596 4068
1703400711.902 4068
1703400712.189 4068
1703400712.502 4068
1703400712.794 4068
1703400713.093 4068
1703400713.384 4068
1703400713.680 4068
1703400713.984 4068
1703400714.278 4068
1703400714.561 4068
1703400714.856 4070
1703400715.146 4070
1703400715.453 4070
1703400715.760 4072
1703400716.063 4072
1703400716.368 4084
1703400716.649 4090
1703400716.938 4090
1703400717.260 4093
1703400717.568 4098
1703400717.831 4098
1703400718.124 4100
1703400718.426 4100
1703400718.699 4103
1703400718.995 4104
1703400719.318 4113
1703400719.634 4118
1703400719.937 4128
1703400720.197 4133
1703400720.511 4134
1703400720.796 4136
1703400721.096 4139
1703400721.393 4159
1703400721.672 4185
1703400721.940 4188
1703400722.227 4190
1703400722.517 4192
1703400722.809 4195
1703400723.087 4202
1703400723.384 4217
1703400723.674 4232
1703400723.962 4248
1703400724.256 4265
1703400724.542 4275
1703400724.848 4286
1703400725.113 4289
1703400725.406 4299
1703400725.690 4305
1703400725.981 4309
1703400726.261 4315
1703400726.541 4318
1703400726.824 4318
1703400727.103 4319
1703400727.392 4319
1703400727.682 4322
1703400727.969 4324
1703400728.324 4324
1703400728.636 4324
1703400728.983 4324
1703400729.267 4324
1703400729.568 4324
1703400729.872 4324
1703400730.180 4324
1703400730.499 4324
1703400730.781 4325
1703400731.071 4325
1703400731.387 4325
1703400731.695 4326
1703400731.969 4326
1703400732.263 4326
1703400732.565 4327
1703400732.880 4328
1703400733.178 4332
1703400733.512 4339
1703400733.818 4343
1703400734.107 4343
1703400734.400 4344
1703400734.694 4344
1703400734.976 4344
1703400735.278 4344
1703400735.593 4344
1703400735.894 4344
1703400736.171 4344
1703400736.462 4345
1703400736.746 4345
1703400737.038 4345
1703400737.323 4345
1703400737.637 4347
1703400737.937 4347
1703400738.231 4347
1703400738.502 4351
1703400738.802 4351
1703400739.084 4351
1703400739.365 4351
1703400739.642 4351
1703400739.933 4351
1703400740.216 4351
1703400740.497 4351
1703400740.795 4353
1703400741.082 4353
1703400741.369 4353
1703400741.656 4353
1703400741.932 4353
1703400742.206 4353
1703400742.502 4353
1703400742.763 4353
1703400743.043 4353
1703400743.295 4353
1703400743.565 4353
1703400743.920 4353
1703400744.261 4353
1703400744.596 4353
1703400744.891 4353
1703400745.181 4353
1703400745.466 4353
1703400745.770 4353
1703400746.057 4353
1703400746.353 4353
1703400746.639 4353
1703400746.935 4353
1703400747.225 4353
1703400747.515 4353
1703400747.808 4353
1703400748.094 4353
1703400748.382 4353
1703400748.658 4353
1703400748.940 4353
1703400749.229 4353
1703400749.522 4353
1703400749.807 4353
1703400750.099 4353
1703400750.385 4353
1703400750.671 4353
1703400750.973 4353
1703400751.251 4353
1703400751.534 4353
1703400751.818 4353
1703400752.101 4354
1703400752.384 4355
1703400752.664 4358
1703400752.949 4360
1703400753.238 4365
1703400753.516 4365
1703400753.829 4370
1703400754.121 4371
1703400754.387 4371
1703400754.712 4372
1703400755.029 4394
1703400755.304 4400
1703400755.571 4408
1703400755.845 4425
1703400756.129 4443
1703400756.409 4447
1703400756.709 4453
1703400757.003 4459
1703400757.326 4464
1703400757.647 4465
1703400757.931 4465
1703400758.233 4466
1703400758.516 4466
1703400758.815 4466
1703400759.095 4466
1703400759.374 4466
1703400759.647 4466
1703400759.953 4467
1703400760.223 4468
1703400760.493 4482
1703400760.772 4498
1703400761.038 4503
1703400761.336 4511
1703400761.625 4522
1703400761.920 4571
1703400762.221 4607
1703400762.543 4664
1703400762.832 4674
1703400763.119 4684
1703400763.412 4714
1703400763.695 4731
1703400763.986 4737
1703400764.277 4738
1703400764.559 4738
1703400764.826 4739
1703400765.097 4739
1703400765.392 4739
1703400765.679 4739
1703400765.926 4739
1703400766.194 4739
1703400766.458 4739
1703400766.744 4739
1703400767.044 4753
1703400767.336 4753
1703400767.617 4753
1703400767.898 4753
1703400768.171 4753
1703400768.461 4753
1703400768.779 4753
1703400769.092 4753
1703400769.402 4753
1703400769.694 4753
1703400769.995 4753
1703400770.301 4753
1703400770.590 4753
1703400770.883 4753
1703400771.172 4753
1703400771.459 4753
1703400771.764 4759
1703400772.045 4777
1703400772.332 4778
1703400772.618 4780
1703400772.896 4783
1703400773.184 4783
1703400773.488 4784
1703400773.777 4786
1703400774.070 4787
1703400774.367 4787
1703400774.668 4787
1703400774.971 4787
1703400775.263 4787
1703400775.568 4787
1703400775.870 4787
1703400776.177 4787
1703400776.470 4787
1703400776.757 4787
1703400777.051 4787
1703400777.329 4787
1703400777.606 4787
1703400777.907 4787
1703400778.236 4787
1703400778.541 4818
1703400778.840 4848
1703400779.134 4867
1703400779.437 4916
1703400779.748 4925
1703400780.040 4957
1703400780.329 4971
1703400780.617 4984
1703400780.917 4989
1703400781.286 4989
1703400781.596 4989
1703400781.869 4993
1703400782.165 5001
1703400782.511 5001
1703400782.826 5014
1703400783.135 5021
1703400783.430 5031
1703400783.732 5058
1703400784.051 5067
1703400784.330 5069
1703400784.609 5069
1703400784.871 5069
1703400785.144 5071
1703400785.420 5071
1703400785.667 5071
1703400785.940 5071
1703400786.211 5071
1703400786.472 5071
1703400786.738 5071
1703400787.013 5071
1703400787.273 5071
1703400787.541 5071
1703400787.838 5071
1703400788.138 5071
1703400788.410 5071
1703400788.683 5071
1703400788.969 5071
1703400789.249 5071
1703400789.541 5071
1703400789.823 5071
1703400790.083 5071
1703400790.357 5071
1703400790.636 5071
1703400790.908 5071
1703400791.196 5071
1703400791.510 5071
1703400791.852 5071
1703400792.137 5071
1703400792.416 5071
1703400792.706 5075
1703400792.989 5075
1703400793.261 5075
1703400793.544 5075
1703400793.841 5077
1703400794.106 5093
1703400794.410 5117
1703400794.663 5146
1703400794.935 5159
1703400795.228 5175
1703400795.531 5203
1703400795.814 5237
1703400796.136 5277
1703400796.419 5306
1703400796.707 5319
1703400797.002 5334
1703400797.273 5335
1703400797.573 5337
1703400797.843 5337
1703400798.174 5337
1703400798.468 5337
1703400798.749 5338
1703400799.029 5338
1703400799.323 5338
1703400799.633 5342
1703400799.913 5343
1703400800.204 5375
1703400800.495 5379
1703400800.778 5380
1703400801.123 5384
1703400801.425 5386
1703400801.738 5386
1703400802.014 5386
1703400802.301 5387
1703400802.595 5387
1703400802.897 5390
1703400803.178 5407
1703400803.453 5429
1703400803.745 5443
1703400804.045 5451
1703400804.343 5456
1703400804.626 5456
1703400804.954 5456
1703400805.231 5456
1703400805.503 5459
1703400805.793 5475
1703400806.085 5498
1703400806.383 5537
1703400806.648 5539
1703400806.937 5567
1703400807.227 5623
1703400807.514 5647
1703400807.792 5649
1703400808.071 5649
1703400808.385 5650
1703400808.710 5650
1703400808.996 5650
1703400809.292 5650
1703400809.595 5650
1703400809.879 5650
1703400810.163 5650
1703400810.452 5651
1703400810.731 5651
1703400811.012 5651
1703400811.313 5651
1703400811.595 5652
1703400811.897 5652
1703400812.238 5652
1703400812.526 5655
1703400812.808 5655
1703400813.081 5655
1703400813.412 5656
1703400813.689 5658
1703400813.950 5660
1703400814.224 5660
1703400814.484 5660
1703400814.775 5660
1703400815.055 5660
1703400815.331 5660
1703400815.609 5661
1703400815.901 5665
1703400816.172 5665
1703400816.448 5667
1703400816.737 5667
1703400817.038 5667
1703400817.323 5667
1703400817.613 5667
1703400817.919 5676
1703400818.199 5681
1703400818.488 5681
1703400818.777 5681
1703400819.054 5685
1703400819.339 5685
1703400819.617 5690
1703400819.902 5690
1703400820.183 5691
1703400820.470 5696
1703400820.755 5699
1703400821.044 5699
1703400821.332 5699
1703400821.620 5700
1703400821.912 5712
1703400822.202 5713
1703400822.480 5715
1703400822.780 5722
1703400823.095 5737
1703400823.390 5744
1703400823.676 5746
1703400823.967 5749
1703400824.267 5749
1703400824.553 5750
1703400824.841 5751
1703400825.138 5755
1703400825.421 5757
1703400825.701 5757
1703400826.003 5757
1703400826.307 5757
1703400826.580 5757
1703400826.872 5757
1703400827.165 5757
1703400827.487 5757
1703400827.785 5757
1703400828.071 5757
1703400828.362 5757
1703400828.647 5757
1703400828.939 5757
1703400829.222 5757
1703400829.510 5758
1703400829.823 5758
1703400830.102 5758
1703400830.386 5758
1703400830.677 5758
1703400830.956 5758
1703400831.243 5758
1703400831.515 5758
1703400831.774 5758
1703400832.107 5758
1703400832.380 5758
1703400832.658 5758
1703400832.951 5758
1703400833.273 5758
1703400833.604 5758
1703400833.900 5758
1703400834.225 5769
1703400834.520 5784
1703400834.807 5808
1703400835.093 5829
1703400835.382 5867
1703400835.676 5896
1703400835.941 5925
1703400836.229 5946
1703400836.507 5948
1703400836.794 5949
1703400837.113 5949
1703400837.379 5949
1703400837.672 5949
1703400837.961 5949
1703400838.248 5949
1703400838.540 5949
1703400838.829 5950
1703400839.147 5950
1703400839.436 5950
1703400839.729 5950
1703400840.001 5950
1703400840.273 5950
1703400840.577 5950
1703400840.862 5950
1703400841.156 5950
1703400841.442 5950
1703400841.749 5950
1703400842.031 5950
1703400842.315 5950
1703400842.599 5950
1703400842.878 5950
1703400843.161 5950
1703400843.440 5950
1703400843.730 5950
1703400844.017 5950
1703400844.299 5960
1703400844.598 5965
1703400844.892 5965
1703400845.164 5965
1703400845.451 5965
1703400845.742 5965
1703400846.024 5967
1703400846.318 5979
1703400846.599 5993
1703400846.883 6005
1703400847.192 6031
1703400847.479 6038
1703400847.761 6039
1703400848.057 6039
1703400848.350 6044
1703400848.642 6044
1703400848.930 6044
1703400849.224 6044
1703400849.520 6044
1703400849.807 6044
1703400850.096 6044
1703400850.384 6044
1703400850.680 6044
1703400851.008 6044
1703400851.318 6044
1703400851.607 6044
1703400851.868 6044
1703400852.157 6044
1703400852.445 6044
1703400852.746 6044
1703400853.036 6044
1703400853.328 6044
1703400853.629 6044
1703400853.919 6044
1703400854.222 6044
1703400854.497 6044
1703400854.797 6044
1703400855.099 6044
1703400855.388 6044
1703400855.687 6044
1703400855.966 6044
1703400856.240 6044
1703400856.509 6044
1703400856.780 6044
1703400857.060 6044
1703400857.320 6044
1703400857.608 6044
1703400857.877 6044
1703400858.165 6044
1703400858.491 6044
1703400858.786 6044
1703400859.057 6044
1703400859.323 6050
1703400859.624 6050
1703400859.913 6050
1703400860.187 6050
1703400860.489 6050
1703400860.764 6050
1703400861.058 6050
1703400861.316 6050
1703400861.612 6050
1703400861.898 6050
1703400862.161 6050
1703400862.441 6050
1703400862.709 6050
1703400863.034 6050
1703400863.325 6052
1703400863.587 6072
1703400863.861 6081
1703400864.149 6086
1703400864.420 6090
1703400864.703 6093
1703400864.985 6094
1703400865.280 6096
1703400865.578 6112
1703400865.873 6122
1703400866.170 6163
1703400866.430 6184
1703400866.717 6193
1703400867.005 6196
1703400867.285 6197
1703400867.572 6201
1703400867.850 6204
1703400868.129 6215
1703400868.418 6230
1703400868.709 6242
1703400868.987 6257
1703400869.337 6258
1703400869.650 6258
1703400869.946 6258
1703400870.261 6258
1703400870.541 6258
1703400870.829 6259
1703400871.111 6259
1703400871.392 6259
1703400871.682 6283
1703400871.952 6283
1703400872.248 6288
1703400872.528 6289
1703400872.824 6294
1703400873.099 6296
1703400873.405 6307
1703400873.695 6316
1703400873.999 6318
1703400874.260 6318
1703400874.550 6321
1703400874.836 6322
1703400875.122 6327
1703400875.454 6333
1703400875.763 6344
1703400876.067 6352
1703400876.353 6358
1703400876.644 6377
1703400876.929 6393
1703400877.220 6408
1703400877.507 6410
1703400877.852 6410
1703400878.136 6411
1703400878.432 6412
1703400878.726 6412
1703400879.005 6412
1703400879.300 6412
1703400879.566 6415
1703400879.868 6415
1703400880.148 6416
1703400880.426 6420
1703400880.713 6423
1703400881.001 6423
1703400881.290 6423
1703400881.573 6423
1703400881.849 6423
1703400882.144 6424
1703400882.436 6424
1703400882.712 6427
1703400882.997 6428
1703400883.284 6431
1703400883.572 6437
1703400883.917 6447
1703400884.221 6449
1703400884.565 6451
1703400884.876 6456
1703400885.177 6459
1703400885.511 6460
1703400885.820 6461
1703400886.116 6462
1703400886.409 6462
1703400886.722 6462
1703400887.063 6463
1703400887.357 6463
1703400887.652 6463
1703400887.976 6463
1703400888.260 6463
1703400888.555 6463
1703400888.846 6464
1703400889.136 6465
1703400889.425 6465
1703400889.704 6465
1703400889.988 6466
1703400890.267 6476
1703400890.570 6485
1703400890.836 6497
1703400891.151 6499
1703400891.443 6499
1703400891.732 6499
1703400892.020 6499
1703400892.328 6499
1703400892.593 6499
1703400892.884 6499
1703400893.161 6499
1703400893.451 6499
1703400893.735 6499
1703400894.028 6499
1703400894.316 6499
1703400894.603 6499
1703400894.911 6499
1703400895.205 6499
1703400895.485 6499
1703400895.769 6499
1703400896.060 6499
1703400896.352 6499
1703400896.632 6499
1703400896.916 6499
1703400897.203 6502
1703400897.470 6502
1703400897.800 6502
1703400898.115 6502
1703400898.396 6505
1703400898.697 6506
1703400899.000 6506
1703400899.286 6506
1703400899.631 6506
1703400899.911 6506
1703400900.195 6506
1703400900.476 6506
1703400900.751 6506
1703400901.039 6506
1703400901.314 6506
1703400901.596 6506
1703400901.878 6506
1703400902.154 6506
1703400902.435 6506
1703400902.714 6506
1703400903.011 6506
1703400903.330 6506
1703400903.625 6506
1703400903.899 6506
1703400904.170 6507
1703400904.420 6507
1703400904.690 6507
1703400904.996 6508
1703400905.268 6508
1703400905.539 6508
1703400905.804 6508
1703400906.077 6508
1703400906.351 6508
1703400906.646 6508
1703400906.917 6508
1703400907.199 6508
1703400907.479 6508
1703400907.768 6508
1703400908.045 6508
1703400908.330 6508
1703400908.628 6508
1703400908.921 6508
1703400909.215 6508
1703400909.516 6508
1703400909.810 6508
1703400910.091 6509
1703400910.385 6509
1703400910.674 6509
1703400910.962 6509
1703400911.260 6509
1703400911.563 6509
1703400911.928 6509
1703400912.238 6512
1703400912.538 6512
1703400912.836 6514
1703400913.134 6514
1703400913.408 6514
1703400913.707 6514
1703400914.031 6514
1703400914.310 6514
1703400914.597 6514
1703400914.889 6514
1703400915.186 6514
1703400915.480 6514
1703400915.768 6514
1703400916.074 6514
1703400916.333 6515
1703400916.624 6515
1703400916.914 6515
1703400917.202 6515
1703400917.483 6515
1703400917.747 6515
1703400918.013 6515
1703400918.289 6515
1703400918.557 6515
1703400918.826 6515
1703400919.097 6515
1703400919.368 6515
1703400919.669 6515
1703400919.942 6515
1703400920.219 6515
1703400920.499 6515
1703400920.793 6515
1703400921.078 6515
1703400921.353 6515
1703400921.623 6515
1703400921.915 6515
1703400922.205 6515
1703400922.469 6515
1703400922.731 6515
1703400922.996 6515
1703400923.281 6515
1703400923.630 6515
1703400923.943 6515
1703400924.244 6515
1703400924.549 6515
1703400924.825 6515
1703400925.095 6515
1703400925.366 6515
1703400925.638 6515
1703400925.918 6515
1703400926.222 6515
1703400926.517 6515
1703400926.793 6515
1703400927.060 6515
1703400927.324 6515
1703400927.646 6515
1703400927.955 6515
1703400928.221 6515
1703400928.501 6515
1703400928.766 6515
1703400929.054 6516
1703400929.341 6516
1703400929.629 6516
1703400929.912 6517
1703400930.184 6517
1703400930.457 6518
1703400930.743 6518
1703400931.016 6518
1703400931.293 6518
1703400931.581 6518
1703400931.857 6518
1703400932.154 6518
1703400932.433 6518
1703400932.717 6518
1703400933.002 6518
1703400933.303 6518
1703400933.615 6518
1703400933.889 6518
1703400934.204 6518
1703400934.489 6518
1703400934.768 6518
1703400935.048 6521
1703400935.328 6521
1703400935.600 6521
1703400935.903 6521
1703400936.183 6521
1703400936.453 6522
1703400936.730 6523
1703400937.005 6523
1703400937.306 6523
1703400937.571 6523
1703400937.862 6523
1703400938.137 6523
1703400938.419 6523
1703400938.711 6523
1703400938.988 6523
1703400939.297 6523
1703400939.623 6523
1703400939.902 6523
1703400940.208 6523
1703400940.490 6523
1703400940.779 6523
1703400941.059 6523
1703400941.349 6523
1703400941.636 6523
1703400941.927 6523
1703400942.203 6523
1703400942.534 6523
1703400942.855 6523
1703400943.130 6523
1703400943.402 6523
1703400943.691 6523
1703400943.957 6523
1703400944.287 6524
1703400944.598 6524
1703400944.875 6524
1703400945.147 6524
1703400945.431 6524
1703400945.693 6524
1703400945.952 6524
1703400946.227 6524
1703400946.499 6524
1703400946.784 6524
1703400947.060 6524
1703400947.352 6524
1703400947.666 6524
1703400947.940 6524
1703400948.261 6524
1703400948.554 6524
1703400948.851 6524
1703400949.135 6527
1703400949.429 6558
1703400949.697 6593
1703400949.972 6594
1703400950.255 6594
1703400950.535 6594
1703400950.826 6594
1703400951.102 6594
1703400951.402 6594
1703400951.675 6594
1703400951.968 6594
1703400952.255 6594
1703400952.542 6594
1703400952.804 6594
