1703399080.501 59
1703399080.807 153
1703399081.340 176
1703399081.707 180
1703399081.972 180
1703399082.232 180
1703399082.498 182
1703399082.758 187
1703399083.027 188
1703399083.280 188
1703399083.556 193
1703399083.857 199
1703399084.121 219
1703399084.381 225
1703399084.654 232
1703399084.923 261
1703399085.185 268
1703399085.451 279
1703399085.728 285
1703399086.009 327
1703399086.277 407
1703399086.539 471
1703399086.800 504
1703399087.070 543
1703399087.347 608
1703399087.621 623
1703399087.900 637
1703399088.179 671
1703399088.456 700
1703399088.751 753
1703399089.030 839
1703399089.289 842
1703399089.575 848
1703399089.859 857
1703399090.126 858
1703399090.405 868
1703399090.697 893
1703399090.979 933
1703399091.244 953
1703399091.553 966
1703399091.840 978
1703399092.115 989
1703399092.399 1008
1703399092.690 1075
1703399092.972 1252
1703399093.241 1252
1703399093.511 1254
1703399093.779 1256
1703399094.050 1259
1703399094.368 1260
1703399094.648 1261
1703399094.928 1262
1703399095.198 1263
1703399095.480 1264
1703399095.775 1275
1703399096.077 1277
1703399096.367 1279
1703399096.639 1279
1703399096.919 1282
1703399097.229 1284
1703399097.491 1285
1703399097.762 1285
1703399098.033 1285
1703399098.311 1285
1703399098.609 1468
1703399098.861 1468
1703399099.152 1480
1703399099.420 1489
1703399099.699 1489
1703399099.974 1489
1703399100.242 1490
1703399100.553 1491
1703399100.891 1498
1703399101.153 1498
1703399101.442 1498
1703399101.719 1501
1703399102.005 1503
1703399102.305 1504
1703399102.599 1504
1703399102.875 1504
1703399103.159 1504
1703399103.437 1507
1703399103.732 1507
1703399104.030 1507
1703399104.324 1507
1703399104.637 1507
1703399104.937 1507
1703399105.276 1507
1703399105.573 1508
1703399105.860 1545
1703399106.146 1549
1703399106.441 1563
1703399106.735 1591
1703399107.025 1604
1703399107.315 1627
1703399107.601 1657
1703399107.918 1680
1703399108.229 1717
1703399108.515 1732
1703399108.806 1748
1703399109.087 1757
1703399109.377 1763
1703399109.697 1768
1703399109.988 1768
1703399110.281 1771
1703399110.579 1771
1703399110.868 1771
1703399111.201 1772
1703399111.484 1772
1703399111.774 1773
1703399112.072 1776
1703399112.371 1785
1703399112.710 1796
1703399113.002 1815
1703399113.289 1833
1703399113.608 1844
1703399113.896 1850
1703399114.202 1858
1703399114.543 1872
1703399114.862 1876
1703399115.173 1877
1703399115.482 1877
1703399115.763 1877
1703399116.087 1880
1703399116.366 1881
1703399116.661 1881
1703399116.963 1881
1703399117.253 1881
1703399117.549 1881
1703399117.843 1881
1703399118.129 1881
1703399118.418 1881
1703399118.698 1881
1703399118.991 1881
1703399119.288 1881
1703399119.613 1881
1703399119.892 1881
1703399120.169 1881
1703399120.438 1884
1703399120.706 1884
1703399120.998 1888
1703399121.283 1888
1703399121.553 1888
1703399121.833 1888
1703399122.113 1888
1703399122.393 1888
1703399122.706 1888
1703399122.998 1888
1703399123.340 1893
1703399123.623 1907
1703399123.921 1930
1703399124.247 1964
1703399124.532 1994
1703399124.860 2062
1703399125.182 2090
1703399125.471 2101
1703399125.764 2104
1703399126.086 2109
1703399126.373 2111
1703399126.654 2117
1703399126.951 2117
1703399127.259 2128
1703399127.554 2130
1703399127.834 2132
1703399128.125 2132
1703399128.414 2132
1703399128.710 2133
1703399129.004 2139
1703399129.316 2140
1703399129.643 2140
1703399129.924 2140
1703399130.210 2140
1703399130.516 2140
1703399130.794 2140
1703399131.082 2140
1703399131.379 2140
1703399131.671 2140
1703399131.957 2140
1703399132.253 2140
1703399132.565 2140
1703399132.855 2145
1703399133.133 2150
1703399133.437 2158
1703399133.731 2169
1703399134.005 2183
1703399134.329 2212
1703399134.634 2237
1703399134.911 2257
1703399135.182 2265
1703399135.471 2276
1703399135.735 2279
1703399136.019 2281
1703399136.336 2281
1703399136.644 2281
1703399136.991 2281
1703399137.291 2281
1703399137.579 2281
1703399137.871 2281
1703399138.223 2281
1703399138.493 2287
1703399138.759 2296
1703399139.048 2310
1703399139.321 2329
1703399139.607 2361
1703399139.893 2372
1703399140.186 2381
1703399140.504 2397
1703399140.789 2415
1703399141.104 2446
1703399141.393 2464
1703399141.680 2486
1703399141.962 2525
1703399142.270 2537
1703399142.606 2538
1703399142.894 2539
1703399143.165 2539
1703399143.455 2539
1703399143.753 2548
1703399144.050 2571
1703399144.334 2581
1703399144.633 2688
1703399144.933 2713
1703399145.215 2720
1703399145.497 2724
1703399145.770 2724
1703399146.060 2724
1703399146.342 2728
1703399146.618 2741
1703399146.910 2747
1703399147.182 2752
1703399147.494 2752
1703399147.773 2752
1703399148.047 2752
1703399148.388 2752
1703399148.713 2752
1703399149.069 2753
1703399149.336 2760
1703399149.623 2763
1703399149.920 2763
1703399150.210 2765
1703399150.507 2776
1703399150.792 2797
1703399151.074 2812
1703399151.354 2834
1703399151.640 2859
1703399151.933 2906
1703399152.222 2947
1703399152.512 2970
1703399152.794 2974
1703399153.085 2981
1703399153.387 2983
1703399153.687 2983
1703399153.978 2983
1703399154.263 2983
1703399154.556 2983
1703399154.843 2990
1703399155.126 3011
1703399155.425 3058
1703399155.691 3085
1703399155.956 3091
1703399156.244 3096
1703399156.504 3096
1703399156.795 3098
1703399157.070 3098
1703399157.340 3098
1703399157.604 3098
1703399157.882 3099
1703399158.162 3099
1703399158.468 3099
1703399158.751 3099
1703399159.043 3099
1703399159.312 3108
1703399159.588 3127
1703399159.873 3144
1703399160.157 3199
1703399160.478 3279
1703399160.765 3314
1703399161.048 3358
1703399161.375 3398
1703399161.674 3421
1703399161.966 3435
1703399162.237 3451
1703399162.519 3457
1703399162.829 3491
1703399163.125 3503
1703399163.416 3505
1703399163.725 3509
1703399164.006 3509
1703399164.303 3509
1703399164.602 3509
1703399164.904 3509
1703399165.189 3527
1703399165.464 3530
1703399165.745 3549
1703399166.039 3567
1703399166.329 3579
1703399166.629 3584
1703399166.922 3596
1703399167.216 3643
1703399167.502 3721
1703399167.779 3778
1703399168.065 3812
1703399168.356 3852
1703399168.675 3905
1703399168.994 3959
1703399169.294 4039
1703399169.589 4060
1703399169.882 4084
1703399170.169 4138
1703399170.454 4174
1703399170.764 4185
1703399171.072 4204
1703399171.358 4220
1703399171.648 4220
1703399171.936 4220
1703399172.230 4220
1703399172.514 4226
1703399172.800 4226
1703399173.082 4226
1703399173.366 4227
1703399173.665 4227
1703399173.940 4227
1703399174.247 4227
1703399174.533 4227
1703399174.815 4227
1703399175.129 4227
1703399175.395 4227
1703399175.681 4227
1703399175.974 4227
1703399176.257 4227
1703399176.564 4227
1703399176.882 4227
1703399177.174 4227
1703399177.469 4227
1703399177.751 4227
1703399178.036 4227
1703399178.323 4227
1703399178.609 4227
1703399178.906 4227
1703399179.249 4227
1703399179.538 4227
1703399179.820 4227
1703399180.105 4227
1703399180.391 4227
1703399180.680 4227
1703399180.967 4227
1703399181.268 4227
1703399181.565 4227
1703399181.873 4227
1703399182.166 4227
1703399182.451 4227
1703399182.739 4227
1703399183.035 4227
1703399183.318 4227
1703399183.606 4229
1703399183.891 4232
1703399184.220 4250
1703399184.521 4264
1703399184.809 4264
1703399185.096 4270
1703399185.388 4270
1703399185.716 4270
1703399186.003 4270
1703399186.299 4270
1703399186.592 4270
1703399186.888 4270
1703399187.181 4270
1703399187.465 4270
1703399187.754 4270
1703399188.055 4270
1703399188.349 4270
1703399188.654 4274
1703399188.945 4288
1703399189.239 4310
1703399189.544 4311
1703399189.817 4311
1703399190.106 4311
1703399190.395 4311
1703399190.687 4311
1703399190.991 4311
1703399191.293 4323
1703399191.552 4323
1703399191.842 4329
1703399192.131 4334
1703399192.422 4340
1703399192.711 4360
1703399192.998 4376
1703399193.284 4391
1703399193.576 4405
1703399193.870 4412
1703399194.139 4422
1703399194.430 4432
1703399194.717 4441
1703399194.999 4463
1703399195.277 4464
1703399195.562 4482
1703399195.847 4485
1703399196.147 4503
1703399196.458 4505
1703399196.738 4505
1703399197.029 4507
1703399197.369 4507
1703399197.664 4510
1703399197.964 4512
1703399198.248 4513
1703399198.548 4513
1703399198.841 4515
1703399199.123 4515
1703399199.421 4517
1703399199.716 4517
1703399200.014 4523
1703399200.311 4523
1703399200.606 4536
1703399200.950 4536
1703399201.268 4559
1703399201.587 4575
1703399201.882 4584
1703399202.169 4588
1703399202.462 4599
1703399202.750 4608
1703399203.031 4610
1703399203.319 4611
1703399203.607 4613
1703399203.894 4615
1703399204.192 4619
1703399204.483 4638
1703399204.762 4645
1703399205.054 4679
1703399205.337 4689
1703399205.613 4691
1703399205.899 4695
1703399206.188 4695
1703399206.474 4695
1703399206.754 4695
1703399207.031 4699
1703399207.338 4706
1703399207.635 4711
1703399207.971 4712
1703399208.264 4712
1703399208.542 4713
1703399208.831 4719
1703399209.118 4725
1703399209.409 4734
1703399209.696 4734
1703399209.982 4736
1703399210.271 4736
1703399210.547 4736
1703399210.865 4736
1703399211.147 4736
1703399211.444 4736
1703399211.730 4736
1703399212.023 4736
1703399212.310 4736
1703399212.601 4739
1703399212.896 4743
1703399213.181 4748
1703399213.478 4753
1703399213.775 4754
1703399214.058 4755
1703399214.354 4760
1703399214.668 4761
1703399214.930 4762
1703399215.230 4763
1703399215.523 4763
1703399215.815 4763
1703399216.117 4763
1703399216.414 4763
1703399216.699 4763
1703399216.982 4767
1703399217.266 4769
1703399217.554 4769
1703399217.845 4769
1703399218.146 4769
1703399218.451 4770
1703399218.737 4770
1703399219.025 4771
1703399219.318 4771
1703399219.609 4771
1703399219.897 4771
1703399220.197 4771
1703399220.483 4771
1703399220.800 4771
1703399221.085 4771
1703399221.383 4771
1703399221.712 4771
1703399222.000 4771
1703399222.301 4771
1703399222.583 4771
1703399222.869 4771
1703399223.152 4771
1703399223.422 4778
1703399223.695 4778
1703399223.980 4778
1703399224.276 4778
1703399224.566 4778
1703399224.878 4778
1703399225.145 4778
1703399225.449 4778
1703399225.739 4778
1703399226.026 4778
1703399226.306 4779
1703399226.586 4784
1703399226.929 4784
1703399227.240 4784
1703399227.530 4785
1703399227.820 4785
1703399228.123 4785
1703399228.385 4785
1703399228.681 4785
1703399228.968 4785
1703399229.251 4785
1703399229.548 4785
1703399229.831 4785
1703399230.109 4785
1703399230.390 4785
1703399230.652 4785
1703399230.940 4785
1703399231.204 4787
1703399231.492 4790
1703399231.767 4790
1703399232.044 4791
1703399232.325 4792
1703399232.665 4808
1703399232.951 4823
1703399233.244 4834
1703399233.526 4834
1703399233.806 4834
1703399234.088 4834
1703399234.388 4834
1703399234.675 4844
1703399234.977 4858
1703399235.264 4873
1703399235.563 4889
1703399235.864 4966
1703399236.163 5005
1703399236.455 5038
1703399236.751 5072
1703399237.041 5099
1703399237.326 5120
1703399237.611 5123
1703399237.907 5126
1703399238.221 5127
1703399238.523 5129
1703399238.811 5133
1703399239.133 5138
1703399239.415 5142
1703399239.695 5144
1703399240.038 5146
1703399240.313 5148
1703399240.628 5157
1703399240.919 5160
1703399241.228 5161
1703399241.519 5161
1703399241.799 5167
1703399242.122 5170
1703399242.408 5170
1703399242.694 5171
1703399242.982 5171
1703399243.272 5171
1703399243.535 5171
1703399243.799 5171
1703399244.055 5171
1703399244.346 5171
1703399244.653 5171
1703399244.935 5171
1703399245.228 5171
1703399245.518 5174
1703399245.809 5175
1703399246.084 5175
1703399246.379 5175
1703399246.658 5175
1703399246.942 5175
1703399247.233 5175
1703399247.519 5175
1703399247.815 5177
1703399248.178 5177
1703399248.476 5177
1703399248.759 5177
1703399249.046 5177
1703399249.335 5177
1703399249.644 5178
1703399249.963 5179
1703399250.247 5184
1703399250.551 5194
1703399250.835 5205
1703399251.132 5215
1703399251.420 5223
1703399251.792 5239
1703399252.112 5245
1703399252.422 5249
1703399252.736 5252
1703399253.026 5262
1703399253.315 5265
1703399253.608 5280
1703399253.910 5299
1703399254.195 5303
1703399254.494 5306
1703399254.779 5306
1703399255.095 5306
1703399255.399 5308
1703399255.714 5313
1703399256.011 5318
1703399256.303 5324
1703399256.595 5333
1703399256.933 5337
1703399257.254 5337
1703399257.543 5366
1703399257.813 5366
1703399258.079 5366
1703399258.358 5367
1703399258.682 5367
1703399258.961 5367
1703399259.244 5367
1703399259.517 5367
1703399259.805 5367
1703399260.084 5368
1703399260.375 5368
1703399260.661 5368
1703399260.953 5368
1703399261.221 5368
1703399261.503 5368
1703399261.786 5368
1703399262.067 5372
1703399262.381 5399
1703399262.662 5428
1703399262.958 5434
1703399263.277 5439
1703399263.571 5439
1703399263.876 5450
1703399264.147 5465
1703399264.444 5486
1703399264.730 5495
1703399265.017 5521
1703399265.343 5542
1703399265.634 5542
1703399265.910 5542
1703399266.208 5542
1703399266.485 5542
1703399266.774 5542
1703399267.107 5542
1703399267.408 5542
1703399267.692 5542
1703399267.974 5542
1703399268.279 5542
1703399268.564 5542
1703399268.857 5544
1703399269.163 5546
1703399269.449 5546
1703399269.758 5546
1703399270.050 5546
1703399270.338 5546
1703399270.655 5550
1703399270.947 5550
1703399271.241 5550
1703399271.537 5550
1703399271.823 5550
1703399272.130 5551
1703399272.423 5551
1703399272.712 5552
1703399273.017 5552
1703399273.313 5552
1703399273.641 5552
1703399273.976 5552
1703399274.256 5552
1703399274.554 5552
1703399274.818 5552
1703399275.107 5553
1703399275.428 5553
1703399275.726 5553
1703399276.002 5553
1703399276.284 5554
1703399276.579 5554
1703399276.843 5554
1703399277.115 5554
1703399277.406 5554
1703399277.674 5554
1703399277.967 5554
1703399278.235 5554
1703399278.510 5554
1703399278.772 5554
1703399279.039 5554
1703399279.311 5554
1703399279.613 5554
1703399279.895 5554
1703399280.182 5554
1703399280.476 5554
1703399280.759 5554
1703399281.051 5554
1703399281.341 5554
1703399281.638 5554
1703399281.924 5554
1703399282.219 5554
1703399282.495 5554
1703399282.784 5554
1703399283.068 5554
1703399283.351 5554
1703399283.641 5554
1703399283.948 5554
1703399284.239 5554
1703399284.521 5554
1703399284.849 5554
1703399285.168 5554
1703399285.455 5554
1703399285.741 5554
1703399286.041 5555
1703399286.325 5579
1703399286.607 5604
1703399286.891 5622
1703399287.175 5626
1703399287.465 5634
1703399287.772 5635
1703399288.056 5636
1703399288.344 5637
1703399288.628 5638
1703399288.924 5643
1703399289.202 5647
1703399289.491 5657
1703399289.780 5667
1703399290.066 5681
1703399290.375 5690
1703399290.660 5700
1703399290.944 5726
1703399291.222 5749
1703399291.507 5775
1703399291.792 5799
1703399292.073 5828
1703399292.363 5840
1703399292.652 5860
1703399292.934 5870
1703399293.216 5878
1703399293.502 5891
1703399293.803 5897
1703399294.093 5908
1703399294.379 5913
1703399294.668 5919
1703399294.956 5921
1703399295.229 5927
1703399295.494 5928
1703399295.762 5928
1703399296.038 5928
1703399296.306 5928
1703399296.590 5928
1703399296.863 5928
1703399297.155 5928
1703399297.424 5928
1703399297.705 5928
1703399297.973 5928
1703399298.317 5928
1703399298.590 5928
1703399298.864 5928
1703399299.131 5928
1703399299.400 5931
1703399299.678 5931
1703399299.945 5931
1703399300.221 5933
1703399300.497 5957
1703399300.781 5959
1703399301.055 5964
1703399301.342 5965
1703399301.658 5965
1703399301.942 5965
1703399302.221 5965
1703399302.519 5965
1703399302.815 5965
1703399303.098 5966
1703399303.385 5966
1703399303.667 5966
1703399303.961 5970
1703399304.251 5972
1703399304.539 5972
1703399304.875 5972
1703399305.157 5973
1703399305.467 5974
1703399305.765 5986
1703399306.040 5994
1703399306.321 5999
1703399306.616 6009
1703399306.911 6017
1703399307.207 6018
1703399307.498 6020
1703399307.791 6029
1703399308.087 6038
1703399308.372 6042
1703399308.651 6042
1703399308.927 6043
1703399309.218 6045
1703399309.524 6047
1703399309.814 6047
1703399310.117 6047
1703399310.381 6047
1703399310.712 6047
1703399310.997 6047
1703399311.285 6047
1703399311.557 6047
1703399311.846 6047
1703399312.133 6047
1703399312.420 6047
1703399312.690 6047
1703399312.968 6047
1703399313.245 6049
1703399313.526 6049
1703399313.804 6049
1703399314.081 6049
1703399314.374 6051
1703399314.659 6051
1703399314.948 6055
1703399315.231 6055
1703399315.508 6055
1703399315.797 6058
1703399316.104 6065
1703399316.398 6117
1703399316.701 6154
1703399316.983 6195
1703399317.296 6208
1703399317.582 6209
1703399317.869 6209
1703399318.157 6213
1703399318.475 6214
1703399318.765 6214
1703399319.047 6214
1703399319.345 6215
1703399319.638 6215
1703399319.958 6215
1703399320.248 6215
1703399320.553 6215
1703399320.869 6215
1703399321.149 6215
1703399321.413 6215
1703399321.690 6215
1703399321.947 6215
1703399322.211 6220
1703399322.491 6220
1703399322.772 6220
1703399323.033 6220
1703399323.303 6220
1703399323.579 6220
1703399323.841 6220
1703399324.102 6220
1703399324.400 6220
1703399324.652 6222
1703399324.898 6222
1703399325.170 6222
1703399325.445 6222
1703399325.727 6222
1703399326.018 6224
1703399326.336 6224
1703399326.623 6224
1703399326.890 6224
1703399327.164 6224
1703399327.455 6224
1703399327.744 6224
1703399328.024 6224
1703399328.319 6224
1703399328.613 6224
1703399328.911 6224
1703399329.203 6224
1703399329.472 6224
1703399329.749 6224
1703399330.028 6227
1703399330.293 6227
1703399330.568 6227
1703399330.833 6227
1703399331.103 6227
1703399331.379 6227
1703399331.660 6227
1703399331.911 6227
1703399332.223 6227
1703399332.536 6227
1703399332.810 6227
1703399333.088 6227
1703399333.369 6227
1703399333.667 6227
1703399333.964 6227
1703399334.243 6227
1703399334.506 6227
1703399334.837 6227
1703399335.119 6227
1703399335.406 6227
1703399335.687 6227
1703399335.970 6231
1703399336.255 6231
1703399336.576 6232
1703399336.857 6238
1703399337.146 6238
1703399337.433 6238
1703399337.767 6239
1703399338.054 6263
1703399338.344 6269
1703399338.634 6275
1703399338.921 6276
1703399339.202 6277
1703399339.495 6277
1703399339.775 6294
1703399340.073 6294
1703399340.425 6309
1703399340.769 6310
1703399341.077 6323
1703399341.419 6377
1703399341.704 6392
1703399341.993 6416
1703399342.278 6426
1703399342.566 6435
1703399342.844 6441
1703399343.126 6447
1703399343.430 6451
1703399343.748 6457
1703399344.059 6461
1703399344.341 6473
1703399344.632 6486
1703399344.915 6494
1703399345.210 6497
1703399345.481 6497
1703399345.769 6501
1703399346.049 6504
1703399346.417 6541
1703399346.694 6544
1703399346.988 6544
1703399347.280 6544
1703399347.566 6551
1703399347.879 6551
1703399348.155 6551
1703399348.432 6551
1703399348.708 6552
1703399348.991 6552
1703399349.279 6552
1703399349.637 6552
1703399349.955 6552
1703399350.275 6552
1703399350.588 6552
1703399350.860 6552
1703399351.155 6552
1703399351.452 6552
1703399351.720 6553
1703399351.994 6553
1703399352.287 6553
1703399352.566 6553
1703399352.853 6553
1703399353.133 6553
1703399353.423 6553
1703399353.700 6553
1703399353.995 6554
1703399354.283 6554
1703399354.578 6556
1703399354.888 6558
1703399355.183 6567
1703399355.498 6584
1703399355.831 6584
1703399356.111 6584
1703399356.400 6584
1703399356.688 6584
1703399356.972 6584
1703399357.251 6584
1703399357.539 6584
1703399357.831 6584
1703399358.154 6584
1703399358.462 6584
1703399358.789 6584
1703399359.121 6584
1703399359.419 6584
1703399359.714 6584
1703399359.996 6584
1703399360.307 6584
1703399360.592 6584
1703399360.878 6584
1703399361.153 6584
1703399361.444 6584
1703399361.776 6584
1703399362.063 6584
1703399362.338 6584
1703399362.620 6584
1703399362.907 6584
1703399363.199 6584
1703399363.514 6584
1703399363.801 6584
1703399364.136 6627
