1703400266.154 58
1703400266.709 138
1703400266.996 138
1703400267.367 141
1703400267.630 142
1703400267.890 144
1703400268.150 151
1703400268.405 153
1703400268.661 155
1703400268.920 157
1703400269.177 160
1703400269.454 167
1703400269.788 198
1703400270.061 235
1703400270.328 277
1703400270.601 370
1703400270.869 462
1703400271.133 473
1703400271.400 488
1703400271.666 523
1703400271.942 573
1703400272.212 626
1703400272.493 627
1703400272.762 642
1703400273.027 659
1703400273.316 667
1703400273.596 676
1703400273.862 700
1703400274.140 726
1703400274.396 767
1703400274.691 806
1703400274.953 822
1703400275.227 852
1703400275.499 957
1703400275.745 959
1703400276.035 962
1703400276.329 962
1703400276.615 962
1703400276.915 962
1703400277.211 962
1703400277.496 964
1703400277.755 965
1703400278.020 965
1703400278.287 965
1703400278.561 970
1703400278.826 974
1703400279.100 974
1703400279.373 974
1703400279.652 974
1703400279.924 974
1703400280.190 974
1703400280.472 974
1703400280.742 974
1703400281.018 975
1703400281.304 975
1703400281.585 975
1703400281.885 1017
1703400282.151 1024
1703400282.429 1054
1703400282.724 1068
1703400283.012 1089
1703400283.291 1100
1703400283.578 1120
1703400283.859 1155
1703400284.147 1193
1703400284.427 1215
1703400284.701 1230
1703400285.003 1249
1703400285.310 1277
1703400285.585 1299
1703400285.878 1305
1703400286.151 1306
1703400286.422 1306
1703400286.705 1308
1703400286.989 1308
1703400287.285 1309
1703400287.590 1309
1703400287.881 1311
1703400288.200 1314
1703400288.473 1314
1703400288.772 1318
1703400289.045 1322
1703400289.327 1322
1703400289.615 1323
1703400289.921 1325
1703400290.202 1327
1703400290.520 1339
1703400290.817 1357
1703400291.106 1389
1703400291.413 1445
1703400291.692 1475
1703400291.969 1485
1703400292.268 1502
1703400292.546 1505
1703400292.833 1506
1703400293.128 1506
1703400293.406 1506
1703400293.697 1510
1703400293.997 1517
1703400294.294 1563
1703400294.580 1597
1703400294.854 1626
1703400295.140 1641
1703400295.414 1689
1703400295.678 1692
1703400295.974 1719
1703400296.259 1719
1703400296.534 1719
1703400296.809 1719
1703400297.094 1719
1703400297.378 1720
1703400297.637 1723
1703400297.942 1734
1703400298.196 1742
1703400298.453 1750
1703400298.718 1762
1703400298.991 1765
1703400299.307 1779
1703400299.581 1810
1703400299.855 1831
1703400300.123 1855
1703400300.391 1878
1703400300.655 1900
1703400300.922 1931
1703400301.206 1938
1703400301.488 1956
1703400301.762 1979
1703400302.052 1998
1703400302.348 2016
1703400302.626 2030
1703400302.918 2054
1703400303.207 2078
1703400303.486 2079
1703400303.783 2080
1703400304.055 2081
1703400304.364 2091
1703400304.671 2105
1703400304.959 2114
1703400305.250 2140
1703400305.564 2173
1703400305.839 2182
1703400306.128 2201
1703400306.410 2221
1703400306.696 2244
1703400306.999 2244
1703400307.286 2245
1703400307.595 2245
1703400307.894 2246
1703400308.185 2247
1703400308.465 2250
1703400308.754 2255
1703400309.036 2275
1703400309.330 2283
1703400309.606 2289
1703400309.900 2299
1703400310.173 2311
1703400310.496 2332
1703400310.807 2354
1703400311.091 2378
1703400311.371 2403
1703400311.667 2443
1703400311.998 2487
1703400312.268 2513
1703400312.559 2519
1703400312.841 2531
1703400313.143 2534
1703400313.414 2562
1703400313.698 2572
1703400313.971 2585
1703400314.243 2597
1703400314.526 2601
1703400314.856 2603
1703400315.138 2604
1703400315.424 2605
1703400315.738 2609
1703400316.028 2617
1703400316.342 2649
1703400316.621 2774
1703400316.894 2843
1703400317.206 2879
1703400317.468 2915
1703400317.754 2954
1703400318.030 2970
1703400318.336 2989
1703400318.610 2998
1703400318.900 3016
1703400319.173 3029
1703400319.456 3031
1703400319.744 3031
1703400320.036 3031
1703400320.318 3031
1703400320.613 3031
1703400320.905 3045
1703400321.179 3045
1703400321.484 3045
1703400321.785 3045
1703400322.063 3048
1703400322.357 3066
1703400322.637 3086
1703400322.953 3105
1703400323.235 3114
1703400323.520 3127
1703400323.816 3146
1703400324.106 3210
1703400324.407 3264
1703400324.699 3345
1703400324.975 3413
1703400325.259 3468
1703400325.536 3508
1703400325.814 3523
1703400326.099 3526
1703400326.430 3530
1703400326.714 3530
1703400327.008 3530
1703400327.350 3532
1703400327.642 3532
1703400327.928 3532
1703400328.268 3532
1703400328.539 3532
1703400328.840 3532
1703400329.136 3532
1703400329.413 3536
1703400329.700 3536
1703400329.982 3536
1703400330.255 3536
1703400330.547 3536
1703400330.837 3536
1703400331.126 3536
1703400331.411 3538
1703400331.692 3538
1703400331.975 3538
1703400332.273 3538
1703400332.562 3538
1703400332.848 3538
1703400333.143 3538
1703400333.418 3538
1703400333.705 3538
1703400333.985 3538
1703400334.279 3538
1703400334.566 3538
1703400334.853 3538
1703400335.170 3559
1703400335.493 3593
1703400335.785 3610
1703400336.060 3614
1703400336.353 3614
1703400336.643 3615
1703400336.925 3616
1703400337.216 3617
1703400337.492 3625
1703400337.775 3625
1703400338.070 3625
1703400338.337 3625
1703400338.621 3625
1703400338.895 3625
1703400339.261 3625
1703400339.552 3649
1703400339.823 3649
1703400340.117 3649
1703400340.441 3649
1703400340.732 3649
1703400341.041 3649
1703400341.348 3656
1703400341.639 3659
1703400341.923 3659
1703400342.230 3659
1703400342.510 3659
1703400342.789 3659
1703400343.083 3659
1703400343.383 3659
1703400343.666 3659
1703400343.957 3659
1703400344.247 3659
1703400344.537 3659
1703400344.815 3659
1703400345.102 3660
1703400345.387 3661
1703400345.692 3662
1703400345.991 3663
1703400346.280 3664
1703400346.578 3671
1703400346.882 3688
1703400347.163 3718
1703400347.464 3745
1703400347.755 3777
1703400348.044 3792
1703400348.343 3806
1703400348.617 3819
1703400348.914 3854
1703400349.221 3892
1703400349.503 3922
1703400349.784 3936
1703400350.083 3953
1703400350.428 3972
1703400350.710 3978
1703400350.995 3986
1703400351.298 3992
1703400351.591 3997
1703400351.865 4003
1703400352.154 4014
1703400352.443 4016
1703400352.733 4017
1703400353.020 4017
1703400353.325 4017
1703400353.620 4018
1703400353.910 4018
1703400354.198 4018
1703400354.498 4019
1703400354.789 4019
1703400355.076 4019
1703400355.367 4019
1703400355.653 4019
1703400355.937 4019
1703400356.235 4019
1703400356.534 4019
1703400356.822 4019
1703400357.145 4022
1703400357.435 4022
1703400357.727 4022
1703400358.016 4022
1703400358.310 4022
1703400358.618 4022
1703400358.927 4022
1703400359.213 4022
1703400359.520 4026
1703400359.847 4026
1703400360.145 4026
1703400360.428 4026
1703400360.725 4026
1703400361.002 4026
1703400361.289 4026
1703400361.575 4026
1703400361.850 4026
1703400362.173 4026
1703400362.468 4026
1703400362.751 4026
1703400363.097 4026
1703400363.400 4028
1703400363.697 4040
1703400363.973 4053
1703400364.273 4073
1703400364.582 4105
1703400364.880 4108
1703400365.164 4111
1703400365.472 4112
1703400365.739 4116
1703400366.027 4123
1703400366.373 4123
1703400366.658 4145
1703400366.941 4152
1703400367.253 4165
1703400367.544 4175
1703400367.833 4179
1703400368.124 4179
1703400368.410 4181
1703400368.771 4201
1703400369.057 4202
1703400369.340 4205
1703400369.641 4206
1703400369.926 4207
1703400370.212 4207
1703400370.490 4209
1703400370.777 4211
1703400371.057 4213
1703400371.340 4214
1703400371.628 4227
1703400371.913 4227
1703400372.245 4228
1703400372.590 4228
1703400372.860 4228
1703400373.150 4228
1703400373.438 4239
1703400373.720 4240
1703400374.014 4244
1703400374.313 4244
1703400374.602 4244
1703400374.890 4244
1703400375.187 4244
1703400375.470 4244
1703400375.758 4244
1703400376.065 4244
1703400376.348 4244
1703400376.693 4244
1703400376.983 4244
1703400377.268 4244
1703400377.559 4244
1703400377.853 4244
1703400378.150 4244
1703400378.427 4244
1703400378.725 4244
1703400379.021 4244
1703400379.299 4244
1703400379.585 4244
1703400379.874 4245
1703400380.161 4245
1703400380.489 4245
1703400380.842 4245
1703400381.126 4245
1703400381.461 4245
1703400381.764 4245
1703400382.048 4245
1703400382.383 4245
1703400382.682 4245
1703400382.970 4245
1703400383.265 4245
1703400383.587 4245
1703400383.877 4245
1703400384.176 4249
1703400384.471 4251
1703400384.824 4255
1703400385.112 4259
1703400385.385 4264
1703400385.683 4268
1703400385.977 4275
1703400386.269 4285
1703400386.560 4287
1703400386.866 4295
1703400387.182 4306
1703400387.467 4309
1703400387.756 4322
1703400388.080 4325
1703400388.367 4333
1703400388.644 4344
1703400388.932 4358
1703400389.238 4359
1703400389.528 4363
1703400389.816 4393
1703400390.112 4396
1703400390.393 4396
1703400390.680 4396
1703400390.972 4399
1703400391.263 4408
1703400391.557 4417
1703400391.850 4423
1703400392.146 4425
1703400392.440 4429
1703400392.728 4429
1703400393.025 4430
1703400393.320 4432
1703400393.605 4432
1703400393.900 4433
1703400394.186 4439
1703400394.479 4447
1703400394.789 4454
1703400395.074 4462
1703400395.352 4467
1703400395.640 4467
1703400395.930 4467
1703400396.238 4467
1703400396.527 4467
1703400396.788 4467
1703400397.082 4468
1703400397.374 4468
1703400397.665 4468
1703400397.959 4468
1703400398.246 4471
1703400398.545 4578
1703400398.798 4583
1703400399.095 4583
1703400399.358 4586
1703400399.633 4587
1703400399.939 4588
1703400400.199 4590
1703400400.529 4590
1703400400.791 4590
1703400401.069 4590
1703400401.358 4590
1703400401.640 4590
1703400401.925 4590
1703400402.217 4590
1703400402.504 4590
1703400402.775 4590
1703400403.062 4596
1703400403.342 4604
1703400403.634 4615
1703400403.921 4621
1703400404.210 4642
1703400404.516 4656
1703400404.807 4683
1703400405.084 4691
1703400405.372 4692
1703400405.650 4695
1703400405.924 4695
1703400406.195 4697
1703400406.484 4697
1703400406.764 4697
1703400407.036 4697
1703400407.311 4697
1703400407.613 4697
1703400407.902 4697
1703400408.189 4697
1703400408.481 4697
1703400408.786 4697
1703400409.077 4697
1703400409.372 4697
1703400409.689 4697
1703400409.978 4698
1703400410.275 4700
1703400410.566 4704
1703400410.854 4708
1703400411.149 4708
1703400411.474 4708
1703400411.758 4708
1703400412.046 4708
1703400412.339 4708
1703400412.627 4709
1703400412.924 4716
1703400413.233 4716
1703400413.568 4742
1703400413.904 4742
1703400414.266 4750
1703400414.566 4787
1703400414.850 4793
1703400415.139 4794
1703400415.421 4800
1703400415.710 4801
1703400415.972 4803
1703400416.262 4805
1703400416.552 4806
1703400416.836 4807
1703400417.114 4807
1703400417.400 4807
1703400417.689 4807
1703400417.996 4807
1703400418.311 4807
1703400418.599 4807
1703400418.894 4807
1703400419.180 4807
1703400419.465 4807
1703400419.764 4807
1703400420.066 4807
1703400420.371 4807
1703400420.651 4807
1703400420.944 4807
1703400421.230 4807
1703400421.511 4807
1703400421.797 4807
1703400422.077 4807
1703400422.362 4807
1703400422.649 4807
1703400422.937 4807
1703400423.245 4807
1703400423.526 4807
1703400423.833 4807
1703400424.109 4807
1703400424.397 4807
1703400424.683 4807
1703400424.983 4807
1703400425.272 4807
1703400425.551 4807
1703400425.838 4807
1703400426.122 4807
1703400426.403 4807
1703400426.683 4807
1703400426.978 4807
1703400427.288 4807
1703400427.589 4807
1703400427.876 4807
1703400428.163 4807
1703400428.502 4807
1703400428.807 4809
1703400429.120 4809
1703400429.404 4809
1703400429.709 4809
1703400429.984 4809
1703400430.272 4809
1703400430.555 4809
1703400430.846 4809
1703400431.133 4809
1703400431.420 4809
1703400431.715 4809
1703400431.992 4809
1703400432.276 4809
1703400432.560 4809
1703400432.827 4809
1703400433.099 4809
1703400433.379 4810
1703400433.675 4810
1703400433.925 4810
1703400434.194 4810
1703400434.469 4810
1703400434.756 4813
1703400435.033 4823
1703400435.314 4835
1703400435.602 4869
1703400435.878 4881
1703400436.167 4901
1703400436.450 4902
1703400436.735 4903
1703400437.023 4908
1703400437.317 4973
1703400437.605 4987
1703400437.893 4996
1703400438.189 5006
1703400438.484 5014
1703400438.778 5035
1703400439.082 5056
1703400439.372 5076
1703400439.673 5079
1703400439.970 5079
1703400440.256 5081
1703400440.548 5089
1703400440.832 5102
1703400441.144 5142
1703400441.399 5143
1703400441.677 5144
1703400441.960 5147
1703400442.234 5156
1703400442.518 5189
1703400442.817 5199
1703400443.103 5206
1703400443.403 5206
1703400443.687 5210
1703400444.000 5220
1703400444.292 5224
1703400444.584 5232
1703400444.892 5236
1703400445.176 5241
1703400445.458 5250
1703400445.760 5257
1703400446.028 5266
1703400446.342 5283
1703400446.629 5289
1703400446.916 5297
1703400447.201 5299
1703400447.488 5300
1703400447.779 5300
1703400448.082 5300
1703400448.398 5300
1703400448.681 5313
1703400448.966 5315
1703400449.272 5315
1703400449.548 5315
1703400449.849 5315
1703400450.174 5315
1703400450.442 5315
1703400450.716 5315
1703400451.059 5322
1703400451.346 5322
1703400451.630 5322
1703400451.945 5322
1703400452.222 5322
1703400452.508 5322
1703400452.803 5322
1703400453.085 5322
1703400453.349 5322
1703400453.637 5322
1703400453.936 5322
1703400454.237 5322
1703400454.529 5322
1703400454.813 5326
1703400455.105 5338
1703400455.407 5358
1703400455.716 5369
1703400455.985 5385
1703400456.296 5392
1703400456.584 5396
1703400456.881 5409
1703400457.138 5423
1703400457.428 5450
1703400457.719 5467
1703400458.031 5495
1703400458.320 5496
1703400458.580 5496
1703400458.896 5496
1703400459.187 5496
1703400459.501 5496
1703400459.808 5496
1703400460.102 5496
1703400460.407 5496
1703400460.713 5498
1703400461.066 5500
1703400461.410 5500
1703400461.699 5500
1703400462.006 5500
1703400462.267 5500
1703400462.560 5500
1703400462.857 5500
1703400463.145 5500
1703400463.443 5500
1703400463.745 5500
1703400464.036 5500
1703400464.325 5501
1703400464.634 5501
1703400464.933 5501
1703400465.240 5501
1703400465.526 5501
1703400465.815 5501
1703400466.104 5501
1703400466.424 5501
1703400466.710 5501
1703400466.994 5501
1703400467.279 5501
1703400467.566 5501
1703400467.857 5501
1703400468.184 5501
1703400468.473 5506
1703400468.755 5507
1703400469.045 5507
1703400469.356 5508
1703400469.646 5508
1703400469.994 5508
1703400470.273 5508
1703400470.541 5508
1703400470.814 5508
1703400471.091 5508
1703400471.399 5508
1703400471.674 5508
1703400471.961 5508
1703400472.199 5508
1703400472.470 5508
1703400472.727 5508
1703400473.006 5508
1703400473.307 5508
1703400473.613 5508
1703400473.896 5508
1703400474.188 5508
1703400474.469 5508
1703400474.742 5510
1703400475.030 5510
1703400475.312 5510
1703400475.600 5510
1703400475.888 5510
1703400476.177 5510
1703400476.457 5511
1703400476.739 5511
1703400477.019 5511
1703400477.319 5511
1703400477.600 5521
1703400477.886 5521
1703400478.159 5522
1703400478.439 5522
1703400478.728 5522
1703400479.028 5522
1703400479.323 5534
1703400479.650 5566
1703400479.952 5580
1703400480.241 5595
1703400480.531 5600
1703400480.820 5615
1703400481.102 5635
1703400481.395 5657
1703400481.691 5680
1703400481.964 5704
1703400482.237 5709
1703400482.541 5709
1703400482.827 5709
1703400483.117 5711
1703400483.398 5711
1703400483.688 5711
1703400483.991 5711
1703400484.292 5711
1703400484.567 5711
1703400484.865 5711
1703400485.157 5713
1703400485.453 5717
1703400485.769 5717
1703400486.064 5717
1703400486.346 5717
1703400486.629 5717
1703400486.908 5717
1703400487.204 5719
1703400487.470 5719
1703400487.781 5719
1703400488.059 5719
1703400488.344 5719
1703400488.634 5720
1703400488.937 5721
1703400489.284 5723
1703400489.660 5724
1703400489.937 5725
1703400490.226 5726
1703400490.502 5729
1703400490.813 5738
1703400491.103 5739
1703400491.398 5739
1703400491.686 5742
1703400491.981 5759
1703400492.257 5779
1703400492.545 5786
1703400492.846 5793
1703400493.097 5804
1703400493.376 5818
1703400493.655 5834
1703400493.944 5846
1703400494.232 5857
1703400494.527 5863
1703400494.803 5869
1703400495.115 5876
1703400495.432 5881
1703400495.712 5891
1703400495.988 5891
1703400496.302 5891
1703400496.586 5891
1703400496.880 5891
1703400497.170 5892
1703400497.457 5892
1703400497.749 5892
1703400498.039 5892
1703400498.334 5892
1703400498.621 5892
1703400498.907 5893
1703400499.207 5901
1703400499.482 5912
1703400499.768 5933
1703400500.057 5960
1703400500.354 5993
1703400500.642 6026
1703400500.938 6029
1703400501.231 6039
1703400501.512 6040
1703400501.798 6042
1703400502.079 6066
1703400502.374 6067
1703400502.654 6069
1703400502.931 6083
1703400503.229 6086
1703400503.522 6087
1703400503.798 6095
1703400504.104 6103
1703400504.416 6104
1703400504.742 6104
1703400505.080 6106
1703400505.414 6106
1703400505.687 6106
1703400505.967 6106
1703400506.232 6106
1703400506.507 6106
1703400506.777 6106
1703400507.065 6106
1703400507.353 6106
1703400507.627 6107
1703400507.917 6107
1703400508.216 6107
1703400508.504 6107
1703400508.855 6108
1703400509.191 6110
1703400509.451 6110
1703400509.763 6112
1703400510.041 6120
1703400510.328 6125
1703400510.593 6134
1703400510.877 6145
1703400511.158 6155
1703400511.442 6165
1703400511.716 6169
1703400512.007 6172
1703400512.283 6172
1703400512.570 6172
1703400512.853 6172
1703400513.140 6172
1703400513.434 6172
1703400513.715 6172
1703400514.010 6172
1703400514.291 6172
1703400514.619 6172
1703400514.930 6172
1703400515.223 6172
1703400515.526 6172
1703400515.789 6172
1703400516.088 6172
1703400516.373 6172
1703400516.656 6172
1703400516.962 6172
1703400517.255 6172
1703400517.535 6177
1703400517.828 6177
1703400518.115 6177
1703400518.434 6177
1703400518.719 6177
1703400519.013 6177
1703400519.276 6178
1703400519.547 6178
1703400519.809 6178
1703400520.073 6179
1703400520.338 6179
1703400520.621 6179
1703400520.912 6179
1703400521.174 6179
1703400521.485 6179
1703400521.750 6184
1703400522.010 6186
1703400522.303 6186
1703400522.573 6186
1703400522.860 6186
1703400523.130 6193
1703400523.411 6195
1703400523.744 6234
1703400524.031 6271
1703400524.324 6274
1703400524.605 6274
1703400524.891 6275
1703400525.181 6277
1703400525.529 6278
1703400525.818 6278
1703400526.125 6278
1703400526.448 6278
1703400526.732 6284
1703400527.022 6292
1703400527.305 6297
1703400527.597 6298
1703400527.934 6298
1703400528.223 6298
1703400528.539 6299
1703400528.808 6299
1703400529.069 6299
1703400529.365 6301
1703400529.667 6301
1703400529.994 6301
1703400530.289 6301
1703400530.560 6301
1703400530.820 6301
1703400531.087 6311
1703400531.363 6311
1703400531.660 6311
1703400531.915 6311
1703400532.200 6311
1703400532.459 6311
1703400532.716 6311
1703400532.978 6311
1703400533.264 6311
1703400533.596 6311
1703400533.941 6311
1703400534.200 6311
1703400534.474 6311
1703400534.751 6311
1703400535.042 6311
1703400535.323 6315
1703400535.614 6315
1703400535.900 6315
1703400536.193 6315
1703400536.476 6315
1703400536.764 6315
1703400537.041 6315
1703400537.332 6316
1703400537.609 6316
1703400537.877 6317
1703400538.138 6317
1703400538.396 6317
1703400538.662 6317
1703400538.922 6317
1703400539.187 6317
1703400539.449 6318
1703400539.743 6318
1703400540.006 6318
1703400540.285 6318
1703400540.560 6318
1703400540.857 6318
1703400541.145 6318
1703400541.485 6318
1703400541.765 6318
1703400542.046 6318
1703400542.319 6318
1703400542.625 6318
1703400542.903 6318
1703400543.189 6318
1703400543.478 6318
1703400543.763 6322
1703400544.026 6322
1703400544.347 6322
1703400544.662 6325
1703400544.945 6329
1703400545.255 6336
1703400545.542 6348
1703400545.830 6356
1703400546.122 6366
1703400546.413 6386
1703400546.688 6406
1703400546.993 6428
1703400547.253 6432
1703400547.545 6436
1703400547.837 6436
1703400548.183 6436
1703400548.474 6473
1703400548.787 6475
1703400549.077 6475
1703400549.379 6475
1703400549.690 6475
1703400549.980 6475
1703400550.312 6480
1703400550.674 6483
1703400550.967 6486
1703400551.258 6491
1703400551.566 6491
1703400551.865 6491
