1703401094.153 139
1703401094.538 140
1703401094.843 140
1703401095.106 143
1703401095.368 151
1703401095.631 153
1703401095.897 155
1703401096.170 157
1703401096.431 166
1703401096.720 174
1703401096.990 184
1703401097.256 199
1703401097.515 204
1703401097.774 205
1703401098.046 211
1703401098.334 315
1703401098.592 326
1703401098.857 331
1703401099.142 360
1703401099.428 369
1703401099.694 392
1703401099.954 420
1703401100.234 462
1703401100.494 489
1703401100.755 510
1703401101.028 528
1703401101.297 541
1703401101.569 548
1703401101.839 558
1703401102.116 642
1703401102.393 656
1703401102.656 709
1703401102.926 730
1703401103.194 746
1703401103.468 758
1703401103.765 780
1703401104.053 821
1703401104.341 881
1703401104.601 951
1703401104.870 985
1703401105.160 1009
1703401105.466 1017
1703401105.742 1056
1703401106.026 1116
1703401106.319 1173
1703401106.599 1220
1703401106.874 1244
1703401107.139 1255
1703401107.436 1268
1703401107.712 1288
1703401108.002 1307
1703401108.318 1358
1703401108.642 1390
1703401108.939 1509
1703401109.219 1549
1703401109.530 1566
1703401109.860 1575
1703401110.194 1582
1703401110.490 1586
1703401110.843 1592
1703401111.117 1596
1703401111.424 1601
1703401111.714 1604
1703401112.046 1609
1703401112.334 1624
1703401112.622 1643
1703401112.910 1672
1703401113.205 1693
1703401113.493 1714
1703401113.785 1744
1703401114.089 1771
1703401114.395 1774
1703401114.751 1795
1703401115.039 1818
1703401115.328 1841
1703401115.622 1841
1703401115.922 1843
1703401116.238 1844
1703401116.554 1845
1703401116.849 1846
1703401117.135 1854
1703401117.463 1874
1703401117.830 1907
1703401118.121 1933
1703401118.411 1939
1703401118.693 1942
1703401118.963 1947
1703401119.308 1960
1703401119.596 1983
1703401119.899 1987
1703401120.195 2073
1703401120.459 2074
1703401120.769 2089
1703401121.073 2094
1703401121.372 2116
1703401121.658 2118
1703401121.955 2126
1703401122.234 2130
1703401122.554 2145
1703401122.878 2163
1703401123.211 2179
1703401123.505 2192
1703401123.806 2223
1703401124.095 2231
1703401124.382 2246
1703401124.671 2257
1703401124.967 2263
1703401125.257 2273
1703401125.543 2280
1703401125.840 2294
1703401126.131 2309
1703401126.415 2316
1703401126.719 2320
1703401127.061 2322
1703401127.333 2322
1703401127.622 2322
1703401127.920 2322
1703401128.205 2322
1703401128.521 2322
1703401128.800 2322
1703401129.103 2322
1703401129.376 2322
1703401129.668 2322
1703401129.977 2322
1703401130.256 2322
1703401130.558 2322
1703401130.835 2322
1703401131.151 2322
1703401131.472 2324
1703401131.779 2334
1703401132.069 2344
1703401132.353 2354
1703401132.635 2372
1703401132.908 2383
1703401133.179 2399
1703401133.455 2423
1703401133.729 2424
1703401134.008 2427
1703401134.311 2427
1703401134.589 2427
1703401134.879 2427
1703401135.177 2427
1703401135.445 2427
1703401135.772 2427
1703401136.066 2427
1703401136.356 2427
1703401136.648 2427
1703401136.996 2427
1703401137.270 2427
1703401137.544 2427
1703401137.822 2427
1703401138.138 2431
1703401138.417 2434
1703401138.711 2445
1703401139.035 2457
1703401139.326 2458
1703401139.601 2468
1703401139.888 2494
1703401140.149 2517
1703401140.418 2535
1703401140.755 2633
1703401141.023 2658
1703401141.297 2665
1703401141.581 2698
1703401141.883 2701
1703401142.160 2723
1703401142.447 2732
1703401142.740 2733
1703401143.052 2740
1703401143.366 2751
1703401143.657 2769
1703401143.922 2778
1703401144.212 2778
1703401144.516 2779
1703401144.802 2784
1703401145.100 2789
1703401145.419 2798
1703401145.701 2799
1703401145.996 2805
1703401146.284 2807
1703401146.585 2815
1703401146.863 2835
1703401147.157 2877
1703401147.446 2913
1703401147.744 2951
1703401148.041 2991
1703401148.325 3036
1703401148.615 3073
1703401148.891 3111
1703401149.171 3152
1703401149.463 3189
1703401149.789 3205
1703401150.070 3209
1703401150.361 3212
1703401150.666 3212
1703401150.945 3212
1703401151.228 3213
1703401151.524 3213
1703401151.815 3213
1703401152.094 3213
1703401152.374 3213
1703401152.654 3213
1703401152.943 3214
1703401153.228 3214
1703401153.519 3214
1703401153.790 3214
1703401154.074 3214
1703401154.374 3214
1703401154.647 3214
1703401154.970 3227
1703401155.285 3239
1703401155.575 3252
1703401155.880 3253
1703401156.157 3263
1703401156.462 3291
1703401156.799 3294
1703401157.097 3295
1703401157.384 3296
1703401157.666 3296
1703401158.013 3296
1703401158.297 3297
1703401158.586 3297
1703401158.881 3297
1703401159.164 3297
1703401159.456 3297
1703401159.738 3297
1703401160.013 3297
1703401160.298 3297
1703401160.569 3297
1703401160.837 3297
1703401161.109 3297
1703401161.380 3297
1703401161.641 3298
1703401161.920 3298
1703401162.169 3298
1703401162.437 3298
1703401162.697 3299
1703401163.009 3299
1703401163.294 3299
1703401163.587 3299
1703401163.869 3299
1703401164.153 3299
1703401164.442 3300
1703401164.766 3302
1703401165.085 3304
1703401165.382 3312
1703401165.679 3318
1703401165.945 3324
1703401166.228 3335
1703401166.512 3347
1703401166.793 3364
1703401167.085 3374
1703401167.367 3385
1703401167.648 3389
1703401167.944 3394
1703401168.229 3411
1703401168.528 3413
1703401168.810 3462
1703401169.119 3462
1703401169.442 3495
1703401169.720 3499
1703401170.012 3507
1703401170.292 3516
1703401170.596 3541
1703401170.867 3562
1703401171.147 3576
1703401171.480 3593
1703401171.758 3594
1703401172.054 3597
1703401172.341 3597
1703401172.646 3603
1703401172.956 3603
1703401173.243 3603
1703401173.584 3603
1703401173.879 3603
1703401174.165 3603
1703401174.457 3604
1703401174.739 3604
1703401175.017 3604
1703401175.306 3604
1703401175.581 3604
1703401175.863 3604
1703401176.154 3604
1703401176.440 3608
1703401176.750 3617
1703401177.007 3637
1703401177.334 3637
1703401177.611 3637
1703401177.893 3637
1703401178.181 3637
1703401178.465 3637
1703401178.750 3637
1703401179.032 3637
1703401179.318 3637
1703401179.602 3637
1703401179.890 3637
1703401180.176 3637
1703401180.460 3637
1703401180.754 3637
1703401181.066 3637
1703401181.360 3637
1703401181.652 3637
1703401181.934 3637
1703401182.226 3637
1703401182.556 3640
1703401182.854 3652
1703401183.132 3665
1703401183.422 3666
1703401183.706 3666
1703401184.011 3666
1703401184.305 3667
1703401184.648 3669
1703401184.941 3678
1703401185.271 3679
1703401185.551 3679
1703401185.841 3679
1703401186.132 3679
1703401186.421 3679
1703401186.764 3679
1703401187.047 3690
1703401187.320 3690
1703401187.602 3690
1703401187.885 3690
1703401188.168 3690
1703401188.456 3690
1703401188.761 3690
1703401189.051 3691
1703401189.372 3696
1703401189.683 3721
1703401190.044 3721
1703401190.345 3728
1703401190.651 3734
1703401190.929 3746
1703401191.218 3762
1703401191.503 3768
1703401191.799 3787
1703401192.075 3787
1703401192.355 3807
1703401192.640 3824
1703401192.945 3847
1703401193.232 3853
1703401193.518 3863
1703401193.821 3876
1703401194.106 3879
1703401194.413 3895
1703401194.734 3910
1703401195.019 3916
1703401195.343 3918
1703401195.673 3918
1703401195.961 3920
1703401196.267 3926
1703401196.535 3929
1703401196.833 3933
1703401197.115 3934
1703401197.404 3934
1703401197.698 3944
1703401197.987 3945
1703401198.281 3945
1703401198.577 3945
1703401198.906 3962
1703401199.199 3991
1703401199.481 3992
1703401199.766 4000
1703401200.063 4015
1703401200.350 4028
1703401200.623 4047
1703401200.909 4058
1703401201.205 4061
1703401201.494 4067
1703401201.771 4078
1703401202.062 4095
1703401202.356 4118
1703401202.657 4131
1703401202.944 4152
1703401203.233 4167
1703401203.513 4180
1703401203.809 4185
1703401204.087 4191
1703401204.373 4191
1703401204.665 4191
1703401204.961 4191
1703401205.240 4197
1703401205.530 4199
1703401205.811 4199
1703401206.100 4199
1703401206.392 4199
1703401206.679 4199
1703401206.973 4200
1703401207.247 4200
1703401207.539 4200
1703401207.824 4200
1703401208.148 4200
1703401208.417 4200
1703401208.689 4200
1703401208.975 4200
1703401209.256 4200
1703401209.561 4200
1703401209.854 4200
1703401210.140 4200
1703401210.432 4200
1703401210.734 4200
1703401211.023 4200
1703401211.316 4200
1703401211.606 4200
1703401211.892 4200
1703401212.195 4200
1703401212.480 4200
1703401212.757 4200
1703401213.052 4200
1703401213.340 4204
1703401213.609 4204
1703401213.900 4221
1703401214.197 4235
1703401214.470 4256
1703401214.772 4279
1703401215.083 4292
1703401215.413 4307
1703401215.697 4317
1703401215.974 4326
1703401216.273 4333
1703401216.534 4337
1703401216.822 4347
1703401217.105 4356
1703401217.389 4365
1703401217.668 4385
1703401217.964 4399
1703401218.251 4411
1703401218.550 4426
1703401218.835 4436
1703401219.144 4448
1703401219.443 4462
1703401219.725 4468
1703401220.009 4472
1703401220.300 4474
1703401220.588 4482
1703401220.861 4483
1703401221.130 4485
1703401221.398 4487
1703401221.671 4492
1703401221.937 4494
1703401222.211 4494
1703401222.509 4506
1703401222.819 4517
1703401223.081 4527
1703401223.384 4537
1703401223.671 4577
1703401223.957 4644
1703401224.247 4645
1703401224.539 4660
1703401224.832 4703
1703401225.124 4780
1703401225.433 4832
1703401225.731 4871
1703401225.987 4922
1703401226.297 4965
1703401226.590 4981
1703401226.870 4982
1703401227.154 4985
1703401227.445 4999
1703401227.732 5014
1703401228.038 5016
1703401228.322 5017
1703401228.615 5017
1703401228.901 5017
1703401229.185 5021
1703401229.487 5046
1703401229.792 5084
1703401230.052 5109
1703401230.344 5117
1703401230.635 5119
1703401230.943 5121
1703401231.228 5123
1703401231.536 5123
1703401231.834 5123
1703401232.118 5124
1703401232.415 5124
1703401232.682 5124
1703401232.960 5124
1703401233.249 5127
1703401233.538 5130
1703401233.814 5134
1703401234.087 5135
1703401234.383 5138
1703401234.681 5148
1703401234.986 5158
1703401235.258 5158
1703401235.550 5162
1703401235.835 5163
1703401236.121 5167
1703401236.401 5168
1703401236.684 5168
1703401236.980 5168
1703401237.247 5168
1703401237.527 5169
1703401237.824 5170
1703401238.099 5174
1703401238.411 5186
1703401238.693 5189
1703401238.985 5210
1703401239.269 5215
1703401239.559 5221
1703401239.861 5221
1703401240.150 5221
1703401240.448 5221
1703401240.722 5223
1703401241.012 5225
1703401241.307 5246
1703401241.603 5249
1703401241.878 5249
1703401242.162 5249
1703401242.461 5251
1703401242.748 5255
1703401243.035 5260
1703401243.321 5264
1703401243.614 5270
1703401243.931 5270
1703401244.290 5274
1703401244.546 5274
1703401244.837 5276
1703401245.128 5280
1703401245.406 5285
1703401245.684 5287
1703401245.973 5293
1703401246.259 5300
1703401246.541 5303
1703401246.831 5303
1703401247.112 5305
1703401247.400 5306
1703401247.694 5306
1703401247.986 5306
1703401248.270 5308
1703401248.553 5310
1703401248.841 5311
1703401249.132 5311
1703401249.454 5312
1703401249.771 5312
1703401250.094 5312
1703401250.353 5315
1703401250.635 5316
1703401250.924 5316
1703401251.216 5316
1703401251.514 5316
1703401251.832 5316
1703401252.185 5316
1703401252.465 5317
1703401252.751 5319
1703401253.026 5321
1703401253.305 5321
1703401253.583 5321
1703401253.862 5321
1703401254.166 5321
1703401254.458 5321
1703401254.741 5321
1703401255.066 5321
1703401255.365 5321
1703401255.698 5321
1703401255.981 5321
1703401256.277 5321
1703401256.563 5321
1703401256.845 5321
1703401257.139 5321
1703401257.416 5321
1703401257.708 5321
1703401257.991 5321
1703401258.281 5321
1703401258.627 5321
1703401258.918 5321
1703401259.236 5321
1703401259.543 5321
1703401259.829 5321
1703401260.137 5321
1703401260.432 5321
1703401260.716 5321
1703401261.022 5321
1703401261.302 5321
1703401261.629 5321
1703401261.912 5321
1703401262.208 5321
1703401262.496 5321
1703401262.786 5321
1703401263.083 5321
1703401263.361 5321
1703401263.647 5322
1703401263.940 5322
1703401264.223 5322
1703401264.504 5322
1703401264.785 5322
1703401265.074 5322
1703401265.376 5322
1703401265.669 5322
1703401265.951 5322
1703401266.235 5322
1703401266.537 5322
1703401266.823 5322
1703401267.115 5322
1703401267.414 5322
1703401267.698 5322
1703401267.978 5328
1703401268.289 5328
1703401268.617 5328
1703401268.943 5329
1703401269.226 5329
1703401269.511 5329
1703401269.778 5329
1703401270.052 5329
1703401270.338 5329
1703401270.616 5329
1703401270.898 5329
1703401271.184 5329
1703401271.473 5329
1703401271.769 5329
1703401272.057 5329
1703401272.355 5330
1703401272.637 5330
1703401272.926 5330
1703401273.208 5330
1703401273.506 5330
1703401273.789 5330
1703401274.085 5330
1703401274.365 5334
1703401274.659 5336
1703401274.937 5336
1703401275.236 5337
1703401275.526 5337
1703401275.811 5338
1703401276.119 5338
1703401276.405 5338
1703401276.705 5338
1703401277.021 5338
1703401277.316 5338
1703401277.599 5338
1703401277.894 5338
1703401278.203 5338
1703401278.490 5338
1703401278.781 5338
1703401279.063 5338
1703401279.353 5338
1703401279.635 5338
1703401279.929 5338
1703401280.234 5338
1703401280.512 5338
1703401280.800 5338
1703401281.081 5338
1703401281.363 5338
1703401281.643 5338
1703401281.916 5338
1703401282.207 5345
1703401282.492 5345
1703401282.773 5346
1703401283.091 5346
1703401283.396 5346
1703401283.670 5346
1703401283.950 5346
1703401284.235 5346
1703401284.527 5346
1703401284.804 5346
1703401285.093 5346
1703401285.381 5346
1703401285.647 5346
1703401285.924 5346
1703401286.195 5353
1703401286.483 5353
1703401286.768 5353
1703401287.046 5353
1703401287.337 5353
1703401287.614 5353
1703401287.903 5353
1703401288.186 5353
1703401288.474 5353
1703401288.764 5353
1703401289.053 5357
1703401289.381 5364
1703401289.676 5366
1703401289.968 5369
1703401290.252 5370
1703401290.532 5379
1703401290.828 5389
1703401291.104 5415
1703401291.393 5438
1703401291.682 5455
1703401291.981 5462
1703401292.270 5470
1703401292.569 5476
1703401292.850 5486
1703401293.134 5497
1703401293.420 5506
1703401293.733 5518
1703401294.040 5527
1703401294.386 5538
1703401294.682 5546
1703401294.965 5555
1703401295.252 5563
1703401295.540 5567
1703401295.843 5569
1703401296.132 5569
1703401296.446 5569
1703401296.735 5569
1703401297.040 5569
1703401297.300 5569
1703401297.567 5569
1703401297.828 5569
1703401298.105 5569
1703401298.390 5570
1703401298.664 5571
1703401298.939 5571
1703401299.249 5571
1703401299.513 5571
1703401299.777 5571
1703401300.046 5571
1703401300.313 5571
1703401300.574 5571
1703401300.861 5571
1703401301.140 5571
1703401301.424 5571
1703401301.702 5571
1703401302.028 5571
1703401302.311 5571
1703401302.622 5571
1703401302.951 5571
1703401303.248 5571
1703401303.492 5571
1703401303.791 5571
1703401304.069 5571
1703401304.359 5571
1703401304.636 5574
1703401304.924 5574
1703401305.218 5574
1703401305.504 5574
1703401305.785 5574
1703401306.064 5574
1703401306.363 5575
1703401306.667 5584
1703401306.949 5585
1703401307.235 5585
1703401307.520 5585
1703401307.807 5585
1703401308.125 5586
1703401308.408 5586
1703401308.690 5586
1703401308.979 5586
1703401309.265 5586
1703401309.566 5586
1703401309.830 5588
1703401310.108 5588
1703401310.383 5589
1703401310.673 5590
1703401310.946 5593
1703401311.231 5594
1703401311.539 5595
1703401311.819 5605
1703401312.107 5617
1703401312.397 5628
1703401312.740 5645
1703401313.030 5654
1703401313.315 5657
1703401313.596 5658
1703401313.872 5660
1703401314.162 5667
1703401314.445 5673
1703401314.738 5675
1703401315.030 5679
1703401315.330 5683
1703401315.611 5685
1703401315.925 5685
1703401316.205 5685
1703401316.505 5685
1703401316.800 5685
1703401317.097 5685
1703401317.376 5685
1703401317.661 5685
1703401317.948 5685
1703401318.235 5685
1703401318.517 5685
1703401318.799 5685
1703401319.082 5685
1703401319.348 5685
1703401319.607 5685
1703401319.878 5685
1703401320.152 5688
1703401320.412 5715
1703401320.687 5728
1703401320.975 5744
1703401321.263 5746
1703401321.590 5766
1703401321.883 5832
1703401322.188 5861
1703401322.465 5889
1703401322.761 5906
1703401323.065 5918
1703401323.330 5919
1703401323.613 5920
1703401323.893 5920
1703401324.218 5920
1703401324.505 5920
1703401324.794 5924
1703401325.081 5924
1703401325.365 5924
1703401325.624 5924
1703401325.896 5924
1703401326.178 5934
1703401326.461 5935
1703401326.751 5935
1703401327.052 5935
1703401327.371 5935
1703401327.665 5935
1703401327.956 5935
1703401328.231 5935
1703401328.507 5935
1703401328.778 5935
1703401329.085 5935
1703401329.352 5935
1703401329.615 5935
1703401329.885 5935
1703401330.153 5935
1703401330.447 5935
1703401330.734 5935
1703401331.014 5935
1703401331.284 5935
1703401331.567 5935
1703401331.856 5941
1703401332.138 5941
1703401332.420 5941
1703401332.707 5941
1703401333.035 5941
1703401333.319 5942
1703401333.594 5942
1703401333.884 5942
1703401334.146 5942
1703401334.428 5942
1703401334.717 5942
1703401335.019 5942
1703401335.284 5942
1703401335.580 5942
1703401335.860 5942
1703401336.151 5942
1703401336.438 5942
1703401336.719 5942
1703401337.010 5944
1703401337.290 5944
1703401337.594 5944
1703401337.882 5944
1703401338.172 5944
1703401338.489 5950
1703401338.757 5955
1703401339.047 5971
1703401339.325 5989
1703401339.621 5999
1703401339.895 6017
1703401340.210 6026
1703401340.483 6040
1703401340.786 6049
1703401341.059 6050
1703401341.311 6050
1703401341.605 6050
1703401341.920 6051
1703401342.197 6051
1703401342.487 6051
1703401342.789 6051
1703401343.109 6051
1703401343.402 6053
1703401343.723 6053
1703401344.065 6053
1703401344.356 6055
1703401344.662 6055
1703401344.939 6055
1703401345.244 6055
1703401345.498 6055
1703401345.779 6055
1703401346.045 6055
1703401346.384 6055
1703401346.620 6055
1703401346.895 6056
1703401347.157 6056
1703401347.459 6061
1703401347.801 6074
1703401348.127 6095
1703401348.387 6108
1703401348.667 6143
1703401348.984 6143
1703401349.240 6143
1703401349.533 6143
1703401349.812 6148
1703401350.088 6162
1703401350.369 6186
1703401350.651 6196
1703401350.933 6217
1703401351.217 6222
1703401351.539 6222
1703401351.828 6222
1703401352.109 6222
1703401352.392 6222
1703401352.692 6222
1703401352.978 6222
1703401353.340 6222
1703401353.657 6222
1703401353.968 6222
1703401354.241 6222
1703401354.532 6222
1703401354.812 6223
1703401355.097 6223
1703401355.371 6223
1703401355.652 6223
1703401355.929 6223
1703401356.206 6223
1703401356.471 6223
1703401356.737 6223
1703401356.998 6223
1703401357.269 6230
1703401357.525 6230
1703401357.795 6230
1703401358.060 6230
1703401358.316 6230
1703401358.591 6230
1703401358.862 6230
1703401359.124 6230
1703401359.389 6230
1703401359.653 6230
1703401359.920 6230
1703401360.202 6230
1703401360.483 6230
1703401360.762 6230
1703401361.028 6230
1703401361.328 6230
1703401361.611 6230
1703401361.881 6230
1703401362.151 6230
1703401362.436 6231
1703401362.704 6231
1703401362.982 6231
1703401363.229 6231
1703401363.501 6231
1703401363.795 6231
1703401364.077 6231
1703401364.363 6231
1703401364.659 6231
1703401364.926 6231
1703401365.212 6231
1703401365.490 6231
1703401365.767 6231
1703401366.042 6231
1703401366.333 6231
1703401366.607 6231
1703401366.883 6231
1703401367.204 6231
1703401367.489 6231
1703401367.783 6233
1703401368.055 6233
1703401368.357 6237
1703401368.640 6237
1703401368.932 6237
1703401369.211 6237
1703401369.506 6237
1703401369.786 6237
1703401370.063 6237
1703401370.350 6237
1703401370.640 6237
1703401370.974 6237
1703401371.279 6237
1703401371.544 6237
1703401371.836 6237
1703401372.168 6237
1703401372.454 6241
1703401372.763 6257
1703401373.029 6263
1703401373.317 6270
1703401373.609 6277
1703401373.886 6279
1703401374.195 6280
1703401374.495 6291
1703401374.776 6297
1703401375.065 6322
1703401375.357 6384
1703401375.625 6397
1703401375.914 6410
1703401376.194 6412
1703401376.487 6412
1703401376.790 6412
1703401377.073 6413
1703401377.352 6414
1703401377.645 6414
1703401377.931 6414
1703401378.220 6414
1703401378.509 6414
1703401378.799 6417
1703401379.088 6417
1703401379.379 6422
1703401379.683 6434
1703401379.966 6451
1703401380.255 6467
1703401380.544 6472
1703401380.824 6476
1703401381.111 6485
1703401381.391 6488
1703401381.678 6490
1703401381.990 6490
1703401382.263 6491
1703401382.566 6491
1703401382.879 6491
1703401383.234 6491
1703401383.565 6491
1703401383.867 6491
1703401384.149 6508
1703401384.452 6513
1703401384.797 6513
1703401385.118 6513
1703401385.402 6513
1703401385.689 6513
1703401385.978 6513
1703401386.258 6513
1703401386.542 6513
1703401386.835 6513
1703401387.129 6513
1703401387.419 6513
1703401387.724 6513
1703401387.996 6513
