1703399086.663 3.125 1.669 
1703399086.664 3.125 1.669 
1703399086.764 3.129 1.709 
1703399086.865 3.135 1.774 
1703399086.964 3.103 1.896 
1703399087.065 3.067 2.023 
1703399087.165 3.035 2.069 
1703399087.265 3.054 2.140 
1703399087.365 3.036 2.175 
1703399087.465 3.017 2.206 
1703399087.566 3.068 2.259 
1703399087.665 3.140 2.338 
1703399087.766 3.221 2.411 
1703399087.866 3.316 2.468 
1703399087.967 3.397 2.537 
1703399088.066 3.485 2.627 
1703399088.166 3.563 2.715 
1703399088.266 3.606 2.795 
1703399088.367 3.615 2.857 
1703399088.466 3.651 2.891 
1703399088.566 3.721 2.890 
1703399088.667 3.865 2.893 
1703399088.767 4.025 2.893 
1703399088.867 4.168 2.895 
1703399088.967 4.292 2.900 
1703399089.068 4.386 2.900 
1703399089.167 4.431 2.896 
1703399089.268 4.385 2.888 
1703399089.367 4.274 2.874 
1703399089.468 4.182 2.857 
1703399092.274 4.303 2.707 
1703399092.375 4.318 2.732 
1703399092.475 4.362 2.841 
1703399092.575 4.397 2.959 
1703399092.675 4.350 3.008 
1703399092.776 4.277 2.970 
1703399092.875 4.174 2.833 
1703399092.975 4.075 2.685 
1703399093.075 3.998 2.541 
1703399093.175 3.924 2.414 
1703399093.276 3.854 2.311 
1703399093.375 3.827 2.280 
1703399094.980 3.727 2.259 
1703399095.080 3.754 2.221 
1703399095.179 3.783 2.165 
1703399095.279 3.828 2.080 
1703399095.381 3.898 1.979 
1703399095.481 3.956 1.864 
1703399095.580 4.041 1.768 
1703399095.681 4.136 1.693 
1703399095.781 4.240 1.602 
1703399095.881 4.336 1.496 
1703399098.085 4.564 1.241 
1703399098.185 4.605 1.267 
1703399098.286 4.714 1.339 
1703399098.385 4.690 1.381 
1703399098.486 4.599 1.350 
1703399098.586 4.471 1.264 
1703399098.686 4.347 1.149 
1703399098.786 4.253 1.033 
1703399098.887 4.168 0.957 
1703399098.987 4.093 0.888 
1703399099.086 4.033 0.829 
1703399099.190 3.950 0.761 
1703399099.288 3.875 0.690 
1703399099.387 3.777 0.618 
1703399099.486 3.672 0.551 
1703399099.587 3.656 0.541 
1703399102.695 3.949 0.450 
1703399102.794 3.917 0.485 
1703399102.894 3.806 0.556 
1703399102.994 3.712 0.637 
1703399103.096 3.662 0.698 
1703399103.194 3.687 0.656 
1703399103.295 3.781 0.558 
1703399103.395 3.883 0.458 
1703399103.494 3.954 0.357 
1703399103.594 4.048 0.268 
1703399105.702 4.160 0.206 
1703399105.703 4.161 0.206 
1703399105.803 4.212 0.207 
1703399105.902 4.318 0.148 
1703399106.003 4.430 0.070 
1703399106.103 4.541 0.030 
1703399106.203 4.634 -0.022 
1703399106.304 4.731 -0.103 
1703399106.403 4.832 -0.171 
1703399106.503 4.925 -0.243 
1703399106.604 5.007 -0.327 
1703399106.704 5.090 -0.411 
1703399106.805 5.159 -0.515 
1703399106.905 5.219 -0.623 
1703399107.004 5.288 -0.715 
1703399107.105 5.354 -0.816 
1703399107.205 5.411 -0.920 
1703399107.304 5.459 -1.026 
1703399107.406 5.506 -1.138 
1703399107.505 5.549 -1.249 
1703399107.605 5.581 -1.362 
1703399107.706 5.593 -1.477 
1703399107.805 5.601 -1.595 
1703399107.906 5.612 -1.717 
1703399108.005 5.624 -1.835 
1703399108.105 5.626 -1.948 
1703399108.206 5.631 -2.073 
1703399108.306 5.643 -2.204 
1703399111.511 5.723 -2.299 
1703399111.611 5.735 -2.258 
1703399111.711 5.762 -2.182 
1703399111.811 5.796 -2.112 
1703399111.912 5.872 -2.022 
1703399112.011 5.952 -1.932 
1703399112.112 6.033 -1.859 
1703399112.212 6.104 -1.781 
1703399112.311 6.179 -1.695 
1703399112.412 6.260 -1.606 
1703399112.512 6.339 -1.517 
1703399112.613 6.411 -1.424 
1703399112.712 6.483 -1.328 
1703399112.813 6.558 -1.236 
1703399112.912 6.630 -1.144 
1703399113.013 6.695 -1.051 
1703399113.112 6.760 -0.960 
1703399113.213 6.818 -0.856 
1703399113.315 6.869 -0.762 
1703399113.415 6.906 -0.696 
1703399113.516 6.937 -0.635 
1703399113.617 6.971 -0.555 
1703399113.716 7.005 -0.477 
1703399113.816 7.038 -0.406 
1703399113.916 7.068 -0.340 
1703399114.016 7.130 -0.253 
1703399114.116 7.172 -0.164 
1703399114.217 7.207 -0.073 
1703399114.317 7.258 0.008 
1703399114.417 7.314 0.077 
1703399114.517 7.365 0.138 
1703399114.617 7.412 0.197 
1703399114.717 7.451 0.253 
1703399114.818 7.482 0.328 
1703399114.918 7.504 0.407 
1703399115.017 7.520 0.491 
1703399115.117 7.537 0.562 
1703399115.218 7.555 0.615 
1703399115.318 7.576 0.673 
1703399115.418 7.596 0.754 
1703399115.518 7.612 0.828 
1703399115.618 7.619 0.895 
1703399115.719 7.630 0.948 
1703399115.819 7.639 1.000 
1703399115.919 7.617 1.092 
1703399116.019 7.587 1.222 
1703399116.119 7.576 1.324 
1703399116.219 7.553 1.399 
1703399116.319 7.558 1.455 
1703399116.419 7.550 1.529 
1703399116.519 7.543 1.618 
1703399116.620 7.540 1.708 
1703399116.720 7.534 1.789 
1703399116.819 7.528 1.865 
1703399116.919 7.533 1.944 
1703399117.020 7.541 2.025 
1703399117.120 7.549 2.103 
1703399117.219 7.556 2.179 
1703399117.320 7.562 2.258 
1703399117.420 7.569 2.350 
1703399117.521 7.581 2.462 
1703399117.623 7.603 2.582 
1703399117.721 7.628 2.698 
1703399117.821 7.652 2.801 
1703399117.921 7.678 2.897 
1703399118.021 7.703 2.980 
1703399118.120 7.726 3.057 
1703399118.221 7.753 3.132 
1703399118.321 7.773 3.197 
1703399118.421 7.788 3.259 
1703399118.522 7.811 3.334 
1703399118.622 7.822 3.389 
1703399118.721 7.844 3.406 
1703399118.822 7.871 3.427 
1703399120.127 7.894 3.498 
1703399120.227 7.928 3.513 
1703399120.327 7.950 3.533 
1703399120.428 7.865 3.531 
1703399120.527 7.744 3.504 
1703399120.627 7.631 3.483 
1703399120.728 7.566 3.457 
1703399120.828 7.493 3.445 
1703399120.927 7.383 3.438 
1703399121.027 7.322 3.454 
1703399121.129 7.276 3.468 
1703399121.228 7.203 3.457 
1703399121.328 7.078 3.454 
1703399121.428 6.955 3.439 
1703399121.528 6.846 3.433 
1703399121.629 6.737 3.425 
1703399121.729 6.625 3.414 
1703399121.829 6.515 3.404 
1703399121.930 6.398 3.402 
1703399122.030 6.278 3.406 
1703399122.130 6.157 3.411 
1703399122.230 6.036 3.410 
1703399122.330 5.916 3.420 
1703399122.431 5.796 3.434 
1703399122.530 5.668 3.455 
1703399122.631 5.545 3.466 
1703399122.731 5.434 3.479 
1703399122.831 5.320 3.505 
1703399122.931 5.199 3.545 
1703399123.033 5.077 3.588 
1703399123.133 4.955 3.631 
1703399123.233 4.837 3.675 
1703399123.333 4.724 3.733 
1703399123.434 4.631 3.807 
1703399123.533 4.542 3.889 
1703399123.633 4.463 3.998 
1703399123.733 4.384 4.094 
1703399123.834 4.305 4.184 
1703399123.934 4.246 4.279 
1703399124.034 4.218 4.393 
1703399124.134 4.202 4.502 
1703399124.234 4.177 4.620 
1703399124.334 4.158 4.731 
1703399124.435 4.155 4.851 
1703399124.535 4.157 4.966 
1703399124.634 4.158 5.081 
1703399124.735 4.156 5.192 
1703399124.834 4.157 5.295 
1703399124.935 4.163 5.377 
1703399125.035 4.175 5.446 
1703399125.135 4.136 5.547 
1703399125.235 4.111 5.634 
1703399125.336 4.078 5.704 
1703399125.436 4.039 5.769 
1703399125.536 4.001 5.832 
1703399125.635 3.960 5.885 
1703399125.736 3.917 5.929 
1703399125.836 3.872 5.965 
1703399125.936 3.822 5.993 
1703399126.036 3.764 6.012 
1703399126.136 3.706 6.020 
1703399126.236 3.643 6.022 
1703399126.338 3.616 6.017 
1703399126.437 3.588 5.996 
1703399126.537 3.524 5.994 
1703399126.636 3.448 6.032 
1703399126.738 3.311 6.079 
1703399126.837 3.212 6.124 
1703399126.937 3.174 6.145 
1703399127.037 3.136 6.151 
1703399127.137 3.068 6.150 
1703399127.237 2.979 6.163 
1703399127.337 2.867 6.175 
1703399127.438 2.735 6.185 
1703399127.538 2.665 6.200 
1703399127.638 2.599 6.213 
1703399127.738 2.514 6.255 
1703399127.838 2.414 6.322 
1703399127.941 2.316 6.386 
1703399128.038 2.230 6.438 
1703399128.138 2.148 6.505 
1703399128.238 2.070 6.553 
1703399128.339 1.996 6.611 
1703399128.451 1.922 6.681 
1703399128.543 1.851 6.744 
1703399128.641 1.786 6.815 
1703399128.741 1.728 6.891 
1703399128.839 1.672 6.955 
1703399128.940 1.619 7.020 
1703399129.040 1.568 7.081 
1703399129.141 1.520 7.140 
1703399129.240 1.458 7.227 
1703399129.340 1.387 7.312 
1703399129.440 1.322 7.389 
1703399129.540 1.313 7.444 
1703399129.641 1.309 7.508 
1703399129.741 1.283 7.570 
1703399129.840 1.226 7.596 
1703399129.941 1.217 7.616 
1703399132.145 1.072 7.686 
1703399132.245 1.048 7.709 
1703399132.345 1.029 7.683 
1703399132.446 1.057 7.572 
1703399132.546 1.079 7.446 
1703399132.646 1.091 7.336 
1703399132.746 1.091 7.247 
1703399132.847 1.085 7.166 
1703399132.946 1.085 7.094 
1703399133.046 1.088 7.009 
1703399133.146 1.093 6.912 
1703399133.247 1.096 6.806 
1703399133.347 1.106 6.703 
1703399133.447 1.114 6.597 
1703399133.547 1.121 6.494 
1703399133.647 1.133 6.393 
1703399133.746 1.144 6.290 
1703399133.847 1.153 6.183 
1703399133.946 1.140 6.069 
1703399134.047 1.122 5.954 
1703399134.147 1.112 5.852 
1703399134.247 1.111 5.758 
1703399134.347 1.093 5.655 
1703399134.448 1.067 5.541 
1703399134.548 1.042 5.429 
1703399134.653 1.020 5.311 
1703399134.747 1.005 5.225 
1703399134.848 0.980 5.132 
1703399134.948 0.950 5.033 
1703399135.049 0.928 4.936 
1703399135.148 0.907 4.853 
1703399135.249 0.892 4.775 
1703399135.349 0.882 4.697 
1703399135.449 0.881 4.620 
1703399135.548 0.908 4.513 
1703399135.648 0.955 4.404 
1703399135.751 0.966 4.337 
1703399135.850 0.970 4.285 
1703399135.951 0.996 4.222 
1703399136.052 1.035 4.165 
1703399136.151 1.093 4.111 
1703399136.252 1.154 4.051 
1703399136.351 1.215 3.987 
1703399136.451 1.285 3.919 
1703399136.552 1.325 3.859 
1703399136.652 1.371 3.812 
1703399136.753 1.427 3.764 
1703399136.852 1.492 3.708 
1703399136.953 1.560 3.651 
1703399137.053 1.632 3.596 
1703399137.152 1.700 3.540 
1703399137.253 1.772 3.474 
1703399137.353 1.845 3.418 
1703399137.453 1.913 3.357 
1703399137.553 1.972 3.295 
1703399137.653 2.033 3.238 
1703399137.753 2.103 3.156 
1703399137.854 2.168 3.073 
1703399137.954 2.230 2.998 
1703399138.054 2.276 2.960 
1703399138.154 2.326 2.913 
1703399138.254 2.381 2.833 
1703399138.354 2.431 2.748 
1703399138.455 2.464 2.659 
1703399138.555 2.480 2.571 
1703399138.655 2.490 2.464 
1703399138.755 2.484 2.346 
1703399138.854 2.484 2.233 
1703399138.955 2.493 2.133 
1703399139.055 2.471 2.017 
1703399139.157 2.432 1.896 
1703399139.256 2.382 1.795 
1703399139.357 2.310 1.700 
1703399139.457 2.217 1.624 
1703399139.557 2.122 1.559 
1703399139.656 2.020 1.511 
1703399139.757 1.904 1.477 
1703399139.858 1.785 1.446 
1703399139.957 1.671 1.414 
1703399140.060 1.555 1.381 
1703399140.157 1.443 1.351 
1703399140.258 1.326 1.324 
1703399140.371 1.211 1.297 
1703399140.464 1.094 1.271 
1703399140.560 0.980 1.243 
1703399140.659 0.864 1.213 
1703399140.759 0.743 1.179 
1703399140.861 0.634 1.141 
1703399140.960 0.539 1.095 
1703399141.059 0.445 1.038 
1703399141.159 0.347 0.971 
1703399141.259 0.254 0.898 
1703399141.359 0.173 0.839 
1703399141.460 0.119 0.783 
1703399141.559 0.082 0.731 
1703399141.659 0.055 0.685 
1703399141.759 0.032 0.635 
1703399141.859 0.024 0.573 
1703399141.960 0.033 0.498 
1703399142.059 0.038 0.479 
1703399142.160 0.034 0.494 
1703399142.260 0.057 0.510 
1703399142.360 0.096 0.500 
1703399142.460 0.131 0.472 
1703399142.560 0.122 0.450 
1703399142.660 0.124 0.437 
1703399142.760 0.151 0.414 
1703399142.860 0.196 0.381 
1703399142.960 0.250 0.337 
1703399143.061 0.316 0.289 
1703399143.161 0.393 0.236 
1703399143.261 0.466 0.169 
1703399143.361 0.534 0.097 
1703399143.461 0.606 0.023 
1703399143.562 0.699 -0.073 
1703399143.661 0.792 -0.198 
1703399143.765 0.877 -0.244 
1703399143.865 0.935 -0.293 
1703399143.965 0.969 -0.367 
1703399144.065 1.000 -0.464 
1703399144.165 1.068 -0.571 
1703399144.265 1.122 -0.637 
1703399144.365 1.144 -0.686 
1703399144.466 1.169 -0.764 
1703399144.565 1.208 -0.865 
1703399144.666 1.253 -0.959 
1703399144.766 1.293 -1.034 
1703399144.866 1.318 -1.096 
1703399144.967 1.341 -1.175 
1703399145.066 1.371 -1.271 
1703399145.167 1.399 -1.354 
1703399145.267 1.417 -1.425 
1703399145.367 1.439 -1.512 
1703399145.468 1.466 -1.591 
1703399145.567 1.489 -1.667 
1703399145.667 1.506 -1.744 
1703399145.767 1.527 -1.856 
1703399145.868 1.551 -1.963 
1703399145.967 1.568 -2.053 
1703399146.068 1.582 -2.125 
1703399146.168 1.598 -2.206 
1703399146.268 1.614 -2.291 
1703399146.368 1.630 -2.372 
1703399146.468 1.651 -2.448 
1703399146.568 1.677 -2.515 
1703399146.668 1.712 -2.578 
1703399146.768 1.749 -2.639 
1703399146.868 1.779 -2.686 
1703399146.969 1.798 -2.713 
1703399147.069 1.819 -2.726 
1703399147.168 1.777 -2.717 
1703399147.268 1.795 -2.710 
1703399147.369 1.857 -2.694 
1703399147.469 1.931 -2.672 
1703399147.569 2.004 -2.649 
1703399147.669 2.075 -2.645 
1703399147.770 2.164 -2.642 
1703399149.877 2.312 -2.657 
1703399149.878 2.312 -2.657 
1703399149.978 2.328 -2.686 
1703399150.077 2.362 -2.779 
1703399150.177 2.401 -2.892 
1703399150.277 2.446 -3.002 
1703399150.378 2.497 -3.113 
1703399150.477 2.544 -3.221 
1703399150.578 2.584 -3.336 
1703399150.678 2.621 -3.449 
1703399150.779 2.660 -3.565 
1703399150.878 2.699 -3.677 
1703399150.979 2.738 -3.790 
1703399151.078 2.774 -3.903 
1703399151.179 2.807 -4.018 
1703399151.279 2.843 -4.135 
1703399151.381 2.878 -4.246 
1703399151.480 2.901 -4.354 
1703399151.580 2.926 -4.467 
1703399151.681 2.940 -4.606 
1703399151.780 2.960 -4.742 
1703399151.880 2.987 -4.833 
1703399151.981 2.994 -4.949 
1703399152.080 2.988 -5.057 
1703399152.180 2.987 -5.146 
1703399152.280 2.995 -5.246 
1703399152.381 2.970 -5.363 
1703399152.481 2.931 -5.475 
1703399152.581 2.879 -5.555 
1703399152.681 2.815 -5.603 
1703399152.781 2.748 -5.647 
1703399152.881 2.670 -5.696 
1703399152.981 2.578 -5.742 
1703399153.082 2.476 -5.780 
1703399153.181 2.393 -5.817 
1703399153.282 2.312 -5.855 
1703399153.382 2.222 -5.888 
1703399153.482 2.133 -5.923 
1703399153.582 2.046 -5.956 
1703399153.684 1.959 -5.988 
1703399153.784 1.872 -6.020 
1703399153.884 1.785 -6.055 
1703399153.985 1.698 -6.082 
1703399154.084 1.611 -6.105 
1703399154.184 1.532 -6.129 
1703399154.285 1.459 -6.151 
1703399154.384 1.379 -6.164 
1703399154.485 1.282 -6.168 
1703399154.585 1.168 -6.159 
1703399154.685 1.079 -6.170 
1703399154.787 1.008 -6.195 
1703399154.892 0.912 -6.162 
1703399154.989 0.828 -6.118 
1703399155.087 0.762 -6.061 
1703399155.187 0.703 -5.983 
1703399155.288 0.668 -5.880 
1703399155.387 0.643 -5.800 
1703399155.487 0.615 -5.732 
1703399155.587 0.583 -5.634 
1703399155.687 0.569 -5.567 
1703399155.788 0.558 -5.508 
1703399155.888 0.565 -5.418 
1703399155.988 0.564 -5.317 
1703399156.088 0.557 -5.239 
1703399156.189 0.561 -5.165 
1703399156.289 0.580 -5.101 
1703399156.389 0.584 -4.998 
1703399156.488 0.594 -4.900 
1703399156.589 0.605 -4.804 
1703399156.690 0.608 -4.721 
1703399156.789 0.609 -4.628 
1703399156.890 0.623 -4.538 
1703399156.989 0.629 -4.449 
1703399157.090 0.633 -4.355 
1703399157.195 0.630 -4.259 
1703399157.291 0.620 -4.166 
1703399157.390 0.614 -4.076 
1703399157.490 0.615 -3.984 
1703399157.590 0.610 -3.887 
1703399157.692 0.602 -3.792 
1703399157.791 0.598 -3.695 
1703399157.890 0.595 -3.615 
1703399157.992 0.595 -3.557 
1703399158.091 0.591 -3.483 
1703399158.191 0.590 -3.399 
1703399158.291 0.586 -3.317 
1703399158.391 0.586 -3.231 
1703399158.491 0.589 -3.140 
1703399158.591 0.584 -3.046 
1703399158.692 0.583 -2.951 
1703399158.792 0.578 -2.861 
1703399158.891 0.566 -2.768 
1703399158.992 0.548 -2.674 
1703399159.091 0.528 -2.587 
1703399159.192 0.503 -2.505 
1703399159.292 0.475 -2.414 
1703399159.392 0.439 -2.317 
1703399159.492 0.376 -2.216 
1703399159.592 0.314 -2.117 
1703399159.693 0.232 -2.022 
1703399159.793 0.138 -1.941 
1703399159.894 0.038 -1.877 
1703399159.993 -0.072 -1.823 
1703399160.093 -0.189 -1.783 
1703399160.193 -0.301 -1.756 
1703399160.294 -0.416 -1.752 
1703399160.394 -0.539 -1.773 
1703399160.493 -0.659 -1.804 
1703399160.593 -0.768 -1.846 
1703399160.694 -0.867 -1.899 
1703399160.794 -0.967 -1.959 
1703399160.894 -1.050 -1.998 
1703399160.994 -1.114 -2.037 
1703399161.095 -1.192 -2.075 
1703399161.194 -1.262 -2.111 
1703399161.294 -1.318 -2.145 
1703399161.395 -1.378 -2.180 
1703399161.496 -1.442 -2.218 
1703399161.596 -1.512 -2.238 
1703399161.695 -1.587 -2.243 
1703399161.795 -1.667 -2.248 
1703399161.895 -1.755 -2.254 
1703399161.996 -1.852 -2.264 
1703399162.095 -1.948 -2.272 
1703399162.196 -2.044 -2.275 
1703399162.296 -2.137 -2.278 
1703399162.396 -2.227 -2.266 
1703399162.496 -2.317 -2.230 
1703399162.597 -2.397 -2.206 
1703399162.697 -2.471 -2.198 
1703399162.797 -2.544 -2.178 
1703399162.897 -2.616 -2.153 
1703399162.997 -2.698 -2.055 
1703399163.097 -2.770 -1.989 
1703399163.198 -2.830 -1.974 
1703399163.298 -2.881 -1.964 
1703399163.398 -2.916 -1.880 
1703399163.498 -2.916 -1.767 
1703399163.599 -2.920 -1.654 
1703399163.701 -2.922 -1.548 
1703399163.804 -2.887 -1.436 
1703399163.900 -2.818 -1.336 
1703399164.001 -2.718 -1.249 
1703399164.102 -2.596 -1.182 
1703399164.201 -2.472 -1.134 
1703399164.301 -2.347 -1.103 
1703399164.401 -2.229 -1.090 
1703399164.515 -2.123 -1.079 
1703399164.607 -2.014 -1.052 
1703399164.707 -1.888 -1.014 
1703399164.803 -1.774 -0.991 
1703399164.902 -1.655 -0.967 
1703399165.002 -1.539 -0.929 
1703399165.103 -1.419 -0.874 
1703399165.203 -1.295 -0.806 
1703399165.302 -1.180 -0.732 
1703399165.403 -1.086 -0.658 
1703399165.502 -0.990 -0.573 
1703399165.603 -0.899 -0.480 
1703399165.703 -0.823 -0.383 
1703399165.803 -0.760 -0.279 
1703399165.904 -0.702 -0.167 
1703399166.004 -0.637 -0.058 
1703399166.104 -0.589 0.064 
1703399166.204 -0.553 0.171 
1703399166.304 -0.515 0.262 
1703399166.404 -0.506 0.332 
1703399166.504 -0.537 0.423 
1703399166.604 -0.583 0.547 
1703399166.705 -0.607 0.657 
1703399166.805 -0.648 0.771 
1703399166.907 -0.708 0.877 
1703399167.006 -0.778 0.977 
1703399167.105 -0.849 1.073 
1703399167.205 -0.925 1.164 
1703399167.306 -1.008 1.249 
1703399167.406 -1.099 1.327 
1703399167.507 -1.192 1.397 
1703399167.608 -1.306 1.458 
1703399167.706 -1.422 1.503 
1703399167.805 -1.530 1.547 
1703399167.906 -1.635 1.582 
1703399168.008 -1.742 1.611 
1703399168.107 -1.854 1.637 
1703399168.207 -1.966 1.669 
1703399168.306 -2.080 1.706 
1703399168.406 -2.199 1.750 
1703399168.520 -2.314 1.793 
1703399168.611 -2.422 1.833 
1703399168.708 -2.535 1.881 
1703399168.808 -2.644 1.938 
1703399168.908 -2.746 2.009 
1703399169.008 -2.837 2.068 
1703399169.107 -2.932 2.162 
1703399169.208 -3.029 2.287 
1703399169.307 -3.100 2.371 
1703399169.408 -3.118 2.407 
1703399170.812 -2.923 2.464 
1703399170.912 -2.901 2.464 
1703399171.012 -2.921 2.401 
1703399171.112 -2.983 2.308 
1703399171.914 -2.835 2.220 
1703399172.015 -2.827 2.193 
1703399172.115 -2.811 2.159 
1703399172.216 -2.792 2.135 
1703399172.315 -2.748 2.141 
1703399172.416 -2.636 2.181 
1703399172.517 -2.533 2.209 
1703399172.615 -2.493 2.244 
1703399172.717 -2.473 2.267 
1703399172.817 -2.422 2.279 
1703399172.916 -2.314 2.301 
1703399173.017 -2.202 2.314 
1703399173.116 -2.096 2.344 
1703399173.216 -1.977 2.369 
1703399173.317 -1.853 2.380 
1703399173.418 -1.748 2.383 
1703399173.517 -1.694 2.403 
1703399173.616 -1.635 2.428 
1703399173.717 -1.542 2.458 
1703399173.818 -1.450 2.490 
1703399173.917 -1.354 2.527 
1703399174.017 -1.253 2.568 
1703399174.118 -1.153 2.608 
1703399174.218 -1.060 2.643 
1703399174.318 -0.975 2.674 
1703399174.418 -0.899 2.700 
1703399174.517 -0.841 2.711 
1703399174.617 -0.796 2.729 
1703399174.718 -0.742 2.775 
1703399174.818 -0.658 2.844 
1703399174.919 -0.544 2.922 
1703399175.020 -0.461 2.975 
1703399175.118 -0.420 2.999 
1703399175.219 -0.403 3.011 
1703399175.319 -0.387 3.010 
1703399175.419 -0.314 3.010 
1703399175.519 -0.206 2.998 
1703399175.620 -0.141 3.022 
1703399175.724 -0.028 3.001 
1703399175.820 0.064 3.006 
1703399175.919 0.139 2.997 
1703399176.020 0.240 2.941 
1703399176.120 0.344 2.871 
1703399176.220 0.435 2.800 
1703399176.321 0.516 2.727 
1703399176.420 0.608 2.655 
1703399176.521 0.696 2.579 
1703399176.621 0.774 2.500 
1703399176.721 0.848 2.418 
1703399176.821 0.926 2.336 
1703399176.922 1.004 2.258 
1703399177.022 1.078 2.179 
1703399177.122 1.154 2.094 
1703399177.221 1.224 2.010 
1703399177.322 1.299 1.932 
1703399177.423 1.379 1.851 
1703399177.522 1.458 1.771 
1703399177.623 1.539 1.692 
1703399177.724 1.618 1.614 
1703399177.824 1.703 1.534 
1703399177.923 1.784 1.454 
1703399178.023 1.867 1.375 
1703399178.123 1.951 1.296 
1703399178.223 2.036 1.216 
1703399178.324 2.120 1.135 
1703399178.423 2.202 1.059 
1703399178.523 2.282 0.982 
1703399178.623 2.362 0.904 
1703399178.723 2.440 0.825 
1703399178.824 2.520 0.749 
1703399178.923 2.602 0.674 
1703399179.024 2.689 0.599 
1703399179.124 2.768 0.544 
1703399179.225 2.830 0.491 
1703399179.324 2.900 0.450 
1703399179.424 2.980 0.412 
1703399179.525 3.072 0.369 
1703399179.625 3.168 0.322 
1703399179.726 3.264 0.275 
1703399179.825 3.356 0.232 
1703399179.925 3.440 0.191 
1703399180.025 3.517 0.154 
1703399180.126 3.594 0.119 
1703399180.225 3.657 0.084 
1703399180.326 3.700 0.048 
1703399180.425 3.733 0.002 
1703399180.526 3.804 -0.019 
1703399180.627 3.893 -0.016 
1703399180.726 3.998 -0.026 
1703399180.827 4.085 -0.050 
1703399180.926 4.172 -0.071 
1703399181.027 4.245 -0.067 
1703399181.128 4.309 -0.065 
1703399181.228 4.384 -0.086 
1703399181.329 4.464 -0.106 
1703399181.428 4.531 -0.123 
1703399181.529 4.605 -0.142 
1703399181.629 4.682 -0.158 
1703399181.730 4.761 -0.178 
1703399181.829 4.840 -0.198 
1703399181.930 4.923 -0.219 
1703399182.030 5.006 -0.243 
1703399182.131 5.087 -0.268 
1703399182.230 5.171 -0.288 
1703399182.331 5.255 -0.309 
1703399182.431 5.339 -0.333 
1703399182.531 5.419 -0.364 
1703399182.631 5.500 -0.399 
1703399182.731 5.581 -0.432 
1703399182.831 5.662 -0.462 
1703399182.931 5.742 -0.490 
1703399183.031 5.820 -0.521 
1703399183.132 5.896 -0.555 
1703399183.232 5.971 -0.587 
1703399183.332 6.044 -0.619 
1703399183.432 6.114 -0.653 
1703399183.532 6.183 -0.686 
1703399183.633 6.280 -0.739 
1703399183.733 6.368 -0.789 
1703399183.833 6.452 -0.830 
1703399183.933 6.534 -0.869 
1703399184.033 6.624 -0.890 
1703399184.133 6.711 -0.898 
1703399184.233 6.815 -0.909 
1703399184.333 6.924 -0.938 
1703399184.433 7.014 -0.962 
1703399184.533 7.055 -0.962 
1703399184.633 7.113 -0.965 
1703399184.734 7.206 -0.962 
1703399184.834 7.325 -0.942 
1703399184.933 7.429 -0.925 
1703399185.033 7.500 -0.907 
1703399185.134 7.587 -0.903 
1703399185.234 7.686 -0.898 
1703399185.335 7.781 -0.900 
1703399185.436 7.870 -0.900 
1703399185.534 7.948 -0.901 
1703399185.635 8.033 -0.904 
1703399185.734 8.120 -0.903 
1703399185.834 8.198 -0.903 
1703399185.935 8.293 -0.898 
1703399186.035 8.384 -0.880 
1703399186.135 8.440 -0.870 
1703399186.235 8.489 -0.853 
1703399186.335 8.557 -0.784 
1703399190.842 8.002 -0.816 
1703399190.943 8.009 -0.789 
1703399191.043 8.020 -0.689 
1703399191.143 8.022 -0.622 
1703399191.244 8.027 -0.624 
1703399191.344 8.028 -0.702 
1703399191.444 7.986 -0.827 
1703399191.545 7.937 -0.949 
1703399191.644 7.907 -1.050 
1703399191.744 7.864 -1.158 
1703399191.844 7.833 -1.271 
1703399191.944 7.805 -1.388 
1703399192.045 7.781 -1.489 
1703399192.144 7.755 -1.578 
1703399192.245 7.732 -1.677 
1703399192.344 7.710 -1.780 
1703399192.445 7.689 -1.880 
1703399192.545 7.670 -1.981 
1703399192.645 7.657 -2.083 
1703399192.745 7.644 -2.186 
1703399192.845 7.631 -2.286 
1703399192.946 7.620 -2.386 
1703399193.045 7.608 -2.486 
1703399193.146 7.611 -2.554 
1703399193.246 7.599 -2.620 
1703399193.346 7.583 -2.706 
1703399193.446 7.566 -2.794 
1703399193.546 7.548 -2.881 
1703399193.646 7.527 -2.975 
1703399193.746 7.511 -3.077 
1703399193.847 7.496 -3.180 
1703399193.946 7.487 -3.284 
1703399194.047 7.483 -3.388 
1703399194.146 7.476 -3.493 
1703399194.247 7.472 -3.590 
1703399194.347 7.471 -3.700 
1703399194.447 7.470 -3.803 
1703399194.547 7.468 -3.904 
1703399194.648 7.467 -3.998 
1703399194.747 7.466 -4.086 
1703399194.848 7.456 -4.175 
1703399194.948 7.430 -4.276 
1703399195.048 7.403 -4.374 
1703399195.148 7.395 -4.453 
1703399195.248 7.392 -4.523 
1703399195.349 7.380 -4.602 
1703399195.448 7.344 -4.689 
1703399195.549 7.312 -4.770 
1703399195.649 7.281 -4.843 
1703399195.748 7.247 -4.913 
1703399195.849 7.206 -4.981 
1703399195.950 7.164 -5.043 
1703399196.050 7.128 -5.102 
1703399196.149 7.066 -5.173 
1703399196.250 7.071 -5.229 
1703399196.350 7.041 -5.283 
1703399196.450 6.996 -5.332 
1703399196.551 6.960 -5.376 
1703399196.650 6.916 -5.412 
1703399196.750 6.859 -5.432 
1703399200.468 6.795 -5.251 
1703399200.469 6.795 -5.250 
1703399200.571 6.837 -5.310 
1703399200.670 6.890 -5.390 
1703399200.770 6.946 -5.488 
1703399200.871 7.022 -5.583 
1703399200.970 7.110 -5.669 
1703399201.071 7.193 -5.752 
1703399201.171 7.268 -5.837 
1703399201.272 7.344 -5.918 
1703399201.377 7.420 -5.997 
1703399201.474 7.495 -6.081 
1703399201.572 7.570 -6.168 
1703399201.672 7.644 -6.263 
1703399201.772 7.720 -6.356 
1703399201.872 7.795 -6.446 
1703399201.972 7.867 -6.533 
1703399202.073 7.937 -6.623 
1703399202.173 8.001 -6.720 
1703399202.276 8.058 -6.849 
1703399202.372 8.116 -6.914 
1703399202.472 8.154 -7.005 
1703399203.475 8.179 -7.061 
1703399203.576 8.144 -7.068 
1703399203.677 8.074 -7.103 
1703399203.776 7.996 -7.124 
1703399203.876 7.969 -7.123 
1703399203.977 7.955 -7.130 
1703399204.077 7.896 -7.157 
1703399204.176 7.791 -7.203 
1703399204.276 7.679 -7.238 
1703399204.377 7.583 -7.254 
1703399204.477 7.530 -7.261 
1703399204.577 7.521 -7.269 
1703399204.677 7.530 -7.271 
1703399204.777 7.475 -7.260 
1703399204.878 7.362 -7.235 
1703399204.977 7.233 -7.224 
1703399205.078 7.123 -7.207 
1703399205.178 7.062 -7.223 
1703399205.278 6.984 -7.228 
1703399205.378 6.896 -7.214 
1703399205.479 6.841 -7.219 
1703399205.578 6.773 -7.204 
1703399205.679 6.711 -7.196 
1703399205.778 6.613 -7.171 
1703399205.878 6.507 -7.143 
1703399205.979 6.435 -7.125 
1703399206.080 6.385 -7.124 
1703399206.179 6.324 -7.102 
1703399206.280 6.242 -7.071 
1703399206.380 6.130 -7.033 
1703399206.480 6.019 -6.984 
1703399206.580 5.927 -6.962 
1703399206.680 5.863 -6.955 
1703399206.780 5.789 -6.937 
1703399206.880 5.706 -6.911 
1703399206.980 5.584 -6.907 
1703399207.081 5.463 -6.893 
1703399207.181 5.341 -6.882 
1703399207.281 5.248 -6.874 
1703399207.381 5.175 -6.881 
1703399207.480 5.093 -6.891 
1703399207.584 5.000 -6.901 
1703399207.681 4.924 -6.914 
1703399207.781 4.844 -6.931 
1703399207.882 4.769 -6.946 
1703399207.982 4.696 -6.958 
1703399208.081 4.591 -6.987 
1703399208.182 4.481 -7.011 
1703399208.283 4.379 -7.028 
1703399208.382 4.268 -7.057 
1703399208.483 4.172 -7.052 
1703399208.582 4.073 -7.054 
1703399208.682 3.985 -7.088 
1703399208.783 3.894 -7.155 
1703399208.883 3.802 -7.227 
1703399208.983 3.712 -7.296 
1703399209.083 3.626 -7.366 
1703399209.184 3.528 -7.431 
1703399209.284 3.436 -7.487 
1703399209.384 3.380 -7.531 
1703399209.483 3.353 -7.555 
1703399209.584 3.320 -7.570 
1703399209.684 3.263 -7.593 
1703399209.784 3.163 -7.611 
1703399209.884 3.074 -7.628 
1703399209.985 3.017 -7.645 
1703399210.084 2.976 -7.655 
1703399210.184 2.897 -7.690 
1703399210.285 2.777 -7.716 
1703399210.385 2.672 -7.742 
1703399210.485 2.587 -7.757 
1703399210.587 2.481 -7.788 
1703399210.687 2.372 -7.832 
1703399210.786 2.266 -7.867 
1703399210.887 2.158 -7.918 
1703399210.987 2.058 -7.995 
1703399211.088 1.993 -8.039 
1703399213.401 2.227 -7.979 
1703399213.402 2.227 -7.979 
1703399213.502 2.261 -7.976 
1703399213.603 2.350 -8.054 
1703399213.703 2.451 -8.133 
1703399213.803 2.526 -8.189 
1703399213.903 2.590 -8.229 
1703399214.003 2.663 -8.263 
1703399214.103 2.754 -8.310 
1703399214.203 2.865 -8.352 
1703399214.303 2.982 -8.390 
1703399214.402 3.097 -8.426 
1703399214.503 3.218 -8.454 
1703399214.604 3.336 -8.487 
1703399214.704 3.455 -8.525 
1703399214.804 3.526 -8.563 
1703399214.904 3.590 -8.582 
1703399215.004 3.649 -8.581 
1703399215.105 3.709 -8.572 
1703399215.205 3.768 -8.557 
1703399215.305 3.824 -8.539 
1703399215.404 3.879 -8.522 
1703399215.504 3.944 -8.511 
1703399215.605 4.018 -8.499 
1703399215.705 4.095 -8.477 
1703399215.805 4.178 -8.453 
1703399215.905 4.266 -8.437 
1703399216.005 4.360 -8.417 
1703399216.106 4.472 -8.399 
1703399216.205 4.578 -8.374 
1703399216.305 4.683 -8.349 
1703399216.406 4.790 -8.341 
1703399216.506 4.897 -8.344 
1703399216.605 5.002 -8.347 
1703399216.706 5.102 -8.350 
1703399216.806 5.191 -8.336 
1703399216.906 5.235 -8.348 
1703399217.006 5.293 -8.338 
1703399217.107 5.370 -8.320 
1703399217.207 5.451 -8.307 
1703399217.307 5.527 -8.292 
1703399217.407 5.595 -8.264 
1703399217.507 5.658 -8.230 
1703399217.608 5.726 -8.205 
1703399217.707 5.796 -8.191 
1703399217.808 5.868 -8.176 
1703399217.907 5.972 -8.152 
1703399218.009 6.082 -8.113 
1703399218.109 6.145 -8.098 
1703399218.208 6.193 -8.088 
1703399218.309 6.270 -8.068 
1703399218.408 6.357 -8.050 
1703399218.509 6.434 -8.025 
1703399223.319 6.562 -7.574 
1703399223.419 6.535 -7.570 
1703399223.520 6.439 -7.634 
1703399223.619 6.329 -7.687 
1703399223.720 6.232 -7.731 
1703399223.820 6.126 -7.796 
1703399223.920 6.014 -7.848 
1703399224.020 5.911 -7.901 
1703399224.120 5.808 -7.960 
1703399224.221 5.706 -8.016 
1703399224.321 5.599 -8.052 
1703399224.421 5.488 -8.094 
1703399224.521 5.415 -8.128 
1703399224.622 5.350 -8.147 
1703399224.721 5.284 -8.161 
1703399224.822 5.224 -8.178 
1703399224.922 5.166 -8.197 
1703399225.022 5.099 -8.214 
1703399225.122 5.009 -8.224 
1703399225.224 4.923 -8.227 
1703399225.333 4.846 -8.221 
1703399225.426 4.781 -8.223 
1703399225.525 4.723 -8.231 
1703399225.624 4.652 -8.249 
1703399225.724 4.548 -8.254 
1703399225.824 4.441 -8.250 
1703399225.924 4.348 -8.236 
1703399226.024 4.322 -8.234 
1703399226.124 4.310 -8.226 
1703399226.224 4.287 -8.211 
1703399226.325 4.282 -8.207 
1703399226.425 4.259 -8.184 
1703399226.525 4.228 -8.142 
1703399226.625 4.224 -8.123 
1703399226.725 4.243 -8.099 
1703399226.826 4.266 -8.079 
1703399226.926 4.256 -8.053 
1703399227.026 4.182 -8.004 
1703399227.126 4.066 -7.935 
1703399227.226 3.996 -7.891 
1703399227.329 3.947 -7.866 
1703399227.428 3.905 -7.816 
1703399227.529 3.823 -7.739 
1703399227.629 3.741 -7.659 
1703399227.729 3.660 -7.589 
1703399227.830 3.579 -7.521 
1703399227.930 3.493 -7.452 
1703399228.029 3.404 -7.382 
1703399228.130 3.314 -7.310 
1703399228.230 3.224 -7.236 
1703399228.330 3.132 -7.161 
1703399228.430 3.037 -7.088 
1703399228.530 2.940 -7.015 
1703399228.631 2.847 -6.942 
1703399228.731 2.758 -6.870 
1703399228.830 2.666 -6.798 
1703399228.931 2.572 -6.717 
1703399229.030 2.482 -6.638 
1703399229.131 2.398 -6.566 
1703399229.231 2.315 -6.497 
1703399229.330 2.237 -6.419 
1703399229.431 2.160 -6.331 
1703399229.531 2.084 -6.243 
1703399229.631 2.015 -6.170 
1703399229.731 1.946 -6.094 
1703399229.832 1.874 -6.005 
1703399229.935 1.798 -5.915 
1703399230.034 1.728 -5.833 
1703399230.135 1.658 -5.750 
1703399230.235 1.588 -5.657 
1703399230.334 1.517 -5.561 
1703399230.435 1.445 -5.468 
1703399230.536 1.374 -5.374 
1703399230.635 1.306 -5.280 
1703399230.735 1.239 -5.186 
1703399230.835 1.169 -5.092 
1703399230.935 1.097 -4.998 
1703399231.036 1.029 -4.902 
1703399231.136 0.961 -4.805 
1703399231.235 0.885 -4.715 
1703399231.336 0.818 -4.624 
1703399231.436 0.747 -4.534 
1703399231.537 0.669 -4.446 
1703399231.642 0.584 -4.361 
1703399231.742 0.500 -4.280 
1703399231.842 0.425 -4.196 
1703399231.941 0.339 -4.114 
1703399232.043 0.245 -4.033 
1703399232.142 0.156 -3.954 
1703399232.242 0.051 -3.881 
1703399232.342 -0.078 -3.824 
1703399232.443 -0.185 -3.773 
1703399232.543 -0.296 -3.739 
1703399232.643 -0.413 -3.724 
1703399232.743 -0.530 -3.723 
1703399232.843 -0.644 -3.724 
1703399232.942 -0.762 -3.740 
1703399233.043 -0.880 -3.772 
1703399233.143 -0.998 -3.805 
1703399233.244 -1.117 -3.836 
1703399233.343 -1.240 -3.870 
1703399233.443 -1.362 -3.905 
1703399233.543 -1.483 -3.940 
1703399233.644 -1.598 -3.978 
1703399233.743 -1.682 -4.013 
1703399233.844 -1.741 -4.037 
1703399233.944 -1.827 -4.076 
1703399234.044 -1.926 -4.119 
1703399234.144 -1.996 -4.139 
1703399234.244 -2.062 -4.162 
1703399234.346 -2.140 -4.226 
1703399234.446 -2.211 -4.270 
1703399234.545 -2.275 -4.305 
1703399234.645 -2.347 -4.366 
1703399234.746 -2.408 -4.421 
1703399234.846 -2.459 -4.455 
1703399234.946 -2.506 -4.505 
1703399235.045 -2.552 -4.575 
1703399235.146 -2.595 -4.662 
1703399235.246 -2.639 -4.748 
1703399235.345 -2.683 -4.833 
1703399235.446 -2.726 -4.925 
1703399235.546 -2.768 -5.025 
1703399235.647 -2.812 -5.122 
1703399235.747 -2.856 -5.222 
1703399235.847 -2.902 -5.324 
1703399235.947 -2.956 -5.422 
1703399236.047 -3.013 -5.525 
1703399236.147 -3.075 -5.626 
1703399236.248 -3.144 -5.724 
1703399236.348 -3.211 -5.815 
1703399236.448 -3.284 -5.907 
1703399236.547 -3.356 -5.995 
1703399236.649 -3.431 -6.083 
1703399236.748 -3.499 -6.168 
1703399236.848 -3.572 -6.253 
1703399236.948 -3.639 -6.331 
1703399237.049 -3.691 -6.393 
1703399237.149 -3.748 -6.448 
1703399237.249 -3.829 -6.508 
1703399240.355 -3.777 -6.180 
1703399240.858 -3.592 -6.162 
1703399240.859 -3.592 -6.162 
1703399240.960 -3.524 -6.108 
1703399241.060 -3.403 -6.049 
1703399241.160 -3.288 -5.992 
1703399241.260 -3.188 -5.950 
1703399241.360 -3.079 -5.909 
1703399241.460 -2.972 -5.873 
1703399241.561 -2.858 -5.794 
1703399241.661 -2.755 -5.682 
1703399241.761 -2.663 -5.583 
1703399241.861 -2.601 -5.516 
1703399241.961 -2.578 -5.489 
1703399242.061 -2.591 -5.552 
1703399242.161 -2.612 -5.571 
1703399242.262 -2.636 -5.454 
1703399242.361 -2.670 -5.331 
1703399242.463 -2.686 -5.209 
1703399242.563 -2.724 -5.163 
1703399242.663 -2.729 -5.108 
1703399242.763 -2.691 -5.029 
1703399242.864 -2.644 -4.965 
1703399242.964 -2.599 -4.869 
1703399243.064 -2.517 -4.756 
1703399243.165 -2.427 -4.639 
1703399243.264 -2.374 -4.568 
1703399247.477 -2.631 -4.261 
1703399247.577 -2.655 -4.317 
1703399247.677 -2.689 -4.408 
1703399247.777 -2.737 -4.495 
1703399247.877 -2.770 -4.611 
1703399247.978 -2.793 -4.724 
1703399248.077 -2.803 -4.836 
1703399248.179 -2.811 -4.957 
1703399248.278 -2.818 -5.074 
1703399248.379 -2.828 -5.186 
1703399248.479 -2.839 -5.297 
1703399248.585 -2.850 -5.396 
1703399248.680 -2.866 -5.491 
1703399248.779 -2.872 -5.612 
1703399248.880 -2.884 -5.710 
1703399248.980 -2.902 -5.774 
1703399249.080 -2.941 -5.842 
1703399249.181 -2.996 -5.919 
1703399249.280 -3.055 -6.001 
1703399249.380 -3.098 -6.071 
1703399249.480 -3.147 -6.147 
1703399249.581 -3.216 -6.230 
1703399249.681 -3.293 -6.317 
1703399249.782 -3.363 -6.411 
1703399249.881 -3.435 -6.503 
1703399249.982 -3.518 -6.592 
1703399250.082 -3.598 -6.677 
1703399250.182 -3.664 -6.760 
1703399250.282 -3.737 -6.837 
1703399250.382 -3.828 -6.914 
1703399250.482 -3.916 -6.992 
1703399250.582 -3.996 -7.071 
1703399250.682 -4.070 -7.149 
1703399250.783 -4.150 -7.221 
1703399250.882 -4.231 -7.288 
1703399250.983 -4.311 -7.350 
1703399251.083 -4.393 -7.414 
1703399251.184 -4.478 -7.482 
1703399251.284 -4.570 -7.545 
1703399251.384 -4.656 -7.606 
1703399251.484 -4.738 -7.666 
1703399251.584 -4.821 -7.724 
1703399251.685 -4.911 -7.786 
1703399251.785 -4.998 -7.841 
1703399251.885 -5.082 -7.891 
1703399251.985 -5.168 -7.941 
1703399252.085 -5.253 -7.995 
1703399252.185 -5.353 -8.053 
1703399252.285 -5.459 -8.111 
1703399252.386 -5.560 -8.159 
1703399252.485 -5.668 -8.210 
1703399252.585 -5.774 -8.268 
1703399252.685 -5.884 -8.312 
1703399252.786 -6.003 -8.332 
1703399252.886 -6.125 -8.346 
1703399252.986 -6.236 -8.363 
1703399253.086 -6.339 -8.377 
1703399253.186 -6.423 -8.383 
1703399253.286 -6.507 -8.379 
1703399253.387 -6.578 -8.370 
1703399253.490 -6.632 -8.355 
1703399253.588 -6.668 -8.340 
1703399253.687 -6.704 -8.319 
1703399253.787 -6.751 -8.293 
1703399253.887 -6.813 -8.256 
1703399253.987 -6.928 -8.233 
1703399254.087 -7.013 -8.208 
1703399254.187 -7.091 -8.184 
1703399254.287 -7.166 -8.159 
1703399254.388 -7.243 -8.138 
1703399254.487 -7.317 -8.121 
1703399254.589 -7.389 -8.102 
1703399254.688 -7.449 -8.094 
1703399254.788 -7.525 -8.062 
1703399254.888 -7.590 -8.045 
1703399254.988 -7.653 -8.019 
1703399255.089 -7.698 -7.990 
1703399255.188 -7.724 -7.952 
1703399257.093 -7.653 -7.930 
1703399257.193 -7.708 -7.958 
1703399257.294 -7.772 -7.983 
1703399257.393 -7.684 -7.998 
1703399257.494 -7.558 -8.010 
1703399257.594 -7.440 -8.007 
1703399257.694 -7.356 -8.000 
1703399257.795 -7.278 -7.981 
1703399257.894 -7.214 -7.959 
1703399257.995 -7.128 -7.925 
1703399258.094 -7.058 -7.903 
1703399258.194 -6.982 -7.870 
1703399258.295 -6.893 -7.818 
1703399258.395 -6.819 -7.801 
1703399258.495 -6.754 -7.788 
1703399258.595 -6.690 -7.752 
1703399258.695 -6.599 -7.706 
1703399258.796 -6.486 -7.657 
1703399258.895 -6.377 -7.604 
1703399258.995 -6.275 -7.551 
1703399259.096 -6.179 -7.496 
1703399259.196 -6.078 -7.446 
1703399259.296 -5.971 -7.399 
1703399259.396 -5.860 -7.353 
1703399259.496 -5.751 -7.302 
1703399259.597 -5.642 -7.254 
1703399259.697 -5.532 -7.211 
1703399259.797 -5.417 -7.172 
1703399259.897 -5.303 -7.127 
1703399259.997 -5.191 -7.074 
1703399260.098 -5.073 -7.024 
1703399260.197 -4.954 -6.983 
1703399260.298 -4.849 -6.935 
1703399260.397 -4.759 -6.866 
1703399260.498 -4.667 -6.782 
1703399260.597 -4.571 -6.701 
1703399260.698 -4.470 -6.614 
1703399260.799 -4.372 -6.523 
1703399260.899 -4.289 -6.430 
1703399260.999 -4.225 -6.329 
1703399261.100 -4.167 -6.225 
1703399261.199 -4.118 -6.119 
1703399261.299 -4.078 -6.005 
1703399261.399 -4.051 -5.889 
1703399261.500 -4.033 -5.769 
1703399261.600 -4.025 -5.654 
1703399261.700 -4.025 -5.536 
1703399261.801 -4.035 -5.420 
1703399261.900 -4.054 -5.305 
1703399262.000 -4.081 -5.191 
1703399262.100 -4.118 -5.085 
1703399262.201 -4.159 -4.976 
1703399262.300 -4.216 -4.871 
1703399262.400 -4.284 -4.768 
1703399262.501 -4.338 -4.667 
1703399262.601 -4.405 -4.563 
1703399262.701 -4.487 -4.470 
1703399262.800 -4.576 -4.392 
1703399262.901 -4.673 -4.311 
1703399263.001 -4.773 -4.228 
1703399263.102 -4.878 -4.161 
1703399263.202 -4.988 -4.116 
1703399263.302 -5.100 -4.064 
1703399263.402 -5.212 -4.017 
1703399263.503 -5.318 -3.972 
1703399263.603 -5.428 -3.947 
1703399263.702 -5.544 -3.922 
1703399263.803 -5.658 -3.890 
1703399263.903 -5.761 -3.847 
1703399264.003 -5.876 -3.798 
1703399264.103 -5.991 -3.750 
1703399264.204 -6.093 -3.689 
1703399264.303 -6.177 -3.627 
1703399264.403 -6.264 -3.553 
1703399264.503 -6.343 -3.451 
1703399264.606 -6.428 -3.365 
1703399264.705 -6.518 -3.288 
1703399264.805 -6.595 -3.197 
1703399264.904 -6.656 -3.102 
1703399265.005 -6.712 -3.007 
1703399265.105 -6.759 -2.903 
1703399265.204 -6.802 -2.803 
1703399265.305 -6.843 -2.724 
1703399265.404 -6.877 -2.662 
1703399265.504 -6.904 -2.607 
1703399265.605 -6.932 -2.521 
1703399265.705 -6.960 -2.396 
1703399265.805 -7.006 -2.325 
1703399265.905 -7.034 -2.251 
1703399266.005 -7.055 -2.178 
1703399266.106 -7.057 -2.093 
1703399266.205 -7.026 -2.008 
1703399266.306 -6.976 -1.929 
1703399270.414 -6.950 -2.101 
1703399270.415 -6.951 -2.101 
1703399270.515 -7.033 -2.111 
1703399270.615 -7.154 -2.119 
1703399270.717 -7.280 -2.127 
1703399270.815 -7.393 -2.139 
1703399270.916 -7.515 -2.149 
1703399271.016 -7.633 -2.163 
1703399271.116 -7.744 -2.175 
1703399271.217 -7.858 -2.188 
1703399271.317 -7.976 -2.211 
1703399271.419 -8.092 -2.232 
1703399271.519 -8.205 -2.253 
1703399271.620 -8.315 -2.270 
1703399271.720 -8.426 -2.303 
1703399271.820 -8.533 -2.356 
1703399271.920 -8.634 -2.414 
1703399272.020 -8.742 -2.496 
1703399272.120 -8.835 -2.509 
1703399272.220 -8.877 -2.494 
1703399272.321 -8.907 -2.484 
1703399272.420 -8.926 -2.513 
1703399272.521 -8.917 -2.595 
1703399272.621 -8.901 -2.657 
1703399272.721 -8.884 -2.683 
1703399272.821 -8.848 -2.707 
1703399272.921 -8.798 -2.736 
1703399273.021 -8.728 -2.747 
1703399274.824 -8.555 -2.851 
1703399274.927 -8.575 -2.881 
1703399275.025 -8.571 -2.859 
1703399275.125 -8.542 -2.818 
1703399275.226 -8.491 -2.764 
1703399275.326 -8.396 -2.708 
1703399275.426 -8.271 -2.652 
1703399275.527 -8.176 -2.619 
1703399275.626 -8.113 -2.581 
1703399275.726 -8.043 -2.540 
1703399275.826 -7.970 -2.499 
1703399275.926 -7.909 -2.456 
1703399276.027 -7.839 -2.409 
1703399276.126 -7.760 -2.362 
1703399276.228 -7.671 -2.315 
1703399276.329 -7.592 -2.272 
1703399276.429 -7.506 -2.231 
1703399276.529 -7.415 -2.189 
1703399276.628 -7.324 -2.149 
1703399276.729 -7.232 -2.103 
1703399276.829 -7.144 -2.063 
1703399276.929 -7.051 -2.026 
1703399277.029 -6.958 -1.992 
1703399277.131 -6.862 -1.959 
1703399277.231 -6.768 -1.923 
1703399277.335 -6.684 -1.882 
1703399277.432 -6.598 -1.855 
1703399277.531 -6.515 -1.832 
1703399277.631 -6.439 -1.810 
1703399277.731 -6.347 -1.798 
1703399277.831 -6.249 -1.794 
1703399277.931 -6.158 -1.794 
1703399278.032 -6.075 -1.787 
1703399278.132 -6.006 -1.778 
1703399278.232 -5.936 -1.771 
1703399278.332 -5.845 -1.774 
1703399278.433 -5.756 -1.774 
1703399278.532 -5.675 -1.774 
1703399278.637 -5.596 -1.775 
1703399278.733 -5.524 -1.771 
1703399278.833 -5.442 -1.767 
1703399278.932 -5.361 -1.763 
1703399279.032 -5.288 -1.763 
1703399279.133 -5.209 -1.758 
1703399279.233 -5.135 -1.758 
1703399279.333 -5.061 -1.756 
1703399279.453 -4.987 -1.752 
1703399279.541 -4.911 -1.749 
1703399279.637 -4.824 -1.752 
1703399279.736 -4.745 -1.751 
1703399279.835 -4.673 -1.756 
1703399279.935 -4.597 -1.765 
1703399280.035 -4.513 -1.770 
1703399280.135 -4.431 -1.774 
1703399280.236 -4.349 -1.781 
1703399280.336 -4.266 -1.789 
1703399280.435 -4.180 -1.795 
1703399280.535 -4.095 -1.803 
1703399280.638 -4.010 -1.815 
1703399280.736 -3.926 -1.829 
1703399280.836 -3.833 -1.842 
1703399280.936 -3.739 -1.855 
1703399281.036 -3.645 -1.868 
1703399281.136 -3.550 -1.878 
1703399281.237 -3.452 -1.883 
1703399281.336 -3.346 -1.887 
1703399281.436 -3.239 -1.895 
1703399281.536 -3.134 -1.901 
1703399281.637 -3.034 -1.905 
1703399281.736 -2.932 -1.903 
1703399281.837 -2.824 -1.900 
1703399281.937 -2.720 -1.898 
1703399282.037 -2.613 -1.891 
1703399282.139 -2.505 -1.882 
1703399282.238 -2.403 -1.868 
1703399282.337 -2.295 -1.847 
1703399282.438 -2.188 -1.820 
1703399282.538 -2.090 -1.785 
1703399282.637 -1.983 -1.750 
1703399282.738 -1.876 -1.714 
1703399282.839 -1.775 -1.684 
1703399282.938 -1.680 -1.646 
1703399283.039 -1.588 -1.603 
1703399283.139 -1.501 -1.541 
1703399283.238 -1.415 -1.460 
1703399283.339 -1.335 -1.407 
1703399283.439 -1.264 -1.348 
1703399283.543 -1.188 -1.275 
1703399283.640 -1.115 -1.198 
1703399283.740 -1.052 -1.126 
1703399283.840 -0.994 -1.051 
1703399283.939 -0.935 -0.973 
1703399284.039 -0.877 -0.901 
1703399284.140 -0.828 -0.821 
1703399284.241 -0.779 -0.739 
1703399284.340 -0.732 -0.656 
1703399284.440 -0.690 -0.572 
1703399284.541 -0.656 -0.473 
1703399284.641 -0.618 -0.392 
1703399284.740 -0.571 -0.333 
1703399284.841 -0.524 -0.266 
1703399284.941 -0.497 -0.172 
1703399285.041 -0.489 -0.068 
1703399285.142 -0.476 0.028 
1703399285.243 -0.469 0.126 
1703399285.344 -0.464 0.224 
1703399285.443 -0.466 0.322 
1703399285.542 -0.494 0.431 
1703399285.643 -0.541 0.540 
1703399285.744 -0.579 0.645 
1703399285.844 -0.618 0.762 
1703399285.946 -0.665 0.872 
1703399286.045 -0.725 0.975 
1703399286.145 -0.791 1.076 
1703399286.248 -0.866 1.171 
1703399286.349 -0.950 1.258 
1703399286.448 -1.023 1.344 
1703399286.549 -1.099 1.434 
1703399286.648 -1.184 1.517 
1703399286.749 -1.270 1.600 
1703399286.849 -1.351 1.684 
1703399286.948 -1.433 1.768 
1703399287.049 -1.519 1.852 
1703399287.149 -1.608 1.934 
1703399287.248 -1.692 2.020 
1703399287.349 -1.782 2.108 
1703399287.451 -1.870 2.189 
1703399287.551 -1.959 2.269 
1703399287.651 -2.046 2.353 
1703399287.766 -2.144 2.443 
1703399287.853 -2.220 2.512 
1703399287.952 -2.307 2.598 
1703399288.053 -2.401 2.686 
1703399288.152 -2.488 2.771 
1703399288.253 -2.574 2.850 
1703399288.352 -2.659 2.933 
1703399288.453 -2.748 3.016 
1703399288.553 -2.837 3.099 
1703399288.652 -2.928 3.179 
1703399288.752 -3.019 3.261 
1703399288.853 -3.111 3.347 
1703399288.953 -3.201 3.431 
1703399289.054 -3.288 3.512 
1703399289.154 -3.378 3.593 
1703399289.254 -3.468 3.673 
1703399289.353 -3.559 3.750 
1703399289.454 -3.652 3.830 
1703399289.554 -3.744 3.907 
1703399289.655 -3.837 3.985 
1703399289.754 -3.928 4.061 
1703399289.854 -4.019 4.135 
1703399289.954 -4.111 4.210 
1703399290.055 -4.204 4.283 
1703399290.154 -4.297 4.355 
1703399290.255 -4.395 4.430 
1703399290.355 -4.467 4.476 
1703399290.455 -4.552 4.529 
1703399290.556 -4.646 4.593 
1703399290.655 -4.718 4.653 
1703399290.755 -4.762 4.703 
1703399290.856 -4.823 4.752 
1703399290.956 -4.907 4.791 
1703399291.056 -4.988 4.818 
1703399291.157 -5.084 4.825 
1703399291.257 -5.141 4.815 
1703399291.358 -5.202 4.815 
1703399291.458 -5.270 4.815 
1703399291.558 -5.368 4.844 
1703399291.658 -5.454 4.879 
1703399291.758 -5.504 4.898 
1703399291.858 -5.544 4.919 
1703399291.958 -5.597 4.952 
1703399292.057 -5.671 5.013 
1703399292.159 -5.746 5.080 
1703399292.258 -5.844 5.152 
1703399292.362 -5.953 5.218 
1703399292.459 -6.046 5.278 
1703399292.558 -6.134 5.342 
1703399292.659 -6.241 5.415 
1703399292.759 -6.352 5.489 
1703399292.859 -6.458 5.546 
1703399292.959 -6.583 5.573 
1703399293.060 -6.712 5.553 
1703399293.159 -6.830 5.522 
1703399293.261 -6.946 5.462 
1703399293.361 -7.044 5.362 
1703399293.460 -7.087 5.261 
1703399293.561 -7.115 5.166 
1703399293.661 -7.179 5.084 
1703399293.762 -7.257 4.974 
1703399293.862 -7.324 4.868 
1703399293.961 -7.388 4.776 
1703399294.062 -7.456 4.680 
1703399294.162 -7.528 4.581 
1703399294.262 -7.594 4.482 
1703399294.362 -7.656 4.388 
1703399294.462 -7.716 4.297 
1703399294.562 -7.771 4.187 
1703399294.662 -7.817 4.080 
1703399294.762 -7.861 3.971 
1703399294.862 -7.917 3.859 
1703399294.963 -7.958 3.728 
1703399295.063 -8.011 3.644 
1703399295.163 -8.038 3.541 
1703399295.264 -8.023 3.417 
1703399295.363 -7.993 3.301 
1703399295.464 -7.946 3.177 
1703399295.563 -7.890 3.067 
1703399295.664 -7.841 2.968 
1703399295.765 -7.800 2.878 
1703399295.864 -7.726 2.781 
1703399295.964 -7.644 2.690 
1703399296.064 -7.557 2.607 
1703399296.165 -7.487 2.538 
1703399296.264 -7.424 2.485 
1703399296.365 -7.358 2.432 
1703399296.465 -7.292 2.378 
1703399296.565 -7.205 2.315 
1703399296.665 -7.140 2.240 
1703399296.765 -7.091 2.172 
1703399296.866 -7.038 2.110 
1703399296.965 -6.986 2.042 
1703399300.176 -6.829 1.834 
1703399300.176 -6.829 1.834 
1703399300.276 -6.777 1.899 
1703399300.376 -6.692 1.992 
1703399300.477 -6.606 2.096 
1703399300.576 -6.525 2.180 
1703399300.677 -6.438 2.258 
1703399300.778 -6.351 2.343 
1703399300.877 -6.263 2.433 
1703399300.977 -6.177 2.515 
1703399301.078 -6.092 2.598 
1703399301.177 -6.005 2.685 
1703399301.277 -5.920 2.769 
1703399301.378 -5.833 2.854 
1703399301.478 -5.746 2.938 
1703399301.578 -5.660 3.022 
1703399301.678 -5.573 3.106 
1703399301.778 -5.487 3.190 
1703399301.879 -5.400 3.273 
1703399301.978 -5.313 3.358 
1703399302.078 -5.227 3.442 
1703399302.179 -5.140 3.526 
1703399302.283 -5.053 3.612 
1703399302.382 -4.966 3.697 
1703399302.482 -4.879 3.781 
1703399302.583 -4.793 3.866 
1703399302.684 -4.705 3.951 
1703399302.784 -4.619 4.034 
1703399302.883 -4.532 4.118 
1703399302.984 -4.445 4.201 
1703399303.084 -4.360 4.284 
1703399303.184 -4.273 4.368 
1703399303.283 -4.187 4.454 
1703399303.384 -4.103 4.540 
1703399303.485 -4.019 4.621 
1703399303.584 -3.935 4.702 
1703399303.684 -3.849 4.784 
1703399303.784 -3.766 4.863 
1703399303.884 -3.681 4.945 
1703399303.984 -3.598 5.027 
1703399304.085 -3.515 5.109 
1703399304.185 -3.431 5.190 
1703399304.286 -3.347 5.275 
1703399304.386 -3.267 5.370 
1703399304.485 -3.184 5.466 
1703399304.586 -3.105 5.549 
1703399304.686 -3.021 5.638 
1703399304.786 -2.939 5.716 
1703399304.885 -2.856 5.801 
1703399304.986 -2.787 5.899 
1703399305.086 -2.720 6.011 
1703399305.185 -2.633 6.146 
1703399305.287 -2.557 6.296 
1703399305.387 -2.504 6.397 
1703399305.487 -2.470 6.471 
1703399305.586 -2.459 6.546 
1703399305.686 -2.474 6.565 
1703399305.787 -2.442 6.621 
1703399305.887 -2.411 6.687 
1703399305.986 -2.395 6.728 
1703399306.087 -2.387 6.774 
1703399306.187 -2.372 6.833 
1703399306.287 -2.353 6.903 
1703399306.387 -2.340 6.982 
1703399306.488 -2.328 7.069 
1703399306.588 -2.315 7.144 
1703399306.688 -2.308 7.223 
1703399306.788 -2.299 7.313 
1703399306.889 -2.271 7.400 
1703399306.988 -2.239 7.477 
1703399307.099 -2.209 7.558 
1703399307.192 -2.196 7.658 
1703399307.290 -2.190 7.745 
1703399307.389 -2.185 7.805 
1703399307.489 -2.176 7.844 
1703399308.392 -2.238 7.810 
1703399308.493 -2.273 7.817 
1703399308.592 -2.338 7.843 
1703399308.693 -2.454 7.871 
1703399308.793 -2.594 7.885 
1703399308.893 -2.692 7.909 
1703399308.992 -2.772 7.922 
1703399309.093 -2.853 7.948 
1703399309.193 -2.914 7.980 
1703399309.293 -2.968 8.013 
1703399309.394 -3.049 8.053 
1703399309.494 -3.130 8.084 
1703399309.594 -3.198 8.119 
1703399309.694 -3.266 8.156 
1703399309.795 -3.334 8.190 
1703399309.894 -3.428 8.233 
1703399309.994 -3.519 8.279 
1703399310.094 -3.603 8.310 
1703399310.194 -3.671 8.330 
1703399310.295 -3.735 8.336 
1703399310.397 -3.788 8.326 
1703399310.496 -3.853 8.294 
1703399310.595 -3.906 8.254 
1703399310.695 -3.930 8.217 
1703399310.796 -3.926 8.187 
1703399310.895 -3.892 8.179 
1703399310.996 -3.868 8.164 
1703399311.096 -3.844 8.126 
1703399311.196 -3.829 8.101 
1703399311.299 -3.825 8.049 
1703399311.396 -3.837 7.993 
1703399311.496 -3.861 7.922 
1703399311.597 -3.876 7.868 
1703399311.696 -3.893 7.819 
1703399311.797 -3.899 7.755 
1703399311.898 -3.899 7.673 
1703399311.997 -3.903 7.580 
1703399312.098 -3.901 7.466 
1703399312.198 -3.902 7.347 
1703399312.298 -3.905 7.224 
1703399312.397 -3.903 7.108 
1703399312.498 -3.905 6.993 
1703399312.598 -3.908 6.877 
1703399312.699 -3.919 6.762 
1703399312.799 -3.932 6.649 
1703399312.899 -3.939 6.540 
1703399313.000 -3.952 6.430 
1703399313.100 -3.990 6.328 
1703399313.200 -4.036 6.227 
1703399313.300 -4.072 6.114 
1703399313.401 -4.117 6.003 
1703399313.501 -4.168 5.903 
1703399313.601 -4.225 5.817 
1703399313.701 -4.290 5.725 
1703399313.802 -4.361 5.638 
1703399313.901 -4.433 5.560 
1703399314.002 -4.516 5.485 
1703399314.102 -4.605 5.406 
1703399314.201 -4.686 5.333 
1703399314.302 -4.768 5.277 
1703399314.402 -4.856 5.230 
1703399314.503 -4.975 5.198 
1703399314.602 -5.087 5.162 
1703399314.703 -5.196 5.121 
1703399314.803 -5.328 5.094 
1703399314.904 -5.460 5.083 
1703399315.003 -5.576 5.081 
1703399315.104 -5.690 5.085 
1703399315.203 -5.817 5.103 
1703399315.304 -5.941 5.123 
1703399315.403 -6.064 5.157 
1703399315.504 -6.179 5.208 
1703399315.604 -6.282 5.258 
1703399315.704 -6.369 5.282 
1703399315.813 -6.438 5.297 
1703399315.909 -6.493 5.324 
1703399316.007 -6.540 5.388 
1703399316.107 -6.581 5.448 
1703399316.206 -6.623 5.507 
1703399316.305 -6.664 5.574 
1703399316.406 -6.719 5.625 
1703399316.506 -6.779 5.700 
1703399316.606 -6.841 5.778 
1703399316.706 -6.891 5.853 
1703399316.806 -6.928 5.929 
1703399316.906 -6.947 6.028 
1703399317.006 -6.960 6.119 
1703399317.107 -6.966 6.211 
1703399317.207 -6.976 6.300 
1703399317.307 -6.987 6.395 
1703399317.407 -6.994 6.492 
1703399317.508 -7.002 6.585 
1703399317.607 -7.009 6.669 
1703399317.707 -7.015 6.749 
1703399317.807 -7.022 6.824 
1703399317.907 -7.030 6.902 
1703399318.007 -7.057 7.018 
1703399318.108 -7.113 7.172 
1703399318.207 -7.155 7.323 
1703399318.308 -7.190 7.459 
1703399318.409 -7.228 7.585 
1703399318.508 -7.284 7.711 
1703399318.608 -7.352 7.837 
1703399318.709 -7.439 7.941 
1703399318.809 -7.575 8.005 
1703399318.909 -7.702 8.032 
1703399319.008 -7.757 8.020 
1703399319.108 -7.801 8.001 
1703399319.209 -7.853 7.982 
1703399319.310 -7.935 7.962 
1703399319.410 -8.043 7.946 
1703399319.509 -8.166 7.924 
1703399322.118 -8.376 7.993 
1703399322.119 -8.376 7.993 
1703399322.219 -8.346 7.952 
1703399322.319 -8.312 7.817 
1703399322.419 -8.275 7.688 
1703399322.520 -8.242 7.569 
1703399322.620 -8.211 7.455 
1703399322.721 -8.181 7.336 
1703399322.820 -8.149 7.223 
1703399322.920 -8.116 7.110 
1703399323.020 -8.078 6.997 
1703399323.120 -8.042 6.881 
1703399323.220 -8.006 6.764 
1703399323.320 -7.967 6.655 
1703399323.421 -7.923 6.545 
1703399323.521 -7.879 6.433 
1703399323.621 -7.836 6.318 
1703399323.722 -7.792 6.210 
1703399323.822 -7.741 6.111 
1703399323.923 -7.680 6.011 
1703399324.023 -7.615 5.907 
1703399324.124 -7.550 5.799 
1703399324.223 -7.481 5.712 
1703399324.324 -7.400 5.628 
1703399324.424 -7.308 5.544 
1703399324.524 -7.219 5.472 
1703399324.624 -7.126 5.399 
1703399324.724 -7.022 5.325 
1703399324.826 -6.930 5.257 
1703399324.926 -6.825 5.207 
1703399325.029 -6.705 5.159 
1703399325.125 -6.591 5.112 
1703399325.225 -6.511 5.061 
1703399325.325 -6.451 5.029 
1703399325.425 -6.369 5.017 
1703399325.526 -6.278 5.018 
1703399325.626 -6.194 5.017 
1703399325.726 -6.117 5.016 
1703399325.826 -6.040 5.020 
1703399325.926 -5.955 5.029 
1703399326.027 -5.860 5.031 
1703399326.126 -5.801 5.007 
1703399326.227 -5.725 4.997 
1703399326.326 -5.634 5.023 
1703399326.427 -5.556 5.047 
1703399326.526 -5.488 5.075 
1703399326.627 -5.416 5.112 
1703399326.727 -5.341 5.156 
1703399326.829 -5.268 5.213 
1703399326.927 -5.190 5.272 
1703399327.027 -5.119 5.338 
1703399327.127 -5.050 5.414 
1703399327.227 -4.974 5.477 
1703399327.328 -4.901 5.539 
1703399327.428 -4.816 5.621 
1703399327.528 -4.724 5.698 
1703399327.629 -4.634 5.784 
1703399327.729 -4.552 5.873 
1703399327.828 -4.480 5.959 
1703399327.929 -4.396 6.046 
1703399328.029 -4.321 6.123 
1703399328.130 -4.246 6.203 
1703399328.229 -4.173 6.285 
1703399328.331 -4.101 6.353 
1703399328.430 -4.026 6.413 
1703399328.529 -3.948 6.475 
1703399328.630 -3.875 6.544 
1703399328.730 -3.798 6.613 
1703399328.830 -3.714 6.684 
1703399328.930 -3.611 6.764 
1703399329.030 -3.487 6.817 
1703399329.131 -3.373 6.867 
1703399329.231 -3.249 6.892 
1703399329.331 -3.126 6.872 
1703399329.431 -3.004 6.847 
1703399329.532 -2.888 6.788 
1703399329.631 -2.810 6.698 
1703399329.731 -2.747 6.616 
1703399329.831 -2.685 6.524 
1703399329.931 -2.630 6.427 
1703399330.031 -2.575 6.333 
1703399330.136 -2.506 6.232 
1703399330.232 -2.437 6.138 
1703399330.332 -2.372 6.035 
1703399330.432 -2.310 5.932 
1703399330.532 -2.245 5.829 
1703399330.632 -2.178 5.725 
1703399330.732 -2.115 5.626 
1703399330.833 -2.056 5.524 
1703399330.932 -1.993 5.420 
1703399331.033 -1.923 5.318 
1703399331.133 -1.859 5.222 
1703399331.233 -1.778 5.125 
1703399331.334 -1.698 5.026 
1703399331.435 -1.627 4.931 
1703399331.534 -1.558 4.841 
1703399331.634 -1.472 4.759 
1703399331.735 -1.376 4.684 
1703399331.835 -1.277 4.612 
1703399331.935 -1.191 4.539 
1703399332.036 -1.091 4.469 
1703399332.135 -0.996 4.404 
1703399332.237 -0.898 4.341 
1703399332.336 -0.789 4.282 
1703399332.436 -0.676 4.233 
1703399332.536 -0.607 4.211 
1703399332.636 -0.538 4.205 
1703399332.736 -0.453 4.218 
1703399332.837 -0.357 4.236 
1703399332.937 -0.267 4.257 
1703399333.037 -0.182 4.286 
1703399333.136 -0.087 4.318 
1703399333.237 -0.002 4.327 
1703399333.337 0.084 4.337 
1703399333.437 0.173 4.366 
1703399333.547 0.256 4.416 
1703399333.641 0.341 4.475 
1703399333.739 0.431 4.526 
1703399333.838 0.516 4.575 
1703399333.939 0.598 4.629 
1703399334.039 0.680 4.698 
1703399334.139 0.762 4.772 
1703399334.239 0.837 4.848 
1703399334.339 0.900 4.930 
1703399334.439 0.972 5.022 
1703399334.540 1.045 5.119 
1703399334.639 1.108 5.216 
1703399334.739 1.151 5.322 
1703399334.840 1.197 5.438 
1703399334.939 1.247 5.551 
1703399335.039 1.282 5.662 
1703399335.139 1.305 5.771 
1703399335.240 1.323 5.884 
1703399335.340 1.347 6.001 
1703399335.440 1.374 6.114 
1703399335.540 1.395 6.227 
1703399335.640 1.406 6.338 
1703399335.740 1.417 6.455 
1703399335.840 1.425 6.574 
1703399335.940 1.435 6.692 
1703399336.041 1.438 6.811 
1703399336.141 1.443 6.929 
1703399336.240 1.448 7.045 
1703399336.342 1.450 7.161 
1703399336.441 1.453 7.272 
1703399336.542 1.454 7.386 
1703399336.641 1.448 7.498 
1703399336.741 1.447 7.611 
1703399336.842 1.446 7.722 
1703399336.942 1.444 7.834 
1703399337.042 1.443 7.950 
1703399337.143 1.443 8.059 
1703399337.242 1.443 8.167 
1703399337.342 1.443 8.271 
1703399337.442 1.441 8.370 
1703399337.543 1.458 8.497 
1703399337.643 1.494 8.627 
1703399337.743 1.512 8.720 
1703399337.842 1.586 8.826 
1703399338.747 1.591 8.790 
1703399338.848 1.649 8.750 
1703399338.947 1.756 8.671 
1703399339.051 1.868 8.584 
1703399339.148 1.929 8.543 
1703399339.248 1.948 8.492 
1703399339.348 2.017 8.451 
1703399339.449 2.110 8.417 
1703399339.550 2.186 8.392 
1703399339.649 2.187 8.399 
1703399339.748 2.204 8.398 
1703399339.849 2.273 8.366 
1703399339.951 2.398 8.345 
1703399340.050 2.535 8.315 
1703399340.149 2.625 8.292 
1703399340.250 2.707 8.299 
1703399340.350 2.814 8.297 
1703399340.450 2.936 8.281 
1703399340.551 3.010 8.261 
1703399340.650 3.057 8.257 
1703399340.751 3.125 8.266 
1703399340.850 3.232 8.264 
1703399340.950 3.340 8.269 
1703399341.051 3.435 8.272 
1703399341.150 3.508 8.266 
1703399341.251 3.584 8.262 
1703399341.351 3.677 8.272 
1703399341.451 3.770 8.281 
1703399341.551 3.859 8.289 
1703399341.651 3.946 8.293 
1703399341.753 4.034 8.294 
1703399341.852 4.119 8.298 
1703399341.952 4.211 8.302 
1703399342.053 4.308 8.307 
1703399342.155 4.401 8.315 
1703399342.255 4.493 8.323 
1703399342.354 4.585 8.330 
1703399342.455 4.676 8.338 
1703399342.556 4.767 8.347 
1703399342.656 4.853 8.354 
1703399342.755 4.941 8.363 
1703399342.855 5.026 8.365 
1703399342.955 5.107 8.368 
1703399343.056 5.185 8.374 
1703399343.155 5.263 8.378 
1703399343.256 5.338 8.375 
1703399343.356 5.447 8.369 
1703399343.456 5.539 8.363 
1703399343.557 5.630 8.349 
1703399343.655 5.704 8.337 
1703399343.756 5.746 8.334 
1703399343.857 5.746 8.339 
1703399343.957 5.705 8.352 
1703399344.056 5.718 8.332 
1703399344.156 5.753 8.272 
1703399344.256 5.762 8.231 
1703399345.160 5.706 8.197 
1703399345.263 5.749 8.239 
1703399345.361 5.749 8.223 
1703399345.462 5.729 8.168 
1703399345.562 5.713 8.103 
1703399345.662 5.702 8.043 
1703399345.762 5.688 7.974 
1703399345.863 5.672 7.894 
1703399345.962 5.652 7.814 
1703399346.063 5.635 7.746 
1703399346.163 5.622 7.712 
1703399346.263 5.596 7.665 
1703399346.363 5.560 7.600 
1703399346.463 5.492 7.524 
1703399346.562 5.424 7.462 
1703399346.663 5.381 7.407 
1703399346.763 5.342 7.352 
1703399346.863 5.295 7.283 
1703399346.964 5.242 7.220 
1703399347.064 5.188 7.162 
1703399347.163 5.134 7.109 
1703399347.264 5.082 7.057 
1703399347.364 5.036 6.997 
1703399347.464 4.983 6.904 
1703399347.563 4.920 6.806 
1703399347.665 4.877 6.722 
1703399347.764 4.830 6.653 
1703399347.865 4.785 6.589 
1703399347.964 4.740 6.532 
1703399348.065 4.694 6.474 
1703399348.164 4.649 6.427 
1703399348.265 4.610 6.374 
1703399348.365 4.572 6.306 
1703399348.465 4.535 6.225 
1703399348.565 4.497 6.151 
1703399348.666 4.468 6.077 
1703399348.765 4.443 6.008 
1703399348.866 4.415 5.938 
1703399348.966 4.378 5.863 
1703399349.066 4.336 5.786 
1703399349.166 4.301 5.697 
1703399349.266 4.285 5.600 
1703399349.366 4.272 5.527 
1703399349.466 4.265 5.445 
1703399349.567 4.251 5.337 
1703399349.667 4.242 5.222 
1703399353.575 4.107 4.827 
1703399353.576 4.106 4.828 
1703399353.677 4.109 4.854 
1703399353.775 4.150 4.944 
1703399353.875 4.191 5.054 
1703399353.976 4.227 5.160 
1703399354.076 4.263 5.271 
1703399354.176 4.314 5.377 
1703399354.276 4.367 5.467 
1703399354.377 4.422 5.550 
1703399354.476 4.479 5.642 
1703399354.576 4.542 5.738 
1703399354.677 4.615 5.827 
1703399354.783 4.684 5.906 
1703399354.879 4.779 5.976 
1703399354.981 4.880 6.046 
1703399355.078 4.959 6.104 
1703399355.179 5.013 6.155 
1703399355.279 5.060 6.200 
1703399355.379 5.124 6.237 
1703399355.478 5.186 6.271 
1703399355.579 5.245 6.303 
1703399355.679 5.300 6.333 
1703399355.780 5.363 6.364 
1703399355.881 5.454 6.392 
1703399355.979 5.531 6.413 
1703399356.079 5.600 6.436 
1703399356.180 5.668 6.458 
1703399356.279 5.737 6.484 
1703399356.380 5.808 6.512 
1703399356.480 5.905 6.530 
1703399356.580 6.007 6.543 
1703399356.681 6.102 6.558 
1703399356.781 6.190 6.574 
1703399356.880 6.251 6.576 
1703399356.979 6.324 6.599 
1703399357.080 6.432 6.621 
1703399357.181 6.547 6.637 
1703399357.281 6.633 6.652 
1703399357.381 6.705 6.665 
1703399357.481 6.793 6.676 
1703399357.583 6.902 6.688 
1703399357.682 7.005 6.701 
1703399357.782 7.107 6.712 
1703399357.883 7.202 6.725 
1703399357.982 7.302 6.733 
1703399358.081 7.403 6.742 
1703399358.182 7.508 6.751 
1703399358.282 7.613 6.757 
1703399358.383 7.722 6.764 
1703399362.888 7.841 6.521 
1703399362.889 7.841 6.521 
1703399362.991 7.795 6.504 
1703399363.091 7.669 6.474 
1703399363.191 7.532 6.408 
1703399363.291 7.443 6.363 
1703399363.391 7.347 6.325 
1703399363.491 7.234 6.263 
1703399363.592 7.112 6.194 
1703399363.692 7.037 6.121 
1703399363.791 6.932 6.062 
1703399363.892 6.816 6.042 
1703399363.991 6.721 6.065 
1703399364.092 6.620 6.116 
