1703401098.037 3.256 1.980 
1703401098.037 3.256 1.980 
1703401098.138 3.301 1.953 
1703401098.238 3.364 1.850 
1703401098.338 3.442 1.728 
1703401098.438 3.504 1.611 
1703401098.538 3.570 1.524 
1703401098.638 3.652 1.442 
1703401098.738 3.732 1.344 
1703401098.838 3.807 1.255 
1703401098.939 3.883 1.174 
1703401099.038 3.961 1.090 
1703401099.139 4.041 0.998 
1703401099.238 4.108 0.916 
1703401099.338 4.146 0.870 
1703401099.439 4.188 0.823 
1703401099.539 4.252 0.767 
1703401099.640 4.302 0.715 
1703401099.739 4.374 0.674 
1703401099.839 4.396 0.634 
1703401099.940 4.345 0.604 
1703401101.743 4.180 0.726 
1703401101.844 4.146 0.713 
1703401101.944 4.113 0.699 
1703401102.044 4.116 0.707 
1703401102.144 4.109 0.800 
1703401102.244 4.089 0.909 
1703401102.345 4.062 0.961 
1703401102.445 4.048 0.985 
1703401102.544 4.056 1.037 
1703401102.645 4.047 1.147 
1703401102.747 4.024 1.265 
1703401102.847 4.014 1.364 
1703401102.951 4.006 1.433 
1703401103.047 4.017 1.481 
1703401103.148 4.013 1.539 
1703401103.248 4.002 1.600 
1703401103.347 3.988 1.670 
1703401103.448 3.981 1.740 
1703401103.548 3.968 1.812 
1703401103.648 3.943 1.878 
1703401103.751 3.914 1.937 
1703401103.851 3.869 2.015 
1703401103.954 3.820 2.098 
1703401104.053 3.771 2.163 
1703401104.152 3.755 2.210 
1703401104.253 3.705 2.239 
1703401104.354 3.655 2.253 
1703401104.452 3.623 2.264 
1703401104.553 3.580 2.281 
1703401105.656 3.457 2.261 
1703401105.657 3.457 2.260 
1703401105.757 3.373 2.224 
1703401105.858 3.234 2.199 
1703401105.957 3.133 2.185 
1703401106.058 3.034 2.174 
1703401106.158 2.916 2.187 
1703401106.258 2.786 2.198 
1703401106.358 2.677 2.214 
1703401106.458 2.567 2.208 
1703401106.559 2.453 2.193 
1703401106.659 2.335 2.182 
1703401106.759 2.220 2.170 
1703401106.859 2.107 2.161 
1703401106.959 1.989 2.142 
1703401107.059 1.868 2.125 
1703401107.160 1.751 2.109 
1703401107.260 1.634 2.094 
1703401107.360 1.517 2.075 
1703401107.459 1.398 2.058 
1703401107.560 1.280 2.042 
1703401107.660 1.178 2.028 
1703401107.760 1.083 2.015 
1703401107.860 0.964 2.007 
1703401107.960 0.824 2.017 
1703401108.060 0.692 2.013 
1703401108.161 0.540 2.016 
1703401108.260 0.395 2.028 
1703401108.361 0.269 2.042 
1703401108.462 0.152 2.073 
1703401108.561 0.049 2.142 
1703401108.661 -0.044 2.247 
1703401108.762 -0.093 2.340 
1703401108.863 -0.086 2.402 
1703401108.963 -0.084 2.480 
1703401109.064 -0.103 2.593 
1703401109.163 -0.126 2.720 
1703401109.263 -0.143 2.841 
1703401109.363 -0.152 2.918 
1703401109.464 -0.167 2.950 
1703401109.564 -0.164 3.011 
1703401109.663 -0.151 3.122 
1703401109.764 -0.153 3.226 
1703401109.863 -0.151 3.300 
1703401109.967 -0.149 3.376 
1703401110.064 -0.129 3.472 
1703401110.164 -0.105 3.571 
1703401110.264 -0.081 3.657 
1703401110.365 -0.068 3.712 
1703401110.465 -0.056 3.761 
1703401110.565 0.020 3.849 
1703401110.665 0.095 3.945 
1703401110.765 0.154 4.023 
1703401110.865 0.223 4.097 
1703401110.964 0.282 4.161 
1703401111.065 0.320 4.213 
1703401111.165 0.366 4.262 
1703401111.265 0.434 4.314 
1703401111.366 0.510 4.369 
1703401111.466 0.584 4.424 
1703401111.566 0.662 4.477 
1703401111.666 0.745 4.532 
1703401111.768 0.827 4.580 
1703401111.867 0.904 4.634 
1703401111.968 0.984 4.692 
1703401112.067 1.073 4.757 
1703401112.167 1.157 4.820 
1703401112.267 1.240 4.871 
1703401112.370 1.316 4.920 
1703401112.470 1.386 4.982 
1703401112.570 1.458 5.044 
1703401112.670 1.527 5.113 
1703401112.771 1.594 5.179 
1703401112.870 1.658 5.243 
1703401112.970 1.725 5.306 
1703401113.071 1.792 5.367 
1703401113.171 1.857 5.426 
1703401113.270 1.921 5.486 
1703401113.371 1.982 5.539 
1703401113.471 2.045 5.589 
1703401113.572 2.114 5.635 
1703401113.672 2.183 5.677 
1703401113.771 2.248 5.715 
1703401113.872 2.314 5.756 
1703401113.972 2.388 5.798 
1703401114.071 2.477 5.844 
1703401114.172 2.620 5.901 
1703401114.272 2.763 5.950 
1703401114.372 2.858 5.971 
1703401114.483 2.916 5.981 
1703401114.575 2.954 5.995 
1703401114.674 3.020 5.996 
1703401114.773 3.089 5.987 
1703401114.872 3.145 5.973 
1703401114.972 3.195 5.944 
1703401115.074 3.240 5.919 
1703401115.173 3.318 5.893 
1703401115.272 3.403 5.856 
1703401115.373 3.459 5.803 
1703401115.472 3.482 5.769 
1703401115.573 3.511 5.761 
1703401115.673 3.524 5.700 
1703401115.773 3.553 5.641 
1703401115.873 3.580 5.579 
1703401115.973 3.583 5.505 
1703401116.074 3.606 5.420 
1703401116.174 3.633 5.337 
1703401116.273 3.663 5.259 
1703401116.374 3.690 5.177 
1703401116.474 3.716 5.072 
1703401116.574 3.745 4.958 
1703401116.675 3.782 4.845 
1703401116.774 3.823 4.734 
1703401116.874 3.874 4.624 
1703401116.975 3.931 4.509 
1703401117.076 3.977 4.398 
1703401117.175 4.034 4.294 
1703401117.276 4.101 4.197 
1703401117.377 4.185 4.109 
1703401117.477 4.269 4.030 
1703401117.577 4.348 3.942 
1703401117.679 4.438 3.861 
1703401117.779 4.530 3.785 
1703401117.878 4.624 3.720 
1703401117.978 4.727 3.648 
1703401118.081 4.830 3.580 
1703401118.178 4.934 3.522 
1703401118.279 5.046 3.479 
1703401118.379 5.161 3.434 
1703401118.479 5.274 3.392 
1703401118.582 5.393 3.355 
1703401118.679 5.505 3.322 
1703401118.779 5.622 3.292 
1703401118.881 5.742 3.264 
1703401118.980 5.856 3.236 
1703401119.081 5.973 3.209 
1703401119.180 6.088 3.181 
1703401119.280 6.206 3.146 
1703401119.380 6.315 3.110 
1703401119.480 6.428 3.065 
1703401119.581 6.529 3.033 
1703401119.680 6.646 2.946 
1703401119.780 6.725 2.943 
1703401119.884 6.792 2.953 
1703401119.983 6.853 2.898 
1703401120.083 6.890 2.799 
1703401120.182 6.892 2.681 
1703401120.282 6.881 2.566 
1703401120.383 6.870 2.454 
1703401120.482 6.863 2.382 
1703401120.593 6.841 2.346 
1703401120.686 6.802 2.321 
1703401120.784 6.807 2.240 
1703401120.887 6.854 2.112 
1703401120.986 6.898 2.014 
1703401121.083 6.941 1.950 
1703401121.183 6.949 1.905 
1703401121.283 6.972 1.837 
1703401121.384 7.000 1.752 
1703401121.483 7.029 1.660 
1703401121.583 7.056 1.575 
1703401121.687 7.079 1.492 
1703401121.785 7.097 1.412 
1703401121.884 7.118 1.324 
1703401121.986 7.137 1.229 
1703401122.086 7.161 1.135 
1703401122.190 7.184 1.039 
1703401122.286 7.201 0.948 
1703401122.388 7.207 0.852 
1703401122.487 7.213 0.754 
1703401122.587 7.219 0.656 
1703401122.687 7.222 0.558 
1703401122.787 7.223 0.459 
1703401122.887 7.228 0.357 
1703401122.987 7.237 0.267 
1703401123.087 7.237 0.172 
1703401123.187 7.225 0.073 
1703401123.288 7.210 -0.023 
1703401123.388 7.200 -0.119 
1703401123.488 7.198 -0.212 
1703401123.588 7.198 -0.297 
1703401123.688 7.183 -0.379 
1703401123.792 7.148 -0.465 
1703401123.889 7.114 -0.540 
1703401123.989 7.071 -0.614 
1703401124.090 7.025 -0.680 
1703401124.191 6.977 -0.742 
1703401124.290 6.931 -0.803 
1703401124.391 6.910 -0.866 
1703401124.490 6.879 -0.929 
1703401124.589 6.838 -0.990 
1703401124.691 6.791 -1.045 
1703401124.791 6.735 -1.089 
1703401124.891 6.682 -1.140 
1703401124.990 6.628 -1.189 
1703401125.091 6.573 -1.239 
1703401125.192 6.519 -1.292 
1703401125.290 6.446 -1.356 
1703401125.391 6.344 -1.443 
1703401125.490 6.253 -1.502 
1703401125.591 6.187 -1.559 
1703401125.691 6.141 -1.629 
1703401125.791 6.096 -1.699 
1703401125.892 6.046 -1.762 
1703401125.992 6.007 -1.847 
1703401126.093 5.982 -1.923 
1703401130.298 5.672 -2.106 
1703401130.398 5.684 -2.098 
1703401130.503 5.698 -2.042 
1703401130.598 5.710 -1.937 
1703401130.698 5.704 -1.807 
1703401130.798 5.702 -1.685 
1703401130.898 5.713 -1.588 
1703401130.998 5.717 -1.514 
1703401131.099 5.708 -1.444 
1703401131.199 5.685 -1.373 
1703401131.299 5.670 -1.302 
1703401131.399 5.649 -1.229 
1703401131.498 5.581 -1.140 
1703401131.599 5.512 -1.053 
1703401131.699 5.483 -0.980 
1703401131.799 5.430 -0.903 
1703401131.900 5.344 -0.823 
1703401131.999 5.249 -0.756 
1703401132.099 5.162 -0.687 
1703401132.200 5.050 -0.627 
1703401132.300 4.958 -0.576 
1703401132.400 4.911 -0.535 
1703401132.500 4.854 -0.507 
1703401132.600 4.766 -0.474 
1703401132.701 4.660 -0.435 
1703401132.800 4.561 -0.401 
1703401132.902 4.468 -0.369 
1703401133.002 4.374 -0.341 
1703401133.102 4.262 -0.295 
1703401133.203 4.150 -0.252 
1703401133.303 4.045 -0.213 
1703401133.403 3.940 -0.175 
1703401133.503 3.829 -0.145 
1703401133.602 3.721 -0.092 
1703401133.703 3.639 -0.023 
1703401133.803 3.573 0.037 
1703401140.531 3.779 0.394 
1703401140.532 3.779 0.394 
1703401140.632 3.723 0.323 
1703401140.734 3.655 0.228 
1703401140.833 3.585 0.124 
1703401140.933 3.512 0.039 
1703401141.033 3.434 -0.048 
1703401141.135 3.369 -0.142 
1703401141.234 3.309 -0.239 
1703401141.333 3.238 -0.341 
1703401141.436 3.161 -0.440 
1703401141.536 3.062 -0.525 
1703401141.634 2.945 -0.581 
1703401141.733 2.821 -0.601 
1703401141.835 2.731 -0.590 
1703401141.934 2.665 -0.586 
1703401142.034 2.559 -0.601 
1703401142.134 2.420 -0.630 
1703401142.233 2.305 -0.652 
1703401142.335 2.187 -0.656 
1703401142.434 2.066 -0.666 
1703401142.535 1.947 -0.673 
1703401142.634 1.827 -0.678 
1703401142.734 1.738 -0.685 
1703401142.835 1.656 -0.687 
1703401142.934 1.572 -0.681 
1703401143.035 1.489 -0.684 
1703401143.135 1.412 -0.689 
1703401143.236 1.339 -0.691 
1703401143.336 1.261 -0.677 
1703401143.448 1.185 -0.645 
1703401143.541 1.118 -0.609 
1703401143.638 1.063 -0.575 
1703401143.736 1.020 -0.544 
1703401143.837 0.980 -0.516 
1703401143.937 0.938 -0.492 
1703401144.037 0.872 -0.413 
1703401144.137 0.816 -0.335 
1703401144.237 0.774 -0.291 
1703401144.337 0.741 -0.255 
1703401144.436 0.695 -0.210 
1703401144.538 0.631 -0.147 
1703401144.638 0.561 -0.076 
1703401144.738 0.495 -0.015 
1703401144.838 0.420 0.035 
1703401144.941 0.326 0.059 
1703401145.039 0.222 0.066 
1703401145.139 0.124 0.083 
1703401145.239 0.029 0.102 
1703401145.339 -0.062 0.114 
1703401145.441 -0.135 0.120 
1703401145.538 -0.176 0.128 
1703401145.638 -0.213 0.163 
1703401145.739 -0.240 0.237 
1703401145.845 -0.266 0.303 
1703401145.938 -0.306 0.364 
1703401146.039 -0.342 0.423 
1703401146.139 -0.383 0.489 
1703401146.239 -0.428 0.572 
1703401146.339 -0.493 0.663 
1703401146.439 -0.568 0.756 
1703401146.540 -0.638 0.852 
1703401146.640 -0.713 0.948 
1703401146.740 -0.791 1.042 
1703401146.839 -0.888 1.127 
1703401146.940 -0.969 1.206 
1703401147.041 -1.043 1.286 
1703401147.141 -1.129 1.366 
1703401147.240 -1.220 1.439 
1703401147.341 -1.315 1.510 
1703401147.441 -1.426 1.575 
1703401147.540 -1.532 1.625 
1703401147.648 -1.647 1.668 
1703401147.741 -1.746 1.691 
1703401147.843 -1.858 1.709 
1703401147.943 -1.978 1.728 
1703401148.043 -2.094 1.749 
1703401148.142 -2.211 1.774 
1703401148.242 -2.332 1.804 
1703401148.343 -2.447 1.830 
1703401148.443 -2.563 1.859 
1703401148.543 -2.679 1.896 
1703401148.643 -2.792 1.942 
1703401148.743 -2.898 1.985 
1703401148.844 -2.988 2.019 
1703401148.944 -3.082 2.074 
1703401149.044 -3.170 2.143 
1703401149.144 -3.238 2.204 
1703401149.244 -3.270 2.215 
1703401149.346 -3.267 2.175 
1703401149.445 -3.254 2.157 
1703401149.544 -3.259 2.250 
1703401149.644 -3.270 2.369 
1703401149.745 -3.291 2.466 
1703401149.845 -3.311 2.568 
1703401149.949 -3.334 2.654 
1703401150.046 -3.346 2.681 
1703401150.146 -3.325 2.778 
1703401150.246 -3.287 2.867 
1703401150.345 -3.242 2.959 
1703401150.445 -3.213 3.062 
1703401150.546 -3.189 3.159 
1703401150.646 -3.167 3.234 
1703401150.747 -3.146 3.322 
1703401150.848 -3.129 3.392 
1703401150.947 -3.113 3.451 
1703401151.048 -3.095 3.528 
1703401151.154 -3.078 3.614 
1703401151.248 -3.065 3.681 
1703401151.347 -3.045 3.757 
1703401151.448 -3.026 3.838 
1703401151.548 -3.006 3.916 
1703401151.648 -2.984 3.994 
1703401151.748 -2.964 4.072 
1703401151.849 -2.946 4.156 
1703401151.949 -2.930 4.241 
1703401152.051 -2.918 4.319 
1703401152.150 -2.906 4.391 
1703401152.251 -2.894 4.475 
1703401152.351 -2.883 4.555 
1703401152.451 -2.872 4.637 
1703401152.551 -2.861 4.720 
1703401152.651 -2.850 4.803 
1703401152.752 -2.837 4.881 
1703401152.851 -2.824 4.958 
1703401152.952 -2.815 5.040 
1703401153.052 -2.814 5.127 
1703401153.152 -2.809 5.212 
1703401153.252 -2.801 5.300 
1703401153.352 -2.794 5.394 
1703401153.457 -2.771 5.459 
1703401153.553 -2.746 5.520 
1703401153.653 -2.745 5.603 
1703401153.752 -2.773 5.711 
1703401153.853 -2.802 5.825 
1703401153.955 -2.833 5.938 
1703401154.053 -2.864 6.038 
1703401154.153 -2.901 6.140 
1703401154.253 -2.943 6.243 
1703401154.354 -2.988 6.346 
1703401154.453 -3.017 6.430 
1703401154.555 -3.031 6.504 
1703401154.654 -3.063 6.564 
1703401154.753 -3.111 6.658 
1703401154.854 -3.177 6.768 
1703401154.953 -3.233 6.862 
1703401155.054 -3.296 6.961 
1703401155.156 -3.357 7.061 
1703401155.255 -3.418 7.163 
1703401155.355 -3.480 7.263 
1703401155.456 -3.543 7.360 
1703401155.555 -3.600 7.459 
1703401155.654 -3.648 7.564 
1703401155.754 -3.691 7.661 
1703401155.855 -3.741 7.761 
1703401155.955 -3.792 7.871 
1703401156.055 -3.838 7.961 
1703401156.156 -3.880 8.025 
1703401156.255 -3.867 8.111 
1703401157.161 -3.860 8.229 
1703401157.261 -3.810 8.230 
1703401157.361 -3.686 8.213 
1703401157.461 -3.552 8.182 
1703401157.562 -3.461 8.210 
1703401157.661 -3.372 8.220 
1703401157.762 -3.288 8.198 
1703401157.862 -3.186 8.132 
1703401157.962 -3.070 8.050 
1703401158.062 -3.018 8.004 
1703401158.162 -2.997 7.973 
1703401158.263 -2.947 7.944 
1703401158.363 -2.870 7.910 
1703401158.463 -2.785 7.852 
1703401158.563 -2.700 7.799 
1703401158.662 -2.643 7.763 
1703401158.763 -2.590 7.731 
1703401158.863 -2.517 7.692 
1703401158.964 -2.443 7.650 
1703401159.064 -2.378 7.610 
1703401159.164 -2.287 7.537 
1703401159.265 -2.197 7.468 
1703401159.364 -2.117 7.417 
1703401159.464 -2.045 7.386 
1703401159.565 -1.974 7.338 
1703401159.666 -1.908 7.283 
1703401159.765 -1.844 7.226 
1703401159.865 -1.789 7.137 
1703401159.965 -1.732 7.044 
1703401160.066 -1.684 6.952 
1703401160.165 -1.670 6.858 
1703401160.266 -1.693 6.742 
1703401160.366 -1.702 6.639 
1703401160.466 -1.716 6.572 
1703401160.566 -1.733 6.502 
1703401160.666 -1.754 6.418 
1703401160.766 -1.774 6.316 
1703401160.865 -1.806 6.218 
1703401160.966 -1.838 6.124 
1703401161.066 -1.869 6.037 
1703401161.167 -1.891 5.927 
1703401161.267 -1.917 5.805 
1703401161.366 -1.949 5.707 
1703401161.467 -1.971 5.620 
1703401161.567 -1.957 5.500 
1703401161.668 -1.919 5.381 
1703401161.773 -1.888 5.281 
1703401161.870 -1.851 5.179 
1703401161.969 -1.802 5.074 
1703401162.068 -1.767 4.986 
1703401162.169 -1.734 4.904 
1703401162.269 -1.675 4.824 
1703401162.370 -1.589 4.740 
1703401162.470 -1.503 4.655 
1703401162.569 -1.418 4.577 
1703401162.669 -1.329 4.503 
1703401162.769 -1.260 4.436 
1703401162.869 -1.188 4.367 
1703401162.969 -1.111 4.298 
1703401163.069 -1.022 4.235 
1703401163.168 -0.924 4.184 
1703401163.269 -0.816 4.140 
1703401163.369 -0.712 4.101 
1703401163.469 -0.607 4.072 
1703401163.570 -0.492 4.061 
1703401163.669 -0.375 4.073 
1703401163.770 -0.252 4.085 
1703401163.870 -0.130 4.109 
1703401163.970 -0.006 4.140 
1703401164.070 0.091 4.154 
1703401164.170 0.198 4.196 
1703401164.270 0.299 4.265 
1703401164.370 0.397 4.340 
1703401164.471 0.496 4.412 
1703401164.571 0.592 4.491 
1703401164.670 0.681 4.571 
1703401164.771 0.759 4.659 
1703401164.873 0.839 4.756 
1703401164.971 0.905 4.849 
1703401165.071 0.967 4.946 
1703401165.171 1.019 5.039 
1703401165.271 1.076 5.143 
1703401165.372 1.135 5.243 
1703401165.472 1.189 5.347 
1703401165.571 1.238 5.452 
1703401165.672 1.282 5.562 
1703401165.771 1.322 5.657 
1703401165.871 1.366 5.761 
1703401165.972 1.414 5.868 
1703401166.072 1.461 5.976 
1703401166.172 1.506 6.085 
1703401166.272 1.551 6.198 
1703401166.372 1.593 6.308 
1703401166.473 1.634 6.412 
1703401166.573 1.674 6.512 
1703401166.674 1.730 6.627 
1703401166.773 1.786 6.730 
1703401166.873 1.842 6.830 
1703401166.973 1.901 6.931 
1703401167.073 1.958 7.035 
1703401167.181 2.015 7.136 
1703401167.273 2.062 7.213 
1703401167.373 2.113 7.292 
1703401167.475 2.162 7.354 
1703401167.574 2.198 7.405 
1703401167.674 2.221 7.480 
1703401167.775 2.243 7.547 
1703401167.874 2.276 7.606 
1703401167.974 2.310 7.652 
1703401168.075 2.344 7.703 
1703401168.174 2.394 7.772 
1703401168.276 2.472 7.844 
1703401168.375 2.532 7.891 
1703401168.474 2.561 7.916 
1703401168.575 2.578 7.919 
1703401168.676 2.616 7.948 
1703401168.776 2.735 7.981 
1703401168.875 2.860 8.020 
1703401168.975 2.942 8.036 
1703401169.075 2.967 8.057 
1703401169.175 2.988 8.092 
1703401169.275 3.061 8.107 
1703401169.376 3.166 8.133 
1703401169.476 3.276 8.173 
1703401169.577 3.366 8.191 
1703401169.676 3.450 8.209 
1703401169.777 3.523 8.211 
1703401169.876 3.581 8.200 
1703401169.977 3.642 8.192 
1703401170.078 3.714 8.189 
1703401170.177 3.796 8.190 
1703401170.278 3.868 8.199 
1703401170.377 3.946 8.177 
1703401170.477 4.021 8.156 
1703401170.578 4.093 8.134 
1703401170.682 4.172 8.105 
1703401170.778 4.245 8.077 
1703401170.877 4.327 8.046 
1703401170.978 4.400 8.029 
1703401171.078 4.470 8.008 
1703401171.178 4.541 7.984 
1703401171.278 4.624 7.931 
1703401171.378 4.712 7.870 
1703401171.478 4.790 7.827 
1703401171.578 4.866 7.778 
1703401171.678 4.944 7.736 
1703401171.778 5.025 7.687 
1703401171.879 5.104 7.634 
1703401171.979 5.184 7.582 
1703401172.078 5.265 7.521 
1703401172.179 5.345 7.460 
1703401172.278 5.425 7.400 
1703401172.379 5.505 7.339 
1703401172.479 5.586 7.278 
1703401172.579 5.665 7.216 
1703401172.680 5.741 7.157 
1703401172.784 5.812 7.102 
1703401172.884 5.884 7.042 
1703401172.984 5.954 6.980 
1703401173.085 6.020 6.919 
1703401173.185 6.093 6.867 
1703401173.285 6.157 6.816 
1703401173.385 6.220 6.767 
1703401173.493 6.296 6.725 
1703401173.588 6.388 6.687 
1703401173.687 6.490 6.641 
1703401173.787 6.575 6.589 
1703401173.887 6.625 6.585 
1703401173.987 6.682 6.578 
1703401174.088 6.751 6.519 
1703401174.187 6.794 6.469 
1703401174.288 6.814 6.497 
1703401175.890 7.019 6.527 
1703401175.991 7.013 6.501 
1703401176.091 6.953 6.431 
1703401176.192 6.852 6.322 
1703401176.291 6.770 6.213 
1703401176.393 6.684 6.101 
1703401176.497 6.619 6.022 
1703401176.595 6.513 6.006 
1703401176.694 6.356 6.019 
1703401176.794 6.230 6.009 
1703401176.894 6.101 6.035 
1703401176.994 5.974 6.078 
1703401177.095 5.860 6.111 
1703401177.194 5.783 6.149 
1703401177.295 5.689 6.176 
1703401177.395 5.578 6.194 
1703401177.494 5.445 6.199 
1703401177.594 5.313 6.196 
1703401177.694 5.197 6.170 
1703401177.794 5.089 6.123 
1703401177.894 5.004 6.063 
1703401177.995 4.924 6.001 
1703401178.095 4.834 5.940 
1703401178.195 4.736 5.882 
1703401178.295 4.628 5.816 
1703401178.395 4.529 5.769 
1703401178.496 4.442 5.752 
1703401178.596 4.364 5.711 
1703401178.695 4.300 5.639 
1703401178.797 4.254 5.537 
1703401178.897 4.199 5.419 
1703401178.996 4.129 5.287 
1703401179.096 4.077 5.153 
1703401179.196 4.041 5.041 
1703401179.296 4.000 4.937 
1703401179.397 3.956 4.836 
1703401179.496 3.919 4.737 
1703401179.597 3.885 4.629 
1703401179.696 3.840 4.504 
1703401179.797 3.807 4.376 
1703401179.898 3.801 4.240 
1703401179.997 3.815 4.107 
1703401180.097 3.854 3.983 
1703401180.198 3.916 3.896 
1703401180.298 4.014 3.830 
1703401180.398 4.114 3.759 
1703401180.499 4.203 3.687 
1703401180.599 4.290 3.608 
1703401180.699 4.388 3.541 
1703401180.800 4.495 3.485 
1703401180.900 4.603 3.433 
1703401181.000 4.719 3.387 
1703401181.100 4.828 3.338 
1703401181.202 4.944 3.295 
1703401181.301 5.060 3.262 
1703401181.401 5.181 3.231 
1703401181.502 5.300 3.196 
1703401181.601 5.417 3.169 
1703401181.702 5.534 3.141 
1703401181.802 5.654 3.117 
1703401181.902 5.773 3.090 
1703401182.002 5.891 3.071 
1703401182.101 6.007 3.053 
1703401182.202 6.126 3.033 
1703401182.304 6.248 3.015 
1703401182.403 6.363 3.000 
1703401182.502 6.477 2.985 
1703401182.603 6.596 2.971 
1703401182.704 6.715 2.956 
1703401182.804 6.834 2.944 
1703401182.903 6.949 2.931 
1703401183.003 7.062 2.920 
1703401183.103 7.180 2.905 
1703401183.204 7.298 2.893 
1703401183.303 7.414 2.883 
1703401183.404 7.525 2.874 
1703401183.503 7.636 2.861 
1703401183.604 7.751 2.851 
1703401183.704 7.867 2.842 
1703401183.804 7.978 2.835 
1703401183.905 8.086 2.824 
1703401184.005 8.222 2.768 
1703401186.410 8.087 2.592 
1703401186.511 8.123 2.653 
1703401186.611 8.198 2.751 
1703401186.711 8.241 2.838 
1703401186.812 8.253 2.886 
1703401186.911 8.219 2.812 
1703401187.011 8.181 2.683 
1703401187.112 8.113 2.577 
1703401187.211 8.054 2.465 
1703401187.312 8.041 2.367 
1703401187.411 8.024 2.270 
1703401187.511 7.993 2.157 
1703401187.611 7.965 2.034 
1703401187.712 7.941 1.906 
1703401187.812 7.918 1.825 
1703401187.912 7.900 1.736 
1703401188.013 7.883 1.637 
1703401188.112 7.875 1.537 
1703401188.214 7.868 1.434 
1703401188.314 7.862 1.327 
1703401188.415 7.857 1.220 
1703401188.515 7.855 1.115 
1703401188.614 7.861 1.010 
1703401188.714 7.870 0.901 
1703401188.815 7.887 0.785 
1703401188.915 7.914 0.663 
1703401189.014 7.926 0.562 
1703401189.114 7.947 0.459 
1703401189.215 7.986 0.347 
1703401189.315 8.029 0.235 
1703401189.415 8.065 0.128 
1703401189.515 8.086 0.085 
1703401189.614 8.097 0.069 
1703401189.715 8.109 0.023 
1703401189.815 8.148 -0.072 
1703401189.916 8.196 -0.187 
1703401190.016 8.231 -0.275 
1703401190.116 8.262 -0.360 
1703401190.215 8.294 -0.462 
1703401190.317 8.320 -0.550 
1703401190.416 8.333 -0.628 
1703401190.516 8.333 -0.690 
1703401190.616 8.314 -0.744 
1703401190.716 8.281 -0.785 
1703401190.817 8.251 -0.841 
1703401190.917 8.234 -0.944 
1703401191.016 8.208 -1.050 
1703401191.117 8.165 -1.153 
1703401191.217 8.107 -1.248 
1703401191.317 8.038 -1.331 
1703401191.418 7.970 -1.389 
1703401191.518 7.917 -1.406 
1703401191.618 7.885 -1.391 
1703401191.717 7.855 -1.426 
1703401191.818 7.821 -1.537 
1703401191.918 7.790 -1.637 
1703401192.019 7.777 -1.686 
1703401192.118 7.763 -1.753 
1703401192.218 7.740 -1.843 
1703401192.318 7.721 -1.926 
1703401192.418 7.702 -2.003 
1703401192.518 7.684 -2.080 
1703401192.618 7.661 -2.166 
1703401192.721 7.635 -2.255 
1703401192.819 7.612 -2.336 
1703401192.919 7.586 -2.424 
1703401193.021 7.561 -2.513 
1703401193.120 7.534 -2.599 
1703401193.220 7.502 -2.690 
1703401193.322 7.471 -2.776 
1703401193.421 7.440 -2.857 
1703401193.520 7.410 -2.939 
1703401193.626 7.383 -3.021 
1703401193.721 7.347 -3.094 
1703401193.821 7.307 -3.170 
1703401193.921 7.275 -3.242 
1703401194.021 7.245 -3.307 
1703401194.121 7.214 -3.366 
1703401194.222 7.191 -3.422 
1703401194.322 7.162 -3.480 
1703401194.421 7.117 -3.534 
1703401194.521 7.077 -3.578 
1703401194.622 7.008 -3.631 
1703401194.722 6.940 -3.692 
1703401194.822 6.894 -3.741 
1703401194.922 6.848 -3.785 
1703401197.629 6.554 -3.731 
1703401197.630 6.554 -3.731 
1703401197.731 6.593 -3.756 
1703401197.831 6.675 -3.847 
1703401197.930 6.755 -3.933 
1703401198.031 6.825 -4.025 
1703401198.132 6.895 -4.123 
1703401198.231 6.967 -4.218 
1703401198.331 7.040 -4.315 
1703401198.432 7.111 -4.412 
1703401198.531 7.179 -4.510 
1703401198.632 7.243 -4.607 
1703401198.731 7.304 -4.702 
1703401198.832 7.364 -4.798 
1703401198.932 7.421 -4.894 
1703401199.032 7.478 -4.992 
1703401199.133 7.534 -5.101 
1703401199.232 7.584 -5.209 
1703401199.333 7.631 -5.321 
1703401199.432 7.678 -5.434 
1703401199.533 7.724 -5.547 
1703401199.632 7.767 -5.655 
1703401199.733 7.809 -5.764 
1703401199.833 7.845 -5.872 
1703401199.935 7.879 -5.983 
1703401200.035 7.900 -6.086 
1703401200.136 7.911 -6.198 
1703401200.236 7.888 -6.339 
1703401200.335 7.909 -6.430 
1703401200.436 7.924 -6.524 
1703401200.535 7.922 -6.631 
1703401200.636 7.962 -6.676 
1703401200.736 8.022 -6.691 
1703401200.836 8.017 -6.702 
1703401200.936 7.931 -6.696 
1703401201.036 7.815 -6.695 
1703401201.136 7.727 -6.703 
1703401201.237 7.643 -6.699 
1703401201.337 7.593 -6.696 
1703401201.436 7.590 -6.679 
1703401201.537 7.591 -6.637 
1703401201.637 7.571 -6.627 
1703401201.737 7.486 -6.633 
1703401201.836 7.355 -6.631 
1703401201.938 7.258 -6.624 
1703401202.037 7.181 -6.619 
1703401202.138 7.107 -6.630 
1703401202.238 7.019 -6.643 
1703401202.337 6.920 -6.660 
1703401202.441 6.820 -6.672 
1703401202.538 6.726 -6.683 
1703401202.639 6.634 -6.699 
1703401202.738 6.550 -6.714 
1703401202.838 6.464 -6.721 
1703401202.941 6.382 -6.725 
1703401203.038 6.310 -6.723 
1703401203.139 6.241 -6.717 
1703401203.239 6.179 -6.712 
1703401203.339 6.102 -6.711 
1703401203.438 6.020 -6.708 
1703401203.539 5.958 -6.694 
1703401203.638 5.948 -6.690 
1703401203.744 6.004 -6.734 
1703401203.840 6.067 -6.782 
1703401203.940 6.116 -6.801 
1703401205.142 6.181 -6.728 
1703401205.243 6.140 -6.795 
1703401205.343 6.079 -6.881 
1703401205.443 6.090 -6.916 
1703401205.543 6.136 -6.921 
1703401205.644 6.193 -6.827 
1703401205.743 6.252 -6.698 
1703401205.844 6.313 -6.583 
1703401205.943 6.369 -6.487 
1703401206.045 6.420 -6.407 
1703401206.143 6.465 -6.324 
1703401206.244 6.513 -6.250 
1703401206.344 6.548 -6.141 
1703401206.445 6.579 -6.019 
1703401206.546 6.591 -5.944 
1703401206.646 6.588 -5.861 
1703401206.745 6.583 -5.761 
1703401206.845 6.580 -5.663 
1703401206.945 6.567 -5.570 
1703401207.046 6.549 -5.468 
1703401207.145 6.534 -5.365 
1703401207.245 6.520 -5.268 
1703401207.346 6.505 -5.170 
1703401207.445 6.492 -5.073 
1703401207.547 6.476 -4.975 
1703401207.647 6.464 -4.872 
1703401207.748 6.452 -4.764 
1703401207.849 6.439 -4.652 
1703401207.949 6.429 -4.538 
1703401208.049 6.419 -4.422 
1703401208.149 6.409 -4.301 
1703401208.249 6.399 -4.182 
1703401208.349 6.388 -4.062 
1703401208.449 6.377 -3.942 
1703401208.549 6.364 -3.822 
1703401208.650 6.352 -3.700 
1703401208.749 6.342 -3.580 
1703401208.849 6.335 -3.455 
1703401208.950 6.325 -3.339 
1703401209.050 6.323 -3.217 
1703401209.150 6.324 -3.098 
1703401209.250 6.330 -2.973 
1703401209.350 6.330 -2.852 
1703401209.451 6.334 -2.733 
1703401209.551 6.345 -2.615 
1703401209.651 6.356 -2.496 
1703401209.751 6.364 -2.377 
1703401209.854 6.369 -2.258 
1703401209.954 6.374 -2.138 
1703401210.053 6.376 -2.020 
1703401210.154 6.376 -1.903 
1703401210.254 6.372 -1.784 
1703401210.354 6.366 -1.667 
1703401210.455 6.355 -1.549 
1703401210.554 6.351 -1.443 
1703401210.655 6.345 -1.344 
1703401210.754 6.319 -1.248 
1703401210.854 6.267 -1.157 
1703401210.957 6.217 -1.072 
1703401211.057 6.174 -0.996 
1703401211.157 6.115 -0.916 
1703401211.257 6.038 -0.838 
1703401211.356 5.953 -0.774 
1703401211.457 5.859 -0.712 
1703401211.557 5.767 -0.653 
1703401211.657 5.670 -0.596 
1703401211.757 5.577 -0.535 
1703401211.857 5.488 -0.470 
1703401211.957 5.381 -0.415 
1703401212.057 5.264 -0.376 
1703401212.158 5.149 -0.341 
1703401212.257 5.042 -0.296 
1703401212.358 4.929 -0.253 
1703401212.458 4.814 -0.215 
1703401212.558 4.696 -0.186 
1703401212.659 4.574 -0.181 
1703401212.759 4.460 -0.180 
1703401212.862 4.344 -0.182 
1703401212.961 4.225 -0.190 
1703401213.061 4.104 -0.213 
1703401213.160 3.988 -0.230 
1703401213.260 3.877 -0.249 
1703401213.361 3.768 -0.291 
1703401213.460 3.671 -0.338 
1703401213.562 3.593 -0.388 
1703401213.662 3.522 -0.442 
1703401213.763 3.434 -0.501 
1703401213.862 3.351 -0.579 
1703401213.963 3.272 -0.670 
1703401214.063 3.209 -0.774 
1703401214.163 3.184 -0.890 
1703401214.264 3.171 -1.012 
1703401214.363 3.159 -1.132 
1703401214.463 3.152 -1.252 
1703401214.563 3.140 -1.361 
1703401214.663 3.123 -1.462 
1703401214.764 3.117 -1.562 
1703401214.864 3.114 -1.664 
1703401214.964 3.115 -1.768 
1703401215.064 3.117 -1.869 
1703401215.164 3.118 -1.971 
1703401215.264 3.124 -2.077 
1703401215.369 3.132 -2.182 
1703401215.464 3.141 -2.275 
1703401215.565 3.152 -2.376 
1703401215.665 3.162 -2.475 
1703401215.765 3.172 -2.569 
1703401215.865 3.183 -2.659 
1703401215.966 3.195 -2.746 
1703401216.066 3.208 -2.833 
1703401216.165 3.222 -2.917 
1703401216.266 3.233 -3.001 
1703401216.366 3.248 -3.088 
1703401216.466 3.263 -3.174 
1703401216.565 3.277 -3.259 
1703401216.666 3.290 -3.346 
1703401216.766 3.297 -3.429 
1703401216.866 3.301 -3.518 
1703401216.966 3.300 -3.609 
1703401217.066 3.294 -3.693 
1703401217.166 3.284 -3.771 
1703401217.267 3.274 -3.851 
1703401217.367 3.262 -3.945 
1703401217.467 3.243 -4.053 
1703401217.569 3.232 -4.162 
1703401217.667 3.229 -4.250 
1703401217.768 3.226 -4.326 
1703401217.869 3.219 -4.387 
1703401217.969 3.211 -4.439 
1703401218.072 3.213 -4.512 
1703401218.169 3.214 -4.606 
1703401218.269 3.229 -4.714 
1703401218.369 3.239 -4.814 
1703401220.473 3.336 -4.766 
1703401220.574 3.286 -4.750 
1703401220.673 3.173 -4.680 
1703401220.773 3.063 -4.622 
1703401220.874 2.968 -4.565 
1703401220.974 2.872 -4.480 
1703401221.075 2.782 -4.392 
1703401221.175 2.694 -4.307 
1703401221.274 2.608 -4.239 
1703401221.374 2.536 -4.181 
1703401221.474 2.472 -4.127 
1703401221.576 2.410 -4.073 
1703401221.674 2.347 -4.015 
1703401221.775 2.274 -3.935 
1703401221.875 2.204 -3.870 
1703401221.975 2.143 -3.807 
1703401222.076 2.077 -3.737 
1703401222.175 2.013 -3.661 
1703401222.276 1.946 -3.587 
1703401222.375 1.882 -3.516 
1703401222.476 1.824 -3.445 
1703401222.575 1.765 -3.373 
1703401222.676 1.707 -3.299 
1703401222.776 1.650 -3.226 
1703401222.877 1.590 -3.155 
1703401222.977 1.536 -3.084 
1703401223.077 1.469 -3.012 
1703401223.177 1.386 -2.950 
1703401223.276 1.313 -2.899 
1703401223.377 1.242 -2.851 
1703401223.477 1.147 -2.815 
1703401223.577 1.035 -2.801 
1703401224.280 0.872 -2.823 
1703401224.281 0.872 -2.823 
1703401224.381 0.825 -2.859 
1703401224.483 0.711 -2.921 
1703401224.582 0.595 -2.979 
1703401224.683 0.530 -3.030 
1703401224.782 0.436 -3.074 
1703401224.883 0.318 -3.092 
1703401224.983 0.204 -3.112 
1703401225.083 0.075 -3.140 
1703401225.183 -0.023 -3.180 
1703401225.283 -0.131 -3.209 
1703401225.384 -0.251 -3.213 
1703401225.483 -0.378 -3.214 
1703401225.583 -0.511 -3.216 
1703401225.684 -0.626 -3.219 
1703401225.784 -0.747 -3.202 
1703401225.884 -0.870 -3.168 
1703401225.984 -0.990 -3.135 
1703401226.084 -1.107 -3.100 
1703401226.184 -1.221 -3.069 
1703401226.284 -1.334 -3.030 
1703401226.385 -1.445 -2.991 
1703401226.484 -1.557 -2.946 
1703401226.585 -1.663 -2.894 
1703401226.687 -1.738 -2.890 
1703401226.784 -1.786 -2.885 
1703401226.886 -1.841 -2.857 
1703401226.986 -1.902 -2.805 
1703401227.086 -1.960 -2.757 
1703401227.187 -2.028 -2.708 
1703401227.286 -2.093 -2.647 
1703401227.386 -2.149 -2.581 
1703401227.487 -2.206 -2.522 
1703401227.586 -2.260 -2.470 
1703401227.689 -2.312 -2.419 
1703401227.789 -2.362 -2.374 
1703401227.889 -2.413 -2.332 
1703401227.989 -2.450 -2.293 
1703401228.090 -2.471 -2.218 
1703401228.189 -2.496 -2.103 
1703401228.291 -2.520 -1.991 
1703401228.390 -2.532 -1.905 
1703401228.490 -2.534 -1.841 
1703401228.591 -2.556 -1.775 
1703401228.691 -2.578 -1.708 
1703401228.790 -2.624 -1.636 
1703401228.890 -2.666 -1.570 
1703401228.991 -2.689 -1.511 
1703401232.797 -2.709 -1.693 
1703401232.898 -2.709 -1.691 
1703401232.997 -2.722 -1.673 
1703401233.098 -2.730 -1.676 
1703401233.198 -2.713 -1.765 
1703401233.299 -2.706 -1.907 
1703401233.399 -2.703 -2.005 
1703401233.501 -2.714 -2.051 
1703401233.600 -2.704 -2.102 
1703401233.700 -2.666 -2.198 
1703401233.799 -2.628 -2.316 
1703401233.899 -2.587 -2.428 
1703401234.000 -2.546 -2.542 
1703401234.099 -2.503 -2.652 
1703401234.199 -2.464 -2.755 
1703401234.299 -2.421 -2.855 
1703401234.399 -2.392 -2.940 
1703401234.500 -2.388 -2.993 
1703401234.601 -2.409 -3.023 
1703401234.701 -2.358 -3.075 
1703401234.800 -2.222 -3.134 
1703401234.901 -2.105 -3.189 
1703401235.001 -2.002 -3.242 
1703401235.102 -1.911 -3.279 
1703401235.201 -1.834 -3.309 
1703401235.302 -1.750 -3.344 
1703401235.402 -1.652 -3.378 
1703401235.502 -1.533 -3.410 
1703401235.602 -1.401 -3.446 
1703401235.701 -1.297 -3.466 
1703401235.804 -1.204 -3.498 
1703401235.905 -1.089 -3.540 
1703401236.004 -0.976 -3.582 
1703401236.104 -0.861 -3.622 
1703401236.205 -0.749 -3.650 
1703401236.307 -0.641 -3.691 
1703401236.405 -0.531 -3.740 
1703401236.509 -0.415 -3.787 
1703401236.608 -0.310 -3.835 
1703401236.706 -0.197 -3.886 
1703401236.806 -0.083 -3.942 
1703401236.907 0.015 -4.016 
1703401237.006 0.100 -4.095 
1703401237.107 0.185 -4.196 
1703401237.206 0.269 -4.298 
1703401237.306 0.344 -4.369 
1703401237.406 0.404 -4.450 
1703401237.506 0.446 -4.560 
1703401237.607 0.490 -4.675 
1703401237.706 0.536 -4.789 
1703401237.809 0.573 -4.901 
1703401237.910 0.599 -5.016 
1703401238.009 0.614 -5.125 
1703401238.110 0.633 -5.235 
1703401238.209 0.652 -5.350 
1703401238.310 0.661 -5.466 
1703401238.409 0.659 -5.585 
1703401238.510 0.660 -5.704 
1703401238.610 0.665 -5.820 
1703401238.710 0.670 -5.931 
1703401238.811 0.671 -6.044 
1703401238.910 0.664 -6.157 
1703401239.010 0.661 -6.274 
1703401239.111 0.653 -6.392 
1703401239.211 0.646 -6.507 
1703401239.311 0.636 -6.625 
1703401239.411 0.626 -6.744 
1703401239.511 0.615 -6.862 
1703401239.611 0.605 -6.979 
1703401239.711 0.594 -7.097 
1703401239.811 0.584 -7.215 
1703401239.911 0.576 -7.333 
1703401240.012 0.570 -7.449 
1703401240.112 0.567 -7.564 
1703401240.212 0.571 -7.682 
1703401240.312 0.583 -7.800 
1703401240.412 0.594 -7.912 
1703401240.512 0.611 -8.021 
1703401240.613 0.656 -8.141 
1703401240.712 0.689 -8.236 
1703401240.813 0.706 -8.292 
1703401240.913 0.706 -8.314 
1703401241.014 0.679 -8.314 
1703401242.119 0.785 -8.158 
1703401242.221 0.792 -8.132 
1703401242.321 0.816 -8.109 
1703401242.420 0.880 -8.079 
1703401242.520 0.969 -8.038 
1703401242.620 1.066 -7.996 
1703401242.720 1.099 -7.974 
1703401242.820 1.123 -7.951 
1703401242.924 1.184 -7.935 
1703401243.021 1.274 -7.913 
1703401243.121 1.392 -7.875 
1703401243.220 1.510 -7.837 
1703401243.322 1.576 -7.811 
1703401243.422 1.657 -7.801 
1703401243.522 1.752 -7.786 
1703401243.622 1.847 -7.773 
1703401243.722 1.940 -7.759 
1703401243.823 2.030 -7.747 
1703401243.924 2.119 -7.738 
1703401244.022 2.210 -7.736 
1703401244.122 2.303 -7.735 
1703401244.224 2.395 -7.736 
1703401244.324 2.492 -7.741 
1703401244.425 2.595 -7.748 
1703401244.524 2.678 -7.747 
1703401244.625 2.767 -7.756 
1703401244.725 2.860 -7.768 
1703401244.826 2.954 -7.785 
1703401244.926 3.045 -7.803 
1703401245.025 3.139 -7.831 
1703401245.125 3.228 -7.857 
1703401245.225 3.313 -7.880 
1703401245.325 3.397 -7.909 
1703401245.426 3.476 -7.940 
1703401245.525 3.555 -7.971 
1703401245.626 3.633 -7.998 
1703401245.726 3.705 -8.020 
1703401245.827 3.776 -8.039 
1703401245.926 3.849 -8.056 
1703401246.027 3.913 -8.065 
1703401246.128 3.980 -8.065 
1703401246.227 4.067 -8.066 
1703401246.328 4.159 -8.046 
1703401246.427 4.227 -8.025 
1703401246.528 4.290 -8.006 
1703401246.628 4.371 -7.982 
1703401246.728 4.457 -7.954 
1703401246.827 4.523 -7.926 
1703401246.928 4.588 -7.889 
1703401247.028 4.639 -7.873 
1703401247.129 4.684 -7.878 
1703401247.228 4.753 -7.845 
1703401247.328 4.855 -7.813 
1703401247.429 4.973 -7.779 
1703401247.528 5.067 -7.747 
1703401247.629 5.128 -7.728 
1703401247.729 5.214 -7.715 
1703401247.830 5.326 -7.713 
1703401247.929 5.427 -7.715 
1703401248.029 5.525 -7.721 
1703401248.129 5.616 -7.734 
1703401248.229 5.705 -7.747 
1703401248.329 5.789 -7.764 
1703401248.432 5.900 -7.809 
1703401248.530 6.014 -7.844 
1703401248.629 6.110 -7.877 
1703401248.730 6.210 -7.906 
1703401248.830 6.301 -7.930 
1703401248.930 6.392 -7.958 
1703401249.030 6.477 -7.990 
1703401249.131 6.566 -8.019 
1703401249.231 6.656 -8.048 
1703401249.331 6.731 -8.075 
1703401249.432 6.798 -8.100 
1703401249.532 6.872 -8.118 
1703401249.631 6.932 -8.131 
1703401249.732 7.007 -8.147 
1703401249.832 7.077 -8.168 
1703401249.931 7.124 -8.182 
1703401250.031 7.166 -8.193 
1703401250.132 7.203 -8.196 
1703401250.232 7.273 -8.188 
1703401250.333 7.352 -8.162 
1703401250.432 7.390 -8.137 
1703401250.533 7.336 -8.156 
1703401252.244 7.104 -8.016 
1703401252.346 7.101 -8.082 
1703401252.445 7.116 -8.182 
1703401252.546 7.147 -8.210 
1703401252.646 7.223 -8.159 
1703401252.746 7.289 -8.054 
1703401252.846 7.342 -7.991 
1703401252.945 7.385 -7.950 
1703401253.046 7.421 -7.879 
1703401253.146 7.462 -7.785 
1703401253.246 7.489 -7.689 
1703401253.346 7.521 -7.647 
1703401253.446 7.544 -7.593 
1703401253.546 7.563 -7.504 
1703401253.646 7.586 -7.405 
1703401253.747 7.607 -7.308 
1703401253.849 7.626 -7.221 
1703401253.947 7.649 -7.169 
1703401254.047 7.675 -7.102 
1703401254.148 7.697 -7.014 
1703401254.248 7.715 -6.922 
1703401254.347 7.732 -6.837 
1703401254.447 7.744 -6.759 
1703401254.548 7.757 -6.670 
1703401254.648 7.774 -6.589 
1703401254.747 7.786 -6.512 
1703401254.850 7.793 -6.426 
1703401254.948 7.797 -6.347 
1703401255.451 7.746 -6.219 
1703401255.452 7.746 -6.219 
1703401255.552 7.754 -6.163 
1703401255.652 7.765 -6.053 
1703401255.752 7.780 -5.929 
1703401255.851 7.773 -5.850 
1703401255.952 7.770 -5.777 
1703401256.053 7.769 -5.703 
1703401256.152 7.768 -5.629 
1703401256.253 7.768 -5.553 
1703401256.353 7.767 -5.477 
1703401256.456 7.767 -5.401 
1703401256.555 7.766 -5.328 
1703401256.656 7.766 -5.251 
1703401256.755 7.767 -5.142 
1703401256.859 7.768 -5.022 
1703401256.956 7.769 -4.925 
1703401257.057 7.769 -4.869 
1703401257.157 7.765 -4.807 
1703401257.257 7.763 -4.729 
1703401257.357 7.763 -4.651 
1703401257.457 7.763 -4.576 
1703401257.557 7.763 -4.501 
1703401257.657 7.763 -4.425 
1703401257.757 7.763 -4.350 
1703401257.858 7.763 -4.275 
1703401257.958 7.763 -4.199 
1703401258.058 7.762 -4.124 
1703401258.159 7.763 -4.007 
1703401258.258 7.762 -3.896 
1703401258.359 7.763 -3.802 
1703401258.466 7.762 -3.704 
1703401258.561 7.761 -3.601 
1703401258.659 7.761 -3.502 
1703401258.758 7.760 -3.404 
1703401258.859 7.760 -3.303 
1703401258.958 7.760 -3.205 
1703401259.059 7.759 -3.107 
1703401259.159 7.758 -3.007 
1703401259.259 7.757 -2.908 
1703401259.360 7.757 -2.809 
1703401259.459 7.756 -2.710 
1703401259.562 7.755 -2.651 
1703401259.661 7.754 -2.584 
1703401259.762 7.752 -2.508 
1703401259.862 7.751 -2.433 
1703401259.966 7.750 -2.356 
1703401260.064 7.749 -2.282 
1703401260.164 7.748 -2.187 
1703401260.263 7.746 -2.067 
1703401260.363 7.746 -1.958 
1703401260.463 7.744 -1.857 
1703401260.563 7.744 -1.761 
1703401260.663 7.745 -1.663 
1703401260.763 7.746 -1.563 
1703401260.863 7.745 -1.488 
1703401260.963 7.744 -1.433 
1703401261.064 7.743 -1.360 
1703401261.164 7.742 -1.284 
1703401261.265 7.742 -1.207 
1703401261.364 7.742 -1.132 
1703401261.465 7.742 -1.054 
1703401261.564 7.740 -0.979 
1703401261.665 7.740 -0.901 
1703401261.765 7.740 -0.826 
1703401261.865 7.740 -0.750 
1703401261.965 7.741 -0.675 
1703401262.065 7.742 -0.597 
1703401262.166 7.743 -0.523 
1703401262.265 7.744 -0.449 
1703401262.366 7.746 -0.374 
1703401262.466 7.747 -0.297 
1703401262.567 7.748 -0.223 
1703401262.666 7.751 -0.147 
1703401262.766 7.753 -0.069 
1703401262.868 7.755 0.010 
1703401262.967 7.758 0.085 
1703401263.067 7.760 0.163 
1703401263.167 7.762 0.242 
1703401263.267 7.764 0.320 
1703401263.367 7.767 0.399 
1703401263.467 7.768 0.479 
1703401263.567 7.769 0.560 
1703401263.667 7.771 0.640 
1703401263.767 7.773 0.719 
1703401263.867 7.773 0.798 
1703401263.968 7.775 0.879 
1703401264.068 7.777 0.959 
1703401264.170 7.778 1.039 
1703401264.270 7.783 1.118 
1703401264.370 7.789 1.197 
1703401264.470 7.793 1.276 
1703401264.570 7.796 1.355 
1703401264.670 7.802 1.435 
1703401264.770 7.809 1.514 
1703401264.869 7.815 1.593 
1703401264.971 7.820 1.671 
1703401265.071 7.825 1.749 
1703401265.170 7.831 1.822 
1703401265.271 7.836 1.893 
1703401265.371 7.841 1.964 
1703401265.471 7.836 2.048 
1703401265.570 7.833 2.130 
1703401265.671 7.828 2.251 
1703401265.771 7.834 2.355 
1703401265.872 7.836 2.444 
1703401265.973 7.827 2.540 
1703401266.072 7.817 2.634 
1703401266.173 7.804 2.725 
1703401266.273 7.788 2.811 
1703401266.373 7.781 2.891 
1703401266.473 7.773 2.970 
1703401266.574 7.760 3.049 
1703401266.674 7.743 3.124 
1703401266.774 7.730 3.195 
1703401266.874 7.718 3.264 
1703401266.974 7.692 3.332 
1703401267.074 7.633 3.406 
1703401267.174 7.575 3.481 
1703401267.275 7.557 3.549 
1703401267.374 7.564 3.608 
1703401267.474 7.522 3.666 
1703401267.574 7.408 3.705 
1703401267.674 7.314 3.762 
1703401267.775 7.190 3.795 
1703401267.876 7.082 3.819 
1703401267.974 7.005 3.819 
1703401268.075 6.931 3.785 
1703401268.175 6.804 3.758 
1703401268.275 6.735 3.723 
1703401268.375 6.709 3.722 
1703401268.475 6.655 3.684 
1703401268.576 6.582 3.651 
1703401268.676 6.473 3.628 
1703401268.776 6.380 3.603 
1703401268.876 6.306 3.598 
1703401268.975 6.216 3.576 
1703401269.076 6.104 3.569 
1703401269.176 5.999 3.563 
1703401269.276 5.911 3.550 
1703401269.377 5.855 3.523 
1703401269.476 5.775 3.509 
1703401269.577 5.667 3.519 
1703401269.676 5.556 3.535 
1703401269.777 5.451 3.552 
1703401269.877 5.340 3.572 
1703401269.977 5.216 3.599 
1703401270.077 5.102 3.626 
1703401270.178 4.993 3.650 
1703401270.278 4.900 3.670 
1703401270.377 4.810 3.685 
1703401270.478 4.720 3.690 
1703401270.579 4.617 3.721 
1703401270.678 4.523 3.732 
1703401270.778 4.418 3.759 
1703401270.878 4.322 3.826 
1703401270.978 4.245 3.921 
1703401271.078 4.174 4.011 
1703401271.178 4.105 4.103 
1703401271.278 4.032 4.193 
1703401271.379 3.964 4.292 
1703401271.479 3.893 4.391 
1703401271.581 3.821 4.490 
1703401271.679 3.755 4.581 
1703401271.779 3.695 4.677 
1703401271.879 3.633 4.769 
1703401271.980 3.568 4.863 
1703401272.080 3.508 4.963 
1703401272.181 3.447 5.066 
1703401272.281 3.389 5.166 
1703401272.380 3.327 5.267 
1703401272.482 3.264 5.368 
1703401272.581 3.204 5.468 
1703401272.681 3.143 5.569 
1703401272.780 3.085 5.670 
1703401272.881 3.028 5.770 
1703401272.981 2.965 5.875 
1703401273.082 2.905 5.978 
1703401273.181 2.840 6.081 
1703401273.281 2.778 6.185 
1703401273.382 2.717 6.290 
1703401273.481 2.656 6.394 
1703401273.582 2.594 6.497 
1703401273.682 2.531 6.601 
1703401273.782 2.469 6.705 
1703401273.883 2.406 6.809 
1703401273.982 2.345 6.911 
1703401274.082 2.284 7.014 
1703401274.183 2.224 7.115 
1703401274.283 2.165 7.217 
1703401274.382 2.104 7.315 
1703401274.483 2.044 7.412 
1703401274.584 1.984 7.511 
1703401274.683 1.926 7.612 
1703401274.784 1.868 7.713 
1703401274.883 1.810 7.811 
1703401274.984 1.750 7.908 
1703401275.083 1.693 8.006 
1703401275.184 1.640 8.104 
1703401275.284 1.587 8.199 
1703401275.383 1.535 8.297 
1703401275.484 1.482 8.396 
1703401275.584 1.436 8.503 
1703401275.685 1.393 8.599 
1703401275.784 1.350 8.687 
1703401281.795 1.218 8.041 
1703401281.796 1.218 8.041 
1703401281.896 1.237 8.090 
1703401281.996 1.275 8.208 
1703401282.096 1.332 8.201 
1703401282.196 1.381 8.117 
1703401282.296 1.419 7.978 
1703401282.396 1.456 7.824 
1703401282.496 1.502 7.719 
1703401282.599 1.531 7.620 
1703401282.697 1.524 7.516 
1703401282.797 1.506 7.411 
1703401282.897 1.482 7.356 
1703401282.997 1.450 7.359 
1703401283.098 1.429 7.353 
1703401283.198 1.434 7.297 
1703401283.298 1.428 7.153 
1703401283.399 1.431 7.025 
1703401283.498 1.436 6.913 
1703401283.597 1.444 6.804 
1703401283.698 1.451 6.693 
1703401283.798 1.462 6.596 
1703401283.898 1.462 6.497 
1703401283.998 1.458 6.394 
1703401284.098 1.460 6.293 
1703401284.199 1.457 6.188 
1703401284.298 1.451 6.084 
1703401284.399 1.440 5.988 
1703401284.516 1.426 5.892 
1703401284.616 1.416 5.797 
1703401284.715 1.407 5.702 
1703401284.815 1.400 5.606 
1703401284.914 1.389 5.510 
1703401285.016 1.364 5.416 
1703401285.117 1.339 5.322 
1703401285.217 1.331 5.240 
1703401285.316 1.312 5.155 
1703401285.417 1.278 5.070 
1703401285.517 1.241 4.989 
1703401285.618 1.190 4.911 
1703401285.717 1.140 4.837 
1703401285.817 1.099 4.766 
1703401285.917 1.068 4.693 
1703401286.017 1.035 4.618 
1703401286.117 0.930 4.541 
1703401286.218 0.851 4.469 
1703401286.317 0.772 4.399 
1703401286.418 0.689 4.334 
1703401286.518 0.593 4.283 
1703401286.618 0.534 4.263 
1703401286.718 0.475 4.237 
1703401286.818 0.406 4.205 
1703401286.918 0.296 4.188 
1703401287.019 0.174 4.171 
1703401287.118 0.081 4.149 
1703401287.219 -0.016 4.126 
1703401287.319 -0.127 4.097 
1703401287.420 -0.240 4.069 
1703401287.519 -0.341 4.046 
1703401287.620 -0.441 4.018 
1703401287.719 -0.559 3.993 
1703401287.820 -0.675 3.972 
1703401287.920 -0.792 3.971 
1703401288.020 -0.910 3.972 
1703401288.120 -1.023 3.967 
1703401288.220 -1.127 3.969 
1703401288.323 -1.235 3.984 
1703401288.420 -1.335 4.010 
1703401288.521 -1.440 4.040 
1703401288.620 -1.542 4.069 
1703401288.721 -1.642 4.096 
1703401288.820 -1.740 4.124 
1703401288.921 -1.840 4.151 
1703401289.020 -1.938 4.179 
1703401289.121 -2.037 4.207 
1703401289.221 -2.131 4.234 
1703401289.321 -2.224 4.262 
1703401289.422 -2.319 4.290 
1703401289.521 -2.415 4.314 
1703401289.636 -2.510 4.337 
1703401289.729 -2.608 4.361 
1703401289.824 -2.705 4.387 
1703401289.923 -2.805 4.412 
1703401290.023 -2.906 4.435 
1703401290.123 -3.008 4.457 
1703401290.223 -3.109 4.479 
1703401290.323 -3.207 4.499 
1703401290.423 -3.306 4.518 
1703401290.524 -3.407 4.541 
1703401290.624 -3.505 4.560 
1703401290.724 -3.598 4.579 
1703401290.825 -3.684 4.602 
1703401290.924 -3.772 4.623 
1703401291.024 -3.857 4.642 
1703401291.125 -3.944 4.653 
1703401291.224 -4.040 4.653 
1703401291.324 -4.122 4.664 
1703401291.425 -4.207 4.674 
1703401291.525 -4.287 4.676 
1703401291.625 -4.367 4.671 
1703401291.724 -4.445 4.650 
1703401291.825 -4.515 4.626 
1703401291.925 -4.582 4.606 
1703401292.025 -4.663 4.587 
1703401292.125 -4.775 4.549 
1703401292.226 -4.855 4.523 
1703401292.326 -4.919 4.507 
1703401292.425 -4.994 4.473 
1703401292.527 -5.086 4.432 
1703401292.627 -5.172 4.392 
1703401292.727 -5.255 4.352 
1703401292.828 -5.335 4.318 
1703401292.928 -5.419 4.280 
1703401293.028 -5.504 4.239 
1703401293.128 -5.582 4.204 
1703401293.229 -5.661 4.168 
1703401293.330 -5.738 4.135 
1703401293.428 -5.811 4.103 
1703401293.529 -5.885 4.070 
1703401293.629 -5.956 4.038 
1703401293.729 -6.030 4.005 
1703401293.829 -6.101 3.973 
1703401293.930 -6.169 3.942 
1703401294.030 -6.269 3.893 
1703401294.129 -6.366 3.844 
1703401294.230 -6.449 3.808 
1703401294.330 -6.532 3.768 
1703401294.430 -6.618 3.728 
1703401294.531 -6.700 3.693 
1703401294.631 -6.776 3.658 
1703401294.731 -6.862 3.619 
1703401294.831 -6.951 3.579 
1703401294.931 -7.046 3.542 
1703401295.031 -7.134 3.502 
1703401295.131 -7.219 3.462 
1703401295.230 -7.304 3.418 
1703401295.331 -7.387 3.366 
1703401295.431 -7.463 3.311 
1703401295.532 -7.529 3.254 
1703401295.631 -7.589 3.206 
1703401295.732 -7.648 3.137 
1703401295.831 -7.705 3.065 
1703401295.932 -7.762 3.002 
1703401296.032 -7.813 2.943 
1703401296.131 -7.864 2.881 
1703401296.232 -7.910 2.815 
1703401296.332 -7.945 2.740 
1703401296.432 -7.965 2.655 
1703401296.532 -7.972 2.563 
1703401296.633 -7.979 2.476 
1703401296.733 -7.974 2.376 
1703401296.833 -7.961 2.263 
1703401296.932 -7.949 2.164 
1703401297.033 -7.943 2.101 
1703401297.133 -7.929 2.064 
1703401297.233 -7.914 2.049 
1703401297.333 -7.846 2.001 
1703401297.435 -7.734 1.932 
1703401297.534 -7.656 1.871 
1703401297.634 -7.596 1.803 
1703401297.734 -7.535 1.739 
1703401297.833 -7.510 1.719 
1703401297.934 -7.430 1.684 
1703401298.035 -7.328 1.626 
1703401298.135 -7.193 1.577 
1703401298.235 -7.136 1.516 
1703401298.335 -7.092 1.468 
1703401298.435 -7.044 1.459 
1703401298.535 -6.934 1.457 
1703401298.635 -6.796 1.443 
1703401298.736 -6.669 1.442 
1703401298.835 -6.560 1.445 
1703401298.935 -6.464 1.449 
1703401299.036 -6.375 1.448 
1703401299.136 -6.289 1.446 
1703401299.236 -6.205 1.444 
1703401299.336 -6.116 1.452 
1703401299.438 -6.013 1.466 
1703401299.536 -5.908 1.483 
1703401299.637 -5.805 1.498 
1703401299.736 -5.702 1.513 
1703401299.837 -5.598 1.529 
1703401299.938 -5.492 1.548 
1703401300.036 -5.390 1.568 
1703401300.138 -5.284 1.586 
1703401300.237 -5.184 1.603 
1703401300.339 -5.081 1.621 
1703401300.439 -4.985 1.640 
1703401300.540 -4.887 1.657 
1703401300.641 -4.793 1.674 
1703401300.740 -4.700 1.691 
1703401300.840 -4.609 1.708 
1703401300.941 -4.525 1.727 
1703401301.040 -4.443 1.744 
1703401301.141 -4.359 1.755 
1703401301.241 -4.276 1.763 
1703401301.341 -4.193 1.769 
1703401301.441 -4.110 1.777 
1703401301.541 -4.034 1.792 
1703401301.641 -3.952 1.804 
1703401301.742 -3.872 1.811 
1703401301.842 -3.793 1.814 
1703401301.941 -3.705 1.821 
1703401302.042 -3.617 1.828 
1703401302.142 -3.528 1.838 
1703401302.242 -3.436 1.846 
1703401302.342 -3.346 1.853 
1703401302.442 -3.252 1.861 
1703401302.542 -3.158 1.868 
1703401302.642 -3.062 1.875 
1703401302.742 -2.976 1.887 
1703401302.842 -2.883 1.894 
1703401302.942 -2.787 1.896 
1703401303.043 -2.689 1.900 
1703401303.142 -2.597 1.901 
1703401303.243 -2.501 1.900 
1703401303.343 -2.408 1.895 
1703401303.443 -2.316 1.889 
1703401303.543 -2.221 1.880 
1703401303.643 -2.125 1.866 
1703401303.744 -2.026 1.845 
1703401303.843 -1.925 1.826 
1703401303.944 -1.826 1.808 
1703401304.043 -1.733 1.791 
1703401304.143 -1.643 1.761 
1703401304.244 -1.557 1.720 
1703401304.344 -1.463 1.681 
1703401304.444 -1.375 1.646 
1703401304.544 -1.293 1.612 
1703401304.645 -1.220 1.571 
1703401304.744 -1.137 1.510 
1703401304.845 -1.065 1.426 
1703401304.945 -0.999 1.343 
1703401305.044 -0.956 1.261 
1703401305.145 -0.910 1.171 
1703401305.245 -0.861 1.052 
1703401305.345 -0.807 0.963 
1703401305.445 -0.759 0.874 
1703401305.545 -0.728 0.773 
1703401305.645 -0.696 0.669 
1703401305.745 -0.669 0.563 
1703401305.846 -0.641 0.451 
1703401305.946 -0.614 0.356 
1703401306.045 -0.598 0.255 
1703401306.146 -0.589 0.148 
1703401306.246 -0.584 0.039 
1703401306.348 -0.590 -0.062 
1703401306.448 -0.595 -0.164 
1703401306.548 -0.600 -0.266 
1703401306.648 -0.608 -0.369 
1703401306.748 -0.625 -0.477 
1703401306.849 -0.655 -0.590 
1703401306.950 -0.696 -0.702 
1703401307.049 -0.736 -0.805 
1703401307.148 -0.781 -0.904 
1703401307.249 -0.848 -0.995 
1703401307.349 -0.929 -1.086 
1703401307.449 -1.015 -1.171 
1703401307.552 -1.095 -1.259 
1703401307.652 -1.187 -1.348 
1703401307.752 -1.271 -1.424 
1703401307.852 -1.369 -1.487 
1703401307.953 -1.476 -1.545 
1703401308.052 -1.584 -1.604 
1703401308.152 -1.691 -1.658 
1703401308.255 -1.806 -1.704 
1703401308.353 -1.914 -1.746 
1703401308.453 -2.033 -1.777 
1703401308.554 -2.150 -1.805 
1703401308.655 -2.259 -1.836 
1703401308.755 -2.367 -1.863 
1703401308.855 -2.473 -1.885 
1703401308.955 -2.577 -1.902 
1703401309.055 -2.678 -1.921 
1703401309.155 -2.772 -1.939 
1703401309.255 -2.866 -1.958 
1703401309.356 -2.957 -1.976 
1703401309.455 -3.048 -1.986 
1703401309.556 -3.139 -1.992 
1703401309.656 -3.231 -2.004 
1703401309.756 -3.325 -2.017 
1703401309.856 -3.419 -2.026 
1703401309.957 -3.509 -2.031 
1703401310.056 -3.601 -2.033 
1703401310.159 -3.695 -2.032 
1703401310.259 -3.791 -2.024 
1703401310.359 -3.884 -2.019 
1703401310.460 -3.978 -2.009 
1703401310.561 -4.072 -1.997 
1703401310.660 -4.168 -1.985 
1703401310.761 -4.266 -1.974 
1703401310.862 -4.366 -1.964 
1703401310.962 -4.464 -1.953 
1703401311.061 -4.562 -1.940 
1703401311.161 -4.664 -1.927 
1703401311.262 -4.766 -1.919 
1703401311.362 -4.871 -1.915 
1703401311.463 -4.974 -1.912 
1703401311.562 -5.082 -1.910 
1703401311.663 -5.190 -1.904 
1703401311.763 -5.291 -1.898 
1703401311.863 -5.395 -1.901 
1703401311.963 -5.499 -1.901 
1703401312.064 -5.605 -1.903 
1703401312.164 -5.706 -1.904 
1703401312.263 -5.809 -1.906 
1703401312.364 -5.909 -1.909 
1703401312.464 -6.008 -1.911 
1703401312.563 -6.109 -1.910 
1703401312.664 -6.208 -1.909 
1703401312.764 -6.302 -1.907 
1703401312.864 -6.395 -1.903 
1703401312.964 -6.482 -1.899 
1703401313.063 -6.566 -1.893 
1703401313.164 -6.648 -1.885 
1703401313.264 -6.724 -1.878 
1703401313.365 -6.831 -1.875 
1703401313.464 -6.934 -1.870 
1703401313.565 -7.019 -1.863 
1703401313.666 -7.096 -1.864 
1703401313.765 -7.163 -1.869 
1703401313.865 -7.226 -1.876 
1703401313.966 -7.296 -1.884 
1703401314.065 -7.330 -1.853 
1703401314.166 -7.372 -1.845 
1703401314.267 -7.432 -1.860 
1703401314.367 -7.505 -1.929 
1703401314.467 -7.571 -1.985 
1703401314.566 -7.622 -2.063 
1703401314.667 -7.662 -2.158 
1703401314.766 -7.699 -2.248 
1703401314.867 -7.734 -2.316 
1703401314.967 -7.756 -2.365 
1703401315.067 -7.753 -2.412 
1703401315.175 -7.753 -2.447 
1703401315.271 -7.771 -2.484 
1703401315.368 -7.829 -2.558 
1703401315.467 -7.886 -2.649 
1703401315.568 -7.934 -2.714 
1703401315.667 -7.978 -2.790 
1703401315.768 -8.021 -2.868 
1703401315.868 -8.044 -2.971 
1703401315.968 -8.044 -3.074 
1703401316.068 -8.026 -3.176 
1703401317.674 -7.871 -3.373 
1703401317.675 -7.871 -3.373 
1703401317.779 -7.831 -3.352 
1703401317.877 -7.711 -3.338 
1703401317.976 -7.568 -3.323 
1703401318.076 -7.446 -3.309 
1703401318.177 -7.328 -3.310 
1703401318.276 -7.210 -3.316 
1703401318.377 -7.090 -3.323 
1703401318.477 -6.971 -3.329 
1703401318.577 -6.853 -3.334 
1703401318.677 -6.734 -3.342 
1703401318.778 -6.616 -3.354 
1703401318.878 -6.497 -3.365 
1703401318.978 -6.390 -3.374 
1703401319.078 -6.291 -3.383 
1703401319.179 -6.196 -3.396 
1703401319.278 -6.099 -3.417 
1703401319.378 -6.003 -3.435 
1703401319.479 -5.909 -3.449 
1703401319.579 -5.813 -3.463 
1703401319.679 -5.718 -3.482 
1703401319.780 -5.629 -3.506 
1703401319.879 -5.539 -3.527 
1703401319.978 -5.444 -3.566 
1703401320.079 -5.350 -3.617 
1703401320.180 -5.269 -3.652 
1703401320.279 -5.191 -3.690 
1703401320.380 -5.105 -3.738 
1703401320.479 -5.017 -3.827 
1703401320.580 -4.931 -3.908 
1703401320.679 -4.853 -3.978 
1703401320.780 -4.777 -4.045 
1703401320.880 -4.701 -4.126 
1703401320.980 -4.629 -4.220 
1703401321.081 -4.553 -4.314 
1703401321.180 -4.481 -4.419 
1703401321.280 -4.415 -4.533 
1703401321.380 -4.345 -4.639 
1703401321.481 -4.285 -4.744 
1703401321.581 -4.239 -4.852 
1703401321.680 -4.206 -4.962 
1703401321.781 -4.173 -5.072 
1703401321.881 -4.145 -5.182 
1703401321.981 -4.126 -5.294 
1703401322.082 -4.112 -5.406 
1703401322.181 -4.098 -5.523 
1703401322.281 -4.081 -5.637 
1703401322.381 -4.061 -5.749 
1703401322.481 -4.043 -5.857 
1703401322.582 -4.031 -5.952 
1703401322.682 -3.995 -6.031 
1703401322.782 -3.945 -6.091 
1703401322.882 -3.884 -6.147 
1703401322.982 -3.816 -6.190 
1703401323.083 -3.756 -6.210 
1703401323.182 -3.711 -6.208 
1703401323.283 -3.688 -6.190 
1703401323.382 -3.657 -6.168 
1703401323.482 -3.585 -6.133 
1703401323.584 -3.514 -6.112 
1703401323.684 -3.473 -6.099 
1703401323.784 -3.448 -6.087 
1703401323.884 -3.410 -6.060 
1703401323.986 -3.365 -6.036 
1703401324.087 -3.314 -6.014 
1703401324.187 -3.261 -5.992 
1703401324.288 -3.201 -5.971 
1703401324.388 -3.147 -5.956 
1703401324.487 -3.090 -5.926 
1703401324.587 -3.051 -5.932 
1703401324.688 -3.015 -5.945 
1703401324.787 -2.981 -5.960 
1703401324.888 -2.957 -5.946 
1703401324.991 -2.947 -5.932 
1703401325.993 -2.963 -5.955 
1703401326.093 -2.925 -5.962 
1703401326.193 -2.928 -5.912 
1703401326.294 -2.992 -5.838 
1703401326.394 -3.071 -5.768 
1703401326.494 -3.142 -5.730 
1703401326.594 -3.191 -5.669 
1703401326.694 -3.248 -5.581 
1703401326.794 -3.299 -5.509 
1703401326.893 -3.341 -5.449 
1703401326.994 -3.381 -5.390 
1703401327.094 -3.431 -5.326 
1703401327.195 -3.493 -5.243 
1703401327.295 -3.555 -5.161 
1703401327.394 -3.615 -5.084 
1703401327.495 -3.661 -5.006 
1703401327.595 -3.697 -4.913 
1703401327.695 -3.746 -4.839 
1703401327.795 -3.786 -4.755 
1703401327.896 -3.825 -4.670 
1703401327.996 -3.862 -4.581 
1703401328.096 -3.891 -4.485 
1703401328.196 -3.901 -4.383 
1703401328.296 -3.902 -4.281 
1703401328.397 -3.899 -4.182 
1703401328.497 -3.901 -4.087 
1703401328.596 -3.894 -3.985 
1703401328.696 -3.863 -3.885 
1703401328.798 -3.817 -3.783 
1703401328.897 -3.777 -3.679 
1703401328.997 -3.730 -3.581 
1703401329.097 -3.675 -3.485 
1703401329.197 -3.611 -3.393 
1703401329.297 -3.543 -3.303 
1703401329.397 -3.462 -3.210 
1703401329.497 -3.383 -3.118 
1703401329.598 -3.314 -3.027 
1703401329.697 -3.242 -2.937 
1703401329.798 -3.156 -2.850 
1703401329.898 -3.071 -2.764 
1703401329.998 -2.988 -2.675 
1703401330.098 -2.907 -2.587 
1703401330.199 -2.823 -2.503 
1703401330.316 -2.730 -2.416 
1703401330.410 -2.649 -2.337 
1703401330.504 -2.561 -2.250 
1703401330.601 -2.472 -2.168 
1703401330.700 -2.383 -2.088 
1703401330.800 -2.294 -2.008 
1703401330.899 -2.202 -1.927 
1703401331.000 -2.111 -1.846 
1703401331.100 -2.021 -1.766 
1703401331.201 -1.930 -1.686 
1703401331.300 -1.839 -1.607 
1703401331.400 -1.745 -1.528 
1703401331.500 -1.656 -1.448 
1703401331.600 -1.570 -1.366 
1703401331.701 -1.481 -1.287 
1703401331.800 -1.385 -1.209 
1703401331.902 -1.285 -1.124 
1703401332.002 -1.192 -1.033 
1703401332.101 -1.109 -0.967 
1703401332.201 -1.037 -0.895 
1703401332.301 -0.967 -0.826 
1703401332.401 -0.899 -0.754 
1703401332.501 -0.835 -0.672 
1703401332.601 -0.773 -0.585 
1703401332.701 -0.714 -0.518 
1703401332.802 -0.658 -0.443 
1703401332.902 -0.613 -0.364 
1703401333.002 -0.581 -0.272 
1703401333.102 -0.557 -0.177 
1703401333.202 -0.535 -0.082 
1703401333.302 -0.525 0.017 
1703401333.402 -0.515 0.120 
1703401333.502 -0.507 0.208 
1703401333.602 -0.508 0.303 
1703401333.703 -0.518 0.406 
1703401333.802 -0.534 0.504 
1703401333.902 -0.557 0.602 
1703401334.003 -0.579 0.700 
1703401334.102 -0.604 0.793 
1703401334.203 -0.641 0.892 
1703401334.302 -0.680 0.987 
1703401334.403 -0.720 1.083 
1703401334.503 -0.763 1.178 
1703401334.603 -0.810 1.273 
1703401334.704 -0.866 1.364 
1703401334.804 -0.924 1.454 
1703401334.904 -0.987 1.544 
1703401335.003 -1.063 1.633 
1703401335.104 -1.141 1.721 
1703401335.204 -1.208 1.802 
1703401335.305 -1.284 1.878 
1703401335.404 -1.364 1.958 
1703401335.505 -1.453 2.037 
1703401335.604 -1.541 2.115 
1703401335.705 -1.624 2.195 
1703401335.804 -1.709 2.271 
1703401335.905 -1.803 2.349 
1703401336.006 -1.896 2.425 
1703401336.106 -1.988 2.503 
1703401336.205 -2.075 2.575 
1703401336.305 -2.171 2.651 
1703401336.406 -2.268 2.724 
1703401336.507 -2.364 2.798 
1703401336.606 -2.460 2.871 
1703401336.707 -2.559 2.943 
1703401336.807 -2.655 3.014 
1703401336.907 -2.754 3.085 
1703401337.007 -2.853 3.155 
1703401337.107 -2.954 3.223 
1703401337.207 -3.055 3.292 
1703401337.307 -3.158 3.357 
1703401337.407 -3.257 3.424 
1703401337.507 -3.357 3.492 
1703401337.607 -3.461 3.555 
1703401337.707 -3.568 3.619 
1703401337.807 -3.673 3.686 
1703401337.908 -3.775 3.751 
1703401338.007 -3.878 3.809 
1703401338.107 -3.981 3.867 
1703401338.208 -4.086 3.924 
1703401338.308 -4.192 3.980 
1703401338.408 -4.296 4.036 
1703401338.508 -4.403 4.089 
1703401338.609 -4.511 4.139 
1703401338.708 -4.618 4.193 
1703401338.809 -4.726 4.245 
1703401338.909 -4.835 4.293 
1703401339.009 -4.944 4.339 
1703401339.108 -5.052 4.388 
1703401339.209 -5.162 4.438 
1703401339.311 -5.273 4.482 
1703401339.411 -5.386 4.527 
1703401339.511 -5.497 4.573 
1703401339.612 -5.611 4.614 
1703401339.713 -5.725 4.657 
1703401339.811 -5.836 4.694 
1703401339.913 -5.952 4.731 
1703401340.012 -6.064 4.771 
1703401340.112 -6.179 4.807 
1703401340.213 -6.293 4.841 
1703401340.312 -6.405 4.873 
1703401340.413 -6.516 4.908 
1703401340.514 -6.621 4.941 
1703401340.612 -6.715 4.966 
1703401340.712 -6.806 4.988 
1703401340.813 -6.893 5.010 
1703401340.912 -6.981 5.035 
1703401341.013 -7.076 5.060 
1703401341.113 -7.162 5.079 
1703401341.214 -7.243 5.095 
1703401341.313 -7.321 5.110 
1703401341.419 -7.404 5.123 
1703401341.514 -7.476 5.137 
1703401341.614 -7.550 5.152 
1703401341.714 -7.664 5.168 
1703401341.814 -7.761 5.192 
1703401341.915 -7.839 5.199 
1703401342.014 -7.912 5.206 
1703401342.115 -7.986 5.216 
1703401342.215 -8.052 5.227 
1703401342.316 -8.142 5.223 
1703401342.418 -8.230 5.222 
1703401342.516 -8.314 5.230 
1703401342.616 -8.411 5.228 
1703401342.716 -8.509 5.204 
1703401342.816 -8.606 5.160 
1703401342.916 -8.695 5.128 
1703401343.018 -8.779 5.106 
1703401343.117 -8.867 5.058 
1703401343.218 -8.965 4.950 
1703401343.318 -9.045 4.869 
1703401343.417 -9.105 4.801 
1703401343.519 -9.140 4.699 
1703401343.618 -9.171 4.598 
1703401343.718 -9.207 4.536 
1703401343.818 -9.217 4.476 
1703401343.919 -9.218 4.391 
1703401344.018 -9.223 4.289 
1703401348.328 -8.973 4.173 
1703401348.329 -8.973 4.173 
1703401348.429 -8.945 4.228 
1703401348.530 -8.886 4.343 
1703401348.629 -8.814 4.463 
1703401348.730 -8.759 4.561 
1703401348.830 -8.696 4.662 
1703401348.930 -8.617 4.770 
1703401349.031 -8.544 4.870 
1703401349.131 -8.474 4.971 
1703401349.230 -8.407 5.073 
1703401349.330 -8.346 5.176 
1703401349.431 -8.287 5.276 
1703401349.531 -8.225 5.374 
1703401349.631 -8.164 5.476 
1703401349.730 -8.105 5.581 
1703401349.831 -8.049 5.688 
1703401349.931 -7.991 5.789 
1703401350.031 -7.935 5.892 
1703401350.131 -7.884 5.997 
1703401350.233 -7.843 6.107 
1703401350.334 -7.800 6.218 
1703401350.434 -7.750 6.321 
1703401350.534 -7.700 6.430 
1703401350.634 -7.658 6.541 
1703401350.735 -7.620 6.654 
1703401350.835 -7.596 6.798 
1703401350.935 -7.585 6.952 
1703401351.038 -7.586 7.037 
1703401351.135 -7.586 7.098 
1703401352.140 -7.573 7.117 
1703401352.240 -7.571 7.120 
1703401352.341 -7.612 7.123 
1703401352.441 -7.738 7.097 
1703401352.541 -7.856 7.080 
1703401352.640 -7.975 7.058 
1703401352.741 -8.081 7.035 
1703401352.841 -8.128 7.029 
1703401352.942 -8.187 7.026 
1703401357.049 -7.922 6.788 
1703401357.050 -7.923 6.788 
1703401357.150 -7.894 6.741 
1703401357.251 -7.851 6.621 
1703401357.350 -7.808 6.526 
1703401357.450 -7.771 6.441 
1703401357.550 -7.715 6.346 
1703401357.653 -7.657 6.249 
1703401357.753 -7.607 6.161 
1703401357.851 -7.556 6.084 
1703401357.951 -7.502 5.998 
1703401358.051 -7.448 5.907 
1703401358.151 -7.392 5.822 
1703401358.250 -7.334 5.738 
1703401358.351 -7.274 5.648 
1703401358.451 -7.215 5.564 
1703401358.551 -7.160 5.486 
1703401358.651 -7.098 5.418 
1703401358.752 -7.026 5.345 
1703401358.852 -6.952 5.261 
1703401358.952 -6.880 5.184 
1703401359.052 -6.805 5.120 
1703401359.154 -6.728 5.051 
1703401359.252 -6.649 4.982 
1703401359.352 -6.566 4.909 
1703401359.453 -6.484 4.841 
1703401359.554 -6.405 4.775 
1703401359.653 -6.324 4.706 
1703401359.753 -6.238 4.637 
1703401359.854 -6.153 4.566 
1703401359.954 -6.071 4.496 
1703401360.056 -5.986 4.423 
1703401360.155 -5.906 4.355 
1703401360.255 -5.822 4.284 
1703401360.354 -5.740 4.216 
1703401360.455 -5.655 4.144 
1703401360.555 -5.572 4.074 
1703401360.656 -5.490 4.005 
1703401360.756 -5.409 3.933 
1703401360.855 -5.329 3.861 
1703401360.956 -5.247 3.789 
1703401361.055 -5.169 3.719 
1703401361.156 -5.088 3.646 
1703401361.256 -5.004 3.572 
1703401361.356 -4.925 3.500 
1703401361.456 -4.840 3.432 
1703401361.556 -4.752 3.359 
1703401361.656 -4.663 3.287 
1703401361.759 -4.573 3.213 
1703401361.862 -4.491 3.145 
1703401361.962 -4.399 3.080 
1703401362.062 -4.298 3.014 
1703401362.162 -4.202 2.949 
1703401362.262 -4.109 2.883 
1703401362.362 -4.019 2.828 
1703401362.463 -3.916 2.772 
1703401362.563 -3.814 2.716 
1703401362.663 -3.714 2.659 
1703401362.765 -3.615 2.610 
1703401362.867 -3.513 2.571 
1703401362.967 -3.411 2.529 
1703401363.068 -3.303 2.483 
1703401363.167 -3.202 2.444 
1703401363.268 -3.099 2.402 
1703401363.367 -2.997 2.356 
1703401363.467 -2.893 2.319 
1703401363.567 -2.786 2.284 
1703401363.668 -2.677 2.250 
1703401363.766 -2.578 2.213 
1703401363.867 -2.481 2.174 
1703401363.968 -2.381 2.143 
1703401364.068 -2.286 2.114 
1703401364.167 -2.189 2.087 
1703401364.268 -2.090 2.051 
1703401364.369 -1.994 2.017 
1703401364.468 -1.903 1.988 
1703401364.569 -1.811 1.958 
1703401364.669 -1.718 1.925 
1703401364.769 -1.632 1.890 
1703401364.869 -1.547 1.852 
1703401364.969 -1.469 1.825 
1703401365.069 -1.384 1.796 
1703401365.170 -1.297 1.763 
1703401365.269 -1.212 1.718 
1703401365.369 -1.134 1.670 
1703401365.469 -1.058 1.617 
1703401365.569 -0.989 1.565 
1703401365.670 -0.919 1.508 
1703401365.769 -0.857 1.444 
1703401365.870 -0.796 1.367 
1703401365.969 -0.739 1.286 
1703401366.070 -0.686 1.204 
1703401366.170 -0.637 1.122 
1703401366.270 -0.599 1.037 
1703401366.370 -0.559 0.949 
1703401366.470 -0.523 0.857 
1703401366.570 -0.495 0.751 
1703401366.671 -0.467 0.651 
1703401366.772 -0.432 0.571 
1703401366.871 -0.414 0.476 
1703401366.971 -0.405 0.370 
1703401367.071 -0.397 0.265 
1703401367.172 -0.396 0.163 
1703401367.272 -0.405 0.055 
1703401367.372 -0.411 -0.045 
1703401367.471 -0.424 -0.147 
1703401367.573 -0.446 -0.243 
1703401367.671 -0.466 -0.339 
1703401367.772 -0.498 -0.452 
1703401367.871 -0.562 -0.560 
1703401367.972 -0.623 -0.660 
1703401368.073 -0.684 -0.757 
1703401368.172 -0.748 -0.853 
1703401368.273 -0.834 -0.941 
1703401368.372 -0.915 -1.032 
1703401368.473 -0.995 -1.121 
1703401368.573 -1.087 -1.201 
1703401368.682 -1.180 -1.274 
1703401368.779 -1.275 -1.351 
1703401368.876 -1.366 -1.429 
1703401368.975 -1.457 -1.502 
1703401369.073 -1.552 -1.567 
1703401369.173 -1.657 -1.632 
1703401369.274 -1.763 -1.699 
1703401369.373 -1.864 -1.767 
1703401369.475 -1.967 -1.835 
1703401369.574 -2.063 -1.900 
1703401369.674 -2.156 -1.969 
1703401369.774 -2.248 -2.042 
1703401369.874 -2.340 -2.112 
1703401369.975 -2.435 -2.181 
1703401370.075 -2.524 -2.250 
1703401370.175 -2.610 -2.326 
1703401370.274 -2.695 -2.403 
1703401370.375 -2.783 -2.483 
1703401370.475 -2.870 -2.556 
1703401370.575 -2.956 -2.633 
1703401370.675 -3.043 -2.712 
1703401370.775 -3.129 -2.798 
1703401370.875 -3.214 -2.885 
1703401370.977 -3.298 -2.966 
1703401371.075 -3.379 -3.046 
1703401371.176 -3.462 -3.135 
1703401371.276 -3.540 -3.228 
1703401371.377 -3.617 -3.308 
1703401371.478 -3.689 -3.393 
1703401371.576 -3.758 -3.481 
1703401371.676 -3.821 -3.575 
1703401371.777 -3.881 -3.672 
1703401371.880 -3.942 -3.749 
1703401371.977 -4.000 -3.833 
1703401372.077 -4.053 -3.920 
1703401372.176 -4.099 -4.003 
1703401372.278 -4.138 -4.090 
1703401372.378 -4.172 -4.172 
1703401372.478 -4.219 -4.264 
1703401372.578 -4.254 -4.352 
1703401372.679 -4.259 -4.450 
1703401372.779 -4.250 -4.547 
1703401372.882 -4.243 -4.640 
1703401372.981 -4.241 -4.732 
1703401373.080 -4.241 -4.823 
1703401373.180 -4.239 -4.915 
1703401373.279 -4.231 -5.010 
1703401373.380 -4.227 -5.102 
1703401373.479 -4.225 -5.195 
1703401373.580 -4.221 -5.295 
1703401373.679 -4.215 -5.391 
1703401373.780 -4.209 -5.489 
1703401373.880 -4.200 -5.586 
1703401373.980 -4.197 -5.682 
1703401374.081 -4.200 -5.775 
1703401374.181 -4.199 -5.863 
1703401374.281 -4.197 -5.948 
1703401374.381 -4.190 -6.043 
1703401374.482 -4.187 -6.137 
1703401374.581 -4.191 -6.220 
1703401374.680 -4.197 -6.291 
1703401374.782 -4.205 -6.360 
1703401374.882 -4.250 -6.444 
1703401374.981 -4.300 -6.527 
1703401375.082 -4.339 -6.605 
1703401375.182 -4.370 -6.677 
1703401375.282 -4.460 -6.756 
1703401375.382 -4.550 -6.835 
1703401375.482 -4.629 -6.917 
1703401375.583 -4.699 -7.000 
1703401375.683 -4.763 -7.067 
1703401375.782 -4.819 -7.123 
1703401375.883 -4.887 -7.179 
1703401375.983 -4.950 -7.256 
1703401376.082 -5.005 -7.334 
1703401376.183 -5.050 -7.408 
1703401376.283 -5.090 -7.480 
1703401376.383 -5.128 -7.569 
1703401376.483 -5.167 -7.654 
1703401376.583 -5.204 -7.734 
1703401376.684 -5.237 -7.821 
1703401376.784 -5.274 -7.911 
1703401376.884 -5.320 -7.996 
1703401376.984 -5.370 -8.077 
1703401377.084 -5.421 -8.160 
1703401377.184 -5.468 -8.243 
1703401377.284 -5.515 -8.321 
1703401377.385 -5.562 -8.398 
1703401377.484 -5.603 -8.482 
1703401377.586 -5.637 -8.568 
1703401377.686 -5.669 -8.653 
1703401382.397 -5.611 -8.719 
1703401382.398 -5.611 -8.719 
1703401382.499 -5.609 -8.676 
1703401382.599 -5.602 -8.584 
1703401382.699 -5.592 -8.456 
1703401382.799 -5.584 -8.319 
1703401382.901 -5.584 -8.228 
1703401383.000 -5.605 -8.141 
1703401383.100 -5.603 -8.001 
1703401383.199 -5.606 -7.879 
1703401383.300 -5.609 -7.761 
1703401383.401 -5.617 -7.642 
1703401383.500 -5.622 -7.518 
1703401383.601 -5.610 -7.416 
1703401383.700 -5.594 -7.326 
1703401383.800 -5.578 -7.230 
1703401383.902 -5.578 -7.116 
1703401384.001 -5.597 -7.004 
1703401384.101 -5.656 -6.897 
1703401384.200 -5.759 -6.812 
1703401384.301 -5.881 -6.753 
1703401384.402 -5.999 -6.742 
1703401384.501 -6.126 -6.757 
1703401384.602 -6.248 -6.773 
1703401384.701 -6.364 -6.795 
1703401384.802 -6.485 -6.805 
1703401384.901 -6.603 -6.814 
1703401385.002 -6.722 -6.826 
1703401385.102 -6.825 -6.847 
1703401385.201 -6.917 -6.870 
1703401385.302 -7.023 -6.907 
1703401385.402 -7.125 -6.953 
1703401385.502 -7.223 -6.999 
1703401385.602 -7.322 -7.037 
1703401385.703 -7.420 -7.081 
1703401385.807 -7.508 -7.136 
1703401385.904 -7.590 -7.190 
1703401386.003 -7.668 -7.241 
1703401386.103 -7.741 -7.290 
1703401386.204 -7.817 -7.335 
1703401386.303 -7.891 -7.383 
1703401386.403 -7.963 -7.428 
1703401386.506 -8.037 -7.467 
1703401386.606 -8.106 -7.502 
1703401386.707 -8.176 -7.536 
1703401386.806 -8.250 -7.571 
1703401386.907 -8.322 -7.612 
1703401387.007 -8.406 -7.702 
1703401387.107 -8.486 -7.794 
1703401387.207 -8.557 -7.890 
1703401387.306 -8.625 -7.952 
1703401387.406 -8.685 -8.022 
1703401387.508 -8.741 -8.093 
1703401387.608 -8.780 -8.181 
1703401387.708 -8.805 -8.292 
1703401387.808 -8.832 -8.404 
1703401387.908 -8.836 -8.493 
