1703400270.291 3.165 1.764 
1703400270.291 3.165 1.764 
1703400270.392 3.195 1.784 
1703400270.491 3.243 1.850 
1703400270.592 3.313 1.937 
1703400270.692 3.351 2.012 
1703400270.792 3.404 2.088 
1703400270.892 3.454 2.155 
1703400270.992 3.469 2.206 
1703400271.092 3.463 2.232 
1703400271.192 3.486 2.241 
1703400271.292 3.544 2.228 
1703400271.393 3.544 2.259 
1703400271.493 3.559 2.293 
1703400271.594 3.601 2.323 
1703400271.694 3.645 2.344 
1703400271.794 3.695 2.354 
1703400271.893 3.755 2.353 
1703400271.994 3.822 2.338 
1703400272.094 3.893 2.292 
1703400272.194 3.930 2.228 
1703400272.294 3.970 2.151 
1703400272.395 4.020 2.068 
1703400272.494 4.062 1.993 
1703400272.595 4.103 1.924 
1703400272.696 4.141 1.850 
1703400272.797 4.173 1.778 
1703400272.897 4.197 1.701 
1703400272.997 4.211 1.612 
1703400273.097 4.216 1.517 
1703400273.197 4.224 1.426 
1703400273.297 4.225 1.336 
1703400273.397 4.220 1.247 
1703400273.498 4.211 1.163 
1703400273.598 4.193 1.077 
1703400273.697 4.192 1.006 
1703400273.798 4.164 0.913 
1703400273.898 4.142 0.819 
1703400273.998 4.137 0.739 
1703400274.098 4.139 0.660 
1703400274.198 4.093 0.564 
1703400274.298 4.007 0.473 
1703400275.301 4.008 0.352 
1703400275.402 3.943 0.428 
1703400275.503 3.870 0.541 
1703400281.618 3.903 0.738 
1703400281.618 3.903 0.738 
1703400281.722 3.924 0.729 
1703400281.819 3.987 0.687 
1703400281.919 4.079 0.608 
1703400282.019 4.170 0.526 
1703400282.120 4.264 0.448 
1703400282.219 4.358 0.384 
1703400282.319 4.452 0.316 
1703400282.419 4.547 0.242 
1703400282.520 4.645 0.168 
1703400282.620 4.744 0.093 
1703400282.720 4.837 0.023 
1703400282.820 4.924 -0.056 
1703400282.921 5.014 -0.137 
1703400283.020 5.104 -0.216 
1703400283.121 5.193 -0.296 
1703400283.221 5.285 -0.378 
1703400283.320 5.367 -0.462 
1703400283.421 5.442 -0.545 
1703400283.521 5.518 -0.623 
1703400283.621 5.623 -0.696 
1703400283.724 5.733 -0.757 
1703400283.824 5.856 -0.797 
1703400283.924 5.986 -0.803 
1703400284.024 6.101 -0.790 
1703400284.125 6.195 -0.752 
1703400284.224 6.274 -0.699 
1703400284.325 6.348 -0.649 
1703400284.425 6.420 -0.591 
1703400284.525 6.468 -0.527 
1703400284.625 6.484 -0.479 
1703400284.725 6.491 -0.413 
1703400284.824 6.545 -0.298 
1703400284.925 6.576 -0.200 
1703400285.025 6.608 -0.124 
1703400285.126 6.625 -0.033 
1703400285.225 6.637 0.054 
1703400285.327 6.647 0.143 
1703400285.426 6.655 0.229 
1703400285.526 6.655 0.324 
1703400285.627 6.646 0.427 
1703400285.726 6.639 0.522 
1703400285.826 6.639 0.608 
1703400285.927 6.632 0.695 
1703400286.027 6.598 0.808 
1703400286.126 6.561 0.908 
1703400286.227 6.535 0.995 
1703400286.327 6.516 1.069 
1703400286.427 6.497 1.141 
1703400286.527 6.458 1.232 
1703400286.628 6.420 1.326 
1703400286.728 6.385 1.413 
1703400286.827 6.359 1.484 
1703400286.927 6.329 1.563 
1703400287.027 6.297 1.646 
1703400287.127 6.264 1.729 
1703400287.228 6.231 1.807 
1703400287.328 6.199 1.883 
1703400287.428 6.168 1.958 
1703400287.529 6.144 2.037 
1703400287.628 6.121 2.113 
1703400287.728 6.099 2.185 
1703400287.828 6.078 2.300 
1703400287.928 6.058 2.404 
1703400288.029 6.042 2.479 
1703400288.129 6.026 2.548 
1703400288.229 6.013 2.613 
1703400288.329 5.957 2.703 
1703400288.430 5.898 2.792 
1703400288.529 5.879 2.851 
1703400288.629 5.859 2.905 
1703400288.730 5.799 2.963 
1703400288.830 5.727 3.019 
1703400288.930 5.653 3.071 
1703400289.030 5.574 3.126 
1703400289.131 5.516 3.170 
1703400289.230 5.448 3.218 
1703400289.331 5.364 3.269 
1703400289.431 5.274 3.323 
1703400289.531 5.184 3.385 
1703400289.631 5.094 3.454 
1703400289.731 5.012 3.536 
1703400289.831 4.932 3.629 
1703400289.932 4.850 3.718 
1703400290.032 4.770 3.811 
1703400290.131 4.695 3.901 
1703400290.232 4.625 3.998 
1703400290.332 4.559 4.096 
1703400290.433 4.497 4.200 
1703400290.532 4.442 4.310 
1703400290.632 4.380 4.411 
1703400290.732 4.332 4.518 
1703400290.833 4.291 4.628 
1703400290.932 4.264 4.747 
1703400291.033 4.232 4.865 
1703400291.133 4.208 4.977 
1703400291.233 4.194 5.091 
1703400291.333 4.187 5.206 
1703400291.434 4.179 5.321 
1703400291.533 4.169 5.433 
1703400291.633 4.155 5.544 
1703400291.734 4.138 5.659 
1703400291.833 4.127 5.760 
1703400291.935 4.116 5.849 
1703400292.034 4.106 5.922 
1703400292.134 4.081 5.996 
1703400292.235 4.045 6.069 
1703400292.336 3.988 6.170 
1703400292.435 3.950 6.269 
1703400292.535 3.919 6.349 
1703400292.635 3.889 6.412 
1703400292.735 3.860 6.472 
1703400292.836 3.828 6.541 
1703400292.936 3.775 6.625 
1703400293.035 3.732 6.726 
1703400293.136 3.723 6.771 
1703400293.236 3.711 6.814 
1703400293.335 3.701 6.888 
1703400293.437 3.674 7.010 
1703400293.537 3.648 7.114 
1703400293.636 3.636 7.178 
1703400293.739 3.623 7.223 
1703400293.836 3.609 7.259 
1703400293.936 3.568 7.299 
1703400294.037 3.499 7.326 
1703400294.137 3.442 7.353 
1703400294.237 3.365 7.373 
1703400294.337 3.291 7.378 
1703400294.437 3.220 7.357 
1703400294.538 3.169 7.346 
1703400294.638 3.127 7.341 
1703400294.738 3.067 7.313 
1703400294.838 2.991 7.285 
1703400294.938 2.922 7.240 
1703400295.038 2.876 7.195 
1703400295.139 2.851 7.160 
1703400295.238 2.845 7.160 
1703400295.339 2.851 7.198 
1703400295.439 2.870 7.129 
1703400295.539 2.891 7.020 
1703400295.639 2.852 6.962 
1703400295.739 2.810 6.931 
1703400295.839 2.804 6.923 
1703400295.939 2.826 6.838 
1703400296.040 2.839 6.684 
1703400296.139 2.846 6.545 
1703400296.239 2.859 6.439 
1703400296.340 2.871 6.370 
1703400296.440 2.890 6.306 
1703400296.540 2.907 6.214 
1703400296.640 2.932 6.131 
1703400296.741 2.953 6.077 
1703400296.840 2.959 6.016 
1703400296.940 2.962 5.933 
1703400297.040 2.969 5.840 
1703400297.141 2.986 5.755 
1703400297.241 2.995 5.667 
1703400297.340 2.991 5.590 
1703400297.444 2.988 5.510 
1703400297.542 2.966 5.417 
1703400297.641 2.938 5.322 
1703400297.742 2.916 5.234 
1703400297.843 2.899 5.150 
1703400297.943 2.873 5.062 
1703400298.043 2.846 4.969 
1703400298.142 2.814 4.880 
1703400298.243 2.779 4.790 
1703400298.343 2.745 4.703 
1703400298.443 2.707 4.621 
1703400298.544 2.666 4.538 
1703400298.644 2.618 4.441 
1703400298.743 2.574 4.353 
1703400298.845 2.524 4.272 
1703400298.944 2.475 4.188 
1703400299.044 2.427 4.105 
1703400299.145 2.377 4.023 
1703400299.244 2.326 3.941 
1703400299.344 2.274 3.866 
1703400299.445 2.218 3.777 
1703400299.545 2.161 3.684 
1703400299.645 2.099 3.595 
1703400299.745 2.034 3.516 
1703400299.845 1.970 3.440 
1703400299.945 1.886 3.359 
1703400300.045 1.811 3.281 
1703400300.145 1.737 3.204 
1703400300.245 1.661 3.123 
1703400300.345 1.584 3.041 
1703400300.446 1.504 2.959 
1703400300.546 1.422 2.880 
1703400300.646 1.338 2.800 
1703400300.747 1.254 2.719 
1703400300.847 1.167 2.636 
1703400300.946 1.083 2.553 
1703400301.047 0.999 2.471 
1703400301.147 0.914 2.390 
1703400301.247 0.828 2.310 
1703400301.347 0.742 2.231 
1703400301.459 0.659 2.154 
1703400301.553 0.574 2.076 
1703400301.651 0.490 2.000 
1703400301.749 0.409 1.925 
1703400301.848 0.333 1.856 
1703400301.950 0.255 1.783 
1703400302.050 0.187 1.713 
1703400302.150 0.123 1.644 
1703400302.250 0.066 1.573 
1703400302.351 0.025 1.505 
1703400302.451 -0.006 1.433 
1703400302.551 -0.035 1.363 
1703400302.651 -0.074 1.288 
1703400302.751 -0.115 1.204 
1703400302.851 -0.144 1.137 
1703400302.951 -0.165 1.087 
1703400303.052 -0.171 1.039 
1703400303.151 -0.168 0.990 
1703400303.252 -0.146 0.950 
1703400303.352 -0.101 0.912 
1703400303.453 -0.043 0.863 
1703400303.552 0.036 0.800 
1703400303.652 0.095 0.727 
1703400303.753 0.147 0.687 
1703400303.853 0.232 0.633 
1703400303.953 0.327 0.549 
1703400304.053 0.405 0.479 
1703400304.153 0.456 0.426 
1703400304.253 0.523 0.370 
1703400304.354 0.610 0.299 
1703400304.454 0.683 0.238 
1703400304.556 0.743 0.186 
1703400304.654 0.804 0.134 
1703400304.754 0.868 0.093 
1703400304.854 0.932 0.050 
1703400304.955 0.976 0.014 
1703400305.054 1.013 -0.047 
1703400305.154 1.058 -0.137 
1703400305.254 1.116 -0.235 
1703400305.355 1.163 -0.306 
1703400305.455 1.206 -0.365 
1703400305.556 1.245 -0.432 
1703400305.655 1.290 -0.499 
1703400305.755 1.335 -0.568 
1703400305.855 1.371 -0.628 
1703400305.956 1.415 -0.686 
1703400306.056 1.464 -0.743 
1703400306.155 1.508 -0.800 
1703400306.256 1.551 -0.864 
1703400306.357 1.596 -0.931 
1703400306.456 1.616 -0.990 
1703400306.556 1.641 -1.046 
1703400306.656 1.676 -1.102 
1703400306.756 1.722 -1.153 
1703400306.856 1.793 -1.192 
1703400308.863 2.006 -1.136 
1703400308.865 2.006 -1.136 
1703400308.965 2.015 -1.192 
1703400309.065 2.039 -1.280 
1703400309.165 2.070 -1.397 
1703400309.265 2.103 -1.524 
1703400309.365 2.136 -1.638 
1703400309.465 2.166 -1.754 
1703400309.565 2.196 -1.870 
1703400309.665 2.225 -1.987 
1703400309.766 2.252 -2.105 
1703400309.867 2.281 -2.223 
1703400309.966 2.306 -2.338 
1703400310.066 2.331 -2.455 
1703400310.166 2.354 -2.572 
1703400310.267 2.375 -2.692 
1703400310.366 2.395 -2.808 
1703400310.466 2.412 -2.925 
1703400310.566 2.430 -3.043 
1703400310.669 2.449 -3.162 
1703400310.769 2.472 -3.279 
1703400310.869 2.492 -3.397 
1703400310.969 2.512 -3.515 
1703400311.069 2.534 -3.632 
1703400311.168 2.554 -3.746 
1703400311.269 2.577 -3.861 
1703400311.369 2.594 -3.973 
1703400311.469 2.608 -4.078 
1703400311.569 2.621 -4.204 
1703400311.670 2.609 -4.347 
1703400311.770 2.599 -4.472 
1703400311.870 2.550 -4.587 
1703400311.970 2.483 -4.696 
1703400312.071 2.388 -4.781 
1703400312.170 2.262 -4.817 
1703400312.271 2.136 -4.818 
1703400312.371 2.032 -4.804 
1703400312.470 1.932 -4.781 
1703400312.571 1.823 -4.755 
1703400312.671 1.751 -4.776 
1703400312.771 1.665 -4.755 
1703400312.871 1.569 -4.692 
1703400312.971 1.467 -4.627 
1703400313.071 1.376 -4.562 
1703400313.172 1.287 -4.461 
1703400313.272 1.212 -4.371 
1703400313.371 1.165 -4.316 
1703400313.472 1.115 -4.254 
1703400313.572 1.060 -4.181 
1703400313.673 1.008 -4.106 
1703400313.772 0.960 -4.035 
1703400313.872 0.923 -3.971 
1703400313.973 0.888 -3.902 
1703400314.072 0.850 -3.823 
1703400314.173 0.808 -3.748 
1703400314.273 0.770 -3.676 
1703400314.373 0.732 -3.602 
1703400314.473 0.696 -3.530 
1703400314.573 0.661 -3.453 
1703400314.674 0.634 -3.369 
1703400314.773 0.608 -3.280 
1703400314.884 0.579 -3.200 
1703400314.982 0.554 -3.136 
1703400315.078 0.532 -3.072 
1703400315.177 0.499 -2.975 
1703400315.276 0.469 -2.866 
1703400315.377 0.438 -2.760 
1703400315.476 0.410 -2.658 
1703400315.576 0.388 -2.577 
1703400315.676 0.378 -2.514 
1703400315.777 0.383 -2.476 
1703400315.879 0.379 -2.439 
1703400315.979 0.309 -2.383 
1703400316.079 0.239 -2.298 
1703400316.178 0.168 -2.210 
1703400316.279 0.043 -2.135 
1703400316.378 -0.077 -2.063 
1703400316.479 -0.214 -2.011 
1703400316.579 -0.339 -1.976 
1703400316.679 -0.454 -1.966 
1703400316.779 -0.557 -2.002 
1703400316.879 -0.635 -2.059 
1703400316.979 -0.695 -2.100 
1703400317.079 -0.746 -2.128 
1703400317.179 -0.813 -2.146 
1703400317.279 -0.934 -2.125 
1703400317.380 -1.023 -2.124 
1703400317.480 -1.124 -2.150 
1703400317.580 -1.229 -2.172 
1703400317.680 -1.329 -2.182 
1703400317.780 -1.438 -2.198 
1703400317.881 -1.542 -2.220 
1703400317.981 -1.641 -2.234 
1703400318.081 -1.737 -2.243 
1703400318.181 -1.816 -2.265 
1703400318.281 -1.899 -2.278 
1703400318.381 -1.983 -2.288 
1703400318.481 -2.064 -2.302 
1703400318.584 -2.142 -2.314 
1703400318.682 -2.213 -2.318 
1703400318.781 -2.283 -2.307 
1703400318.882 -2.350 -2.286 
1703400318.981 -2.424 -2.255 
1703400319.082 -2.515 -2.154 
1703400319.182 -2.603 -2.049 
1703400319.282 -2.653 -1.980 
1703400319.381 -2.696 -1.911 
1703400319.483 -2.735 -1.839 
1703400319.583 -2.775 -1.763 
1703400320.587 -2.666 -1.685 
1703400320.686 -2.674 -1.667 
1703400320.787 -2.689 -1.632 
1703400320.887 -2.619 -1.549 
1703400320.987 -2.515 -1.468 
1703400321.087 -2.418 -1.394 
1703400321.186 -2.328 -1.331 
1703400321.287 -2.230 -1.278 
1703400321.387 -2.121 -1.236 
1703400321.487 -2.018 -1.200 
1703400321.589 -1.919 -1.171 
1703400321.689 -1.820 -1.138 
1703400321.791 -1.718 -1.108 
1703400321.889 -1.609 -1.081 
1703400321.989 -1.493 -1.038 
1703400322.090 -1.377 -0.985 
1703400322.191 -1.251 -0.913 
1703400322.291 -1.134 -0.846 
1703400322.391 -1.034 -0.763 
1703400322.491 -0.947 -0.676 
1703400322.592 -0.866 -0.579 
1703400322.691 -0.796 -0.472 
1703400322.793 -0.741 -0.359 
1703400322.892 -0.700 -0.248 
1703400322.992 -0.671 -0.128 
1703400323.095 -0.660 -0.015 
1703400323.193 -0.665 0.106 
1703400323.293 -0.685 0.232 
1703400323.393 -0.696 0.349 
1703400323.492 -0.714 0.452 
1703400323.593 -0.758 0.547 
1703400323.695 -0.828 0.646 
1703400323.796 -0.886 0.741 
1703400323.894 -0.950 0.836 
1703400323.994 -1.027 0.934 
1703400324.094 -1.102 1.027 
1703400324.194 -1.188 1.102 
1703400324.294 -1.275 1.173 
1703400324.406 -1.373 1.238 
1703400324.503 -1.462 1.309 
1703400324.601 -1.553 1.378 
1703400324.701 -1.646 1.447 
1703400324.800 -1.751 1.513 
1703400324.900 -1.857 1.582 
1703400325.000 -1.959 1.651 
1703400325.100 -2.062 1.719 
1703400325.200 -2.168 1.779 
1703400325.303 -2.275 1.833 
1703400325.402 -2.376 1.888 
1703400325.501 -2.455 1.942 
1703400328.806 -1.937 2.160 
1703400328.907 -1.950 2.200 
1703400330.426 -1.867 2.357 
1703400330.520 -1.895 2.345 
1703400330.616 -2.001 2.295 
1703400330.716 -2.097 2.257 
1703400330.815 -2.207 2.242 
1703400330.915 -2.334 2.236 
1703400331.016 -2.436 2.226 
1703400331.116 -2.481 2.222 
1703400331.216 -2.427 2.220 
1703400331.316 -2.288 2.230 
1703400331.416 -2.152 2.232 
1703400331.517 -2.038 2.238 
1703400331.616 -1.922 2.264 
1703400331.716 -1.806 2.292 
1703400331.816 -1.687 2.320 
1703400331.917 -1.572 2.346 
1703400332.018 -1.460 2.376 
1703400332.118 -1.348 2.407 
1703400332.218 -1.231 2.438 
1703400332.319 -1.131 2.465 
1703400332.419 -1.028 2.488 
1703400332.519 -0.925 2.506 
1703400332.619 -0.821 2.528 
1703400332.719 -0.721 2.553 
1703400332.819 -0.623 2.581 
1703400332.919 -0.524 2.607 
1703400333.020 -0.427 2.640 
1703400333.119 -0.331 2.674 
1703400333.220 -0.237 2.702 
1703400333.320 -0.138 2.741 
1703400333.422 -0.049 2.773 
1703400333.520 0.035 2.809 
1703400333.620 0.119 2.851 
1703400333.720 0.190 2.903 
1703400333.821 0.267 2.956 
1703400333.921 0.347 3.001 
1703400334.020 0.420 3.047 
1703400334.120 0.479 3.091 
1703400334.220 0.538 3.145 
1703400334.320 0.607 3.222 
1703400334.421 0.685 3.315 
1703400334.521 0.754 3.386 
1703400334.621 0.792 3.411 
1703400334.721 0.825 3.455 
1703400334.821 0.869 3.552 
1703400334.922 0.906 3.678 
1703400335.021 0.928 3.755 
1703400335.121 0.937 3.845 
1703400339.432 1.203 3.845 
1703400339.532 1.174 3.791 
1703400339.632 1.139 3.677 
1703400339.733 1.125 3.567 
1703400339.836 1.137 3.528 
1703400340.937 1.227 3.521 
1703400341.037 1.211 3.535 
1703400341.138 1.205 3.563 
1703400341.239 1.253 3.531 
1703400341.340 1.331 3.457 
1703400341.440 1.406 3.382 
1703400341.539 1.448 3.349 
1703400341.639 1.478 3.332 
1703400341.739 1.519 3.284 
1703400341.839 1.579 3.218 
1703400341.939 1.679 3.140 
1703400342.039 1.771 3.062 
1703400342.140 1.849 2.995 
1703400342.239 1.900 2.933 
1703400342.339 1.992 2.858 
1703400342.440 2.082 2.776 
1703400342.539 2.168 2.711 
1703400342.640 2.257 2.633 
1703400342.740 2.344 2.546 
1703400342.841 2.434 2.462 
1703400342.941 2.524 2.383 
1703400343.042 2.620 2.304 
1703400343.141 2.714 2.225 
1703400343.241 2.805 2.145 
1703400343.342 2.900 2.072 
1703400343.441 2.996 2.000 
1703400343.545 3.095 1.923 
1703400343.642 3.187 1.847 
1703400343.742 3.282 1.773 
1703400343.843 3.379 1.698 
1703400343.943 3.469 1.632 
1703400344.043 3.561 1.563 
1703400344.142 3.652 1.492 
1703400344.243 3.746 1.423 
1703400344.343 3.833 1.348 
1703400344.443 3.921 1.267 
1703400344.544 4.011 1.185 
1703400344.644 4.100 1.111 
1703400344.743 4.186 1.036 
1703400344.844 4.272 0.960 
1703400344.945 4.360 0.882 
1703400345.045 4.448 0.803 
1703400345.146 4.538 0.722 
1703400345.246 4.626 0.640 
1703400345.346 4.714 0.558 
1703400345.445 4.803 0.479 
1703400345.546 4.893 0.400 
1703400345.646 4.981 0.319 
1703400345.746 5.067 0.237 
1703400345.847 5.147 0.146 
1703400345.946 5.223 0.052 
1703400346.046 5.300 -0.038 
1703400346.147 5.378 -0.126 
1703400346.246 5.453 -0.221 
1703400346.347 5.513 -0.327 
1703400346.447 5.570 -0.431 
1703400346.547 5.626 -0.529 
1703400346.647 5.671 -0.640 
1703400346.748 5.710 -0.752 
1703400346.847 5.747 -0.863 
1703400346.947 5.784 -0.978 
1703400347.048 5.822 -1.090 
1703400347.147 5.852 -1.204 
1703400347.248 5.865 -1.318 
1703400347.347 5.875 -1.438 
1703400347.448 5.895 -1.559 
1703400347.549 5.910 -1.676 
1703400347.649 5.900 -1.790 
1703400347.749 5.874 -1.908 
1703400347.849 5.849 -2.026 
1703400347.950 5.826 -2.133 
1703400348.049 5.806 -2.202 
1703400348.149 5.803 -2.258 
1703400348.249 5.796 -2.310 
1703400348.349 5.771 -2.369 
1703400348.449 5.759 -2.475 
1703400348.549 5.760 -2.604 
1703400348.650 5.761 -2.725 
1703400348.750 5.778 -2.844 
1703400348.849 5.809 -2.965 
1703400348.950 5.830 -3.070 
1703400349.051 5.867 -3.179 
1703400349.150 5.917 -3.290 
1703400349.250 5.954 -3.399 
1703400349.351 6.017 -3.509 
1703400349.451 6.108 -3.609 
1703400349.551 6.216 -3.685 
1703400349.651 6.350 -3.727 
1703400349.756 6.486 -3.756 
1703400349.851 6.607 -3.740 
1703400349.951 6.709 -3.672 
1703400350.052 6.798 -3.592 
1703400350.152 6.870 -3.533 
1703400350.252 6.920 -3.466 
1703400350.352 6.972 -3.385 
1703400350.452 7.005 -3.278 
1703400350.552 7.051 -3.158 
1703400350.652 7.099 -3.047 
1703400350.753 7.145 -2.943 
1703400350.853 7.190 -2.832 
1703400350.953 7.231 -2.715 
1703400351.053 7.278 -2.602 
1703400351.153 7.328 -2.494 
1703400351.253 7.375 -2.387 
1703400351.353 7.423 -2.277 
1703400351.453 7.473 -2.169 
1703400351.553 7.526 -2.061 
1703400351.654 7.586 -1.954 
1703400351.754 7.641 -1.858 
1703400351.854 7.685 -1.776 
1703400351.954 7.731 -1.720 
1703400352.054 7.779 -1.660 
1703400352.154 7.829 -1.580 
1703400352.254 7.879 -1.504 
1703400352.354 7.924 -1.427 
1703400352.455 7.969 -1.343 
1703400352.564 8.020 -1.254 
1703400352.655 8.052 -1.185 
1703400352.755 8.084 -1.106 
1703400352.855 8.113 -1.034 
1703400352.954 8.126 -0.927 
1703400353.055 8.129 -0.806 
1703400353.155 8.142 -0.723 
1703400353.257 8.150 -0.654 
1703400353.357 8.143 -0.572 
1703400353.456 8.135 -0.490 
1703400353.557 8.129 -0.412 
1703400353.658 8.129 -0.348 
1703400353.757 8.125 -0.285 
1703400353.858 8.102 -0.198 
1703400353.959 8.072 -0.103 
1703400354.059 8.033 -0.017 
1703400354.158 8.000 0.055 
1703400354.258 7.976 0.111 
1703400354.360 7.958 0.173 
1703400354.459 7.952 0.260 
1703400354.560 7.944 0.353 
1703400354.660 7.931 0.429 
1703400354.760 7.916 0.508 
1703400354.861 7.912 0.598 
1703400354.960 7.910 0.677 
1703400355.060 7.921 0.761 
1703400355.160 7.943 0.844 
1703400355.260 7.963 0.918 
1703400355.361 7.983 1.007 
1703400355.462 8.007 1.098 
1703400355.561 8.030 1.177 
1703400355.661 8.044 1.252 
1703400355.761 8.061 1.331 
1703400355.861 8.093 1.410 
1703400355.962 8.129 1.485 
1703400356.061 8.165 1.554 
1703400356.162 8.203 1.623 
1703400356.261 8.240 1.693 
1703400356.365 8.276 1.769 
1703400356.461 8.306 1.837 
1703400356.561 8.338 1.912 
1703400356.662 8.370 1.991 
1703400356.761 8.400 2.068 
1703400356.861 8.427 2.147 
1703400356.962 8.448 2.229 
1703400359.371 8.280 2.318 
1703400359.372 8.280 2.318 
1703400359.480 8.245 2.344 
1703400359.574 8.136 2.392 
1703400359.673 8.022 2.456 
1703400359.772 7.925 2.506 
1703400359.873 7.828 2.571 
1703400359.972 7.723 2.631 
1703400360.073 7.618 2.689 
1703400360.181 7.516 2.740 
1703400360.278 7.418 2.793 
1703400360.378 7.308 2.844 
1703400360.476 7.206 2.891 
1703400360.576 7.100 2.934 
1703400360.678 6.977 2.972 
1703400360.779 6.865 3.011 
1703400360.880 6.751 3.034 
1703400360.979 6.639 3.041 
1703400361.079 6.515 3.052 
1703400361.180 6.392 3.062 
1703400361.281 6.272 3.067 
1703400361.382 6.154 3.070 
1703400361.482 6.033 3.078 
1703400361.582 5.907 3.093 
1703400361.682 5.781 3.103 
1703400361.782 5.663 3.103 
1703400361.882 5.543 3.116 
1703400361.983 5.429 3.146 
1703400362.083 5.316 3.180 
1703400362.183 5.198 3.232 
1703400362.284 5.077 3.283 
1703400362.384 4.967 3.328 
1703400362.484 4.867 3.391 
1703400362.584 4.771 3.462 
1703400362.686 4.673 3.538 
1703400362.785 4.583 3.612 
1703400362.885 4.494 3.698 
1703400362.984 4.414 3.789 
1703400363.085 4.339 3.881 
1703400363.186 4.275 3.982 
1703400363.285 4.217 4.084 
1703400363.385 4.175 4.195 
1703400363.486 4.146 4.312 
1703400363.586 4.124 4.424 
1703400363.688 4.108 4.532 
1703400363.786 4.101 4.642 
1703400363.886 4.097 4.753 
1703400363.986 4.098 4.868 
1703400364.086 4.104 4.979 
1703400364.187 4.125 5.088 
1703400364.287 4.149 5.197 
1703400364.387 4.168 5.311 
1703400364.488 4.196 5.417 
1703400364.588 4.226 5.514 
1703400364.688 4.252 5.608 
1703400364.789 4.284 5.704 
1703400364.888 4.315 5.802 
1703400364.987 4.349 5.898 
1703400365.087 4.376 5.988 
1703400365.187 4.400 6.073 
1703400365.287 4.429 6.155 
1703400365.388 4.469 6.245 
1703400365.488 4.504 6.329 
1703400365.589 4.528 6.409 
1703400365.689 4.553 6.479 
1703400365.789 4.587 6.552 
1703400365.888 4.634 6.631 
1703400365.989 4.682 6.709 
1703400366.090 4.719 6.783 
1703400366.189 4.753 6.844 
1703400366.289 4.788 6.903 
1703400366.389 4.829 6.971 
1703400366.490 4.866 7.041 
1703400366.590 4.902 7.134 
1703400366.689 4.944 7.237 
1703400366.790 5.003 7.330 
1703400366.891 5.059 7.402 
1703400366.990 5.100 7.459 
1703400367.090 5.145 7.514 
1703400367.189 5.201 7.570 
1703400367.290 5.269 7.627 
1703400367.390 5.326 7.681 
1703400367.490 5.379 7.726 
1703400367.591 5.434 7.767 
1703400367.692 5.493 7.815 
1703400367.791 5.540 7.884 
1703400367.891 5.571 7.961 
1703400367.991 5.589 8.031 
1703400368.092 5.606 8.116 
1703400368.191 5.617 8.213 
1703400368.291 5.642 8.278 
1703400368.392 5.670 8.317 
1703400368.492 5.672 8.364 
1703400368.592 5.594 8.457 
1703400368.693 5.514 8.547 
1703400368.794 5.427 8.624 
1703400368.893 5.353 8.680 
1703400368.992 5.359 8.726 
1703400369.093 5.367 8.757 
1703400369.193 5.317 8.754 
1703400369.293 5.187 8.755 
1703400369.393 5.051 8.751 
1703400369.494 4.962 8.757 
1703400369.593 4.871 8.753 
1703400369.693 4.756 8.737 
1703400369.794 4.635 8.723 
1703400369.895 4.520 8.701 
1703400369.995 4.437 8.679 
1703400370.094 4.366 8.658 
1703400370.195 4.284 8.655 
1703400370.295 4.178 8.653 
1703400370.395 4.069 8.643 
1703400370.496 3.972 8.626 
1703400370.595 3.891 8.619 
1703400370.696 3.812 8.620 
1703400370.797 3.732 8.618 
1703400370.898 3.657 8.616 
1703400370.997 3.592 8.614 
1703400371.098 3.512 8.613 
1703400371.198 3.443 8.593 
1703400371.299 3.423 8.609 
1703400371.399 3.387 8.621 
1703400371.499 3.336 8.586 
1703400371.598 3.290 8.529 
1703400373.103 3.279 8.364 
1703400373.206 3.247 8.423 
1703400373.304 3.208 8.478 
1703400373.404 3.245 8.440 
1703400373.503 3.284 8.318 
1703400373.604 3.318 8.179 
1703400373.705 3.359 8.113 
1703400373.805 3.381 8.064 
1703400373.904 3.386 8.026 
1703400374.005 3.391 7.952 
1703400374.107 3.410 7.845 
1703400374.205 3.426 7.752 
1703400374.305 3.436 7.678 
1703400374.405 3.464 7.614 
1703400374.506 3.478 7.540 
1703400374.606 3.478 7.447 
1703400374.705 3.484 7.359 
1703400374.807 3.491 7.273 
1703400374.907 3.493 7.183 
1703400375.006 3.496 7.093 
1703400375.106 3.498 7.004 
1703400375.207 3.497 6.914 
1703400375.306 3.495 6.819 
1703400375.406 3.490 6.724 
1703400375.506 3.487 6.636 
1703400375.606 3.484 6.548 
1703400375.706 3.486 6.460 
1703400375.807 3.488 6.371 
1703400375.907 3.490 6.285 
1703400376.007 3.494 6.198 
1703400376.107 3.499 6.111 
1703400376.207 3.504 6.027 
1703400376.308 3.508 5.945 
1703400376.408 3.512 5.862 
1703400376.508 3.516 5.784 
1703400376.611 3.518 5.707 
1703400376.709 3.528 5.629 
1703400376.811 3.543 5.548 
1703400376.908 3.555 5.473 
1703400377.008 3.565 5.394 
1703400377.109 3.578 5.314 
1703400377.209 3.589 5.235 
1703400377.308 3.599 5.165 
1703400377.419 3.618 5.094 
1703400377.518 3.638 5.019 
1703400377.617 3.668 4.917 
1703400377.716 3.708 4.801 
1703400377.816 3.746 4.690 
1703400377.916 3.763 4.630 
1703400378.016 3.768 4.609 
1703400378.116 3.776 4.575 
1703400378.216 3.804 4.510 
1703400378.316 3.854 4.414 
1703400378.417 3.899 4.310 
1703400378.516 3.941 4.244 
1703400378.617 3.984 4.187 
1703400378.717 4.041 4.113 
1703400378.816 4.096 4.035 
1703400378.917 4.145 3.957 
1703400379.017 4.196 3.885 
1703400379.117 4.250 3.808 
1703400379.217 4.313 3.732 
1703400379.317 4.377 3.655 
1703400379.417 4.436 3.577 
1703400379.518 4.499 3.501 
1703400379.618 4.567 3.424 
1703400379.718 4.638 3.348 
1703400379.819 4.713 3.270 
1703400379.919 4.784 3.192 
1703400380.018 4.856 3.115 
1703400380.118 4.931 3.036 
1703400380.219 5.008 2.957 
1703400380.319 5.086 2.881 
1703400380.419 5.162 2.805 
1703400380.519 5.240 2.730 
1703400380.619 5.319 2.654 
1703400380.720 5.399 2.578 
1703400380.819 5.477 2.506 
1703400380.919 5.557 2.432 
1703400381.019 5.637 2.357 
1703400381.120 5.717 2.283 
1703400381.219 5.798 2.210 
1703400381.321 5.881 2.133 
1703400381.420 5.959 2.060 
1703400381.520 6.037 1.986 
1703400381.620 6.116 1.912 
1703400381.720 6.193 1.840 
1703400381.820 6.270 1.768 
1703400381.920 6.348 1.695 
1703400382.021 6.421 1.623 
1703400382.121 6.495 1.550 
1703400382.226 6.569 1.474 
1703400382.324 6.641 1.397 
1703400382.422 6.715 1.318 
1703400382.522 6.782 1.238 
1703400382.621 6.851 1.158 
1703400382.721 6.923 1.076 
1703400382.822 6.993 0.995 
1703400382.921 7.065 0.915 
1703400383.022 7.137 0.832 
1703400383.122 7.208 0.744 
1703400383.222 7.277 0.654 
1703400383.322 7.345 0.565 
1703400383.424 7.419 0.475 
1703400383.523 7.485 0.381 
1703400383.623 7.550 0.285 
1703400383.723 7.613 0.184 
1703400383.823 7.679 0.085 
1703400383.923 7.746 -0.004 
1703400384.023 7.803 -0.093 
1703400384.125 7.860 -0.193 
1703400384.225 7.913 -0.302 
1703400384.326 7.968 -0.406 
1703400384.425 8.017 -0.505 
1703400384.525 8.065 -0.613 
1703400384.626 8.110 -0.714 
1703400384.725 8.154 -0.816 
1703400384.826 8.196 -0.916 
1703400384.925 8.233 -1.017 
1703400385.026 8.270 -1.116 
1703400385.125 8.302 -1.212 
1703400385.226 8.333 -1.308 
1703400385.326 8.363 -1.399 
1703400385.426 8.388 -1.486 
1703400385.527 8.414 -1.571 
1703400385.627 8.440 -1.655 
1703400385.726 8.466 -1.734 
1703400385.827 8.493 -1.812 
1703400385.928 8.518 -1.888 
1703400386.027 8.557 -1.982 
1703400386.128 8.599 -2.074 
1703400386.228 8.631 -2.163 
1703400386.328 8.643 -2.248 
1703400386.429 8.640 -2.320 
1703400386.528 8.618 -2.370 
1703400386.628 8.582 -2.409 
1703400386.729 8.559 -2.460 
1703400386.828 8.541 -2.514 
1703400386.929 8.521 -2.584 
1703400387.029 8.514 -2.671 
1703400387.128 8.495 -2.762 
1703400387.229 8.474 -2.858 
1703400387.329 8.461 -2.925 
1703400387.429 8.455 -2.990 
1703400387.530 8.440 -3.073 
1703400387.629 8.412 -3.174 
1703400387.731 8.389 -3.258 
1703400387.830 8.368 -3.333 
1703400387.931 8.352 -3.423 
1703400388.030 8.337 -3.516 
1703400388.130 8.321 -3.613 
1703400388.230 8.303 -3.710 
1703400388.330 8.307 -3.768 
1703400388.430 8.298 -3.821 
1703400388.531 8.278 -3.896 
1703400388.631 8.262 -3.968 
1703400388.730 8.234 -4.035 
1703400388.831 8.207 -4.097 
1703400388.932 8.180 -4.163 
1703400389.635 8.030 -4.209 
1703400389.636 8.030 -4.209 
1703400389.736 8.000 -4.292 
1703400389.836 7.974 -4.405 
1703400389.937 7.924 -4.523 
1703400390.036 7.879 -4.633 
1703400390.137 7.851 -4.750 
1703400390.237 7.834 -4.869 
1703400390.337 7.830 -4.993 
1703400390.437 7.838 -5.110 
1703400390.538 7.841 -5.232 
1703400390.637 7.859 -5.353 
1703400390.738 7.884 -5.472 
1703400390.838 7.906 -5.583 
1703400390.938 7.930 -5.698 
1703400391.038 7.965 -5.812 
1703400391.138 8.005 -5.927 
1703400391.239 8.033 -6.041 
1703400391.339 8.073 -6.151 
1703400391.439 8.113 -6.261 
1703400391.540 8.155 -6.370 
1703400391.639 8.190 -6.478 
1703400391.741 8.232 -6.588 
1703400391.841 8.277 -6.694 
1703400391.941 8.322 -6.803 
1703400392.041 8.357 -6.910 
1703400392.141 8.388 -7.018 
1703400392.242 8.441 -7.123 
1703400392.341 8.506 -7.225 
1703400397.952 8.096 -6.857 
1703400398.052 8.134 -6.928 
1703400398.152 8.225 -7.027 
1703400398.254 8.339 -7.096 
1703400398.354 8.254 -7.122 
1703400398.453 8.126 -7.116 
1703400398.553 7.967 -7.074 
1703400398.653 7.820 -7.020 
1703400398.753 7.730 -6.967 
1703400398.855 7.671 -6.943 
1703400398.953 7.632 -6.928 
1703400399.054 7.602 -6.910 
1703400399.154 7.573 -6.887 
1703400399.254 7.524 -6.873 
1703400399.354 7.427 -6.867 
1703400399.454 7.298 -6.856 
1703400399.554 7.165 -6.833 
1703400399.654 7.042 -6.830 
1703400399.754 6.948 -6.828 
1703400399.855 6.865 -6.820 
1703400399.954 6.798 -6.816 
1703400400.055 6.694 -6.817 
1703400400.155 6.573 -6.814 
1703400400.255 6.514 -6.841 
1703400400.355 6.466 -6.858 
1703400400.456 6.408 -6.847 
1703400400.555 6.356 -6.857 
1703400400.656 6.289 -6.826 
1703400400.756 6.225 -6.823 
1703400400.856 6.167 -6.813 
1703400400.956 6.137 -6.783 
1703400402.760 6.271 -6.550 
1703400402.861 6.234 -6.550 
1703400402.961 6.121 -6.596 
1703400403.061 5.996 -6.630 
1703400403.161 5.877 -6.657 
1703400403.262 5.770 -6.691 
1703400403.362 5.695 -6.717 
1703400403.462 5.635 -6.751 
1703400403.561 5.566 -6.793 
1703400403.662 5.484 -6.845 
1703400403.761 5.399 -6.888 
1703400403.862 5.323 -6.914 
1703400403.963 5.249 -6.929 
1703400404.062 5.171 -6.947 
1703400404.163 5.091 -6.969 
1703400404.262 5.007 -6.983 
1703400404.363 4.916 -6.994 
1703400404.463 4.815 -7.002 
1703400404.563 4.716 -7.007 
1703400404.663 4.610 -7.012 
1703400404.763 4.501 -7.013 
1703400404.863 4.393 -7.019 
1703400404.963 4.283 -7.024 
1703400405.063 4.163 -7.014 
1703400405.164 4.043 -7.006 
1703400405.263 3.928 -6.997 
1703400405.364 3.809 -6.995 
1703400405.463 3.690 -6.993 
1703400405.564 3.571 -6.990 
1703400405.663 3.456 -6.982 
1703400405.764 3.336 -6.980 
1703400405.864 3.217 -6.978 
1703400405.964 3.107 -6.973 
1703400406.064 3.004 -6.963 
1703400406.165 2.903 -6.950 
1703400406.264 2.805 -6.941 
1703400406.364 2.710 -6.931 
1703400406.477 2.617 -6.921 
1703400406.572 2.529 -6.912 
1703400406.670 2.442 -6.900 
1703400406.769 2.355 -6.891 
1703400406.869 2.267 -6.882 
1703400406.969 2.181 -6.873 
1703400407.069 2.098 -6.866 
1703400407.169 2.018 -6.858 
1703400407.269 1.937 -6.851 
1703400407.370 1.852 -6.847 
1703400407.469 1.744 -6.863 
1703400407.570 1.628 -6.900 
1703400407.670 1.523 -6.940 
1703400407.771 1.416 -6.975 
1703400407.870 1.327 -7.004 
1703400407.970 1.246 -7.035 
1703400408.075 1.156 -7.067 
1703400408.175 1.071 -7.098 
1703400408.272 0.986 -7.129 
1703400408.371 0.901 -7.160 
1703400408.471 0.817 -7.192 
1703400410.775 0.858 -7.177 
1703400410.776 0.859 -7.177 
1703400410.876 0.885 -7.241 
1703400410.977 0.866 -7.363 
1703400411.077 0.839 -7.487 
1703400411.176 0.835 -7.594 
1703400411.277 0.835 -7.715 
1703400411.378 0.833 -7.833 
1703400411.478 0.826 -7.952 
1703400411.578 0.819 -8.070 
1703400411.678 0.814 -8.188 
1703400411.779 0.810 -8.309 
1703400411.878 0.803 -8.422 
1703400411.979 0.781 -8.506 
1703400412.079 0.795 -8.621 
1703400413.082 0.824 -8.586 
1703400413.184 0.870 -8.562 
1703400413.291 0.898 -8.540 
1703400413.388 0.805 -8.554 
1703400413.487 0.714 -8.578 
1703400413.586 0.707 -8.556 
1703400413.685 0.741 -8.532 
1703400413.787 0.877 -8.513 
1703400413.886 1.040 -8.484 
1703400413.987 1.202 -8.460 
1703400414.086 1.318 -8.419 
1703400414.188 1.349 -8.386 
1703400414.287 1.376 -8.377 
1703400414.387 1.432 -8.392 
1703400414.487 1.558 -8.394 
1703400414.588 1.684 -8.399 
1703400414.688 1.808 -8.418 
1703400414.787 1.934 -8.435 
1703400414.888 2.033 -8.439 
1703400414.988 2.096 -8.436 
1703400415.088 2.168 -8.445 
1703400415.188 2.250 -8.455 
1703400415.288 2.331 -8.466 
1703400415.389 2.411 -8.476 
1703400415.489 2.484 -8.475 
1703400415.589 2.559 -8.479 
1703400415.690 2.638 -8.484 
1703400415.789 2.713 -8.486 
1703400415.889 2.791 -8.489 
1703400415.989 2.869 -8.495 
1703400416.091 2.951 -8.503 
1703400416.189 3.025 -8.502 
1703400416.290 3.081 -8.479 
1703400416.390 3.137 -8.458 
1703400416.490 3.205 -8.447 
1703400416.590 3.275 -8.429 
1703400416.691 3.348 -8.409 
1703400416.790 3.422 -8.386 
1703400416.890 3.497 -8.362 
1703400416.991 3.574 -8.335 
1703400417.091 3.657 -8.315 
1703400417.191 3.737 -8.301 
1703400417.291 3.819 -8.273 
1703400417.390 3.904 -8.232 
1703400417.491 3.986 -8.196 
1703400417.591 4.073 -8.155 
1703400417.693 4.162 -8.114 
1703400417.792 4.244 -8.083 
1703400417.891 4.329 -8.043 
1703400417.992 4.413 -7.998 
1703400418.093 4.498 -7.955 
1703400418.192 4.579 -7.915 
1703400418.292 4.667 -7.874 
1703400418.392 4.756 -7.834 
1703400418.492 4.853 -7.797 
1703400418.592 4.941 -7.756 
1703400418.692 5.031 -7.721 
1703400418.792 5.122 -7.695 
1703400418.892 5.214 -7.671 
1703400418.992 5.307 -7.651 
1703400419.093 5.437 -7.657 
1703400419.193 5.565 -7.649 
1703400419.293 5.688 -7.648 
1703400419.393 5.809 -7.661 
1703400419.493 5.926 -7.683 
1703400419.594 6.030 -7.710 
1703400419.693 6.129 -7.747 
1703400419.794 6.224 -7.783 
1703400419.893 6.309 -7.816 
1703400419.994 6.378 -7.855 
1703400420.094 6.447 -7.886 
1703400420.194 6.522 -7.925 
1703400420.293 6.585 -7.952 
1703400420.394 6.638 -7.963 
1703400420.494 6.696 -7.981 
1703400420.595 6.755 -7.990 
1703400425.807 6.973 -7.527 
1703400425.907 6.902 -7.519 
1703400426.007 6.817 -7.500 
1703400426.108 6.712 -7.455 
1703400426.209 6.578 -7.416 
1703400426.309 6.486 -7.420 
1703400426.409 6.391 -7.428 
1703400426.508 6.277 -7.427 
1703400426.608 6.149 -7.425 
1703400426.709 6.026 -7.449 
1703400426.811 5.911 -7.490 
1703400426.910 5.797 -7.548 
1703400427.010 5.685 -7.596 
1703400427.110 5.580 -7.644 
1703400427.210 5.474 -7.698 
1703400427.310 5.372 -7.757 
1703400427.411 5.270 -7.810 
1703400427.510 5.168 -7.866 
1703400427.611 5.064 -7.924 
1703400427.711 4.961 -7.982 
1703400427.811 4.860 -8.032 
1703400427.911 4.757 -8.080 
1703400428.012 4.655 -8.139 
1703400428.111 4.550 -8.195 
1703400428.211 4.444 -8.247 
1703400428.312 4.340 -8.294 
1703400428.412 4.239 -8.338 
1703400428.513 4.120 -8.362 
1703400428.612 4.005 -8.385 
1703400428.712 3.888 -8.402 
1703400428.813 3.791 -8.416 
1703400428.913 3.754 -8.448 
1703400429.012 3.706 -8.444 
1703400429.120 3.652 -8.412 
1703400429.213 3.608 -8.390 
1703400429.313 3.548 -8.363 
1703400429.414 3.472 -8.316 
1703400429.513 3.418 -8.279 
1703400429.613 3.364 -8.244 
1703400429.714 3.309 -8.211 
1703400429.813 3.260 -8.167 
1703400429.914 3.201 -8.094 
1703400430.014 3.146 -8.016 
1703400430.115 3.091 -7.944 
1703400430.214 3.038 -7.889 
1703400430.320 2.986 -7.832 
1703400430.416 2.934 -7.768 
1703400430.517 2.875 -7.661 
1703400430.617 2.814 -7.542 
1703400430.719 2.750 -7.442 
1703400430.818 2.689 -7.360 
1703400430.918 2.619 -7.265 
1703400431.018 2.551 -7.161 
1703400431.118 2.486 -7.063 
1703400431.218 2.420 -6.966 
1703400431.318 2.359 -6.864 
1703400431.418 2.297 -6.762 
1703400431.519 2.236 -6.660 
1703400431.618 2.175 -6.560 
1703400431.718 2.114 -6.457 
1703400431.818 2.053 -6.357 
1703400431.918 1.991 -6.256 
1703400432.019 1.928 -6.153 
1703400432.119 1.863 -6.053 
1703400432.219 1.800 -5.953 
1703400432.319 1.736 -5.855 
1703400432.419 1.674 -5.755 
1703400432.519 1.610 -5.657 
1703400432.620 1.542 -5.561 
1703400432.719 1.474 -5.466 
1703400432.820 1.406 -5.369 
1703400432.920 1.339 -5.272 
1703400433.020 1.275 -5.176 
1703400433.119 1.207 -5.084 
1703400433.220 1.133 -4.996 
1703400433.320 1.060 -4.901 
1703400433.420 0.992 -4.805 
1703400433.521 0.917 -4.719 
1703400433.620 0.842 -4.635 
1703400433.721 0.765 -4.550 
1703400433.820 0.681 -4.466 
1703400433.921 0.595 -4.384 
1703400434.021 0.510 -4.307 
1703400434.122 0.422 -4.231 
1703400434.221 0.318 -4.168 
1703400434.321 0.210 -4.111 
1703400434.440 0.117 -4.051 
1703400434.528 0.031 -3.992 
1703400434.625 -0.089 -3.940 
1703400434.723 -0.199 -3.886 
1703400434.822 -0.309 -3.842 
1703400434.923 -0.428 -3.818 
1703400435.022 -0.546 -3.803 
1703400435.122 -0.658 -3.788 
1703400435.223 -0.775 -3.785 
1703400435.323 -0.900 -3.808 
1703400435.423 -1.022 -3.838 
1703400435.523 -1.140 -3.858 
1703400435.624 -1.268 -3.883 
1703400435.723 -1.388 -3.922 
1703400435.823 -1.498 -3.978 
1703400435.923 -1.602 -4.051 
1703400436.024 -1.701 -4.137 
1703400436.124 -1.794 -4.213 
1703400436.223 -1.870 -4.299 
1703400436.324 -1.940 -4.400 
1703400436.423 -2.001 -4.500 
1703400436.524 -2.055 -4.605 
1703400436.624 -2.098 -4.705 
1703400436.724 -2.126 -4.811 
1703400436.825 -2.132 -4.933 
1703400436.924 -2.135 -5.055 
1703400437.026 -2.144 -5.165 
1703400437.124 -2.155 -5.277 
1703400437.224 -2.166 -5.385 
1703400437.324 -2.177 -5.494 
1703400437.425 -2.186 -5.612 
1703400437.526 -2.197 -5.726 
1703400437.625 -2.202 -5.829 
1703400437.727 -2.202 -5.933 
1703400437.826 -2.189 -6.040 
1703400437.926 -2.171 -6.160 
1703400438.026 -2.152 -6.273 
1703400440.836 -2.249 -5.987 
1703400440.936 -2.332 -5.937 
1703400441.036 -2.486 -5.881 
1703400441.137 -2.649 -5.849 
1703400441.237 -2.771 -5.788 
1703400441.337 -2.888 -5.744 
1703400441.437 -3.017 -5.735 
1703400441.537 -3.133 -5.768 
1703400441.638 -3.245 -5.821 
1703400441.739 -3.356 -5.864 
1703400441.838 -3.439 -5.898 
1703400441.938 -3.508 -5.921 
1703400442.038 -3.579 -5.947 
1703400442.140 -3.650 -5.971 
1703400442.238 -3.708 -5.978 
1703400442.340 -3.760 -5.970 
1703400444.248 -3.935 -5.747 
1703400444.249 -3.936 -5.747 
1703400444.349 -3.966 -5.804 
1703400444.449 -4.015 -5.903 
1703400444.549 -4.059 -6.006 
1703400444.650 -4.107 -6.106 
1703400444.749 -4.171 -6.198 
1703400444.849 -4.240 -6.291 
1703400444.950 -4.308 -6.389 
1703400445.049 -4.381 -6.484 
1703400445.149 -4.455 -6.577 
1703400445.250 -4.524 -6.671 
1703400445.351 -4.599 -6.764 
1703400445.451 -4.688 -6.852 
1703400445.551 -4.772 -6.932 
1703400445.651 -4.849 -7.013 
1703400445.753 -4.929 -7.098 
1703400445.853 -5.025 -7.169 
1703400445.953 -5.124 -7.238 
1703400446.053 -5.214 -7.310 
1703400446.156 -5.312 -7.375 
1703400446.254 -5.415 -7.439 
1703400446.354 -5.521 -7.490 
1703400446.455 -5.631 -7.543 
1703400446.555 -5.739 -7.599 
1703400446.655 -5.849 -7.646 
1703400446.754 -5.962 -7.667 
1703400446.855 -6.083 -7.683 
1703400446.955 -6.202 -7.707 
1703400447.056 -6.319 -7.727 
1703400447.155 -6.437 -7.737 
1703400447.256 -6.557 -7.748 
1703400447.357 -6.676 -7.765 
1703400447.458 -6.794 -7.783 
1703400447.557 -6.912 -7.809 
1703400447.657 -7.029 -7.834 
1703400447.759 -7.146 -7.871 
1703400447.858 -7.257 -7.917 
1703400447.958 -7.358 -7.955 
1703400448.059 -7.435 -7.986 
1703400448.158 -7.482 -8.022 
1703400448.259 -7.521 -8.057 
1703400448.358 -7.560 -8.076 
1703400448.459 -7.590 -8.086 
1703400448.559 -7.618 -8.060 
1703400448.659 -7.618 -8.021 
1703400448.759 -7.591 -7.993 
1703400448.859 -7.581 -8.008 
1703400448.959 -7.588 -8.029 
1703400449.059 -7.589 -8.026 
1703400449.159 -7.565 -8.004 
1703400449.260 -7.530 -7.975 
1703400449.359 -7.516 -7.948 
1703400449.466 -7.502 -7.919 
1703400449.563 -7.479 -7.868 
1703400449.661 -7.441 -7.788 
1703400449.761 -7.405 -7.701 
1703400449.861 -7.371 -7.625 
1703400449.961 -7.332 -7.560 
1703400450.061 -7.284 -7.503 
1703400450.161 -7.230 -7.449 
1703400450.261 -7.186 -7.401 
1703400450.361 -7.155 -7.359 
1703400450.461 -7.122 -7.341 
1703400450.562 -7.079 -7.336 
1703400450.661 -7.016 -7.331 
1703400450.763 -6.956 -7.325 
1703400450.863 -6.915 -7.315 
1703400450.962 -6.872 -7.312 
1703400451.063 -6.812 -7.308 
1703400451.165 -6.734 -7.308 
1703400451.265 -6.631 -7.312 
1703400451.364 -6.520 -7.316 
1703400451.465 -6.407 -7.320 
1703400451.565 -6.292 -7.325 
1703400451.664 -6.174 -7.324 
1703400451.765 -6.053 -7.319 
1703400451.866 -5.928 -7.313 
1703400451.965 -5.804 -7.312 
1703400452.066 -5.684 -7.309 
1703400452.166 -5.564 -7.292 
1703400452.266 -5.445 -7.275 
1703400452.365 -5.322 -7.260 
1703400452.466 -5.195 -7.242 
1703400452.566 -5.078 -7.222 
1703400452.666 -4.959 -7.185 
1703400452.766 -4.839 -7.150 
1703400452.867 -4.725 -7.111 
1703400452.967 -4.610 -7.063 
1703400453.066 -4.495 -7.006 
1703400453.167 -4.389 -6.937 
1703400453.267 -4.301 -6.850 
1703400453.366 -4.217 -6.757 
1703400453.467 -4.139 -6.658 
1703400453.570 -4.074 -6.555 
1703400453.670 -4.018 -6.447 
1703400453.771 -3.973 -6.333 
1703400453.870 -3.941 -6.214 
1703400453.971 -3.916 -6.097 
1703400454.071 -3.899 -5.980 
1703400454.171 -3.894 -5.862 
1703400454.270 -3.897 -5.744 
1703400454.371 -3.905 -5.627 
1703400454.471 -3.920 -5.512 
1703400454.572 -3.940 -5.398 
1703400454.671 -3.968 -5.285 
1703400454.771 -4.001 -5.173 
1703400454.872 -4.038 -5.061 
1703400454.972 -4.081 -4.954 
1703400455.072 -4.128 -4.848 
1703400455.172 -4.182 -4.743 
1703400455.272 -4.238 -4.636 
1703400455.373 -4.302 -4.534 
1703400455.472 -4.373 -4.437 
1703400455.573 -4.460 -4.345 
1703400455.673 -4.544 -4.252 
1703400455.773 -4.628 -4.167 
1703400455.873 -4.715 -4.085 
1703400455.974 -4.819 -4.008 
1703400456.073 -4.935 -3.940 
1703400456.173 -5.044 -3.863 
1703400456.273 -5.137 -3.794 
1703400456.374 -5.251 -3.743 
1703400456.473 -5.364 -3.697 
1703400456.574 -5.470 -3.657 
1703400456.673 -5.584 -3.618 
1703400456.774 -5.696 -3.581 
1703400456.874 -5.810 -3.547 
1703400456.974 -5.924 -3.514 
1703400457.074 -6.037 -3.481 
1703400457.175 -6.146 -3.451 
1703400457.275 -6.261 -3.401 
1703400457.375 -6.375 -3.342 
1703400457.475 -6.483 -3.308 
1703400457.584 -6.594 -3.268 
1703400457.681 -6.701 -3.211 
1703400457.778 -6.800 -3.136 
1703400457.876 -6.888 -3.057 
1703400457.975 -6.949 -2.948 
1703400458.076 -6.980 -2.812 
1703400458.176 -7.020 -2.732 
1703400458.283 -7.059 -2.668 
1703400458.382 -7.089 -2.596 
1703400458.481 -7.083 -2.513 
1703400458.581 -7.057 -2.404 
1703400458.681 -7.005 -2.301 
1703400458.781 -6.936 -2.215 
1703400458.884 -6.879 -2.151 
1703400461.692 -6.667 -2.205 
1703400461.692 -6.667 -2.205 
1703400461.793 -6.683 -2.216 
1703400461.893 -6.742 -2.207 
1703400461.992 -6.853 -2.174 
1703400462.093 -6.966 -2.140 
1703400462.193 -7.077 -2.107 
1703400462.293 -7.190 -2.072 
1703400462.394 -7.305 -2.039 
1703400462.494 -7.420 -2.005 
1703400462.593 -7.532 -1.974 
1703400462.693 -7.645 -1.940 
1703400462.794 -7.760 -1.907 
1703400462.894 -7.876 -1.872 
1703400462.993 -7.988 -1.841 
1703400463.094 -8.099 -1.809 
1703400463.194 -8.205 -1.779 
1703400468.204 -8.361 -2.035 
1703400468.304 -8.461 -2.041 
1703400468.404 -8.580 -2.055 
1703400468.505 -8.700 -2.051 
1703400468.604 -8.814 -2.050 
1703400468.704 -8.905 -2.044 
1703400468.805 -8.939 -2.036 
1703400468.905 -8.859 -2.012 
1703400469.005 -8.743 -2.004 
1703400469.105 -8.625 -2.012 
1703400469.207 -8.499 -2.027 
1703400469.307 -8.375 -2.050 
1703400469.405 -8.255 -2.055 
1703400469.506 -8.136 -2.054 
1703400469.606 -8.015 -2.052 
1703400469.708 -7.891 -2.054 
1703400469.806 -7.773 -2.052 
1703400469.907 -7.653 -2.047 
1703400470.006 -7.534 -2.040 
1703400470.107 -7.411 -2.033 
1703400470.207 -7.292 -2.030 
1703400470.306 -7.174 -2.020 
1703400470.407 -7.059 -2.010 
1703400470.508 -6.944 -1.998 
1703400470.607 -6.837 -1.991 
1703400470.707 -6.726 -1.980 
1703400470.807 -6.616 -1.965 
1703400470.907 -6.504 -1.949 
1703400471.007 -6.392 -1.934 
1703400471.108 -6.284 -1.920 
1703400471.208 -6.176 -1.905 
1703400471.308 -6.067 -1.888 
1703400471.408 -5.962 -1.872 
1703400471.508 -5.856 -1.855 
1703400471.607 -5.754 -1.839 
1703400471.708 -5.650 -1.822 
1703400471.808 -5.548 -1.805 
1703400471.908 -5.447 -1.789 
1703400472.007 -5.349 -1.774 
1703400472.108 -5.250 -1.760 
1703400472.208 -5.151 -1.745 
1703400472.308 -5.053 -1.733 
1703400472.409 -4.954 -1.721 
1703400472.508 -4.856 -1.710 
1703400472.609 -4.762 -1.699 
1703400472.709 -4.672 -1.689 
1703400472.810 -4.574 -1.683 
1703400472.912 -4.479 -1.680 
1703400473.011 -4.385 -1.676 
1703400473.114 -4.286 -1.675 
1703400473.211 -4.196 -1.669 
1703400473.310 -4.102 -1.666 
1703400473.411 -4.006 -1.663 
1703400473.511 -3.912 -1.661 
1703400473.611 -3.819 -1.660 
1703400473.711 -3.725 -1.658 
1703400473.811 -3.630 -1.653 
1703400473.911 -3.538 -1.650 
1703400474.014 -3.444 -1.648 
1703400474.112 -3.350 -1.646 
1703400474.212 -3.258 -1.644 
1703400474.311 -3.167 -1.641 
1703400474.411 -3.074 -1.640 
1703400474.512 -2.982 -1.637 
1703400474.612 -2.887 -1.633 
1703400474.712 -2.791 -1.624 
1703400474.812 -2.705 -1.619 
1703400474.913 -2.623 -1.619 
1703400475.012 -2.536 -1.619 
1703400475.112 -2.443 -1.616 
1703400475.212 -2.353 -1.610 
1703400475.313 -2.265 -1.606 
1703400475.413 -2.191 -1.601 
1703400475.513 -2.111 -1.589 
1703400475.615 -2.026 -1.569 
1703400475.715 -1.931 -1.545 
1703400475.815 -1.842 -1.524 
1703400475.915 -1.757 -1.503 
1703400476.017 -1.666 -1.489 
1703400476.117 -1.582 -1.475 
1703400476.218 -1.496 -1.442 
1703400476.317 -1.407 -1.406 
1703400476.417 -1.326 -1.367 
1703400476.517 -1.244 -1.316 
1703400476.617 -1.164 -1.250 
1703400476.717 -1.081 -1.173 
1703400476.817 -0.998 -1.098 
1703400476.917 -0.923 -1.058 
1703400477.018 -0.855 -1.024 
1703400477.118 -0.796 -0.975 
1703400477.218 -0.744 -0.898 
1703400477.318 -0.700 -0.799 
1703400477.418 -0.647 -0.684 
1703400477.518 -0.589 -0.552 
1703400477.618 -0.519 -0.479 
1703400477.718 -0.471 -0.455 
1703400477.819 -0.441 -0.423 
1703400477.919 -0.435 -0.374 
1703400478.019 -0.414 -0.257 
1703400478.119 -0.396 -0.126 
1703400478.220 -0.376 -0.028 
1703400478.320 -0.367 0.086 
1703400478.419 -0.380 0.206 
1703400478.519 -0.407 0.321 
1703400478.620 -0.432 0.434 
1703400478.724 -0.463 0.541 
1703400478.823 -0.513 0.649 
1703400478.922 -0.563 0.754 
1703400479.023 -0.614 0.859 
1703400479.123 -0.679 0.962 
1703400479.223 -0.747 1.061 
1703400479.324 -0.818 1.159 
1703400479.423 -0.888 1.253 
1703400479.523 -0.965 1.344 
1703400479.623 -1.044 1.432 
1703400479.724 -1.118 1.521 
1703400479.827 -1.192 1.611 
1703400479.927 -1.273 1.704 
1703400480.025 -1.355 1.797 
1703400480.126 -1.435 1.891 
1703400480.225 -1.517 1.984 
1703400480.326 -1.598 2.075 
1703400480.426 -1.677 2.165 
1703400480.526 -1.757 2.254 
1703400480.627 -1.837 2.342 
1703400480.727 -1.917 2.433 
1703400480.828 -1.995 2.526 
1703400480.927 -2.072 2.616 
1703400481.027 -2.151 2.708 
1703400481.128 -2.230 2.799 
1703400481.227 -2.307 2.891 
1703400481.328 -2.385 2.983 
1703400481.428 -2.462 3.079 
1703400481.528 -2.536 3.174 
1703400481.629 -2.611 3.272 
1703400481.729 -2.682 3.368 
1703400481.828 -2.751 3.466 
1703400481.929 -2.816 3.569 
1703400482.029 -2.883 3.673 
1703400482.129 -2.950 3.776 
1703400482.229 -3.016 3.877 
1703400482.328 -3.074 3.988 
1703400482.430 -3.134 4.093 
1703400482.530 -3.194 4.196 
1703400482.630 -3.253 4.299 
1703400482.731 -3.296 4.401 
1703400482.831 -3.330 4.488 
1703400482.934 -3.361 4.528 
1703400483.031 -3.397 4.538 
1703400485.036 -3.482 4.790 
1703400485.137 -3.456 4.795 
1703400485.237 -3.391 4.812 
1703400490.750 -3.404 5.407 
1703400490.850 -3.414 5.417 
1703400490.950 -3.435 5.416 
1703400491.051 -3.464 5.417 
1703400491.150 -3.496 5.416 
1703400491.253 -3.550 5.411 
1703400491.351 -3.639 5.393 
1703400491.452 -3.714 5.392 
1703400491.551 -3.769 5.393 
1703400491.651 -3.842 5.394 
1703400491.752 -3.912 5.393 
1703400491.851 -3.989 5.388 
1703400491.952 -4.089 5.385 
1703400492.053 -4.230 5.356 
1703400492.152 -4.335 5.360 
1703400492.252 -4.448 5.347 
1703400492.352 -4.555 5.307 
1703400492.453 -4.667 5.244 
1703400492.554 -4.771 5.196 
1703400492.653 -4.893 5.159 
1703400492.753 -5.017 5.125 
1703400492.854 -5.119 5.070 
1703400492.954 -5.206 5.003 
1703400493.054 -5.262 4.922 
1703400493.154 -5.301 4.807 
1703400493.255 -5.354 4.717 
1703400493.354 -5.432 4.636 
1703400493.454 -5.521 4.539 
1703400493.554 -5.599 4.432 
1703400493.653 -5.671 4.342 
1703400493.754 -5.730 4.256 
1703400493.854 -5.802 4.172 
1703400493.954 -5.874 4.085 
1703400494.054 -5.928 4.014 
1703400494.155 -5.984 3.958 
1703400494.256 -6.047 3.908 
1703400494.356 -6.104 3.862 
1703400494.456 -6.159 3.817 
1703400494.556 -6.224 3.759 
1703400494.656 -6.296 3.691 
1703400494.756 -6.372 3.623 
1703400494.857 -6.447 3.560 
1703400494.956 -6.518 3.491 
1703400495.056 -6.596 3.423 
1703400495.158 -6.670 3.351 
1703400495.257 -6.737 3.276 
1703400495.358 -6.793 3.198 
1703400495.457 -6.834 3.123 
1703400495.557 -6.890 3.027 
1703400495.659 -6.938 2.878 
1703400495.758 -7.006 2.799 
1703400495.858 -7.026 2.667 
1703400500.469 -6.824 2.725 
1703400500.470 -6.824 2.725 
1703400500.572 -6.819 2.766 
1703400500.670 -6.870 2.855 
1703400500.773 -6.978 2.987 
1703400500.872 -7.077 3.110 
1703400500.971 -7.158 3.219 
1703400501.070 -7.233 3.318 
1703400501.171 -7.321 3.416 
1703400501.271 -7.379 3.451 
1703400501.371 -7.436 3.467 
1703400501.471 -7.482 3.509 
1703400501.571 -7.513 3.571 
1703400501.671 -7.594 3.666 
1703400501.772 -7.662 3.755 
1703400501.872 -7.725 3.789 
1703400501.972 -7.772 3.830 
1703400502.072 -7.786 3.869 
1703400502.172 -7.837 3.969 
1703400502.272 -7.886 4.074 
1703400502.373 -7.943 4.118 
1703400502.474 -7.983 4.174 
1703400502.572 -7.999 4.247 
1703400502.672 -8.006 4.374 
1703400502.773 -8.012 4.506 
1703400502.872 -8.042 4.539 
1703400502.973 -8.067 4.564 
1703400503.073 -8.078 4.604 
1703400503.173 -8.078 4.677 
1703400503.273 -8.077 4.773 
1703400503.374 -8.070 4.858 
1703400503.474 -8.067 4.969 
1703400503.576 -8.058 5.075 
1703400503.674 -8.046 5.153 
1703400503.775 -8.033 5.201 
1703400503.875 -8.013 5.204 
1703400503.974 -7.983 5.204 
1703400504.075 -7.931 5.242 
1703400504.177 -7.859 5.313 
1703400504.279 -7.775 5.381 
1703400504.377 -7.691 5.451 
1703400504.477 -7.597 5.518 
1703400504.576 -7.485 5.574 
1703400504.677 -7.353 5.616 
1703400504.777 -7.220 5.629 
1703400504.876 -7.089 5.617 
1703400504.977 -6.954 5.563 
1703400505.077 -6.889 5.530 
1703400505.178 -6.850 5.487 
1703400505.278 -6.760 5.425 
1703400505.378 -6.645 5.357 
1703400505.478 -6.547 5.280 
1703400505.578 -6.462 5.210 
1703400505.678 -6.383 5.148 
1703400505.778 -6.350 5.114 
1703400505.878 -6.330 5.086 
1703400505.978 -6.273 5.058 
1703400506.078 -6.188 5.032 
1703400506.180 -6.061 5.026 
1703400506.279 -5.987 5.022 
1703400506.379 -5.983 5.013 
1703400506.478 -5.959 5.013 
1703400506.579 -5.896 5.024 
1703400506.679 -5.813 5.060 
1703400506.782 -5.750 5.096 
1703400506.879 -5.724 5.110 
1703400506.979 -5.701 5.119 
1703400507.079 -5.668 5.142 
1703400507.180 -5.610 5.185 
1703400507.280 -5.542 5.246 
1703400507.380 -5.473 5.303 
1703400507.481 -5.399 5.365 
1703400507.580 -5.329 5.424 
1703400507.681 -5.297 5.458 
1703400507.780 -5.277 5.486 
1703400507.880 -5.251 5.522 
1703400507.980 -5.211 5.594 
1703400508.081 -5.153 5.670 
1703400508.181 -5.097 5.736 
1703400508.281 -5.050 5.779 
1703400508.381 -5.011 5.822 
1703400508.481 -4.970 5.866 
1703400508.582 -4.918 5.915 
1703400508.682 -4.864 5.980 
1703400508.781 -4.813 6.049 
1703400508.882 -4.765 6.110 
1703400508.981 -4.720 6.174 
1703400509.083 -4.670 6.242 
1703400509.183 -4.618 6.278 
1703400509.282 -4.580 6.324 
1703400509.382 -4.541 6.394 
1703400509.486 -4.505 6.461 
1703400509.586 -4.470 6.528 
1703400509.686 -4.439 6.594 
1703400509.785 -4.407 6.666 
1703400509.885 -4.373 6.742 
1703400509.985 -4.338 6.815 
1703400510.085 -4.305 6.891 
1703400510.185 -4.275 6.966 
1703400510.286 -4.246 7.042 
1703400510.386 -4.214 7.119 
1703400510.485 -4.176 7.192 
1703400510.586 -4.140 7.269 
1703400510.686 -4.099 7.345 
1703400510.786 -4.051 7.426 
1703400510.886 -4.016 7.506 
1703400510.987 -3.977 7.579 
1703400511.087 -3.935 7.650 
1703400511.186 -3.895 7.717 
1703400511.287 -3.844 7.787 
1703400511.389 -3.786 7.859 
1703400511.488 -3.733 7.926 
1703400511.589 -3.687 7.989 
1703400511.688 -3.643 8.052 
1703400511.788 -3.598 8.112 
1703400511.889 -3.518 8.183 
1703400511.989 -3.414 8.262 
1703400512.089 -3.331 8.340 
1703400512.190 -3.262 8.413 
1703400512.290 -3.187 8.474 
1703400512.390 -3.112 8.521 
1703400512.492 -3.039 8.563 
1703400512.591 -2.960 8.599 
1703400512.691 -2.875 8.629 
1703400512.791 -2.797 8.645 
1703400512.891 -2.725 8.649 
1703400512.993 -2.655 8.652 
1703400513.093 -2.582 8.649 
1703400513.193 -2.467 8.613 
1703400513.292 -2.383 8.583 
1703400513.393 -2.336 8.583 
1703400513.493 -2.287 8.545 
1703400513.594 -2.233 8.472 
1703400513.693 -2.181 8.418 
1703400513.794 -2.134 8.361 
1703400513.894 -2.104 8.304 
1703400513.994 -2.087 8.241 
1703400514.094 -2.074 8.162 
1703400514.194 -2.060 8.087 
1703400514.294 -2.035 8.005 
1703400514.395 -2.009 7.920 
1703400514.495 -1.983 7.843 
1703400514.595 -1.948 7.749 
1703400517.406 -1.896 7.595 
1703400517.406 -1.896 7.595 
1703400517.507 -1.952 7.558 
1703400517.607 -2.066 7.522 
1703400517.708 -2.193 7.484 
1703400517.808 -2.304 7.449 
1703400517.907 -2.416 7.405 
1703400518.007 -2.527 7.359 
1703400518.108 -2.640 7.305 
1703400518.208 -2.751 7.254 
1703400518.307 -2.860 7.208 
1703400518.408 -2.965 7.153 
1703400518.508 -3.065 7.091 
1703400518.607 -3.155 7.013 
1703400518.708 -3.247 6.938 
1703400518.808 -3.324 6.881 
1703400518.908 -3.393 6.821 
1703400519.008 -3.458 6.757 
1703400519.108 -3.517 6.685 
1703400519.208 -3.580 6.617 
1703400519.309 -3.644 6.541 
1703400519.409 -3.705 6.461 
1703400519.509 -3.773 6.371 
1703400519.609 -3.851 6.281 
1703400519.709 -3.912 6.197 
1703400519.809 -3.979 6.107 
1703400519.910 -4.048 6.017 
1703400520.010 -4.120 5.926 
1703400520.111 -4.190 5.831 
1703400520.210 -4.257 5.740 
1703400520.310 -4.325 5.651 
1703400520.410 -4.397 5.559 
1703400520.510 -4.470 5.463 
1703400520.611 -4.541 5.377 
1703400520.710 -4.606 5.301 
1703400520.811 -4.678 5.230 
1703400520.910 -4.780 5.159 
1703400521.010 -4.880 5.095 
1703400521.111 -4.962 5.031 
1703400521.210 -5.053 4.961 
1703400521.311 -5.161 4.889 
1703400521.411 -5.271 4.832 
1703400521.512 -5.371 4.784 
1703400521.612 -5.485 4.748 
1703400521.711 -5.611 4.725 
1703400521.811 -5.723 4.697 
1703400521.912 -5.848 4.687 
1703400522.014 -5.973 4.686 
1703400522.112 -6.051 4.668 
1703400522.212 -6.128 4.657 
1703400522.312 -6.221 4.663 
1703400522.412 -6.337 4.705 
1703400522.512 -6.439 4.757 
1703400522.613 -6.524 4.814 
1703400522.713 -6.604 4.874 
1703400522.813 -6.679 4.943 
1703400522.913 -6.747 5.014 
1703400523.013 -6.812 5.088 
1703400523.115 -6.883 5.177 
1703400523.214 -6.962 5.268 
1703400523.313 -7.041 5.359 
1703400523.413 -7.113 5.451 
1703400523.517 -7.181 5.552 
1703400523.613 -7.243 5.645 
1703400523.714 -7.310 5.739 
1703400523.814 -7.377 5.836 
1703400523.914 -7.439 5.936 
1703400524.014 -7.503 6.036 
1703400524.114 -7.570 6.134 
1703400524.213 -7.636 6.232 
1703400524.314 -7.701 6.337 
1703400524.414 -7.761 6.439 
1703400524.514 -7.820 6.540 
1703400524.618 -7.883 6.642 
1703400524.717 -7.946 6.745 
1703400524.817 -8.006 6.850 
1703400524.917 -8.067 6.954 
1703400525.018 -8.128 7.057 
1703400525.118 -8.188 7.161 
1703400525.217 -8.248 7.264 
1703400525.317 -8.308 7.366 
1703400525.420 -8.370 7.475 
1703400525.518 -8.431 7.576 
1703400525.618 -8.491 7.680 
1703400525.718 -8.554 7.786 
1703400525.818 -8.606 7.871 
1703400525.918 -8.647 7.926 
1703400528.123 -8.880 7.764 
1703400528.223 -8.841 7.763 
1703400528.326 -8.715 7.763 
1703400528.424 -8.612 7.776 
1703400528.524 -8.503 7.780 
1703400528.624 -8.366 7.759 
1703400528.724 -8.250 7.727 
1703400528.825 -8.180 7.709 
1703400528.924 -8.122 7.687 
1703400529.024 -8.054 7.669 
1703400529.125 -7.992 7.655 
1703400529.226 -7.938 7.645 
1703400530.831 -7.672 7.751 
1703400530.832 -7.672 7.751 
1703400530.931 -7.668 7.701 
1703400531.032 -7.681 7.572 
1703400531.131 -7.680 7.461 
1703400531.232 -7.666 7.354 
1703400531.331 -7.642 7.240 
1703400531.432 -7.618 7.122 
1703400531.532 -7.593 7.002 
1703400531.631 -7.565 6.890 
1703400531.732 -7.533 6.778 
1703400531.832 -7.500 6.661 
1703400531.932 -7.469 6.543 
1703400532.032 -7.433 6.434 
1703400532.132 -7.388 6.331 
1703400532.232 -7.338 6.220 
1703400532.333 -7.290 6.109 
1703400532.432 -7.239 6.006 
1703400532.533 -7.181 5.903 
1703400532.633 -7.117 5.806 
1703400532.735 -7.049 5.712 
1703400532.835 -6.975 5.625 
1703400532.935 -6.897 5.531 
1703400533.035 -6.813 5.438 
1703400533.135 -6.733 5.362 
1703400533.236 -6.634 5.303 
1703400533.336 -6.524 5.249 
1703400533.435 -6.414 5.191 
1703400533.536 -6.313 5.139 
1703400533.636 -6.221 5.117 
1703400533.739 -6.169 5.100 
1703400533.835 -6.130 5.089 
1703400533.936 -6.076 5.095 
1703400534.036 -6.022 5.105 
1703400534.136 -5.971 5.119 
1703400534.236 -5.928 5.133 
1703400534.336 -5.887 5.153 
1703400534.437 -5.849 5.178 
1703400534.539 -5.813 5.202 
1703400534.637 -5.776 5.223 
1703400534.737 -5.735 5.239 
1703400534.837 -5.692 5.256 
1703400534.937 -5.663 5.285 
1703400535.038 -5.621 5.320 
1703400535.139 -5.557 5.365 
1703400535.239 -5.478 5.422 
1703400535.339 -5.396 5.469 
1703400535.439 -5.316 5.522 
1703400535.540 -5.216 5.591 
1703400535.640 -5.123 5.656 
1703400535.739 -5.030 5.723 
1703400535.842 -4.938 5.779 
1703400535.942 -4.850 5.850 
1703400536.043 -4.765 5.930 
1703400536.144 -4.681 6.008 
1703400536.244 -4.590 6.084 
1703400536.344 -4.498 6.163 
1703400536.444 -4.416 6.227 
1703400536.544 -4.338 6.303 
1703400536.644 -4.252 6.369 
1703400536.745 -4.154 6.421 
1703400536.844 -4.058 6.478 
1703400536.945 -3.964 6.538 
1703400537.045 -3.855 6.594 
1703400537.148 -3.739 6.664 
1703400537.245 -3.652 6.737 
1703400537.345 -3.523 6.750 
1703400537.445 -3.406 6.778 
1703400537.546 -3.274 6.785 
1703400537.645 -3.151 6.750 
1703400537.746 -3.042 6.699 
1703400537.846 -2.951 6.615 
1703400537.946 -2.870 6.533 
1703400538.046 -2.794 6.457 
1703400538.146 -2.715 6.380 
1703400538.246 -2.646 6.287 
1703400538.347 -2.579 6.193 
1703400538.446 -2.509 6.103 
1703400538.547 -2.433 6.008 
1703400538.647 -2.365 5.908 
1703400538.747 -2.297 5.809 
1703400538.847 -2.229 5.712 
1703400538.947 -2.158 5.612 
1703400539.047 -2.087 5.510 
1703400539.147 -2.023 5.406 
1703400539.247 -1.959 5.307 
1703400539.348 -1.895 5.213 
1703400539.447 -1.824 5.120 
1703400539.548 -1.742 5.022 
1703400539.647 -1.663 4.928 
1703400539.750 -1.591 4.836 
1703400539.850 -1.526 4.753 
1703400539.949 -1.433 4.679 
1703400540.051 -1.333 4.601 
1703400540.150 -1.235 4.525 
1703400540.250 -1.148 4.446 
1703400540.349 -1.057 4.370 
1703400540.450 -0.977 4.303 
1703400540.550 -0.903 4.252 
1703400540.651 -0.830 4.205 
1703400540.751 -0.756 4.164 
1703400540.851 -0.681 4.132 
1703400540.951 -0.602 4.110 
1703400541.050 -0.516 4.100 
1703400541.151 -0.428 4.096 
1703400541.251 -0.340 4.093 
1703400541.352 -0.252 4.099 
1703400541.452 -0.166 4.107 
1703400541.552 -0.067 4.125 
1703400541.651 0.038 4.144 
1703400541.751 0.133 4.147 
1703400541.852 0.219 4.158 
1703400541.952 0.306 4.191 
1703400542.051 0.398 4.239 
1703400542.152 0.494 4.291 
1703400542.252 0.581 4.344 
1703400542.352 0.662 4.408 
1703400542.464 0.741 4.478 
1703400542.557 0.823 4.546 
1703400542.654 0.907 4.619 
1703400542.754 0.987 4.692 
1703400542.853 1.073 4.762 
1703400542.953 1.155 4.832 
1703400543.053 1.236 4.905 
1703400543.153 1.315 4.981 
1703400543.253 1.394 5.054 
1703400543.354 1.470 5.130 
1703400543.454 1.546 5.206 
1703400543.554 1.619 5.283 
1703400543.654 1.701 5.361 
1703400543.754 1.780 5.434 
1703400543.854 1.860 5.505 
1703400543.954 1.941 5.577 
1703400544.054 2.018 5.648 
1703400544.155 2.092 5.718 
1703400544.255 2.164 5.784 
1703400544.355 2.238 5.848 
1703400544.455 2.317 5.911 
1703400544.556 2.393 5.975 
1703400544.657 2.466 6.037 
1703400544.756 2.543 6.095 
1703400544.857 2.610 6.132 
1703400544.957 2.689 6.174 
1703400545.058 2.767 6.223 
1703400545.158 2.846 6.274 
1703400545.260 2.929 6.318 
1703400545.358 3.004 6.352 
1703400545.457 3.077 6.380 
1703400545.558 3.134 6.408 
1703400545.658 3.202 6.426 
1703400545.758 3.279 6.448 
1703400545.861 3.354 6.468 
1703400545.959 3.415 6.493 
1703400546.059 3.482 6.512 
1703400546.159 3.568 6.516 
1703400546.259 3.648 6.517 
1703400546.359 3.717 6.519 
1703400546.459 3.791 6.526 
1703400546.560 3.860 6.534 
1703400546.659 3.926 6.542 
1703400546.760 4.000 6.543 
1703400546.860 4.086 6.534 
1703400546.960 4.172 6.530 
1703400547.060 4.281 6.534 
1703400547.159 4.381 6.541 
1703400547.260 4.474 6.543 
1703400547.361 4.568 6.538 
1703400547.460 4.660 6.538 
1703400547.567 4.744 6.538 
1703400547.665 4.826 6.538 
1703400547.763 4.900 6.544 
1703400547.862 4.973 6.555 
1703400547.962 5.062 6.569 
1703400548.062 5.131 6.573 
1703400548.161 5.186 6.584 
1703400548.262 5.248 6.594 
1703400548.363 5.361 6.635 
1703400548.462 5.495 6.700 
1703400548.562 5.574 6.705 
1703400548.662 5.621 6.690 
1703400548.763 5.651 6.669 
1703400548.862 5.681 6.703 
1703400548.962 5.723 6.776 
1703400549.062 5.825 6.882 
1703400549.163 5.901 6.970 
1703400549.262 5.977 7.036 
1703400549.363 6.040 7.089 
1703400549.463 6.102 7.146 
1703400549.563 6.166 7.206 
1703400549.668 6.237 7.273 
1703400549.763 6.302 7.337 
1703400549.863 6.374 7.405 
1703400549.964 6.453 7.464 
1703400550.063 6.543 7.523 
1703400550.164 6.634 7.581 
1703400550.263 6.726 7.640 
1703400550.366 6.819 7.693 
1703400550.469 6.912 7.745 
1703400550.567 7.007 7.796 
1703400550.668 7.108 7.847 
1703400550.768 7.208 7.899 
1703400550.866 7.310 7.942 
1703400550.966 7.414 7.981 
1703400551.066 7.502 8.023 
1703400551.166 7.595 8.074 
1703400551.270 7.695 8.124 
1703400551.368 7.798 8.176 
1703400551.467 7.904 8.228 
1703400551.567 7.999 8.279 
1703400551.668 8.089 8.331 
1703400551.767 8.181 8.376 
1703400551.869 8.290 8.427 
