1703399880.923 3.294 1.664 
1703399880.924 3.293 1.664 
1703399881.024 3.271 1.699 
1703399881.125 3.266 1.804 
1703399881.226 3.297 1.939 
1703399881.325 3.348 2.063 
1703399881.425 3.417 2.173 
1703399881.524 3.483 2.258 
1703399881.624 3.504 2.267 
1703399881.726 3.455 2.210 
1703399881.827 3.378 2.143 
1703399881.928 3.366 2.132 
1703399882.028 3.391 2.155 
1703399883.431 3.528 2.225 
1703399883.532 3.525 2.216 
1703399883.632 3.560 2.201 
1703399883.732 3.629 2.153 
1703399883.831 3.702 2.093 
1703399883.933 3.748 2.076 
1703399884.032 3.785 2.092 
1703399884.132 3.810 2.087 
1703399884.233 3.832 2.032 
1703399884.333 3.839 1.953 
1703399884.435 3.883 1.928 
1703399884.538 3.913 1.910 
1703399884.637 3.919 1.855 
1703399884.735 3.916 1.765 
1703399884.836 3.924 1.683 
1703399884.936 3.919 1.621 
1703399885.035 3.896 1.562 
1703399885.135 3.863 1.499 
1703399885.236 3.835 1.440 
1703399885.335 3.804 1.390 
1703399885.436 3.770 1.329 
1703399885.536 3.731 1.235 
1703399885.638 3.697 1.122 
1703399885.736 3.677 1.035 
1703399885.840 3.660 0.974 
1703399885.940 3.694 0.867 
1703399886.040 3.746 0.747 
1703399889.048 3.786 0.388 
1703399889.048 3.786 0.388 
1703399889.148 3.712 0.346 
1703399889.259 3.627 0.213 
1703399889.349 3.577 0.105 
1703399889.449 3.516 0.012 
1703399889.549 3.451 -0.086 
1703399889.649 3.388 -0.196 
1703399889.750 3.328 -0.294 
1703399889.850 3.269 -0.395 
1703399889.955 3.206 -0.506 
1703399890.049 3.149 -0.605 
1703399890.150 3.091 -0.707 
1703399890.250 3.033 -0.813 
1703399890.350 2.976 -0.917 
1703399890.452 2.919 -1.024 
1703399890.551 2.867 -1.126 
1703399890.651 2.815 -1.226 
1703399890.750 2.765 -1.324 
1703399890.852 2.718 -1.434 
1703399890.951 2.674 -1.524 
1703399891.051 2.581 -1.605 
1703399891.151 2.465 -1.666 
1703399892.155 2.478 -1.621 
1703399892.253 2.460 -1.535 
1703399892.354 2.443 -1.415 
1703399892.455 2.403 -1.290 
1703399892.554 2.370 -1.191 
1703399892.654 2.364 -1.125 
1703399892.755 2.386 -1.086 
1703399892.854 2.357 -1.032 
1703399892.955 2.245 -0.973 
1703399893.057 2.144 -0.906 
1703399893.158 2.053 -0.833 
1703399893.257 1.984 -0.781 
1703399893.357 1.921 -0.743 
1703399893.458 1.864 -0.697 
1703399893.559 1.816 -0.640 
1703399893.659 1.777 -0.569 
1703399893.759 1.759 -0.509 
1703399893.859 1.770 -0.483 
1703399893.959 1.811 -0.480 
1703399894.059 1.863 -0.468 
1703399894.159 1.924 -0.444 
1703399894.260 1.987 -0.442 
1703399894.360 2.046 -0.439 
1703399894.460 2.088 -0.423 
1703399894.560 2.108 -0.413 
1703399894.659 2.128 -0.397 
1703399894.760 2.158 -0.364 
1703399894.860 2.208 -0.326 
1703399894.961 2.276 -0.289 
1703399895.061 2.345 -0.249 
1703399895.161 2.413 -0.200 
1703399895.261 2.483 -0.138 
1703399895.361 2.553 -0.072 
1703399895.460 2.630 0.001 
1703399895.561 2.716 0.075 
1703399895.661 2.801 0.147 
1703399895.761 2.883 0.232 
1703399895.862 2.964 0.324 
1703399895.961 3.037 0.417 
1703399896.062 3.108 0.526 
1703399896.161 3.183 0.616 
1703399896.262 3.246 0.719 
1703399896.361 3.300 0.825 
1703399896.463 3.340 0.941 
1703399896.561 3.365 1.053 
1703399896.663 3.381 1.168 
1703399896.763 3.377 1.287 
1703399896.863 3.360 1.405 
1703399896.963 3.338 1.520 
1703399897.062 3.305 1.633 
1703399897.162 3.260 1.745 
1703399897.263 3.217 1.857 
1703399897.363 3.178 1.970 
1703399897.463 3.139 2.085 
1703399897.563 3.089 2.199 
1703399897.664 3.042 2.315 
1703399897.765 2.997 2.421 
1703399897.865 2.946 2.530 
1703399897.965 2.884 2.636 
1703399898.065 2.832 2.730 
1703399898.164 2.778 2.813 
1703399898.266 2.719 2.899 
1703399898.365 2.655 2.981 
1703399898.465 2.590 3.062 
1703399898.565 2.524 3.138 
1703399898.665 2.457 3.216 
1703399898.766 2.387 3.298 
1703399898.867 2.316 3.369 
1703399898.965 2.249 3.436 
1703399899.065 2.181 3.503 
1703399899.166 2.113 3.572 
1703399899.266 2.049 3.637 
1703399899.367 1.985 3.698 
1703399899.467 1.920 3.762 
1703399899.568 1.857 3.822 
1703399899.667 1.795 3.883 
1703399899.767 1.733 3.943 
1703399899.867 1.676 3.998 
1703399899.967 1.620 4.053 
1703399900.069 1.566 4.129 
1703399900.168 1.512 4.200 
1703399900.267 1.463 4.260 
1703399900.368 1.417 4.311 
1703399900.468 1.374 4.358 
1703399900.568 1.328 4.404 
1703399900.668 1.291 4.482 
1703399900.768 1.264 4.584 
1703399900.869 1.233 4.668 
1703399900.969 1.202 4.741 
1703399901.068 1.186 4.806 
1703399901.169 1.177 4.861 
1703399901.269 1.182 4.925 
1703399901.369 1.203 5.002 
1703399901.469 1.233 5.092 
1703399901.569 1.257 5.176 
1703399901.670 1.286 5.267 
1703399901.770 1.302 5.349 
1703399901.869 1.319 5.411 
1703399901.970 1.341 5.483 
1703399902.070 1.364 5.566 
1703399902.170 1.383 5.646 
1703399902.270 1.403 5.720 
1703399902.370 1.427 5.796 
1703399902.470 1.450 5.875 
1703399902.570 1.470 5.951 
1703399902.670 1.486 6.023 
1703399902.771 1.499 6.092 
1703399902.870 1.514 6.169 
1703399902.971 1.537 6.264 
1703399903.072 1.548 6.406 
1703399903.171 1.564 6.540 
1703399903.273 1.568 6.647 
1703399903.374 1.557 6.740 
1703399903.474 1.524 6.834 
1703399903.574 1.487 6.917 
1703399903.675 1.461 6.990 
1703399903.775 1.442 7.059 
1703399903.875 1.405 7.139 
1703399903.975 1.364 7.218 
1703399904.075 1.327 7.287 
1703399904.175 1.291 7.357 
1703399904.275 1.260 7.435 
1703399904.375 1.236 7.517 
1703399904.475 1.214 7.593 
1703399904.575 1.187 7.657 
1703399904.676 1.161 7.720 
1703399904.776 1.154 7.809 
1703399904.876 1.129 7.881 
1703399904.976 1.114 7.944 
1703399905.075 1.101 7.999 
1703399905.176 1.142 8.060 
1703399905.277 1.240 8.104 
1703399906.379 1.252 8.000 
1703399906.479 1.293 7.944 
1703399906.579 1.342 7.874 
1703399906.679 1.400 7.818 
1703399906.779 1.462 7.768 
1703399906.879 1.510 7.735 
1703399906.979 1.554 7.684 
1703399907.079 1.606 7.632 
1703399907.180 1.673 7.565 
1703399907.280 1.756 7.485 
1703399907.380 1.833 7.413 
1703399907.480 1.898 7.344 
1703399907.580 1.958 7.287 
1703399907.681 2.022 7.216 
1703399907.780 2.091 7.139 
1703399907.881 2.162 7.061 
1703399907.981 2.226 6.985 
1703399908.080 2.289 6.911 
1703399908.181 2.318 6.858 
1703399908.280 2.407 6.801 
1703399908.380 2.465 6.727 
1703399908.483 2.530 6.654 
1703399908.584 2.637 6.592 
1703399908.683 2.764 6.542 
1703399908.784 2.886 6.508 
1703399908.885 3.028 6.509 
1703399908.984 3.141 6.542 
1703399909.084 3.204 6.591 
1703399909.184 3.267 6.653 
1703399909.285 3.342 6.749 
1703399909.384 3.425 6.849 
1703399909.485 3.507 6.945 
1703399909.585 3.580 7.041 
1703399909.686 3.641 7.131 
1703399909.785 3.688 7.206 
1703399909.885 3.720 7.277 
1703399909.985 3.755 7.373 
1703399910.085 3.793 7.481 
1703399910.186 3.836 7.586 
1703399910.286 3.873 7.677 
1703399910.385 3.903 7.765 
1703399910.485 3.930 7.838 
1703399910.586 3.955 7.892 
1703399910.686 3.977 7.931 
1703399910.785 3.996 7.964 
1703399910.886 4.020 8.003 
1703399913.891 4.104 7.879 
1703399913.992 4.150 7.929 
1703399914.093 4.169 7.936 
1703399914.192 4.099 7.836 
1703399914.292 4.010 7.725 
1703399914.393 3.938 7.659 
1703399914.493 3.895 7.608 
1703399914.594 3.863 7.559 
1703399914.694 3.841 7.473 
1703399914.793 3.811 7.379 
1703399914.894 3.784 7.286 
1703399914.994 3.766 7.195 
1703399915.094 3.754 7.110 
1703399915.193 3.739 7.035 
1703399915.294 3.717 6.961 
1703399915.394 3.715 6.873 
1703399915.495 3.714 6.777 
1703399915.595 3.719 6.676 
1703399915.695 3.732 6.574 
1703399915.794 3.750 6.480 
1703399915.897 3.776 6.395 
1703399915.996 3.824 6.308 
1703399916.095 3.886 6.222 
1703399916.196 3.955 6.133 
1703399916.296 4.026 6.052 
1703399916.396 4.076 5.967 
1703399916.496 4.142 5.884 
1703399916.598 4.200 5.830 
1703399916.697 4.259 5.818 
1703399916.797 4.381 5.801 
1703399916.898 4.507 5.761 
1703399922.008 4.609 5.175 
1703399922.108 4.688 5.159 
1703399922.208 4.764 5.151 
1703399922.308 4.759 5.153 
1703399922.407 4.759 5.142 
1703399922.508 4.757 5.134 
1703399922.608 4.757 5.132 
1703399924.212 4.650 5.114 
1703399924.312 4.682 5.181 
1703399924.415 4.731 5.289 
1703399924.516 4.773 5.343 
1703399924.615 4.758 5.287 
1703399924.715 4.734 5.200 
1703399924.816 4.705 5.089 
1703399924.915 4.661 5.023 
1703399925.016 4.627 4.959 
1703399925.117 4.616 4.879 
1703399925.217 4.612 4.809 
1703399925.317 4.609 4.749 
1703399925.417 4.600 4.680 
1703399925.516 4.579 4.585 
1703399925.617 4.560 4.486 
1703399925.717 4.578 4.398 
1703399925.817 4.622 4.306 
1703399925.916 4.668 4.220 
1703399926.017 4.724 4.134 
1703399926.118 4.793 4.056 
1703399926.219 4.878 3.976 
1703399926.319 4.970 3.899 
1703399926.418 5.066 3.829 
1703399926.518 5.171 3.762 
1703399926.619 5.282 3.715 
1703399926.718 5.396 3.682 
1703399926.819 5.514 3.654 
1703399926.919 5.632 3.621 
1703399927.020 5.751 3.594 
1703399927.119 5.869 3.572 
1703399927.219 5.988 3.548 
1703399927.320 6.108 3.524 
1703399927.420 6.224 3.502 
1703399927.520 6.331 3.479 
1703399927.620 6.418 3.464 
1703399927.720 6.499 3.448 
1703399927.823 6.578 3.434 
1703399927.921 6.682 3.381 
1703399928.022 6.780 3.341 
1703399928.122 6.891 3.303 
1703399928.221 7.005 3.262 
1703399928.324 7.114 3.216 
1703399928.425 7.213 3.133 
1703399928.522 7.294 3.040 
1703399928.621 7.363 2.941 
1703399928.722 7.382 2.813 
1703399928.825 7.379 2.688 
1703399928.925 7.345 2.580 
1703399929.025 7.278 2.481 
1703399929.125 7.203 2.385 
1703399929.226 7.133 2.290 
1703399929.326 7.065 2.193 
1703399929.425 6.993 2.095 
1703399929.526 6.917 1.995 
1703399929.626 6.841 1.901 
1703399929.726 6.775 1.803 
1703399929.826 6.714 1.718 
1703399929.926 6.652 1.643 
1703399930.026 6.599 1.556 
1703399930.126 6.547 1.476 
1703399930.226 6.491 1.421 
1703399930.327 6.445 1.345 
1703399930.427 6.413 1.255 
1703399930.527 6.382 1.162 
1703399930.626 6.356 1.068 
1703399930.727 6.337 0.969 
1703399930.827 6.319 0.870 
1703399930.927 6.299 0.770 
1703399931.028 6.280 0.665 
1703399931.128 6.261 0.565 
1703399931.228 6.239 0.468 
1703399931.329 6.217 0.371 
1703399935.135 5.928 -0.000 
1703399935.136 5.928 -0.000 
1703399935.237 5.969 0.043 
1703399935.336 6.047 0.140 
1703399935.437 6.124 0.231 
1703399935.536 6.206 0.312 
1703399935.637 6.292 0.393 
1703399935.737 6.378 0.475 
1703399935.837 6.463 0.556 
1703399935.937 6.547 0.638 
1703399936.037 6.632 0.719 
1703399936.137 6.720 0.798 
1703399936.237 6.809 0.877 
1703399936.338 6.896 0.955 
1703399936.438 6.982 1.037 
1703399936.538 7.070 1.119 
1703399936.638 7.158 1.201 
1703399936.738 7.241 1.281 
1703399936.838 7.322 1.362 
1703399936.938 7.405 1.446 
1703399937.038 7.490 1.528 
1703399937.139 7.569 1.608 
1703399937.239 7.649 1.693 
1703399937.339 7.730 1.784 
1703399937.440 7.811 1.873 
1703399937.539 7.887 1.958 
1703399937.643 7.965 2.044 
1703399937.740 8.044 2.134 
1703399937.840 8.122 2.222 
1703399937.941 8.191 2.316 
1703399938.040 8.252 2.411 
1703399938.140 8.305 2.518 
1703399938.240 8.346 2.633 
1703399938.340 8.383 2.749 
1703399938.440 8.413 2.866 
1703399938.540 8.444 2.987 
1703399938.641 8.474 3.086 
1703399938.741 8.479 3.158 
1703399938.841 8.482 3.241 
1703399938.941 8.489 3.334 
1703399939.041 8.496 3.398 
1703399939.143 8.528 3.495 
1703399939.242 8.553 3.596 
1703399943.049 8.293 3.500 
1703399943.149 8.280 3.485 
1703399943.248 8.287 3.425 
1703399943.349 8.270 3.294 
1703399943.450 8.264 3.164 
1703399943.552 8.278 3.077 
1703399943.653 8.286 3.007 
1703399943.752 8.288 2.950 
1703399943.852 8.285 2.900 
1703399943.953 8.279 2.836 
1703399944.053 8.276 2.759 
1703399944.153 8.277 2.687 
1703399944.253 8.270 2.614 
1703399944.352 8.259 2.546 
1703399944.453 8.250 2.474 
1703399944.553 8.243 2.390 
1703399944.653 8.227 2.304 
1703399944.754 8.214 2.213 
1703399944.853 8.211 2.125 
1703399944.955 8.208 2.037 
1703399945.054 8.204 1.955 
1703399945.154 8.199 1.874 
1703399945.254 8.196 1.797 
1703399945.359 8.192 1.721 
1703399945.472 8.190 1.631 
1703399945.563 8.181 1.525 
1703399945.661 8.175 1.400 
1703399945.761 8.169 1.277 
1703399945.860 8.171 1.188 
1703399945.960 8.186 1.123 
1703399946.060 8.186 1.059 
1703399946.160 8.184 0.996 
1703399946.260 8.173 0.916 
1703399946.361 8.153 0.846 
1703399946.460 8.125 0.788 
1703399946.561 8.098 0.738 
1703399946.661 8.068 0.693 
1703399946.761 8.036 0.649 
1703399946.861 8.001 0.610 
1703399946.962 7.966 0.569 
1703399947.061 7.933 0.523 
1703399947.161 7.901 0.466 
1703399947.261 7.864 0.399 
1703399947.362 7.827 0.323 
1703399947.461 7.782 0.249 
1703399947.562 7.733 0.176 
1703399947.662 7.683 0.101 
1703399947.762 7.634 0.022 
1703399947.861 7.585 -0.064 
1703399947.962 7.527 -0.155 
1703399948.063 7.471 -0.245 
1703399948.162 7.415 -0.337 
1703399948.262 7.362 -0.429 
1703399948.363 7.311 -0.518 
1703399948.462 7.261 -0.610 
1703399948.563 7.215 -0.711 
1703399948.663 7.178 -0.811 
1703399948.763 7.147 -0.917 
1703399948.862 7.115 -1.009 
1703399948.963 7.092 -1.104 
1703399949.063 7.084 -1.203 
1703399949.163 7.091 -1.274 
1703399949.264 7.084 -1.348 
1703399949.365 7.063 -1.416 
1703399949.463 7.054 -1.474 
1703399949.564 7.052 -1.531 
1703399949.664 7.029 -1.598 
1703399949.765 6.993 -1.651 
1703399949.864 6.954 -1.693 
1703399949.964 6.912 -1.730 
1703399950.064 6.866 -1.761 
1703399950.165 6.818 -1.786 
1703399950.264 6.744 -1.812 
1703399950.365 6.674 -1.833 
1703399950.465 6.631 -1.848 
1703399950.564 6.649 -1.873 
1703399950.666 6.690 -1.908 
1703399950.765 6.695 -1.937 
1703399950.866 6.628 -1.915 
1703399950.965 6.525 -1.870 
1703399951.066 6.450 -1.876 
1703399951.166 6.419 -1.887 
1703399951.266 6.384 -1.885 
1703399951.365 6.336 -1.846 
1703399951.466 6.292 -1.796 
1703399951.566 6.254 -1.734 
1703399951.666 6.218 -1.654 
1703399951.767 6.194 -1.554 
1703399951.866 6.171 -1.441 
1703399951.967 6.147 -1.327 
1703399952.069 6.127 -1.217 
1703399952.167 6.098 -1.103 
1703399952.267 6.052 -0.992 
1703399952.367 5.997 -0.888 
1703399952.467 5.953 -0.781 
1703399952.568 5.898 -0.674 
1703399952.667 5.841 -0.567 
1703399952.767 5.776 -0.463 
1703399952.868 5.692 -0.371 
1703399952.967 5.595 -0.299 
1703399953.068 5.491 -0.237 
1703399953.168 5.386 -0.177 
1703399953.268 5.276 -0.126 
1703399953.368 5.163 -0.085 
1703399953.469 5.046 -0.065 
1703399953.568 4.922 -0.052 
1703399953.669 4.805 -0.032 
1703399953.769 4.688 -0.017 
1703399953.868 4.568 -0.008 
1703399953.969 4.444 -0.014 
1703399954.069 4.319 -0.030 
1703399954.169 4.211 -0.031 
1703399954.269 4.106 -0.036 
1703399954.369 3.997 -0.049 
1703399954.470 3.901 -0.086 
1703399954.570 3.812 -0.136 
1703399954.669 3.696 -0.187 
1703399954.770 3.586 -0.241 
1703399954.869 3.493 -0.307 
1703399954.970 3.413 -0.395 
1703399955.070 3.354 -0.496 
1703399955.170 3.312 -0.605 
1703399955.271 3.264 -0.719 
1703399955.370 3.209 -0.826 
1703399955.470 3.168 -0.934 
1703399955.571 3.138 -1.049 
1703399955.671 3.114 -1.167 
1703399955.771 3.095 -1.286 
1703399955.871 3.078 -1.400 
1703399955.974 3.051 -1.496 
1703399956.075 3.034 -1.595 
1703399956.175 3.034 -1.689 
1703399956.275 3.036 -1.778 
1703399956.373 3.035 -1.865 
1703399956.474 3.034 -1.960 
1703399956.574 3.032 -2.063 
1703399956.674 3.036 -2.180 
1703399956.775 3.032 -2.300 
1703399956.874 3.025 -2.411 
1703399956.974 3.017 -2.522 
1703399957.075 3.016 -2.634 
1703399957.175 3.016 -2.739 
1703399957.275 3.019 -2.842 
1703399957.375 3.023 -2.937 
1703399957.475 3.026 -3.030 
1703399957.575 3.045 -3.132 
1703399957.676 3.061 -3.221 
1703399957.777 3.070 -3.303 
1703399957.876 3.095 -3.388 
1703399957.976 3.134 -3.470 
1703399958.076 3.172 -3.543 
1703399958.176 3.184 -3.603 
1703399958.276 3.204 -3.663 
1703399958.376 3.238 -3.719 
1703399958.477 3.285 -3.799 
1703399958.576 3.338 -3.878 
1703399958.677 3.390 -3.971 
1703399958.777 3.452 -4.043 
1703399958.878 3.513 -4.138 
1703399958.977 3.570 -4.255 
1703399959.078 3.584 -4.382 
1703399959.177 3.557 -4.529 
1703399959.278 3.529 -4.673 
1703399959.378 3.483 -4.765 
1703399959.478 3.374 -4.836 
1703399959.577 3.284 -4.897 
1703399959.678 3.182 -4.952 
1703399959.780 3.066 -4.985 
1703399959.879 2.950 -5.000 
1703399959.978 2.834 -5.020 
1703399960.079 2.714 -5.041 
1703399960.180 2.596 -5.048 
1703399960.279 2.482 -5.053 
1703399960.379 2.365 -5.057 
1703399960.479 2.247 -5.059 
1703399960.580 2.129 -5.063 
1703399960.680 2.011 -5.066 
1703399960.780 1.896 -5.070 
1703399960.880 1.798 -5.077 
1703399960.980 1.721 -5.077 
1703399961.081 1.648 -5.066 
1703399961.180 1.569 -5.056 
1703399961.281 1.494 -5.055 
1703399961.381 1.417 -5.041 
1703399961.481 1.312 -4.977 
1703399961.581 1.220 -4.914 
1703399961.680 1.124 -4.846 
1703399961.782 1.034 -4.786 
1703399961.881 0.959 -4.746 
1703399961.981 0.897 -4.709 
1703399962.084 0.835 -4.664 
1703399962.182 0.763 -4.582 
1703399962.282 0.701 -4.486 
1703399962.382 0.651 -4.417 
1703399962.482 0.590 -4.352 
1703399962.583 0.534 -4.281 
1703399962.683 0.484 -4.185 
1703399962.783 0.430 -4.097 
1703399962.882 0.384 -4.029 
1703399962.983 0.338 -3.958 
1703399963.083 0.304 -3.881 
1703399963.183 0.269 -3.804 
1703399963.283 0.238 -3.733 
1703399963.383 0.207 -3.673 
1703399963.483 0.183 -3.614 
1703399963.582 0.174 -3.529 
1703399963.683 0.182 -3.435 
1703399963.783 0.204 -3.348 
1703399963.884 0.216 -3.280 
1703399963.983 0.212 -3.238 
1703399964.083 0.209 -3.187 
1703399964.184 0.203 -3.128 
1703399964.284 0.210 -3.037 
1703399964.384 0.231 -2.935 
1703399964.484 0.254 -2.827 
1703399964.584 0.269 -2.729 
1703399964.685 0.278 -2.640 
1703399964.784 0.287 -2.565 
1703399964.885 0.299 -2.494 
1703399964.985 0.313 -2.431 
1703399965.086 0.325 -2.382 
1703399965.185 0.331 -2.322 
1703399965.285 0.335 -2.221 
1703399965.385 0.335 -2.125 
1703399965.485 0.338 -2.061 
1703399965.585 0.338 -1.992 
1703399965.685 0.336 -1.914 
1703399965.786 0.332 -1.838 
1703399965.889 0.331 -1.757 
1703399965.987 0.332 -1.675 
1703399966.086 0.327 -1.593 
1703399966.187 0.323 -1.515 
1703399966.287 0.317 -1.437 
1703399966.387 0.315 -1.361 
1703399966.486 0.315 -1.285 
1703399966.587 0.312 -1.213 
1703399966.687 0.311 -1.139 
1703399966.788 0.310 -1.064 
1703399966.887 0.309 -0.991 
1703399966.988 0.308 -0.913 
1703399967.089 0.306 -0.837 
1703399967.188 0.304 -0.763 
1703399967.288 0.302 -0.685 
1703399967.388 0.298 -0.599 
1703399967.488 0.299 -0.518 
1703399967.589 0.303 -0.444 
1703399967.688 0.303 -0.374 
1703399967.789 0.297 -0.292 
1703399967.889 0.288 -0.184 
1703399967.989 0.278 -0.070 
1703399968.089 0.270 0.035 
1703399968.190 0.262 0.127 
1703399968.289 0.257 0.226 
1703399968.389 0.252 0.326 
1703399968.489 0.245 0.428 
1703399968.589 0.242 0.518 
1703399968.690 0.248 0.582 
1703399968.790 0.254 0.638 
1703399968.890 0.261 0.706 
1703399968.990 0.258 0.782 
1703399969.090 0.252 0.878 
1703399969.190 0.245 0.967 
1703399969.290 0.242 1.043 
1703399969.391 0.244 1.116 
1703399969.491 0.246 1.189 
1703399969.591 0.241 1.270 
1703399969.691 0.239 1.352 
1703399969.791 0.236 1.432 
1703399969.891 0.235 1.516 
1703399969.992 0.236 1.601 
1703399970.092 0.231 1.686 
1703399970.191 0.219 1.761 
1703399970.292 0.214 1.840 
1703399970.392 0.222 1.913 
1703399970.492 0.233 2.015 
1703399970.593 0.235 2.116 
1703399970.692 0.245 2.210 
1703399970.792 0.259 2.302 
1703399970.892 0.277 2.388 
1703399970.992 0.300 2.467 
1703399971.093 0.319 2.535 
1703399971.193 0.330 2.592 
1703399971.293 0.338 2.679 
1703399971.392 0.330 2.800 
1703399971.493 0.323 2.919 
1703399971.594 0.314 3.039 
1703399971.693 0.305 3.151 
1703399971.794 0.298 3.242 
1703399971.894 0.295 3.328 
1703399971.993 0.291 3.403 
1703399972.094 0.265 3.449 
1703399972.194 0.276 3.526 
1703399972.294 0.297 3.587 
1703399972.394 0.318 3.633 
1703399973.497 0.406 3.638 
1703399973.598 0.340 3.655 
1703399973.698 0.319 3.654 
1703399973.798 0.390 3.637 
1703399973.898 0.527 3.658 
1703399973.998 0.626 3.663 
1703399974.098 0.677 3.658 
1703399974.199 0.745 3.677 
1703399974.299 0.842 3.705 
1703399974.398 0.939 3.734 
1703399974.499 1.034 3.756 
1703399974.599 1.102 3.748 
1703399974.700 1.179 3.767 
1703399974.799 1.259 3.804 
1703399974.899 1.344 3.867 
1703399975.000 1.433 3.925 
1703399975.100 1.515 3.983 
1703399975.200 1.598 4.043 
1703399975.299 1.679 4.089 
1703399975.400 1.765 4.144 
1703399975.500 1.843 4.212 
1703399975.601 1.926 4.285 
1703399975.700 2.008 4.365 
1703399975.801 2.089 4.435 
1703399975.901 2.164 4.497 
1703399976.001 2.230 4.568 
1703399976.101 2.306 4.645 
1703399976.201 2.388 4.727 
1703399976.301 2.467 4.803 
1703399976.401 2.541 4.876 
1703399976.501 2.616 4.944 
1703399976.601 2.694 5.018 
1703399976.701 2.774 5.098 
1703399976.802 2.851 5.171 
1703399976.901 2.928 5.247 
1703399977.002 3.005 5.327 
1703399977.102 3.080 5.406 
1703399977.202 3.155 5.483 
1703399977.302 3.231 5.561 
1703399977.402 3.304 5.640 
1703399977.502 3.382 5.715 
1703399977.605 3.460 5.801 
1703399977.703 3.532 5.874 
1703399977.803 3.606 5.948 
1703399977.904 3.679 6.029 
1703399978.004 3.751 6.112 
1703399978.103 3.825 6.192 
1703399978.204 3.895 6.271 
1703399978.303 3.964 6.352 
1703399978.404 4.034 6.433 
1703399978.504 4.102 6.509 
1703399978.604 4.170 6.582 
1703399978.704 4.239 6.651 
1703399978.804 4.312 6.728 
1703399978.904 4.386 6.816 
1703399979.005 4.453 6.890 
1703399979.105 4.523 6.965 
1703399979.205 4.597 7.041 
1703399979.305 4.672 7.116 
1703399979.414 4.749 7.196 
1703399979.507 4.819 7.269 
1703399979.606 4.893 7.348 
1703399979.705 4.965 7.425 
1703399979.805 5.042 7.502 
1703399979.906 5.121 7.573 
1703399980.005 5.198 7.647 
1703399980.105 5.280 7.722 
1703399980.206 5.360 7.792 
1703399980.306 5.441 7.869 
1703399980.406 5.521 7.943 
1703399980.512 5.605 8.017 
1703399980.607 5.678 8.079 
1703399980.707 5.758 8.147 
1703399980.806 5.844 8.208 
1703399980.906 5.926 8.261 
1703399981.007 6.005 8.307 
1703399981.106 6.075 8.344 
1703399981.206 6.159 8.368 
1703399981.308 6.258 8.375 
1703399981.407 6.343 8.367 
1703399981.507 6.409 8.354 
1703399981.607 6.449 8.350 
1703399981.708 6.483 8.344 
1703399981.808 6.527 8.329 
1703399981.908 6.602 8.303 
1703399982.008 6.701 8.261 
1703399982.108 6.794 8.230 
1703399982.208 6.840 8.186 
1703399982.309 6.884 8.131 
1703399982.408 6.930 8.096 
1703399982.508 7.015 8.090 
1703399982.609 7.134 8.082 
1703399982.709 7.268 8.074 
1703399982.809 7.396 8.083 
1703399982.909 7.502 8.079 
1703399989.420 7.703 7.721 
1703399989.420 7.703 7.721 
1703399989.522 7.686 7.664 
1703399989.621 7.603 7.578 
1703399989.722 7.496 7.487 
1703399989.822 7.387 7.414 
1703399989.922 7.280 7.346 
1703399990.022 7.171 7.288 
1703399990.122 7.065 7.229 
1703399990.223 6.963 7.163 
1703399990.323 6.861 7.106 
1703399990.422 6.761 7.058 
1703399990.522 6.656 7.002 
1703399990.623 6.548 6.949 
1703399990.723 6.434 6.902 
1703399990.823 6.319 6.864 
1703399990.923 6.203 6.827 
1703399991.023 6.085 6.794 
1703399991.123 5.971 6.760 
1703399991.224 5.854 6.723 
1703399991.324 5.738 6.684 
1703399991.424 5.624 6.644 
1703399991.523 5.513 6.600 
1703399991.624 5.392 6.558 
1703399991.724 5.278 6.528 
1703399991.823 5.171 6.487 
1703399991.924 5.071 6.426 
1703399992.024 4.962 6.354 
1703399992.124 4.843 6.286 
1703399992.225 4.742 6.212 
1703399992.325 4.653 6.132 
1703399992.424 4.568 6.048 
1703399992.525 4.482 5.957 
1703399992.624 4.394 5.866 
1703399992.725 4.312 5.798 
1703399992.825 4.244 5.731 
1703399992.925 4.186 5.662 
1703399993.025 4.151 5.585 
1703399993.126 4.129 5.494 
1703399993.225 4.099 5.404 
1703399993.326 4.059 5.315 
1703399993.425 4.022 5.222 
1703399993.527 3.988 5.134 
1703399993.626 3.956 5.059 
1703399993.726 3.930 4.985 
1703399993.826 3.927 4.892 
1703399993.926 3.943 4.786 
1703399994.027 3.955 4.683 
1703399994.127 3.976 4.581 
1703399994.229 4.014 4.479 
1703399994.327 4.050 4.382 
1703399994.427 4.085 4.283 
1703399994.527 4.140 4.190 
1703399994.628 4.206 4.098 
1703399994.727 4.273 4.010 
1703399994.837 4.355 3.921 
1703399994.931 4.432 3.837 
1703399995.029 4.517 3.759 
1703399995.129 4.610 3.692 
1703399995.228 4.708 3.622 
1703399995.329 4.810 3.555 
1703399995.429 4.909 3.488 
1703399995.528 5.007 3.419 
1703399995.629 5.109 3.353 
1703399995.729 5.211 3.287 
1703399995.828 5.311 3.222 
1703399995.929 5.412 3.157 
1703399996.029 5.510 3.088 
1703399996.129 5.608 3.020 
1703399996.229 5.707 2.947 
1703399996.330 5.805 2.874 
1703399996.430 5.899 2.800 
1703399996.530 5.994 2.727 
1703399996.630 6.088 2.652 
1703399996.730 6.182 2.572 
1703399996.830 6.272 2.496 
1703399996.930 6.363 2.418 
1703399997.031 6.455 2.341 
1703399997.130 6.546 2.264 
1703399997.231 6.637 2.187 
1703399997.331 6.727 2.109 
1703399997.431 6.819 2.031 
1703399997.531 6.910 1.953 
1703399997.631 7.002 1.874 
1703399997.734 7.089 1.796 
1703399997.834 7.177 1.718 
1703399997.934 7.261 1.638 
1703399998.034 7.343 1.555 
1703399998.134 7.430 1.473 
1703399998.234 7.508 1.388 
1703399998.335 7.581 1.303 
1703399998.435 7.648 1.225 
1703399998.535 7.719 1.149 
1703399998.635 7.788 1.075 
1703399998.735 7.841 0.998 
1703399998.835 7.891 0.911 
1703399998.935 7.936 0.828 
1703399999.035 7.976 0.754 
1703399999.136 8.018 0.675 
1703399999.236 8.059 0.597 
1703399999.336 8.081 0.522 
1703399999.436 8.099 0.437 
1703399999.536 8.119 0.351 
1703399999.636 8.136 0.273 
1703399999.736 8.151 0.192 
1703399999.836 8.164 0.108 
1703399999.937 8.177 0.025 
1703400000.037 8.190 -0.056 
1703400000.137 8.201 -0.139 
1703400000.237 8.213 -0.223 
1703400000.337 8.224 -0.307 
1703400000.439 8.235 -0.392 
1703400000.537 8.243 -0.477 
1703400000.638 8.253 -0.564 
1703400000.738 8.257 -0.646 
1703400000.838 8.259 -0.729 
1703400000.939 8.260 -0.812 
1703400001.039 8.259 -0.895 
1703400001.138 8.259 -0.976 
1703400001.239 8.260 -1.062 
1703400001.339 8.264 -1.144 
1703400001.439 8.264 -1.227 
1703400001.539 8.264 -1.311 
1703400001.639 8.263 -1.392 
1703400001.739 8.263 -1.473 
1703400001.839 8.262 -1.552 
1703400001.939 8.261 -1.630 
1703400002.040 8.261 -1.708 
1703400002.140 8.260 -1.787 
1703400002.239 8.257 -1.865 
1703400002.340 8.252 -1.942 
1703400002.440 8.269 -2.056 
1703400002.540 8.278 -2.165 
1703400002.640 8.285 -2.266 
1703400002.741 8.295 -2.370 
1703400002.841 8.292 -2.459 
1703400002.941 8.284 -2.546 
1703400003.041 8.282 -2.636 
1703400003.141 8.290 -2.724 
1703400003.241 8.302 -2.813 
1703400003.343 8.323 -2.902 
1703400003.442 8.354 -2.983 
1703400003.542 8.402 -3.052 
1703400003.642 8.450 -3.118 
1703400003.742 8.494 -3.186 
1703400003.842 8.532 -3.266 
1703400003.941 8.567 -3.350 
1703400004.041 8.600 -3.432 
1703400004.142 8.615 -3.503 
1703400004.242 8.613 -3.562 
1703400004.342 8.591 -3.614 
1703400004.443 8.553 -3.657 
1703400004.542 8.512 -3.668 
1703400004.643 8.466 -3.650 
1703400004.743 8.397 -3.636 
1703400004.843 8.381 -3.625 
1703400004.943 8.382 -3.630 
1703400005.043 8.339 -3.629 
1703400005.143 8.311 -3.627 
1703400005.244 8.344 -3.645 
1703400005.344 8.395 -3.674 
1703400005.457 8.375 -3.659 
1703400005.548 8.337 -3.637 
1703400005.645 8.296 -3.622 
1703400005.745 8.252 -3.630 
1703400005.844 8.216 -3.632 
1703400005.944 8.166 -3.584 
1703400006.044 8.094 -3.501 
1703400006.145 8.012 -3.422 
1703400006.245 7.951 -3.354 
1703400006.345 7.886 -3.284 
1703400006.445 7.810 -3.205 
1703400006.546 7.731 -3.114 
1703400006.645 7.651 -3.022 
1703400006.746 7.577 -2.927 
1703400006.845 7.503 -2.829 
1703400006.946 7.427 -2.740 
1703400007.046 7.350 -2.653 
1703400007.146 7.273 -2.564 
1703400007.246 7.197 -2.477 
1703400007.346 7.121 -2.388 
1703400007.446 7.046 -2.299 
1703400007.546 6.970 -2.206 
1703400007.647 6.897 -2.112 
1703400007.747 6.826 -2.017 
1703400007.847 6.756 -1.920 
1703400007.947 6.688 -1.822 
1703400008.047 6.620 -1.726 
1703400008.147 6.552 -1.631 
1703400008.247 6.484 -1.535 
1703400008.347 6.418 -1.438 
1703400008.447 6.351 -1.340 
1703400008.548 6.287 -1.242 
1703400008.647 6.213 -1.147 
1703400008.748 6.137 -1.055 
1703400008.848 6.064 -0.966 
1703400008.948 5.982 -0.884 
1703400009.049 5.897 -0.800 
1703400009.151 5.811 -0.719 
1703400009.251 5.720 -0.641 
1703400009.352 5.635 -0.560 
1703400009.452 5.550 -0.477 
1703400009.551 5.457 -0.404 
1703400009.652 5.361 -0.335 
1703400009.752 5.254 -0.274 
1703400009.860 5.141 -0.214 
1703400009.952 5.043 -0.165 
1703400010.053 4.942 -0.113 
1703400010.152 4.831 -0.070 
1703400010.252 4.704 -0.050 
1703400010.353 4.597 -0.021 
1703400010.453 4.494 0.003 
1703400010.552 4.379 0.016 
1703400010.653 4.258 0.016 
1703400010.753 4.145 0.016 
1703400010.853 4.023 0.013 
1703400010.953 3.923 -0.000 
1703400011.053 3.846 -0.020 
1703400011.154 3.785 -0.057 
1703400011.256 3.719 -0.117 
1703400011.357 3.648 -0.217 
1703400011.457 3.576 -0.309 
1703400011.557 3.507 -0.380 
1703400011.657 3.434 -0.454 
1703400011.758 3.365 -0.535 
1703400011.857 3.305 -0.630 
1703400011.958 3.251 -0.725 
1703400012.058 3.196 -0.821 
1703400012.158 3.134 -0.914 
1703400012.260 3.077 -1.010 
1703400012.358 3.026 -1.102 
1703400012.459 2.973 -1.203 
1703400012.559 2.919 -1.311 
1703400012.659 2.869 -1.415 
1703400012.759 2.817 -1.518 
1703400012.859 2.762 -1.619 
1703400012.959 2.707 -1.718 
1703400013.060 2.654 -1.813 
1703400013.159 2.602 -1.911 
1703400013.259 2.549 -2.012 
1703400013.360 2.492 -2.109 
1703400013.459 2.434 -2.204 
1703400013.560 2.376 -2.300 
1703400013.660 2.315 -2.394 
1703400013.760 2.257 -2.488 
1703400013.861 2.196 -2.581 
1703400013.960 2.134 -2.675 
1703400014.061 2.068 -2.767 
1703400014.161 1.996 -2.855 
1703400014.261 1.932 -2.942 
1703400014.361 1.867 -3.027 
1703400014.462 1.801 -3.111 
1703400014.561 1.734 -3.190 
1703400014.661 1.664 -3.267 
1703400014.762 1.598 -3.342 
1703400014.862 1.534 -3.414 
1703400014.965 1.467 -3.488 
1703400015.062 1.402 -3.555 
1703400015.163 1.328 -3.620 
1703400015.263 1.258 -3.681 
1703400015.363 1.199 -3.740 
1703400015.463 1.141 -3.795 
1703400015.564 1.084 -3.848 
1703400015.664 0.983 -3.898 
1703400015.764 0.893 -3.945 
1703400015.864 0.831 -3.993 
1703400015.964 0.756 -4.032 
1703400016.064 0.613 -4.040 
1703400016.164 0.550 -4.078 
1703400016.264 0.485 -4.113 
1703400016.365 0.398 -4.092 
1703400016.464 0.293 -4.035 
1703400016.565 0.205 -3.988 
1703400016.665 0.123 -3.961 
1703400016.765 0.041 -3.934 
1703400016.865 -0.037 -3.901 
1703400016.965 -0.120 -3.856 
1703400017.065 -0.213 -3.808 
1703400017.165 -0.297 -3.768 
1703400017.266 -0.382 -3.742 
1703400017.366 -0.469 -3.726 
1703400017.466 -0.579 -3.720 
1703400017.565 -0.686 -3.721 
1703400017.666 -0.780 -3.721 
1703400017.766 -0.868 -3.721 
1703400017.867 -0.951 -3.712 
1703400017.966 -1.040 -3.717 
1703400018.067 -1.132 -3.727 
1703400018.167 -1.225 -3.733 
1703400018.268 -1.320 -3.741 
1703400018.367 -1.417 -3.771 
1703400018.467 -1.516 -3.806 
1703400018.567 -1.610 -3.831 
1703400018.667 -1.696 -3.861 
1703400018.767 -1.782 -3.891 
1703400018.868 -1.877 -3.917 
1703400018.967 -1.968 -3.943 
1703400019.068 -2.054 -3.968 
1703400019.168 -2.144 -3.991 
1703400019.269 -2.237 -4.016 
1703400019.369 -2.333 -4.042 
1703400019.469 -2.431 -4.070 
1703400019.568 -2.525 -4.100 
1703400019.669 -2.622 -4.128 
1703400019.769 -2.709 -4.161 
1703400019.870 -2.804 -4.193 
1703400019.969 -2.899 -4.222 
1703400020.070 -2.995 -4.236 
1703400020.170 -3.093 -4.243 
1703400020.269 -3.194 -4.249 
1703400020.370 -3.298 -4.254 
1703400020.470 -3.369 -4.274 
1703400020.570 -3.455 -4.282 
1703400020.670 -3.555 -4.268 
1703400020.770 -3.655 -4.250 
1703400020.870 -3.742 -4.225 
1703400020.970 -3.833 -4.184 
1703400021.072 -3.916 -4.109 
1703400021.170 -3.983 -4.019 
1703400021.272 -4.031 -3.924 
1703400021.372 -4.051 -3.819 
1703400021.471 -4.057 -3.711 
1703400021.572 -4.065 -3.603 
1703400021.671 -4.077 -3.499 
1703400021.772 -4.085 -3.423 
1703400021.872 -4.088 -3.364 
1703400021.972 -4.107 -3.283 
1703400022.072 -4.123 -3.207 
1703400022.173 -4.138 -3.126 
1703400022.273 -4.155 -3.044 
1703400022.373 -4.177 -2.972 
1703400022.473 -4.198 -2.900 
1703400022.573 -4.219 -2.821 
1703400022.673 -4.242 -2.745 
1703400022.773 -4.266 -2.666 
1703400022.874 -4.288 -2.588 
1703400022.973 -4.312 -2.510 
1703400023.074 -4.335 -2.437 
1703400023.173 -4.359 -2.364 
1703400023.273 -4.383 -2.289 
1703400023.373 -4.401 -2.180 
1703400023.474 -4.417 -2.075 
1703400023.574 -4.429 -1.982 
1703400023.674 -4.447 -1.894 
1703400023.774 -4.474 -1.789 
1703400023.874 -4.489 -1.683 
1703400023.975 -4.504 -1.601 
1703400024.075 -4.517 -1.519 
1703400024.175 -4.501 -1.403 
1703400024.276 -4.473 -1.287 
1703400024.375 -4.436 -1.173 
1703400024.476 -4.369 -1.063 
1703400024.575 -4.283 -0.969 
1703400024.677 -4.169 -0.895 
1703400024.776 -4.039 -0.851 
1703400024.876 -3.948 -0.849 
1703400024.976 -3.856 -0.903 
1703400025.076 -3.757 -0.956 
1703400025.175 -3.647 -0.998 
1703400025.276 -3.531 -1.032 
1703400025.376 -3.417 -1.069 
1703400025.476 -3.302 -1.100 
1703400025.577 -3.185 -1.133 
1703400025.677 -3.066 -1.165 
1703400025.777 -2.946 -1.192 
1703400025.877 -2.831 -1.207 
1703400025.977 -2.715 -1.220 
1703400026.077 -2.603 -1.239 
1703400026.177 -2.497 -1.255 
1703400026.277 -2.398 -1.265 
1703400026.377 -2.300 -1.270 
1703400026.477 -2.199 -1.272 
1703400026.577 -2.099 -1.270 
1703400026.677 -2.000 -1.258 
1703400026.778 -1.892 -1.237 
1703400026.878 -1.788 -1.213 
1703400026.977 -1.686 -1.189 
1703400027.078 -1.582 -1.157 
1703400027.178 -1.485 -1.116 
1703400027.278 -1.393 -1.068 
1703400027.380 -1.298 -0.998 
1703400027.479 -1.206 -0.924 
1703400027.579 -1.122 -0.890 
1703400027.679 -1.037 -0.831 
1703400027.778 -0.958 -0.745 
1703400027.879 -0.884 -0.662 
1703400027.979 -0.819 -0.581 
1703400028.080 -0.758 -0.483 
1703400028.180 -0.707 -0.373 
1703400028.279 -0.654 -0.290 
1703400028.380 -0.612 -0.199 
1703400028.480 -0.586 -0.087 
1703400028.580 -0.563 0.025 
1703400028.680 -0.548 0.134 
1703400028.781 -0.535 0.238 
1703400028.881 -0.527 0.340 
1703400028.981 -0.540 0.449 
1703400029.081 -0.566 0.558 
1703400029.182 -0.585 0.661 
1703400029.281 -0.596 0.777 
1703400029.382 -0.610 0.888 
1703400029.482 -0.627 0.987 
1703400029.581 -0.672 1.089 
1703400029.682 -0.745 1.194 
1703400029.781 -0.814 1.288 
1703400029.882 -0.875 1.376 
1703400029.982 -0.928 1.458 
1703400030.082 -0.988 1.525 
1703400030.182 -1.058 1.588 
1703400030.282 -1.145 1.654 
1703400030.383 -1.228 1.722 
1703400030.482 -1.281 1.785 
1703400030.583 -1.329 1.855 
1703400030.683 -1.372 1.938 
1703400030.783 -1.416 2.020 
1703400030.883 -1.458 2.095 
1703400030.983 -1.504 2.172 
1703400031.083 -1.550 2.250 
1703400031.183 -1.593 2.326 
1703400031.284 -1.637 2.403 
1703400031.383 -1.686 2.476 
1703400031.487 -1.735 2.549 
1703400031.588 -1.776 2.620 
1703400031.687 -1.817 2.681 
1703400031.787 -1.861 2.737 
1703400031.887 -1.900 2.801 
1703400031.988 -1.942 2.909 
1703400032.088 -1.982 3.008 
1703400032.188 -2.016 3.088 
1703400032.287 -2.039 3.172 
1703400032.388 -2.056 3.258 
1703400032.488 -2.065 3.336 
1703400032.588 -2.065 3.410 
1703400032.689 -2.061 3.485 
1703400032.788 -2.055 3.555 
1703400032.889 -2.040 3.631 
1703400032.989 -2.028 3.724 
1703400033.089 -2.038 3.795 
1703400033.189 -2.039 3.856 
1703400033.289 -2.030 3.927 
1703400033.389 -2.018 4.013 
1703400033.490 -2.004 4.106 
1703400033.589 -1.998 4.193 
1703400033.690 -1.982 4.286 
1703400033.798 -1.962 4.392 
1703400033.894 -1.951 4.491 
1703400033.994 -1.939 4.601 
1703400034.094 -1.926 4.706 
1703400034.194 -1.911 4.815 
1703400034.294 -1.898 4.923 
1703400034.394 -1.891 5.031 
1703400034.495 -1.885 5.140 
1703400034.595 -1.878 5.242 
1703400034.695 -1.867 5.343 
1703400034.795 -1.859 5.441 
1703400034.894 -1.849 5.525 
1703400034.995 -1.850 5.612 
1703400035.094 -1.859 5.691 
1703400035.198 -1.866 5.792 
1703400035.300 -1.869 5.902 
1703400035.396 -1.876 6.005 
1703400035.495 -1.889 6.106 
1703400035.596 -1.910 6.191 
1703400035.696 -1.929 6.274 
1703400035.796 -1.944 6.348 
1703400035.896 -1.948 6.419 
1703400035.996 -1.949 6.481 
1703400036.096 -1.987 6.480 
1703400036.196 -2.015 6.499 
1703400036.297 -2.012 6.549 
1703400036.397 -2.014 6.617 
1703400036.503 -2.026 6.691 
1703400036.599 -2.050 6.804 
1703400036.698 -2.087 6.935 
1703400036.797 -2.099 7.043 
1703400036.897 -2.116 7.151 
1703400036.997 -2.123 7.260 
1703400037.097 -2.134 7.350 
1703400037.197 -2.152 7.421 
1703400037.298 -2.165 7.490 
1703400037.397 -2.195 7.557 
1703400037.498 -2.267 7.619 
1703400037.598 -2.345 7.684 
1703400037.699 -2.409 7.756 
1703400037.798 -2.451 7.822 
1703400037.898 -2.533 7.874 
1703400037.999 -2.627 7.919 
1703400038.098 -2.679 7.946 
1703400038.198 -2.728 7.969 
1703400038.298 -2.805 7.996 
1703400038.399 -2.906 8.045 
1703400038.498 -3.004 8.070 
1703400038.599 -3.103 8.072 
1703400038.700 -3.181 8.077 
1703400038.799 -3.261 8.061 
1703400038.900 -3.329 8.033 
1703400039.000 -3.394 7.990 
1703400039.099 -3.449 7.950 
1703400039.200 -3.494 7.905 
1703400039.300 -3.526 7.853 
1703400039.401 -3.549 7.806 
1703400039.500 -3.568 7.760 
1703400039.601 -3.576 7.701 
1703400039.700 -3.572 7.640 
1703400039.801 -3.560 7.599 
1703400039.901 -3.565 7.602 
1703400040.001 -3.606 7.639 
1703400040.101 -3.648 7.668 
1703400040.201 -3.667 7.669 
1703400040.301 -3.665 7.639 
1703400043.109 -3.408 7.297 
1703400043.110 -3.408 7.297 
1703400043.210 -3.443 7.239 
1703400043.310 -3.483 7.127 
1703400043.410 -3.517 7.015 
1703400043.510 -3.554 6.903 
1703400043.610 -3.591 6.795 
1703400043.711 -3.631 6.689 
1703400043.811 -3.671 6.583 
1703400043.910 -3.708 6.480 
1703400044.011 -3.742 6.381 
1703400044.111 -3.779 6.285 
1703400044.212 -3.833 6.174 
1703400044.312 -3.880 6.072 
1703400044.412 -3.924 5.965 
1703400044.512 -3.966 5.863 
1703400044.612 -4.012 5.770 
1703400044.711 -4.054 5.696 
1703400044.812 -4.094 5.633 
1703400044.912 -4.131 5.568 
1703400045.012 -4.176 5.487 
1703400045.112 -4.225 5.404 
1703400045.212 -4.271 5.332 
1703400045.313 -4.313 5.263 
1703400045.413 -4.354 5.198 
1703400045.513 -4.395 5.130 
1703400045.616 -4.436 5.057 
1703400045.716 -4.487 4.985 
1703400045.815 -4.531 4.924 
1703400045.915 -4.571 4.859 
1703400046.017 -4.610 4.803 
1703400046.116 -4.648 4.746 
1703400046.216 -4.706 4.665 
1703400046.317 -4.786 4.574 
1703400046.416 -4.862 4.472 
1703400046.519 -4.923 4.398 
1703400046.620 -4.974 4.324 
1703400046.725 -5.025 4.251 
1703400046.824 -5.071 4.180 
1703400046.924 -5.113 4.109 
1703400047.023 -5.156 4.041 
1703400047.125 -5.197 3.981 
1703400047.224 -5.233 3.927 
1703400047.324 -5.270 3.872 
1703400047.425 -5.299 3.788 
1703400047.524 -5.320 3.720 
1703400047.625 -5.341 3.671 
1703400047.724 -5.359 3.623 
1703400047.825 -5.374 3.563 
1703400047.925 -5.379 3.444 
1703400048.025 -5.381 3.317 
1703400048.125 -5.380 3.256 
1703400048.225 -5.383 3.229 
1703400048.326 -5.401 3.237 
1703400048.426 -5.415 3.244 
1703400048.526 -5.349 3.167 
1703400048.626 -5.271 3.082 
1703400048.727 -5.282 3.026 
1703400048.827 -5.291 2.997 
1703400048.927 -5.237 2.960 
1703400049.028 -5.147 2.876 
1703400049.127 -5.086 2.813 
1703400049.227 -5.057 2.769 
1703400049.327 -5.014 2.727 
1703400049.428 -4.951 2.687 
1703400049.528 -4.882 2.653 
1703400049.627 -4.817 2.616 
1703400049.728 -4.752 2.580 
1703400049.828 -4.683 2.547 
1703400049.927 -4.605 2.509 
1703400050.028 -4.526 2.474 
1703400050.128 -4.446 2.441 
1703400050.228 -4.368 2.405 
1703400050.329 -4.288 2.372 
1703400050.428 -4.201 2.340 
1703400050.529 -4.109 2.305 
1703400050.629 -4.023 2.274 
1703400050.729 -3.932 2.242 
1703400050.828 -3.839 2.208 
1703400050.928 -3.743 2.176 
1703400051.029 -3.669 2.166 
1703400051.130 -3.597 2.141 
1703400051.230 -3.515 2.109 
1703400051.331 -3.451 2.077 
1703400051.430 -3.411 2.036 
1703400051.530 -3.364 2.011 
1703400051.630 -3.289 1.997 
1703400051.730 -3.180 1.963 
1703400051.831 -3.068 1.943 
1703400051.933 -2.952 1.912 
1703400052.031 -2.848 1.891 
1703400052.132 -2.751 1.878 
1703400052.231 -2.677 1.866 
1703400052.332 -2.624 1.853 
1703400052.431 -2.564 1.856 
1703400052.532 -2.509 1.853 
1703400052.632 -2.443 1.846 
1703400052.732 -2.346 1.824 
1703400052.832 -2.239 1.790 
1703400059.547 -1.667 1.814 
1703400059.548 -1.667 1.815 
1703400059.648 -1.680 1.826 
1703400059.747 -1.772 1.807 
1703400059.847 -1.880 1.778 
1703400059.951 -1.990 1.785 
1703400060.049 -2.122 1.817 
1703400060.149 -2.259 1.839 
1703400060.248 -2.364 1.873 
1703400060.350 -2.457 1.875 
1703400060.451 -2.560 1.874 
1703400060.551 -2.700 1.883 
1703400060.652 -2.822 1.892 
1703400060.752 -2.941 1.889 
1703400060.852 -3.057 1.886 
1703400060.952 -3.181 1.881 
1703400061.052 -3.302 1.877 
1703400061.153 -3.424 1.871 
1703400061.253 -3.545 1.866 
1703400061.352 -3.665 1.858 
1703400061.452 -3.788 1.847 
1703400061.553 -3.913 1.833 
1703400061.653 -4.032 1.823 
1703400061.753 -4.151 1.817 
1703400061.854 -4.272 1.812 
1703400061.953 -4.393 1.804 
1703400062.053 -4.516 1.793 
1703400062.154 -4.636 1.790 
1703400062.254 -4.756 1.788 
1703400062.353 -4.874 1.785 
1703400062.454 -4.997 1.777 
1703400062.554 -5.116 1.772 
1703400062.654 -5.222 1.766 
1703400062.754 -5.315 1.762 
1703400062.854 -5.384 1.760 
1703400062.954 -5.456 1.758 
1703400063.054 -5.539 1.754 
1703400063.156 -5.626 1.748 
1703400063.256 -5.705 1.746 
1703400063.356 -5.788 1.744 
1703400063.457 -5.870 1.742 
1703400063.556 -5.955 1.740 
1703400063.657 -6.041 1.736 
1703400063.757 -6.129 1.732 
1703400063.857 -6.212 1.730 
1703400063.957 -6.296 1.729 
1703400064.057 -6.384 1.728 
1703400064.157 -6.472 1.726 
1703400064.258 -6.561 1.724 
1703400064.358 -6.650 1.723 
1703400064.459 -6.740 1.721 
1703400064.558 -6.829 1.719 
1703400064.659 -6.918 1.717 
1703400064.758 -7.008 1.716 
1703400064.858 -7.099 1.715 
1703400064.959 -7.189 1.714 
1703400065.058 -7.280 1.713 
1703400065.159 -7.369 1.715 
1703400065.258 -7.459 1.714 
1703400065.359 -7.548 1.714 
1703400065.459 -7.633 1.716 
1703400065.559 -7.715 1.717 
1703400065.659 -7.792 1.717 
1703400065.760 -7.891 1.725 
1703400065.859 -7.997 1.735 
1703400065.960 -8.133 1.737 
1703400066.060 -8.274 1.758 
1703400066.160 -8.376 1.791 
1703400066.260 -8.455 1.813 
1703400066.360 -8.532 1.833 
1703400067.465 -8.513 1.905 
1703400067.565 -8.512 1.882 
1703400067.665 -8.523 1.905 
1703400067.766 -8.545 2.016 
1703400067.865 -8.560 2.129 
1703400067.966 -8.564 2.247 
1703400068.065 -8.549 2.371 
1703400068.166 -8.535 2.472 
1703400068.266 -8.498 2.584 
1703400068.367 -8.469 2.687 
1703400068.467 -8.441 2.791 
1703400068.566 -8.413 2.892 
1703400068.667 -8.385 2.990 
1703400068.767 -8.353 3.093 
1703400068.869 -8.305 3.200 
1703400068.967 -8.285 3.235 
1703400069.067 -8.243 3.278 
1703400069.168 -8.161 3.336 
1703400069.269 -8.058 3.410 
1703400069.367 -7.967 3.484 
1703400069.468 -7.876 3.534 
1703400069.567 -7.788 3.584 
1703400069.668 -7.689 3.631 
1703400069.768 -7.586 3.676 
1703400069.868 -7.487 3.719 
1703400069.969 -7.379 3.766 
1703400070.069 -7.276 3.812 
1703400070.168 -7.173 3.855 
1703400070.268 -7.070 3.898 
1703400070.368 -6.969 3.935 
1703400070.469 -6.873 3.978 
1703400070.569 -6.783 4.028 
1703400070.669 -6.695 4.080 
1703400070.769 -6.603 4.128 
1703400070.870 -6.508 4.173 
1703400070.970 -6.441 4.190 
1703400071.069 -6.375 4.226 
1703400071.170 -6.300 4.291 
1703400071.269 -6.221 4.354 
1703400071.370 -6.148 4.412 
1703400071.469 -6.080 4.468 
1703400071.570 -6.017 4.519 
1703400071.671 -5.962 4.566 
1703400071.771 -5.889 4.619 
1703400071.871 -5.829 4.676 
1703400071.971 -5.758 4.745 
1703400072.071 -5.631 4.816 
1703400072.170 -5.513 4.881 
1703400072.271 -5.439 4.912 
1703400072.372 -5.386 4.949 
1703400072.473 -5.332 4.996 
1703400072.570 -5.212 5.032 
1703400072.671 -5.112 5.093 
1703400072.776 -4.993 5.144 
1703400072.873 -4.852 5.169 
1703400072.973 -4.721 5.151 
1703400073.071 -4.611 5.088 
1703400073.173 -4.517 5.012 
1703400073.272 -4.429 4.933 
1703400073.372 -4.352 4.845 
1703400073.472 -4.286 4.746 
1703400073.572 -4.226 4.645 
1703400073.673 -4.173 4.552 
1703400073.774 -4.141 4.473 
1703400073.874 -4.096 4.402 
1703400073.974 -4.045 4.330 
1703400074.074 -3.995 4.256 
1703400074.174 -3.950 4.187 
1703400074.275 -3.895 4.119 
1703400074.374 -3.836 4.052 
1703400074.474 -3.779 3.986 
1703400074.575 -3.720 3.924 
1703400074.675 -3.670 3.867 
1703400074.775 -3.622 3.811 
1703400074.875 -3.553 3.743 
1703400074.976 -3.467 3.666 
1703400075.076 -3.390 3.599 
1703400075.177 -3.322 3.542 
1703400075.278 -3.248 3.478 
1703400075.378 -3.162 3.409 
1703400075.478 -3.078 3.338 
1703400075.578 -2.998 3.271 
1703400075.677 -2.917 3.204 
1703400075.778 -2.828 3.135 
1703400075.878 -2.741 3.065 
1703400075.978 -2.653 2.998 
1703400076.079 -2.566 2.933 
1703400076.179 -2.480 2.867 
1703400076.278 -2.389 2.801 
1703400076.379 -2.299 2.734 
1703400076.479 -2.210 2.672 
1703400076.580 -2.118 2.607 
1703400076.678 -2.028 2.541 
1703400076.779 -1.936 2.472 
1703400076.880 -1.841 2.405 
1703400076.979 -1.746 2.337 
1703400077.079 -1.649 2.264 
1703400077.180 -1.555 2.190 
1703400077.280 -1.462 2.113 
1703400077.380 -1.371 2.034 
1703400077.480 -1.283 1.954 
1703400077.581 -1.198 1.871 
1703400077.680 -1.118 1.773 
1703400077.780 -1.040 1.675 
1703400077.880 -0.963 1.584 
1703400077.982 -0.895 1.486 
1703400078.081 -0.832 1.378 
1703400078.181 -0.774 1.276 
1703400078.282 -0.718 1.165 
1703400078.382 -0.672 1.043 
1703400078.482 -0.618 0.929 
1703400078.583 -0.574 0.818 
1703400078.683 -0.548 0.702 
1703400078.783 -0.527 0.581 
1703400078.883 -0.507 0.453 
1703400078.983 -0.489 0.333 
1703400079.083 -0.485 0.216 
1703400079.184 -0.488 0.098 
1703400079.283 -0.499 -0.017 
1703400079.383 -0.517 -0.132 
1703400079.483 -0.536 -0.243 
1703400079.583 -0.556 -0.351 
1703400079.684 -0.587 -0.458 
1703400079.784 -0.633 -0.569 
1703400079.884 -0.688 -0.673 
1703400079.984 -0.747 -0.773 
1703400080.084 -0.809 -0.871 
1703400080.185 -0.887 -0.963 
1703400080.285 -0.971 -1.052 
1703400080.385 -1.063 -1.131 
1703400080.485 -1.151 -1.214 
1703400080.585 -1.244 -1.295 
1703400080.685 -1.343 -1.362 
1703400080.785 -1.440 -1.409 
1703400080.885 -1.549 -1.455 
1703400080.985 -1.662 -1.510 
1703400081.085 -1.772 -1.560 
1703400081.185 -1.888 -1.597 
1703400081.286 -1.998 -1.629 
1703400081.385 -2.113 -1.648 
1703400081.486 -2.229 -1.668 
1703400081.586 -2.339 -1.692 
1703400081.686 -2.449 -1.720 
1703400081.786 -2.571 -1.736 
1703400081.887 -2.695 -1.747 
1703400081.986 -2.808 -1.763 
1703400082.086 -2.896 -1.776 
1703400082.192 -2.993 -1.776 
1703400082.287 -3.083 -1.774 
1703400082.387 -3.185 -1.771 
1703400082.487 -3.283 -1.775 
1703400082.588 -3.378 -1.781 
1703400082.688 -3.467 -1.785 
1703400082.788 -3.557 -1.788 
1703400082.888 -3.655 -1.793 
1703400082.988 -3.744 -1.797 
1703400083.088 -3.829 -1.806 
1703400083.188 -3.918 -1.818 
1703400083.289 -4.007 -1.832 
1703400083.388 -4.091 -1.843 
1703400083.488 -4.176 -1.850 
1703400083.589 -4.264 -1.864 
1703400083.688 -4.349 -1.878 
1703400083.789 -4.433 -1.892 
1703400083.889 -4.518 -1.908 
1703400083.990 -4.605 -1.924 
1703400084.089 -4.690 -1.938 
1703400084.191 -4.779 -1.956 
1703400084.289 -4.859 -1.972 
1703400084.390 -4.943 -1.992 
1703400084.492 -5.025 -2.012 
1703400084.591 -5.106 -2.033 
1703400084.690 -5.186 -2.055 
1703400084.790 -5.266 -2.079 
1703400084.890 -5.344 -2.100 
1703400084.990 -5.422 -2.115 
1703400085.089 -5.497 -2.133 
1703400085.192 -5.574 -2.157 
1703400085.291 -5.643 -2.186 
1703400085.390 -5.711 -2.217 
1703400085.492 -5.780 -2.249 
1703400085.591 -5.877 -2.287 
1703400085.691 -5.974 -2.315 
1703400085.792 -6.058 -2.344 
1703400085.891 -6.132 -2.371 
1703400085.992 -6.200 -2.393 
1703400086.092 -6.270 -2.423 
1703400086.192 -6.332 -2.476 
1703400086.292 -6.389 -2.532 
1703400086.393 -6.451 -2.598 
1703400086.504 -6.498 -2.696 
1703400086.596 -6.518 -2.798 
1703400086.693 -6.497 -2.905 
1703400086.794 -6.448 -3.015 
1703400086.893 -6.393 -3.118 
1703400086.995 -6.350 -3.181 
1703400087.093 -6.307 -3.241 
1703400091.506 -6.027 -3.399 
1703400091.506 -6.027 -3.399 
1703400091.607 -6.083 -3.343 
1703400091.708 -6.203 -3.285 
1703400091.808 -6.325 -3.223 
1703400091.908 -6.428 -3.171 
1703400092.008 -6.535 -3.115 
1703400092.107 -6.644 -3.068 
1703400092.210 -6.752 -3.022 
1703400092.309 -6.859 -2.978 
1703400092.408 -6.968 -2.933 
1703400092.509 -7.079 -2.888 
1703400092.608 -7.187 -2.842 
1703400092.708 -7.294 -2.796 
1703400092.808 -7.405 -2.748 
1703400092.909 -7.516 -2.701 
1703400093.009 -7.626 -2.655 
1703400093.108 -7.735 -2.608 
1703400093.209 -7.844 -2.560 
1703400093.309 -7.950 -2.510 
1703400093.409 -8.059 -2.460 
1703400093.510 -8.165 -2.410 
1703400093.609 -8.268 -2.359 
1703400093.710 -8.380 -2.312 
1703400093.810 -8.521 -2.276 
1703400093.910 -8.668 -2.257 
1703400097.727 -8.668 -2.401 
1703400097.827 -8.664 -2.348 
1703400097.928 -8.674 -2.263 
1703400099.130 -8.711 -2.193 
1703400099.230 -8.726 -2.198 
1703400099.331 -8.725 -2.194 
1703400099.430 -8.716 -2.190 
1703400099.530 -8.694 -2.192 
1703400099.631 -8.652 -2.204 
1703400099.731 -8.586 -2.216 
1703400099.832 -8.478 -2.252 
1703400099.933 -8.362 -2.296 
1703400100.034 -8.252 -2.331 
1703400100.135 -8.154 -2.352 
1703400100.235 -8.053 -2.380 
1703400100.335 -7.948 -2.409 
1703400100.434 -7.838 -2.442 
1703400100.535 -7.720 -2.475 
1703400100.635 -7.604 -2.506 
1703400100.734 -7.492 -2.538 
1703400100.835 -7.378 -2.572 
1703400100.935 -7.263 -2.613 
1703400101.035 -7.148 -2.650 
1703400101.135 -7.035 -2.686 
1703400101.236 -6.923 -2.725 
1703400101.335 -6.812 -2.771 
1703400101.436 -6.702 -2.819 
1703400101.536 -6.593 -2.865 
1703400101.636 -6.486 -2.910 
1703400101.736 -6.378 -2.957 
1703400101.836 -6.273 -3.014 
1703400101.936 -6.167 -3.066 
1703400102.037 -6.065 -3.116 
1703400102.137 -5.961 -3.168 
1703400102.237 -5.862 -3.233 
1703400102.336 -5.766 -3.304 
1703400102.437 -5.667 -3.366 
1703400102.537 -5.567 -3.430 
1703400102.638 -5.473 -3.505 
1703400102.738 -5.387 -3.591 
1703400102.837 -5.301 -3.676 
1703400102.939 -5.216 -3.744 
1703400103.038 -5.143 -3.820 
1703400103.138 -5.078 -3.911 
1703400103.239 -5.010 -3.998 
1703400103.339 -4.944 -4.105 
1703400103.439 -4.880 -4.216 
1703400103.540 -4.814 -4.329 
1703400103.640 -4.752 -4.439 
1703400103.739 -4.713 -4.555 
1703400103.839 -4.669 -4.668 
1703400103.939 -4.629 -4.772 
1703400104.040 -4.600 -4.877 
1703400104.140 -4.584 -4.998 
1703400104.239 -4.562 -5.105 
1703400104.341 -4.544 -5.212 
1703400104.440 -4.523 -5.315 
1703400104.540 -4.512 -5.421 
1703400104.640 -4.520 -5.530 
1703400104.740 -4.524 -5.636 
1703400104.841 -4.534 -5.746 
1703400104.941 -4.541 -5.870 
1703400105.041 -4.557 -5.994 
1703400105.141 -4.576 -6.112 
1703400105.241 -4.589 -6.230 
1703400105.341 -4.605 -6.342 
1703400105.441 -4.616 -6.452 
1703400105.541 -4.603 -6.586 
1703400105.641 -4.612 -6.696 
1703400105.742 -4.617 -6.801 
1703400107.345 -4.619 -6.612 
1703400107.446 -4.582 -6.588 
1703400107.546 -4.485 -6.493 
1703400107.646 -4.385 -6.390 
1703400107.745 -4.304 -6.293 
1703400107.846 -4.256 -6.250 
1703400107.946 -4.241 -6.224 
1703400108.046 -4.223 -6.215 
1703400108.150 -4.159 -6.148 
1703400108.251 -4.059 -6.055 
1703400108.350 -4.000 -5.966 
1703400108.451 -3.948 -5.885 
1703400108.551 -3.887 -5.812 
1703400108.650 -3.808 -5.749 
1703400108.750 -3.740 -5.706 
1703400108.851 -3.676 -5.669 
1703400108.952 -3.607 -5.616 
1703400109.051 -3.523 -5.543 
1703400109.153 -3.440 -5.470 
1703400109.252 -3.367 -5.398 
1703400109.352 -3.295 -5.330 
1703400109.452 -3.220 -5.270 
1703400109.552 -3.146 -5.197 
1703400109.652 -3.078 -5.115 
1703400109.753 -3.016 -5.027 
1703400109.853 -2.956 -4.941 
1703400109.952 -2.897 -4.854 
1703400110.054 -2.832 -4.759 
1703400115.664 -2.719 -4.349 
1703400115.665 -2.718 -4.349 
1703400115.766 -2.730 -4.368 
1703400115.867 -2.786 -4.456 
1703400115.966 -2.854 -4.562 
1703400116.066 -2.917 -4.659 
1703400116.166 -2.989 -4.752 
1703400116.266 -3.061 -4.842 
1703400116.366 -3.133 -4.933 
1703400116.465 -3.206 -5.018 
1703400116.566 -3.285 -5.104 
1703400116.666 -3.364 -5.189 
1703400116.766 -3.449 -5.276 
1703400116.867 -3.533 -5.360 
1703400116.967 -3.610 -5.441 
1703400117.066 -3.693 -5.521 
1703400117.167 -3.774 -5.600 
1703400117.267 -3.862 -5.674 
1703400117.367 -3.951 -5.743 
1703400117.467 -4.043 -5.813 
1703400117.567 -4.139 -5.879 
1703400117.668 -4.230 -5.938 
1703400117.767 -4.316 -5.997 
1703400117.868 -4.410 -6.050 
1703400117.968 -4.508 -6.103 
1703400118.071 -4.608 -6.167 
1703400118.169 -4.706 -6.231 
1703400118.268 -4.804 -6.298 
1703400118.368 -4.884 -6.356 
1703400118.469 -4.963 -6.424 
1703400118.569 -5.050 -6.544 
1703400118.668 -5.134 -6.640 
1703400118.769 -5.211 -6.727 
1703400118.869 -5.271 -6.838 
1703400118.969 -5.332 -6.950 
1703400119.069 -5.391 -7.050 
1703400119.169 -5.460 -7.150 
1703400119.272 -5.532 -7.255 
1703400119.369 -5.597 -7.357 
1703400119.469 -5.662 -7.457 
1703400119.570 -5.736 -7.551 
1703400119.670 -5.815 -7.635 
1703400119.770 -5.907 -7.716 
1703400119.871 -6.001 -7.789 
1703400119.970 -6.095 -7.864 
1703400120.071 -6.189 -7.942 
1703400120.171 -6.287 -8.007 
1703400120.271 -6.395 -8.053 
1703400120.372 -6.506 -8.100 
1703400120.472 -6.617 -8.150 
1703400120.571 -6.705 -8.191 
1703400120.671 -6.813 -8.232 
1703400120.772 -6.907 -8.270 
1703400120.873 -6.988 -8.302 
1703400120.973 -7.057 -8.332 
1703400121.072 -7.111 -8.355 
1703400121.173 -7.185 -8.372 
1703400121.273 -7.227 -8.400 
1703400125.582 -7.215 -8.396 
1703400125.682 -7.217 -8.414 
1703400125.782 -7.216 -8.420 
1703400125.881 -7.166 -8.394 
1703400125.981 -7.051 -8.306 
1703400126.081 -6.962 -8.252 
1703400126.180 -6.913 -8.217 
1703400126.281 -6.861 -8.200 
1703400126.381 -6.791 -8.174 
1703400126.482 -6.709 -8.136 
1703400126.582 -6.629 -8.100 
1703400126.681 -6.551 -8.066 
1703400126.781 -6.465 -8.025 
1703400126.882 -6.376 -8.003 
1703400126.981 -6.281 -7.989 
1703400127.082 -6.166 -7.973 
1703400127.182 -6.062 -7.945 
1703400127.281 -5.977 -7.932 
1703400127.383 -5.944 -7.949 
1703400127.483 -5.900 -7.954 
1703400127.582 -5.841 -7.956 
1703400127.683 -5.731 -8.005 
1703400127.782 -5.625 -8.043 
1703400127.883 -5.506 -8.067 
1703400127.983 -5.376 -8.095 
1703400128.084 -5.259 -8.113 
1703400128.183 -5.149 -8.141 
1703400128.284 -5.035 -8.174 
1703400128.384 -4.921 -8.209 
1703400128.485 -4.804 -8.242 
1703400128.584 -4.688 -8.274 
1703400128.684 -4.570 -8.304 
1703400128.784 -4.456 -8.335 
1703400128.884 -4.339 -8.363 
1703400128.985 -4.221 -8.392 
1703400129.085 -4.103 -8.419 
1703400129.184 -3.986 -8.442 
1703400129.284 -3.868 -8.464 
1703400129.385 -3.754 -8.485 
1703400129.485 -3.632 -8.507 
1703400129.585 -3.512 -8.522 
1703400129.685 -3.394 -8.537 
1703400129.785 -3.278 -8.553 
1703400129.885 -3.163 -8.571 
1703400129.985 -3.048 -8.591 
1703400130.085 -2.928 -8.611 
1703400130.185 -2.805 -8.633 
1703400130.286 -2.682 -8.653 
1703400130.386 -2.565 -8.674 
1703400130.486 -2.476 -8.693 
1703400130.586 -2.404 -8.704 
1703400130.686 -2.300 -8.721 
1703400130.787 -2.212 -8.735 
1703400130.886 -2.123 -8.747 
1703400130.987 -2.036 -8.762 
1703400136.996 -2.059 -8.918 
1703400137.096 -2.106 -8.905 
1703400137.196 -2.232 -8.895 
1703400137.296 -2.385 -8.850 
1703400137.397 -2.503 -8.844 
1703400137.496 -2.602 -8.840 
1703400137.596 -2.705 -8.777 
1703400137.697 -2.811 -8.730 
1703400137.797 -2.908 -8.647 
1703400137.896 -2.988 -8.533 
1703400137.996 -3.018 -8.478 
1703400138.097 -3.017 -8.445 
1703400138.196 -3.017 -8.386 
1703400138.298 -3.050 -8.253 
1703400138.398 -3.068 -8.126 
1703400138.498 -3.077 -8.003 
1703400138.598 -3.082 -7.882 
1703400138.698 -3.083 -7.762 
1703400138.799 -3.085 -7.640 
1703400138.898 -3.089 -7.521 
1703400138.998 -3.089 -7.401 
1703400139.098 -3.089 -7.281 
1703400139.198 -3.088 -7.158 
1703400139.300 -3.091 -7.036 
1703400139.398 -3.091 -6.914 
1703400139.499 -3.089 -6.793 
1703400139.600 -3.082 -6.668 
1703400139.699 -3.081 -6.546 
1703400139.800 -3.077 -6.424 
1703400139.899 -3.066 -6.306 
1703400139.999 -3.051 -6.184 
1703400140.101 -3.035 -6.060 
1703400140.200 -3.023 -5.946 
1703400140.300 -3.003 -5.831 
1703400140.400 -2.985 -5.716 
1703400140.499 -2.967 -5.602 
1703400140.600 -2.945 -5.483 
1703400140.700 -2.911 -5.376 
1703400140.800 -2.881 -5.274 
1703400140.900 -2.863 -5.166 
1703400141.001 -2.833 -5.057 
1703400141.100 -2.800 -4.949 
1703400141.200 -2.762 -4.839 
1703400141.301 -2.716 -4.725 
1703400141.401 -2.668 -4.614 
1703400141.502 -2.620 -4.506 
1703400141.601 -2.567 -4.399 
1703400141.702 -2.508 -4.292 
1703400141.802 -2.443 -4.192 
1703400141.902 -2.370 -4.096 
1703400142.003 -2.288 -4.018 
1703400142.103 -2.198 -3.953 
1703400142.204 -2.137 -3.889 
1703400142.304 -2.052 -3.825 
1703400142.408 -1.950 -3.767 
1703400142.515 -1.851 -3.716 
1703400142.612 -1.758 -3.671 
1703400142.709 -1.657 -3.628 
1703400142.809 -1.548 -3.589 
1703400142.909 -1.451 -3.552 
1703400143.009 -1.358 -3.529 
1703400143.110 -1.262 -3.516 
1703400143.210 -1.147 -3.506 
1703400143.310 -1.022 -3.495 
1703400143.410 -0.919 -3.484 
1703400143.510 -0.811 -3.484 
1703400143.610 -0.702 -3.488 
1703400143.711 -0.587 -3.498 
1703400143.810 -0.477 -3.509 
1703400143.910 -0.368 -3.532 
1703400144.011 -0.263 -3.565 
1703400144.112 -0.157 -3.601 
1703400144.211 -0.056 -3.644 
1703400144.311 0.044 -3.697 
1703400144.412 0.136 -3.763 
1703400144.514 0.231 -3.854 
1703400144.613 0.330 -3.950 
1703400144.712 0.426 -4.043 
1703400144.813 0.511 -4.113 
1703400144.913 0.597 -4.160 
1703400145.013 0.691 -4.232 
1703400145.113 0.768 -4.314 
1703400145.214 0.825 -4.394 
1703400145.314 0.869 -4.494 
1703400145.413 0.914 -4.612 
1703400145.514 0.960 -4.752 
1703400145.614 1.009 -4.910 
1703400145.714 1.051 -5.036 
1703400145.814 1.071 -5.128 
1703400145.914 1.067 -5.236 
1703400146.015 1.069 -5.354 
1703400146.114 1.074 -5.464 
1703400146.215 1.074 -5.579 
1703400146.317 1.070 -5.697 
1703400146.416 1.062 -5.815 
1703400146.515 1.054 -5.932 
1703400146.616 1.044 -6.051 
1703400146.716 1.036 -6.170 
1703400146.816 1.028 -6.288 
1703400146.916 1.022 -6.406 
1703400147.016 1.014 -6.518 
1703400147.116 1.008 -6.630 
1703400147.216 1.018 -6.750 
1703400147.317 1.028 -6.861 
1703400147.416 1.032 -6.953 
1703400147.517 1.021 -7.018 
1703400147.617 1.026 -7.091 
1703400147.717 1.043 -7.159 
1703400147.817 1.053 -7.208 
1703400147.917 1.088 -7.263 
1703400148.018 1.084 -7.297 
1703400148.117 1.118 -7.333 
1703400148.217 1.213 -7.371 
1703400148.317 1.238 -7.394 
1703400148.418 1.257 -7.394 
1703400148.518 1.288 -7.393 
1703400148.619 1.353 -7.423 
1703400148.719 1.427 -7.453 
1703400148.819 1.502 -7.481 
1703400148.919 1.575 -7.497 
1703400149.019 1.648 -7.503 
1703400149.119 1.714 -7.506 
1703400149.220 1.770 -7.509 
1703400149.319 1.807 -7.511 
1703400149.419 1.814 -7.508 
1703400149.520 1.821 -7.479 
1703400149.620 1.867 -7.454 
1703400149.720 1.981 -7.438 
1703400149.819 2.094 -7.409 
1703400149.921 2.177 -7.397 
1703400150.020 2.247 -7.376 
1703400150.120 2.325 -7.355 
1703400150.221 2.404 -7.327 
1703400150.321 2.479 -7.299 
1703400150.421 2.567 -7.275 
1703400150.521 2.660 -7.248 
1703400150.621 2.754 -7.220 
1703400150.721 2.851 -7.190 
1703400150.821 2.953 -7.158 
1703400152.025 3.065 -6.999 
1703400152.026 3.065 -6.998 
1703400152.126 3.110 -7.019 
1703400152.227 3.202 -7.089 
1703400152.328 3.279 -7.138 
1703400152.427 3.328 -7.186 
1703400152.528 3.410 -7.217 
1703400152.627 3.527 -7.237 
1703400152.728 3.653 -7.258 
1703400152.827 3.770 -7.275 
1703400152.927 3.886 -7.293 
1703400153.028 4.003 -7.310 
1703400153.128 4.121 -7.324 
1703400153.228 4.240 -7.336 
1703400153.328 4.358 -7.348 
1703400153.428 4.474 -7.356 
1703400153.528 4.590 -7.363 
1703400153.629 4.706 -7.367 
1703400153.729 4.824 -7.367 
1703400153.829 4.944 -7.363 
1703400153.929 5.021 -7.375 
1703400154.029 5.117 -7.354 
1703400154.130 5.201 -7.343 
1703400154.229 5.272 -7.330 
1703400154.330 5.334 -7.295 
1703400154.430 5.382 -7.245 
1703400154.530 5.418 -7.192 
1703400154.630 5.446 -7.138 
1703400154.731 5.471 -7.083 
1703400154.831 5.493 -7.032 
1703400154.931 5.521 -6.979 
1703400155.031 5.561 -6.914 
1703400155.130 5.613 -6.839 
1703400155.230 5.669 -6.762 
1703400155.332 5.723 -6.683 
1703400155.431 5.774 -6.605 
1703400155.531 5.838 -6.530 
1703400155.631 5.909 -6.444 
1703400155.732 5.998 -6.365 
1703400155.831 6.079 -6.305 
1703400155.931 6.172 -6.242 
1703400156.032 6.278 -6.193 
1703400156.132 6.398 -6.166 
1703400156.232 6.506 -6.149 
1703400156.332 6.628 -6.123 
1703400156.433 6.764 -6.121 
1703400156.533 6.876 -6.147 
1703400156.632 6.985 -6.178 
1703400156.733 7.083 -6.209 
1703400156.832 7.163 -6.246 
1703400156.934 7.235 -6.284 
1703400157.033 7.306 -6.319 
1703400157.133 7.394 -6.363 
1703400157.232 7.475 -6.401 
1703400157.333 7.540 -6.445 
1703400157.433 7.615 -6.509 
1703400157.535 7.693 -6.585 
1703400157.636 7.762 -6.661 
1703400157.735 7.821 -6.735 
1703400157.837 7.880 -6.796 
1703400157.936 7.941 -6.867 
1703400158.037 8.008 -6.939 
1703400158.137 8.096 -7.009 
1703400158.238 8.151 -7.058 
1703400158.337 8.180 -7.090 
1703400158.436 8.211 -7.114 
1703400158.537 8.271 -7.142 
1703400158.637 8.359 -7.179 
1703400161.342 8.203 -7.103 
1703400161.343 8.203 -7.103 
1703400161.443 8.154 -7.198 
1703400161.544 8.111 -7.299 
1703400161.644 8.067 -7.407 
1703400161.744 8.037 -7.523 
1703400161.844 8.004 -7.635 
1703400161.944 7.965 -7.738 
1703400162.044 7.931 -7.842 
1703400162.144 7.897 -7.946 
1703400162.245 7.848 -8.059 
1703400162.345 7.815 -8.164 
1703400162.445 7.792 -8.251 
1703400162.544 7.735 -8.337 
1703400162.648 7.647 -8.421 
1703400162.745 7.557 -8.496 
1703400162.846 7.432 -8.556 
1703400162.946 7.327 -8.598 
1703400163.047 7.297 -8.608 
1703400163.146 7.347 -8.593 
1703400163.249 7.457 -8.561 
1703400163.349 7.497 -8.541 
1703400163.449 7.430 -8.537 
1703400163.548 7.305 -8.517 
1703400163.649 7.187 -8.493 
1703400163.749 7.049 -8.453 
1703400163.850 6.944 -8.422 
1703400163.949 6.882 -8.408 
1703400164.050 6.838 -8.403 
1703400164.150 6.876 -8.407 
1703400164.250 6.921 -8.403 
1703400164.350 6.922 -8.381 
1703400164.450 6.893 -8.354 
1703400164.551 6.870 -8.321 
1703400164.651 6.886 -8.299 
1703400164.751 6.944 -8.335 
1703400164.850 6.979 -8.312 
1703400164.951 6.982 -8.248 
1703400165.055 6.969 -8.192 
1703400165.151 6.959 -8.151 
1703400165.251 6.936 -8.103 
1703400165.352 6.894 -8.040 
1703400165.460 6.851 -7.974 
1703400165.558 6.807 -7.907 
1703400165.655 6.761 -7.831 
1703400165.754 6.716 -7.754 
1703400165.853 6.674 -7.678 
1703400165.953 6.629 -7.595 
1703400166.052 6.583 -7.512 
1703400166.153 6.533 -7.435 
1703400166.253 6.485 -7.353 
1703400166.353 6.446 -7.259 
1703400166.453 6.399 -7.165 
1703400166.554 6.346 -7.071 
1703400166.653 6.299 -6.984 
1703400166.754 6.254 -6.900 
1703400166.854 6.212 -6.817 
1703400166.954 6.171 -6.739 
1703400167.054 6.129 -6.661 
1703400167.157 6.087 -6.586 
1703400167.255 6.045 -6.525 
1703400167.355 6.005 -6.464 
1703400167.456 5.968 -6.382 
1703400167.556 5.926 -6.298 
1703400167.656 5.888 -6.225 
1703400167.760 5.859 -6.159 
1703400167.860 5.823 -6.111 
1703400167.959 5.781 -6.092 
1703400168.060 5.758 -6.054 
1703400168.160 5.770 -5.978 
1703400168.260 5.786 -5.883 
1703400168.362 5.810 -5.786 
1703400168.462 5.825 -5.713 
1703400169.065 5.787 -5.661 
1703400169.066 5.787 -5.660 
1703400169.166 5.807 -5.611 
1703400169.267 5.849 -5.516 
1703400169.366 5.901 -5.401 
1703400169.470 5.948 -5.282 
1703400169.568 5.986 -5.174 
1703400169.668 6.010 -5.057 
1703400169.767 6.037 -4.941 
1703400169.867 6.066 -4.825 
1703400169.967 6.089 -4.707 
1703400170.068 6.103 -4.589 
1703400170.167 6.117 -4.504 
1703400170.267 6.123 -4.438 
1703400170.368 6.123 -4.357 
1703400170.468 6.124 -4.282 
1703400170.568 6.129 -4.207 
1703400170.667 6.135 -4.130 
1703400170.768 6.137 -4.052 
1703400170.869 6.138 -3.973 
1703400170.968 6.138 -3.895 
1703400171.068 6.139 -3.814 
1703400171.169 6.140 -3.734 
1703400171.269 6.141 -3.653 
1703400171.369 6.141 -3.571 
1703400171.469 6.143 -3.489 
1703400171.569 6.144 -3.405 
1703400171.670 6.145 -3.321 
1703400171.770 6.147 -3.237 
1703400171.869 6.148 -3.153 
1703400171.971 6.150 -3.065 
1703400172.070 6.152 -2.982 
1703400172.170 6.152 -2.897 
1703400172.270 6.151 -2.812 
1703400172.371 6.149 -2.726 
1703400172.471 6.149 -2.642 
1703400172.571 6.148 -2.559 
1703400172.670 6.146 -2.476 
1703400172.771 6.143 -2.392 
1703400172.870 6.141 -2.310 
1703400172.971 6.138 -2.229 
1703400173.071 6.132 -2.146 
1703400173.171 6.127 -2.064 
1703400173.272 6.124 -1.984 
1703400173.372 6.116 -1.903 
1703400173.472 6.104 -1.824 
1703400173.572 6.098 -1.749 
1703400173.672 6.085 -1.671 
1703400173.772 6.062 -1.586 
1703400173.872 6.047 -1.507 
1703400173.973 6.029 -1.431 
1703400174.074 6.012 -1.356 
1703400174.173 5.995 -1.283 
1703400174.273 5.968 -1.202 
1703400174.372 5.927 -1.118 
1703400174.473 5.884 -1.042 
1703400174.573 5.845 -0.976 
1703400174.672 5.808 -0.908 
1703400174.774 5.767 -0.836 
1703400174.873 5.720 -0.766 
1703400174.974 5.667 -0.701 
1703400175.076 5.610 -0.639 
1703400175.175 5.557 -0.578 
1703400175.276 5.492 -0.515 
1703400175.375 5.425 -0.451 
1703400175.476 5.364 -0.384 
1703400175.576 5.295 -0.324 
1703400175.675 5.222 -0.262 
1703400175.776 5.147 -0.199 
1703400175.876 5.072 -0.137 
1703400175.976 4.995 -0.074 
1703400176.076 4.920 -0.009 
1703400176.177 4.844 0.055 
1703400176.277 4.763 0.121 
1703400176.376 4.680 0.188 
1703400176.477 4.595 0.258 
1703400176.576 4.514 0.326 
1703400176.677 4.431 0.396 
1703400176.777 4.347 0.464 
1703400176.877 4.263 0.532 
1703400176.977 4.181 0.598 
1703400177.078 4.095 0.663 
1703400177.178 4.005 0.733 
1703400177.278 3.911 0.804 
1703400177.377 3.819 0.876 
1703400177.477 3.733 0.944 
1703400177.578 3.645 1.011 
1703400177.678 3.556 1.077 
1703400177.778 3.462 1.136 
1703400177.878 3.370 1.195 
1703400177.978 3.278 1.260 
1703400178.079 3.184 1.328 
1703400178.179 3.083 1.393 
1703400178.279 2.984 1.458 
1703400178.380 2.889 1.521 
1703400178.479 2.786 1.583 
1703400178.580 2.684 1.643 
1703400178.679 2.584 1.703 
1703400178.779 2.484 1.763 
1703400178.880 2.381 1.825 
1703400178.980 2.278 1.887 
1703400179.080 2.176 1.949 
1703400179.180 2.074 2.010 
1703400179.280 1.972 2.070 
1703400179.380 1.870 2.131 
1703400179.484 1.763 2.194 
1703400179.581 1.665 2.254 
1703400179.683 1.560 2.317 
1703400179.781 1.459 2.379 
1703400179.881 1.356 2.441 
1703400179.982 1.253 2.503 
1703400180.081 1.151 2.564 
1703400180.182 1.048 2.626 
1703400180.282 0.945 2.689 
1703400180.382 0.842 2.754 
1703400180.481 0.742 2.816 
1703400180.582 0.641 2.879 
1703400180.682 0.541 2.941 
1703400180.782 0.440 3.005 
1703400180.882 0.339 3.071 
1703400180.982 0.238 3.136 
1703400181.083 0.137 3.203 
1703400181.183 0.037 3.267 
1703400181.283 -0.060 3.331 
1703400181.384 -0.153 3.391 
1703400181.483 -0.245 3.451 
1703400181.584 -0.339 3.514 
1703400181.683 -0.431 3.576 
1703400181.784 -0.521 3.638 
1703400181.883 -0.611 3.699 
1703400181.983 -0.699 3.758 
1703400182.084 -0.789 3.829 
1703400182.185 -0.875 3.892 
1703400182.286 -0.960 3.955 
1703400182.385 -1.043 4.013 
1703400182.486 -1.127 4.077 
1703400182.585 -1.204 4.148 
1703400182.686 -1.278 4.216 
1703400182.785 -1.351 4.287 
1703400182.886 -1.434 4.362 
1703400182.987 -1.508 4.431 
1703400183.086 -1.573 4.506 
1703400183.187 -1.639 4.588 
1703400183.288 -1.700 4.673 
1703400183.388 -1.767 4.757 
1703400183.489 -1.835 4.836 
1703400183.589 -1.900 4.913 
1703400183.689 -1.960 4.995 
1703400183.789 -2.020 5.085 
1703400183.890 -2.080 5.174 
1703400183.990 -2.141 5.256 
1703400184.090 -2.196 5.333 
1703400184.190 -2.247 5.420 
1703400184.290 -2.301 5.509 
1703400184.390 -2.354 5.592 
1703400184.490 -2.403 5.671 
1703400184.590 -2.452 5.749 
1703400184.690 -2.497 5.828 
1703400184.791 -2.541 5.905 
1703400184.891 -2.585 5.977 
1703400184.991 -2.629 6.046 
1703400185.092 -2.680 6.108 
1703400185.191 -2.729 6.175 
1703400185.291 -2.775 6.239 
1703400185.390 -2.821 6.325 
1703400185.493 -2.873 6.413 
1703400185.591 -2.931 6.482 
1703400185.691 -2.998 6.553 
1703400185.791 -3.064 6.619 
1703400185.893 -3.132 6.671 
1703400185.991 -3.209 6.702 
1703400186.092 -3.315 6.706 
1703400186.198 -3.432 6.673 
1703400186.297 -3.529 6.629 
1703400186.398 -3.621 6.557 
1703400186.497 -3.705 6.500 
1703400186.598 -3.757 6.453 
1703400186.698 -3.805 6.401 
1703400186.798 -3.863 6.327 
1703400186.899 -3.938 6.229 
1703400186.998 -3.998 6.152 
1703400187.098 -4.065 6.077 
1703400187.199 -4.134 5.990 
1703400187.299 -4.202 5.895 
1703400187.399 -4.275 5.802 
1703400187.499 -4.342 5.714 
1703400187.599 -4.408 5.629 
1703400187.699 -4.482 5.546 
1703400187.799 -4.561 5.452 
1703400187.899 -4.642 5.373 
1703400187.999 -4.715 5.303 
1703400188.100 -4.776 5.244 
1703400188.199 -4.876 5.188 
1703400188.300 -4.994 5.127 
1703400188.399 -5.099 5.066 
1703400188.499 -5.208 5.015 
1703400188.600 -5.313 4.971 
1703400188.700 -5.414 4.931 
1703400188.801 -5.518 4.902 
1703400188.900 -5.654 4.906 
1703400189.000 -5.785 4.914 
1703400189.100 -5.872 4.907 
1703400189.201 -5.955 4.909 
1703400189.300 -6.067 4.951 
1703400189.401 -6.181 4.994 
1703400189.501 -6.260 5.022 
1703400189.601 -6.344 5.065 
1703400189.701 -6.439 5.134 
1703400189.801 -6.523 5.206 
1703400189.902 -6.596 5.256 
1703400190.002 -6.673 5.305 
1703400190.102 -6.754 5.376 
1703400190.203 -6.834 5.467 
1703400190.303 -6.916 5.548 
1703400190.404 -7.000 5.627 
1703400190.502 -7.082 5.718 
1703400190.603 -7.164 5.809 
1703400190.704 -7.244 5.901 
1703400190.806 -7.324 5.993 
1703400190.904 -7.399 6.083 
1703400191.004 -7.471 6.177 
1703400191.104 -7.539 6.269 
1703400191.215 -7.604 6.374 
1703400191.308 -7.665 6.472 
1703400191.406 -7.723 6.571 
1703400191.506 -7.784 6.669 
1703400191.606 -7.842 6.777 
1703400191.706 -7.900 6.886 
1703400191.806 -7.958 6.991 
1703400191.906 -8.013 7.093 
1703400192.006 -8.057 7.186 
1703400192.106 -8.092 7.271 
1703400192.207 -8.125 7.354 
1703400192.307 -8.156 7.466 
1703400192.408 -8.182 7.549 
1703400192.507 -8.201 7.600 
1703400192.607 -8.212 7.611 
1703400194.011 -8.417 7.563 
1703400194.113 -8.397 7.579 
1703400194.212 -8.340 7.636 
1703400194.313 -8.202 7.715 
1703400194.413 -8.072 7.798 
1703400194.512 -7.961 7.874 
1703400194.613 -7.865 7.931 
1703400194.713 -7.798 7.964 
1703400194.813 -7.794 7.965 
