1703400605.199 3.247 1.996 
1703400605.200 3.247 1.996 
1703400605.300 3.279 1.977 
1703400605.400 3.329 1.856 
1703400605.499 3.392 1.724 
1703400605.599 3.441 1.597 
1703400605.700 3.492 1.496 
1703400605.800 3.565 1.407 
1703400605.901 3.640 1.314 
1703400606.001 3.702 1.219 
1703400606.100 3.768 1.129 
1703400606.200 3.843 1.043 
1703400606.301 3.924 0.956 
1703400606.401 4.015 0.870 
1703400606.500 4.089 0.784 
1703400606.601 4.138 0.714 
1703400606.701 4.187 0.661 
1703400606.801 4.242 0.620 
1703400606.901 4.297 0.586 
1703400607.001 4.348 0.560 
1703400607.102 4.376 0.529 
1703400607.201 4.390 0.488 
1703400607.302 4.412 0.456 
1703400607.402 4.458 0.465 
1703400607.503 4.520 0.576 
1703400607.603 4.568 0.669 
1703400607.702 4.633 0.718 
1703400607.802 4.667 0.792 
1703400607.903 4.672 0.889 
1703400608.003 4.678 0.999 
1703400608.102 4.680 1.116 
1703400608.203 4.690 1.180 
1703400608.303 4.683 1.238 
1703400608.403 4.675 1.323 
1703400608.503 4.665 1.405 
1703400608.603 4.650 1.488 
1703400608.704 4.629 1.580 
1703400608.803 4.618 1.669 
1703400608.903 4.605 1.756 
1703400609.004 4.592 1.834 
1703400609.104 4.576 1.909 
1703400609.203 4.537 1.991 
1703400609.303 4.476 2.078 
1703400609.404 4.426 2.155 
1703400609.504 4.379 2.223 
1703400609.605 4.342 2.288 
1703400609.704 4.264 2.360 
1703400609.805 4.176 2.437 
1703400609.904 4.115 2.515 
1703400610.005 4.052 2.586 
1703400610.105 3.975 2.637 
1703400610.205 3.896 2.674 
1703400610.305 3.844 2.704 
1703400610.406 3.777 2.717 
1703400610.505 3.657 2.712 
1703400610.605 3.533 2.698 
1703400610.706 3.481 2.687 
1703400613.613 3.810 2.288 
1703400613.614 3.810 2.288 
1703400613.714 3.789 2.276 
1703400613.814 3.755 2.223 
1703400613.915 3.697 2.124 
1703400614.014 3.632 2.017 
1703400614.114 3.575 1.909 
1703400614.214 3.542 1.795 
1703400614.315 3.511 1.675 
1703400614.415 3.450 1.529 
1703400617.920 3.630 1.152 
1703400618.020 3.603 1.229 
1703400618.120 3.572 1.338 
1703400618.221 3.541 1.436 
1703400618.320 3.496 1.537 
1703400618.420 3.439 1.634 
1703400618.520 3.353 1.714 
1703400618.621 3.248 1.774 
1703400618.721 3.141 1.819 
1703400618.820 3.030 1.853 
1703400618.921 2.903 1.866 
1703400619.021 2.791 1.886 
1703400619.121 2.689 1.900 
1703400619.221 2.565 1.882 
1703400619.321 2.444 1.850 
1703400619.422 2.339 1.828 
1703400619.522 2.223 1.810 
1703400619.621 2.096 1.778 
1703400619.722 1.970 1.732 
1703400619.822 1.859 1.684 
1703400619.921 1.751 1.642 
1703400620.023 1.637 1.602 
1703400620.123 1.525 1.562 
1703400620.222 1.416 1.519 
1703400620.322 1.313 1.476 
1703400620.434 1.204 1.435 
1703400620.530 1.065 1.417 
1703400620.629 0.939 1.399 
1703400620.728 0.817 1.375 
1703400620.828 0.694 1.359 
1703400620.928 0.576 1.343 
1703400621.028 0.459 1.339 
1703400621.129 0.338 1.389 
1703400621.229 0.229 1.457 
1703400621.328 0.136 1.544 
1703400621.428 0.061 1.659 
1703400621.529 0.024 1.771 
1703400621.629 0.028 1.883 
1703400621.729 0.053 2.000 
1703400621.829 0.047 2.111 
1703400621.930 0.025 2.224 
1703400622.030 0.012 2.328 
1703400622.130 0.007 2.412 
1703400622.229 0.005 2.488 
1703400622.330 0.002 2.566 
1703400622.429 0.000 2.650 
1703400622.530 -0.001 2.720 
1703400622.631 -0.003 2.789 
1703400622.730 -0.004 2.853 
1703400622.831 -0.008 2.915 
1703400622.931 -0.017 2.974 
1703400623.031 -0.033 3.029 
1703400623.131 -0.048 3.099 
1703400623.231 -0.068 3.178 
1703400623.331 -0.089 3.245 
1703400623.433 -0.103 3.311 
1703400623.533 -0.105 3.416 
1703400623.633 -0.099 3.544 
1703400623.733 -0.114 3.636 
1703400623.836 -0.127 3.727 
1703400623.934 -0.120 3.828 
1703400624.034 -0.086 3.948 
1703400624.133 -0.062 4.057 
1703400624.234 -0.014 4.181 
1703400624.334 0.059 4.299 
1703400624.434 0.092 4.401 
1703400624.535 0.136 4.463 
1703400624.634 0.206 4.541 
1703400624.734 0.295 4.636 
1703400624.835 0.381 4.727 
1703400624.935 0.451 4.807 
1703400625.034 0.501 4.880 
1703400625.135 0.583 4.951 
1703400625.234 0.679 5.013 
1703400625.335 0.781 5.069 
1703400625.435 0.884 5.132 
1703400625.535 0.977 5.189 
1703400625.635 1.063 5.237 
1703400625.735 1.150 5.286 
1703400625.836 1.237 5.328 
1703400625.936 1.319 5.370 
1703400626.036 1.398 5.411 
1703400626.136 1.477 5.451 
1703400626.236 1.551 5.502 
1703400626.336 1.617 5.546 
1703400626.436 1.682 5.579 
1703400626.538 1.747 5.616 
1703400626.638 1.797 5.660 
1703400626.738 1.852 5.712 
1703400626.839 1.911 5.771 
1703400626.939 1.978 5.865 
1703400627.039 2.043 5.959 
1703400627.139 2.099 6.029 
1703400627.240 2.158 6.094 
1703400627.340 2.220 6.159 
1703400627.440 2.273 6.212 
1703400627.540 2.320 6.256 
1703400627.640 2.357 6.290 
1703400627.740 2.383 6.352 
1703400627.840 2.412 6.427 
1703400627.941 2.437 6.497 
1703400628.040 2.455 6.554 
1703400628.142 2.485 6.616 
1703400628.242 2.559 6.708 
1703400628.342 2.649 6.805 
1703400628.442 2.704 6.883 
1703400628.541 2.749 6.950 
1703400628.641 2.794 7.018 
1703400628.741 2.812 7.067 
1703400628.841 2.817 7.086 
1703400628.941 2.852 7.080 
1703400629.041 2.954 7.083 
1703400629.142 3.089 7.107 
1703400629.243 3.208 7.138 
1703400629.342 3.291 7.145 
1703400629.442 3.364 7.143 
1703400629.542 3.439 7.152 
1703400629.642 3.516 7.152 
1703400629.741 3.590 7.139 
1703400629.842 3.657 7.109 
1703400629.942 3.713 7.090 
1703400630.042 3.798 7.029 
1703400630.142 3.876 6.953 
1703400630.242 3.934 6.892 
1703400630.342 3.994 6.831 
1703400630.443 4.065 6.759 
1703400630.544 4.117 6.658 
1703400630.644 4.134 6.558 
1703400630.745 4.146 6.451 
1703400630.844 4.161 6.370 
1703400630.944 4.178 6.306 
1703400631.044 4.198 6.226 
1703400631.143 4.216 6.127 
1703400631.244 4.243 6.017 
1703400631.343 4.273 5.928 
1703400631.444 4.281 5.823 
1703400631.543 4.293 5.717 
1703400631.644 4.299 5.600 
1703400631.744 4.291 5.473 
1703400631.844 4.289 5.361 
1703400631.944 4.275 5.249 
1703400632.046 4.254 5.135 
1703400632.145 4.237 5.021 
1703400632.245 4.231 4.906 
1703400632.345 4.235 4.780 
1703400632.445 4.237 4.657 
1703400632.544 4.225 4.552 
1703400632.645 4.245 4.446 
1703400632.745 4.280 4.329 
1703400632.845 4.324 4.221 
1703400632.946 4.378 4.121 
1703400633.045 4.439 4.019 
1703400633.146 4.507 3.931 
1703400633.245 4.591 3.853 
1703400633.346 4.685 3.790 
1703400633.445 4.782 3.721 
1703400633.546 4.887 3.649 
1703400633.646 4.990 3.587 
1703400633.746 5.101 3.545 
1703400633.847 5.218 3.509 
1703400633.946 5.335 3.474 
1703400634.047 5.453 3.441 
1703400634.146 5.569 3.419 
1703400634.247 5.689 3.396 
1703400634.347 5.808 3.375 
1703400634.446 5.926 3.352 
1703400634.548 6.039 3.333 
1703400634.648 6.144 3.319 
1703400634.747 6.262 3.299 
1703400634.847 6.399 3.273 
1703400634.947 6.518 3.245 
1703400635.047 6.651 3.199 
1703400635.148 6.779 3.137 
1703400635.248 6.878 3.077 
1703400635.347 6.919 3.047 
1703400635.448 6.937 3.029 
1703400635.548 6.951 3.008 
1703400635.648 7.012 2.914 
1703400635.748 7.073 2.783 
1703400635.849 7.136 2.677 
1703400635.949 7.195 2.589 
1703400636.049 7.240 2.505 
1703400636.149 7.246 2.441 
1703400636.248 7.225 2.408 
1703400636.349 7.218 2.349 
1703400636.449 7.242 2.244 
1703400636.549 7.254 2.137 
1703400636.650 7.258 2.049 
1703400636.749 7.268 1.965 
1703400636.850 7.277 1.874 
1703400636.950 7.280 1.777 
1703400637.049 7.280 1.677 
1703400637.150 7.277 1.576 
1703400637.249 7.273 1.480 
1703400637.350 7.276 1.380 
1703400637.451 7.282 1.289 
1703400637.551 7.277 1.199 
1703400637.650 7.266 1.106 
1703400637.751 7.256 1.016 
1703400637.851 7.248 0.925 
1703400637.952 7.239 0.832 
1703400638.051 7.235 0.746 
1703400638.152 7.224 0.662 
1703400638.252 7.211 0.576 
1703400638.352 7.197 0.491 
1703400638.452 7.185 0.407 
1703400638.551 7.172 0.322 
1703400638.652 7.161 0.240 
1703400638.752 7.146 0.159 
1703400638.852 7.128 0.079 
1703400638.953 7.107 -0.002 
1703400639.053 7.089 -0.081 
1703400639.153 7.073 -0.160 
1703400639.252 7.055 -0.240 
1703400639.353 7.029 -0.333 
1703400639.453 6.984 -0.433 
1703400639.553 6.941 -0.531 
1703400639.653 6.907 -0.613 
1703400639.753 6.872 -0.689 
1703400639.854 6.836 -0.762 
1703400639.953 6.808 -0.833 
1703400640.053 6.796 -0.895 
1703400640.155 6.751 -0.970 
1703400640.255 6.713 -1.038 
1703400640.355 6.680 -1.095 
1703400640.456 6.611 -1.155 
1703400640.556 6.525 -1.208 
1703400640.656 6.459 -1.241 
1703400640.755 6.391 -1.264 
1703400640.855 6.286 -1.268 
1703400640.956 6.170 -1.260 
1703400641.060 6.060 -1.258 
1703400641.158 5.942 -1.236 
1703400641.257 5.825 -1.205 
1703400641.357 5.707 -1.171 
1703400641.456 5.614 -1.136 
1703400641.556 5.544 -1.104 
1703400641.657 5.486 -1.054 
1703400641.757 5.398 -0.962 
1703400641.857 5.315 -0.873 
1703400641.957 5.236 -0.789 
1703400642.061 5.150 -0.709 
1703400642.159 5.066 -0.640 
1703400642.259 4.987 -0.574 
1703400642.359 4.892 -0.516 
1703400642.459 4.813 -0.456 
1703400642.559 4.732 -0.399 
1703400642.659 4.647 -0.346 
1703400642.759 4.554 -0.301 
1703400642.860 4.450 -0.273 
1703400642.961 4.355 -0.249 
1703400643.060 4.260 -0.242 
1703400643.160 4.162 -0.248 
1703400643.260 4.067 -0.263 
1703400643.360 3.984 -0.292 
1703400643.459 3.906 -0.337 
1703400643.559 3.819 -0.408 
1703400643.665 3.744 -0.477 
1703400643.766 3.691 -0.533 
1703400643.866 3.644 -0.595 
1703400643.965 3.580 -0.663 
1703400644.068 3.511 -0.711 
1703400644.165 3.460 -0.739 
1703400644.268 3.418 -0.783 
1703400648.575 3.695 -0.996 
1703400648.576 3.695 -0.995 
1703400648.675 3.707 -0.986 
1703400648.776 3.690 -0.966 
1703400648.877 3.619 -0.908 
1703400648.975 3.528 -0.835 
1703400649.075 3.440 -0.759 
1703400649.176 3.352 -0.682 
1703400649.276 3.263 -0.604 
1703400649.377 3.174 -0.525 
1703400649.476 3.084 -0.445 
1703400649.576 2.997 -0.368 
1703400649.677 2.908 -0.291 
1703400649.776 2.819 -0.214 
1703400649.876 2.731 -0.138 
1703400649.976 2.640 -0.061 
1703400650.077 2.548 0.016 
1703400650.177 2.460 0.093 
1703400650.278 2.372 0.168 
1703400650.378 2.287 0.242 
1703400650.478 2.199 0.320 
1703400650.578 2.108 0.395 
1703400650.679 2.012 0.469 
1703400650.779 1.918 0.543 
1703400650.879 1.827 0.620 
1703400650.978 1.736 0.696 
1703400651.079 1.644 0.770 
1703400651.178 1.554 0.842 
1703400651.279 1.463 0.918 
1703400651.379 1.371 0.991 
1703400651.480 1.276 1.065 
1703400651.580 1.184 1.138 
1703400651.680 1.091 1.210 
1703400651.780 0.997 1.281 
1703400651.881 0.903 1.354 
1703400651.981 0.810 1.425 
1703400652.080 0.716 1.499 
1703400652.181 0.621 1.575 
1703400652.281 0.528 1.649 
1703400652.382 0.434 1.721 
1703400652.480 0.342 1.789 
1703400652.580 0.248 1.862 
1703400652.680 0.153 1.939 
1703400652.781 0.057 2.015 
1703400652.881 -0.037 2.088 
1703400652.982 -0.132 2.161 
1703400653.083 -0.230 2.236 
1703400653.182 -0.323 2.307 
1703400653.281 -0.418 2.382 
1703400653.381 -0.514 2.455 
1703400653.482 -0.611 2.530 
1703400653.582 -0.707 2.603 
1703400653.682 -0.802 2.676 
1703400653.782 -0.896 2.748 
1703400653.883 -0.993 2.820 
1703400653.983 -1.088 2.891 
1703400654.083 -1.183 2.963 
1703400654.183 -1.278 3.035 
1703400654.282 -1.374 3.106 
1703400654.382 -1.471 3.180 
1703400654.483 -1.566 3.256 
1703400654.582 -1.664 3.328 
1703400654.684 -1.760 3.401 
1703400654.784 -1.845 3.481 
1703400654.883 -1.930 3.569 
1703400654.984 -2.019 3.658 
1703400655.084 -2.097 3.741 
1703400657.890 -1.950 3.896 
1703400657.991 -1.911 3.818 
1703400658.090 -1.865 3.712 
1703400658.191 -1.820 3.609 
1703400658.291 -1.778 3.513 
1703400658.391 -1.770 3.390 
1703400658.490 -1.779 3.265 
1703400658.591 -1.805 3.194 
1703400658.692 -1.858 3.107 
1703400658.791 -1.916 2.998 
1703400658.891 -1.984 2.898 
1703400658.991 -2.055 2.800 
1703400659.092 -2.107 2.767 
1703400659.192 -2.142 2.752 
1703400659.292 -2.158 2.731 
1703400659.392 -2.152 2.714 
1703400659.492 -2.141 2.704 
1703400659.593 -2.129 2.708 
1703400659.693 -2.113 2.746 
1703400659.793 -2.104 2.798 
1703400659.893 -2.099 2.831 
1703400659.993 -2.090 2.855 
1703400660.094 -2.079 2.865 
1703400660.194 -2.056 2.849 
1703400660.293 -2.021 2.827 
1703400660.393 -1.981 2.799 
1703400660.494 -1.938 2.760 
1703400660.594 -1.888 2.713 
1703400660.694 -1.816 2.657 
1703400660.795 -1.740 2.590 
1703400660.894 -1.655 2.519 
1703400660.994 -1.564 2.440 
1703400661.095 -1.472 2.362 
1703400661.194 -1.381 2.283 
1703400661.295 -1.291 2.202 
1703400661.395 -1.205 2.120 
1703400661.495 -1.126 2.031 
1703400661.596 -1.052 1.935 
1703400661.695 -0.991 1.838 
1703400661.796 -0.921 1.734 
1703400661.895 -0.858 1.630 
1703400661.995 -0.793 1.521 
1703400662.096 -0.738 1.406 
1703400662.196 -0.697 1.289 
1703400662.295 -0.663 1.174 
1703400662.396 -0.639 1.054 
1703400662.496 -0.627 0.932 
1703400662.596 -0.625 0.806 
1703400662.696 -0.630 0.679 
1703400662.796 -0.630 0.557 
1703400662.897 -0.645 0.437 
1703400662.997 -0.666 0.313 
1703400663.096 -0.683 0.192 
1703400663.198 -0.715 0.076 
1703400663.297 -0.754 -0.032 
1703400663.397 -0.793 -0.145 
1703400663.497 -0.826 -0.257 
1703400663.598 -0.859 -0.363 
1703400663.698 -0.895 -0.478 
1703400663.798 -0.918 -0.600 
1703400663.897 -0.931 -0.712 
1703400663.999 -0.918 -0.844 
1703400664.099 -0.871 -0.990 
1703400664.199 -0.829 -1.123 
1703400664.299 -0.851 -1.212 
1703400664.399 -0.830 -1.294 
1703400664.500 -0.783 -1.325 
1703400664.599 -0.718 -1.341 
1703400664.700 -0.646 -1.367 
1703400664.799 -0.553 -1.402 
1703400664.899 -0.417 -1.466 
1703400664.999 -0.266 -1.528 
1703400665.099 -0.185 -1.574 
1703400665.200 -0.132 -1.609 
1703400665.299 -0.091 -1.625 
1703400665.405 -0.008 -1.679 
1703400665.502 0.074 -1.695 
1703400665.601 0.162 -1.710 
1703400665.701 0.265 -1.781 
1703400665.800 0.365 -1.890 
1703400665.901 0.396 -1.963 
1703400666.000 0.426 -2.033 
1703400666.101 0.486 -2.137 
1703400666.200 0.548 -2.246 
1703400666.301 0.609 -2.355 
1703400666.401 0.665 -2.457 
1703400666.502 0.732 -2.558 
1703400666.601 0.802 -2.660 
1703400666.702 0.876 -2.760 
1703400666.801 0.946 -2.857 
1703400666.901 1.022 -2.952 
1703400667.001 1.097 -3.046 
1703400667.102 1.165 -3.128 
1703400667.202 1.225 -3.202 
1703400667.301 1.289 -3.280 
1703400667.402 1.344 -3.359 
1703400667.502 1.399 -3.433 
1703400667.601 1.454 -3.502 
1703400667.702 1.508 -3.570 
1703400667.802 1.570 -3.624 
1703400667.902 1.638 -3.673 
1703400668.003 1.700 -3.722 
1703400668.102 1.738 -3.770 
1703400668.204 1.787 -3.812 
1703400668.303 1.864 -3.858 
1703400668.403 1.957 -3.906 
1703400668.504 2.030 -3.951 
1703400668.604 2.100 -3.984 
1703400668.704 2.169 -4.014 
1703400668.804 2.213 -4.032 
1703400668.904 2.273 -4.061 
1703400669.004 2.339 -4.091 
1703400669.104 2.411 -4.114 
1703400669.207 2.478 -4.136 
1703400669.306 2.470 -4.195 
1703400670.708 2.611 -4.403 
1703400670.808 2.600 -4.331 
1703400670.909 2.560 -4.192 
1703400671.009 2.531 -4.072 
1703400671.109 2.523 -3.981 
1703400671.209 2.524 -3.879 
1703400671.310 2.537 -3.797 
1703400671.409 2.538 -3.714 
1703400671.510 2.548 -3.628 
1703400671.610 2.566 -3.529 
1703400671.711 2.578 -3.417 
1703400671.811 2.586 -3.300 
1703400671.912 2.586 -3.175 
1703400672.011 2.588 -3.055 
1703400672.112 2.594 -2.934 
1703400672.211 2.603 -2.817 
1703400672.312 2.613 -2.692 
1703400672.412 2.617 -2.568 
1703400672.512 2.633 -2.453 
1703400672.612 2.658 -2.339 
1703400672.712 2.687 -2.220 
1703400672.812 2.713 -2.098 
1703400672.913 2.738 -1.990 
1703400673.012 2.773 -1.893 
1703400673.113 2.819 -1.791 
1703400673.213 2.874 -1.683 
1703400673.313 2.930 -1.573 
1703400673.413 2.983 -1.463 
1703400673.514 3.040 -1.360 
1703400673.613 3.108 -1.267 
1703400673.719 3.175 -1.166 
1703400673.814 3.257 -1.075 
1703400673.914 3.351 -0.984 
1703400674.014 3.414 -0.896 
1703400674.114 3.491 -0.810 
1703400674.214 3.581 -0.737 
1703400674.315 3.679 -0.670 
1703400674.415 3.781 -0.609 
1703400674.515 3.882 -0.554 
1703400674.615 3.987 -0.505 
1703400674.715 4.094 -0.469 
1703400674.816 4.204 -0.446 
1703400674.915 4.320 -0.419 
1703400675.015 4.442 -0.405 
1703400675.115 4.558 -0.397 
1703400675.216 4.671 -0.403 
1703400675.319 4.790 -0.423 
1703400675.415 4.897 -0.450 
1703400675.520 5.016 -0.486 
1703400675.616 5.132 -0.513 
1703400675.715 5.247 -0.546 
1703400675.817 5.350 -0.595 
1703400675.917 5.453 -0.648 
1703400676.016 5.548 -0.725 
1703400676.117 5.632 -0.814 
1703400676.216 5.716 -0.876 
1703400676.317 5.800 -0.942 
1703400676.418 5.873 -1.014 
1703400676.517 5.928 -1.092 
1703400676.617 5.969 -1.182 
1703400676.717 6.014 -1.276 
1703400676.818 6.055 -1.375 
1703400676.918 6.082 -1.479 
1703400677.017 6.091 -1.591 
1703400677.118 6.096 -1.705 
1703400677.218 6.101 -1.820 
1703400677.318 6.104 -1.935 
1703400677.419 6.107 -2.051 
1703400677.519 6.109 -2.168 
1703400677.618 6.109 -2.285 
1703400677.719 6.109 -2.402 
1703400677.819 6.108 -2.519 
1703400677.918 6.107 -2.632 
1703400678.020 6.105 -2.748 
1703400678.119 6.103 -2.858 
1703400678.220 6.101 -2.968 
1703400678.319 6.100 -3.074 
1703400678.419 6.098 -3.181 
1703400678.519 6.096 -3.281 
1703400678.621 6.094 -3.377 
1703400678.719 6.093 -3.468 
1703400678.819 6.095 -3.553 
1703400678.920 6.101 -3.637 
1703400679.020 6.105 -3.717 
1703400679.120 6.120 -3.826 
1703400679.220 6.140 -3.937 
1703400679.321 6.152 -4.014 
1703400679.422 6.157 -4.087 
1703400679.521 6.158 -4.186 
1703400679.621 6.160 -4.287 
1703400679.721 6.166 -4.384 
1703400679.821 6.203 -4.488 
1703400679.923 6.278 -4.600 
1703400680.628 6.198 -4.672 
1703400680.726 6.247 -4.647 
1703400680.826 6.370 -4.571 
1703400680.925 6.490 -4.492 
1703400681.026 6.593 -4.421 
1703400681.125 6.693 -4.354 
1703400681.225 6.800 -4.290 
1703400681.326 6.902 -4.229 
1703400681.426 7.000 -4.169 
1703400681.526 7.082 -4.104 
1703400681.628 7.161 -4.023 
1703400681.726 7.229 -3.931 
1703400681.829 7.293 -3.835 
1703400681.927 7.348 -3.741 
1703400682.027 7.393 -3.647 
1703400682.126 7.430 -3.544 
1703400682.227 7.473 -3.439 
1703400682.327 7.498 -3.350 
1703400682.431 7.512 -3.289 
1703400682.529 7.536 -3.231 
1703400682.628 7.549 -3.173 
1703400682.727 7.569 -3.109 
1703400682.828 7.600 -3.026 
1703400682.927 7.627 -2.930 
1703400683.028 7.652 -2.841 
1703400683.128 7.677 -2.773 
1703400683.233 7.704 -2.701 
1703400683.328 7.730 -2.633 
1703400683.428 7.759 -2.554 
1703400683.528 7.786 -2.475 
1703400683.629 7.812 -2.398 
1703400683.728 7.838 -2.325 
1703400683.829 7.865 -2.247 
1703400683.929 7.891 -2.171 
1703400684.030 7.918 -2.095 
1703400684.129 7.945 -2.022 
1703400684.230 7.972 -1.947 
1703400684.330 8.000 -1.870 
1703400684.430 8.026 -1.800 
1703400684.530 8.052 -1.730 
1703400684.630 8.077 -1.659 
1703400684.729 8.104 -1.568 
1703400684.829 8.138 -1.455 
1703400684.930 8.174 -1.353 
1703400685.029 8.205 -1.263 
1703400685.130 8.233 -1.174 
1703400685.230 8.259 -1.086 
1703400685.330 8.282 -0.995 
1703400685.431 8.301 -0.906 
1703400685.531 8.322 -0.826 
1703400685.630 8.339 -0.741 
1703400685.731 8.351 -0.638 
1703400685.831 8.362 -0.545 
1703400685.931 8.373 -0.460 
1703400686.031 8.384 -0.380 
1703400686.131 8.392 -0.295 
1703400686.231 8.383 -0.180 
1703400686.331 8.373 -0.063 
1703400686.431 8.384 -0.007 
1703400686.532 8.372 0.035 
1703400686.631 8.363 0.096 
1703400686.733 8.363 0.173 
1703400686.833 8.350 0.268 
1703400686.932 8.343 0.363 
1703400687.032 8.333 0.449 
1703400687.133 8.321 0.525 
1703400687.233 8.315 0.603 
1703400687.332 8.319 0.691 
1703400687.432 8.323 0.785 
1703400687.534 8.329 0.876 
1703400687.633 8.339 0.966 
1703400687.733 8.346 1.063 
1703400687.833 8.358 1.156 
1703400687.934 8.381 1.255 
1703400688.034 8.405 1.351 
1703400688.134 8.429 1.446 
1703400688.234 8.452 1.549 
1703400688.334 8.478 1.651 
1703400688.433 8.505 1.753 
1703400688.534 8.532 1.855 
1703400688.634 8.561 1.962 
1703400688.734 8.597 2.072 
1703400692.942 8.156 2.040 
1703400692.943 8.156 2.041 
1703400693.043 8.128 1.989 
1703400693.143 8.103 1.866 
1703400693.244 8.068 1.732 
1703400693.343 8.039 1.644 
1703400693.443 8.044 1.556 
1703400693.544 8.048 1.440 
1703400693.644 8.043 1.309 
1703400693.744 8.042 1.188 
1703400693.844 8.053 1.071 
1703400693.944 8.062 0.950 
1703400694.044 8.065 0.823 
1703400694.144 8.068 0.704 
1703400694.244 8.078 0.584 
1703400694.344 8.088 0.465 
1703400694.444 8.097 0.353 
1703400694.545 8.100 0.260 
1703400694.645 8.106 0.198 
1703400694.745 8.111 0.126 
1703400694.845 8.115 0.045 
1703400694.946 8.116 -0.035 
1703400695.045 8.119 -0.106 
1703400695.146 8.122 -0.183 
1703400695.246 8.120 -0.259 
1703400695.346 8.122 -0.337 
1703400695.446 8.125 -0.415 
1703400695.546 8.127 -0.494 
1703400695.646 8.130 -0.574 
1703400695.746 8.131 -0.657 
1703400695.846 8.131 -0.739 
1703400695.946 8.129 -0.822 
1703400696.048 8.131 -0.908 
1703400696.147 8.132 -0.993 
1703400696.248 8.133 -1.080 
1703400696.347 8.134 -1.169 
1703400696.447 8.133 -1.260 
1703400696.547 8.131 -1.349 
1703400696.648 8.132 -1.440 
1703400696.748 8.133 -1.534 
1703400696.848 8.133 -1.625 
1703400696.948 8.133 -1.720 
1703400697.048 8.123 -1.815 
1703400697.149 8.118 -1.911 
1703400697.248 8.120 -2.005 
1703400697.348 8.122 -2.101 
1703400697.448 8.126 -2.197 
1703400697.549 8.126 -2.292 
1703400697.649 8.123 -2.384 
1703400697.750 8.127 -2.479 
1703400697.851 8.130 -2.574 
1703400697.950 8.135 -2.666 
1703400698.050 8.140 -2.762 
1703400698.151 8.139 -2.855 
1703400698.256 8.142 -2.950 
1703400698.351 8.147 -3.034 
1703400698.452 8.153 -3.131 
1703400698.551 8.160 -3.229 
1703400698.651 8.161 -3.323 
1703400698.753 8.153 -3.421 
1703400698.852 8.163 -3.516 
1703400698.951 8.181 -3.609 
1703400699.051 8.203 -3.703 
1703400699.151 8.227 -3.793 
1703400699.252 8.256 -3.886 
1703400699.352 8.291 -3.973 
1703400699.455 8.329 -4.053 
1703400699.552 8.361 -4.124 
1703400699.653 8.393 -4.193 
1703400699.752 8.432 -4.277 
1703400699.853 8.463 -4.364 
1703400699.952 8.482 -4.428 
1703400700.053 8.488 -4.490 
1703400700.153 8.494 -4.554 
1703400700.254 8.493 -4.624 
1703400700.353 8.485 -4.681 
1703400705.661 7.996 -4.648 
1703400705.761 8.009 -4.677 
1703400705.861 8.024 -4.724 
1703400705.964 8.030 -4.714 
1703400706.061 8.032 -4.603 
1703400706.162 8.024 -4.496 
1703400706.262 8.018 -4.414 
1703400706.362 7.994 -4.344 
1703400706.462 7.959 -4.271 
1703400706.563 7.931 -4.183 
1703400706.662 7.913 -4.093 
1703400706.763 7.908 -4.015 
1703400706.863 7.894 -3.934 
1703400706.962 7.872 -3.835 
1703400707.063 7.861 -3.725 
1703400707.163 7.860 -3.612 
1703400707.263 7.860 -3.497 
1703400707.363 7.865 -3.413 
1703400707.463 7.866 -3.334 
1703400707.571 7.865 -3.235 
1703400707.666 7.865 -3.137 
1703400707.765 7.869 -3.039 
1703400707.864 7.873 -2.935 
1703400707.964 7.881 -2.831 
1703400708.064 7.888 -2.730 
1703400708.164 7.893 -2.630 
1703400708.263 7.896 -2.530 
1703400708.364 7.899 -2.428 
1703400708.464 7.901 -2.324 
1703400708.565 7.902 -2.218 
1703400708.664 7.901 -2.111 
1703400708.765 7.899 -2.001 
1703400708.865 7.895 -1.895 
1703400708.965 7.890 -1.789 
1703400709.064 7.882 -1.684 
1703400709.165 7.874 -1.577 
1703400709.265 7.870 -1.474 
1703400709.365 7.864 -1.374 
1703400709.466 7.849 -1.276 
1703400709.566 7.839 -1.185 
1703400709.666 7.817 -1.090 
1703400709.765 7.794 -0.990 
1703400709.866 7.784 -0.902 
1703400709.966 7.769 -0.817 
1703400710.067 7.751 -0.735 
1703400710.167 7.719 -0.650 
1703400710.266 7.681 -0.565 
1703400710.367 7.645 -0.485 
1703400710.466 7.610 -0.410 
1703400710.566 7.586 -0.343 
1703400710.668 7.543 -0.264 
1703400710.768 7.494 -0.185 
1703400710.868 7.445 -0.113 
1703400710.967 7.395 -0.050 
1703400711.067 7.343 0.015 
1703400711.167 7.286 0.090 
1703400711.268 7.230 0.166 
1703400711.367 7.173 0.239 
1703400711.468 7.114 0.314 
1703400711.567 7.059 0.387 
1703400711.667 6.995 0.459 
1703400711.768 6.933 0.530 
1703400711.869 6.868 0.607 
1703400711.968 6.805 0.684 
1703400712.068 6.742 0.758 
1703400712.168 6.675 0.838 
1703400712.269 6.608 0.917 
1703400712.369 6.540 0.994 
1703400712.468 6.472 1.070 
1703400712.569 6.403 1.149 
1703400712.668 6.331 1.225 
1703400712.769 6.259 1.302 
1703400712.868 6.187 1.381 
1703400712.969 6.115 1.459 
1703400713.069 6.041 1.535 
1703400713.169 5.966 1.614 
1703400713.269 5.894 1.693 
1703400713.370 5.817 1.768 
1703400713.469 5.743 1.843 
1703400713.570 5.669 1.917 
1703400713.670 5.585 1.993 
1703400713.770 5.504 2.066 
1703400713.870 5.421 2.142 
1703400713.970 5.342 2.218 
1703400714.071 5.263 2.295 
1703400714.171 5.178 2.379 
1703400714.272 5.097 2.457 
1703400714.370 5.017 2.533 
1703400714.471 4.933 2.612 
1703400714.571 4.849 2.690 
1703400714.671 4.768 2.768 
1703400714.771 4.681 2.851 
1703400714.871 4.597 2.936 
1703400714.971 4.515 3.016 
1703400715.072 4.432 3.101 
1703400715.172 4.348 3.186 
1703400715.271 4.266 3.271 
1703400715.372 4.184 3.356 
1703400715.472 4.105 3.439 
1703400715.572 4.026 3.523 
1703400715.678 3.945 3.615 
1703400715.775 3.864 3.707 
1703400715.873 3.782 3.798 
1703400715.972 3.704 3.887 
1703400716.072 3.626 3.971 
1703400716.173 3.548 4.054 
1703400716.272 3.472 4.134 
1703400716.381 3.394 4.219 
1703400716.476 3.316 4.310 
1703400716.574 3.238 4.399 
1703400716.673 3.159 4.490 
1703400716.773 3.081 4.579 
1703400716.873 3.005 4.666 
1703400716.973 2.928 4.752 
1703400717.073 2.849 4.840 
1703400717.174 2.769 4.927 
1703400717.274 2.691 5.013 
1703400717.374 2.616 5.103 
1703400717.473 2.539 5.194 
1703400717.574 2.456 5.287 
1703400717.674 2.376 5.375 
1703400717.774 2.296 5.464 
1703400717.874 2.225 5.560 
1703400717.974 2.155 5.656 
1703400718.075 2.084 5.748 
1703400718.174 2.014 5.840 
1703400718.275 1.951 5.946 
1703400718.375 1.893 6.046 
1703400718.477 1.845 6.115 
1703400718.575 1.806 6.184 
1703400718.676 1.763 6.258 
1703400718.777 1.729 6.344 
1703400718.876 1.695 6.408 
1703400718.976 1.673 6.484 
1703400719.075 1.660 6.576 
1703400719.176 1.672 6.729 
1703400719.276 1.665 6.841 
1703400719.376 1.669 6.913 
1703400719.476 1.675 6.988 
1703400719.576 1.669 7.069 
1703400719.676 1.661 7.153 
1703400719.776 1.663 7.215 
1703400719.876 1.681 7.254 
1703400719.977 1.720 7.321 
1703400720.077 1.755 7.436 
1703400720.178 1.784 7.514 
1703400720.277 1.804 7.560 
1703400720.378 1.812 7.621 
1703400720.477 1.815 7.705 
1703400720.578 1.823 7.783 
1703400720.678 1.830 7.860 
1703400720.777 1.830 7.956 
1703400720.878 1.853 8.051 
1703400720.977 1.886 8.134 
1703400721.078 1.929 8.220 
1703400721.180 2.004 8.312 
1703400721.279 2.086 8.410 
1703400721.379 2.146 8.485 
1703400721.480 2.169 8.528 
1703400721.580 2.248 8.576 
1703400721.680 2.357 8.619 
1703400721.780 2.426 8.641 
1703400721.880 2.490 8.645 
1703400721.981 2.591 8.628 
1703400722.079 2.673 8.604 
1703400722.181 2.712 8.591 
1703400722.280 2.732 8.572 
1703400722.381 2.772 8.567 
1703400722.481 2.841 8.559 
1703400722.581 2.928 8.545 
1703400722.681 3.000 8.534 
1703400722.781 3.072 8.521 
1703400722.881 3.121 8.524 
1703400722.981 3.183 8.513 
1703400723.082 3.256 8.496 
1703400723.181 3.335 8.482 
1703400723.281 3.418 8.466 
1703400723.381 3.504 8.440 
1703400723.482 3.592 8.415 
1703400723.582 3.688 8.395 
1703400723.683 3.791 8.373 
1703400723.782 3.892 8.353 
1703400723.882 3.974 8.338 
1703400723.982 4.027 8.326 
1703400724.083 4.094 8.308 
1703400724.183 4.175 8.289 
1703400724.283 4.274 8.271 
1703400724.383 4.374 8.262 
1703400724.482 4.472 8.259 
1703400724.583 4.528 8.257 
1703400724.684 4.573 8.246 
1703400724.782 4.648 8.229 
1703400724.883 4.762 8.214 
1703400724.984 4.858 8.201 
1703400725.083 4.941 8.187 
1703400725.184 5.015 8.161 
1703400725.284 5.079 8.137 
1703400725.383 5.153 8.114 
1703400725.484 5.247 8.092 
1703400725.584 5.337 8.069 
1703400725.685 5.424 8.046 
1703400725.784 5.512 8.025 
1703400725.885 5.604 8.006 
1703400725.984 5.701 7.988 
1703400726.085 5.797 7.965 
1703400726.185 5.889 7.941 
1703400726.285 5.977 7.914 
1703400726.385 6.072 7.879 
1703400726.484 6.161 7.855 
1703400726.585 6.246 7.833 
1703400726.685 6.328 7.808 
1703400726.785 6.407 7.783 
1703400726.885 6.487 7.749 
1703400726.985 6.563 7.704 
1703400727.086 6.637 7.659 
1703400727.185 6.701 7.625 
1703400727.286 6.757 7.593 
1703400727.387 6.822 7.556 
1703400727.486 6.891 7.512 
1703400727.586 6.954 7.459 
1703400727.686 7.008 7.409 
1703400727.787 7.054 7.356 
1703400727.886 7.100 7.301 
1703400727.986 7.154 7.220 
1703400728.087 7.217 7.143 
1703400728.187 7.282 7.068 
1703400728.288 7.331 7.008 
1703400728.388 7.362 6.947 
1703400728.487 7.400 6.873 
1703400728.588 7.431 6.802 
1703400728.687 7.461 6.732 
1703400728.788 7.487 6.661 
1703400728.888 7.534 6.581 
1703400728.988 7.600 6.501 
1703400729.087 7.673 6.419 
1703400729.188 7.746 6.337 
1703400729.288 7.816 6.258 
1703400729.389 7.893 6.179 
1703400732.294 7.975 6.506 
1703400732.393 7.970 6.592 
1703400732.502 7.968 6.718 
1703400732.597 7.972 6.838 
1703400732.701 7.975 6.960 
1703400732.801 7.982 7.074 
1703400732.897 7.989 7.188 
1703400732.996 7.994 7.301 
1703400733.096 8.003 7.411 
1703400733.195 8.019 7.524 
1703400733.295 8.033 7.634 
1703400733.395 8.044 7.739 
1703400733.495 8.057 7.834 
1703400733.595 8.072 7.927 
1703400733.695 8.102 8.024 
1703400733.795 8.145 8.125 
1703400733.896 8.180 8.217 
1703400733.995 8.204 8.291 
1703400734.096 8.212 8.327 
1703400734.196 8.262 8.365 
1703400734.296 8.328 8.389 
1703400734.396 8.343 8.380 
1703400734.496 8.368 8.339 
1703400734.596 8.402 8.314 
1703400734.697 8.501 8.339 
1703400734.798 8.609 8.367 
1703400734.897 8.694 8.365 
1703400734.997 8.779 8.351 
1703400740.306 8.620 7.789 
1703400740.307 8.620 7.789 
1703400740.408 8.600 7.721 
1703400740.509 8.531 7.620 
1703400740.608 8.460 7.517 
1703400740.708 8.385 7.450 
1703400740.809 8.288 7.373 
1703400740.908 8.191 7.298 
1703400741.009 8.098 7.223 
1703400741.109 8.004 7.153 
1703400741.208 7.921 7.094 
1703400741.308 7.847 7.036 
1703400741.410 7.767 6.979 
1703400741.510 7.685 6.924 
1703400741.610 7.608 6.874 
1703400741.709 7.528 6.827 
1703400741.810 7.438 6.788 
1703400741.910 7.348 6.753 
1703400742.009 7.268 6.716 
1703400742.110 7.184 6.680 
1703400742.210 7.103 6.646 
1703400742.311 7.023 6.616 
1703400742.411 6.942 6.588 
1703400742.511 6.860 6.563 
1703400742.610 6.777 6.542 
1703400742.711 6.692 6.528 
1703400742.811 6.608 6.518 
1703400742.911 6.524 6.511 
1703400743.011 6.441 6.501 
1703400743.112 6.357 6.491 
1703400743.211 6.272 6.483 
1703400743.312 6.188 6.476 
1703400743.412 6.107 6.468 
1703400743.512 6.027 6.458 
1703400743.612 5.939 6.451 
1703400743.713 5.840 6.442 
1703400743.813 5.758 6.439 
1703400743.915 5.681 6.431 
1703400744.013 5.603 6.406 
1703400744.112 5.518 6.372 
1703400744.213 5.426 6.334 
1703400744.312 5.340 6.304 
1703400744.413 5.251 6.273 
1703400744.513 5.183 6.234 
1703400744.613 5.115 6.185 
1703400744.713 5.032 6.117 
1703400744.813 4.948 6.049 
1703400744.914 4.871 5.997 
1703400745.014 4.798 5.947 
1703400745.114 4.715 5.891 
1703400745.214 4.637 5.855 
1703400745.314 4.562 5.802 
1703400745.414 4.479 5.736 
1703400745.514 4.401 5.677 
1703400745.614 4.327 5.612 
1703400745.715 4.253 5.541 
1703400745.815 4.183 5.479 
1703400745.915 4.113 5.410 
1703400746.014 4.044 5.337 
1703400746.115 3.974 5.265 
1703400746.215 3.906 5.195 
1703400746.315 3.837 5.128 
1703400746.415 3.767 5.063 
1703400746.516 3.699 5.001 
1703400746.618 3.636 4.943 
1703400746.718 3.561 4.895 
1703400746.818 3.493 4.842 
1703400746.918 3.422 4.785 
1703400747.019 3.340 4.740 
1703400747.118 3.258 4.705 
1703400747.219 3.191 4.675 
1703400747.319 3.126 4.639 
1703400747.418 3.040 4.602 
1703400747.518 2.946 4.574 
1703400747.619 2.861 4.552 
1703400747.719 2.786 4.537 
1703400747.819 2.712 4.518 
1703400747.919 2.620 4.494 
1703400748.019 2.526 4.479 
1703400748.119 2.437 4.472 
1703400748.220 2.353 4.464 
1703400748.320 2.268 4.456 
1703400748.419 2.180 4.446 
1703400748.520 2.093 4.439 
1703400748.620 2.007 4.434 
1703400748.720 1.921 4.426 
1703400748.820 1.837 4.419 
1703400748.920 1.753 4.410 
1703400749.020 1.672 4.402 
1703400749.120 1.595 4.396 
1703400749.220 1.518 4.390 
1703400749.321 1.433 4.372 
1703400749.421 1.353 4.356 
1703400749.520 1.278 4.340 
1703400749.620 1.208 4.328 
1703400749.721 1.138 4.314 
1703400749.821 1.065 4.300 
1703400749.921 0.982 4.271 
1703400750.022 0.902 4.241 
1703400750.121 0.820 4.217 
1703400750.222 0.746 4.196 
1703400750.322 0.672 4.176 
1703400750.422 0.589 4.158 
1703400750.523 0.493 4.146 
1703400750.622 0.406 4.134 
1703400750.723 0.326 4.120 
1703400750.822 0.246 4.107 
1703400750.922 0.167 4.094 
1703400751.036 0.063 4.088 
1703400751.123 -0.015 4.095 
1703400751.223 -0.111 4.094 
1703400751.323 -0.201 4.092 
1703400751.423 -0.294 4.100 
1703400751.523 -0.380 4.108 
1703400751.623 -0.470 4.111 
1703400751.723 -0.558 4.113 
1703400751.823 -0.638 4.114 
1703400751.924 -0.725 4.125 
1703400752.025 -0.828 4.160 
1703400752.124 -0.924 4.200 
1703400752.224 -0.999 4.221 
1703400752.323 -1.060 4.239 
1703400752.424 -1.123 4.268 
1703400752.524 -1.214 4.337 
1703400752.624 -1.300 4.408 
1703400752.724 -1.371 4.450 
1703400752.824 -1.455 4.497 
1703400752.925 -1.548 4.551 
1703400753.025 -1.613 4.570 
1703400753.124 -1.671 4.584 
1703400753.225 -1.739 4.639 
1703400753.325 -1.799 4.735 
1703400753.426 -1.858 4.845 
1703400753.525 -1.912 4.942 
1703400753.625 -1.955 5.051 
1703400753.726 -1.988 5.164 
1703400753.826 -2.020 5.263 
1703400753.926 -2.060 5.340 
1703400754.027 -2.102 5.406 
1703400754.127 -2.114 5.515 
1703400754.226 -2.119 5.647 
1703400754.329 -2.097 5.713 
1703400754.442 -2.070 5.792 
1703400754.534 -2.065 5.899 
1703400754.630 -2.064 6.021 
1703400754.730 -2.054 6.152 
1703400754.829 -2.029 6.237 
1703400754.929 -2.012 6.314 
1703400755.031 -2.010 6.419 
1703400755.130 -2.011 6.518 
1703400755.230 -2.006 6.602 
1703400755.331 -2.004 6.686 
1703400755.430 -2.001 6.778 
1703400755.531 -1.995 6.863 
1703400755.631 -1.990 6.967 
1703400755.731 -1.975 7.051 
1703400755.831 -1.947 7.100 
1703400755.932 -1.932 7.151 
1703400756.031 -1.951 7.219 
1703400756.131 -1.975 7.334 
1703400756.236 -2.014 7.470 
1703400756.331 -2.044 7.568 
1703400756.433 -2.069 7.653 
1703400756.532 -2.094 7.740 
1703400756.631 -2.114 7.836 
1703400756.732 -2.137 7.941 
1703400756.832 -2.172 8.024 
1703400756.932 -2.223 8.110 
1703400757.032 -2.290 8.205 
1703400757.133 -2.378 8.292 
1703400757.233 -2.477 8.374 
1703400757.333 -2.569 8.424 
1703400757.433 -2.607 8.422 
1703400757.534 -2.702 8.456 
1703400757.634 -2.821 8.498 
1703400757.733 -2.890 8.520 
1703400757.833 -2.961 8.534 
1703400757.934 -3.062 8.545 
1703400758.034 -3.153 8.558 
1703400758.134 -3.245 8.563 
1703400758.235 -3.347 8.566 
1703400758.335 -3.443 8.564 
1703400758.437 -3.558 8.528 
1703400758.537 -3.661 8.497 
1703400758.638 -3.765 8.444 
1703400758.738 -3.844 8.372 
1703400758.837 -3.910 8.274 
1703400758.937 -3.966 8.163 
1703400759.038 -4.012 8.045 
1703400759.138 -4.065 7.916 
1703400759.238 -4.097 7.790 
1703400759.338 -4.088 7.701 
1703400759.438 -4.081 7.587 
1703400759.538 -4.080 7.461 
1703400759.639 -4.092 7.345 
1703400759.739 -4.093 7.222 
1703400759.839 -4.091 7.107 
1703400759.939 -4.105 6.992 
1703400760.039 -4.130 6.882 
1703400760.139 -4.155 6.765 
1703400760.239 -4.183 6.653 
1703400760.340 -4.212 6.557 
1703400760.439 -4.239 6.472 
1703400760.540 -4.266 6.384 
1703400760.640 -4.320 6.288 
1703400760.740 -4.386 6.176 
1703400760.840 -4.435 6.071 
1703400760.940 -4.500 5.968 
1703400761.040 -4.562 5.872 
1703400761.148 -4.623 5.778 
1703400761.240 -4.677 5.697 
1703400761.343 -4.744 5.600 
1703400761.442 -4.828 5.519 
1703400761.541 -4.899 5.449 
1703400761.642 -4.977 5.389 
1703400761.741 -5.081 5.338 
1703400761.841 -5.184 5.291 
1703400761.940 -5.272 5.240 
1703400762.041 -5.374 5.174 
1703400762.141 -5.499 5.113 
1703400762.242 -5.624 5.067 
1703400762.341 -5.733 5.032 
1703400762.443 -5.860 5.017 
1703400762.542 -5.986 4.998 
1703400762.642 -6.108 4.972 
1703400762.741 -6.204 4.962 
1703400762.842 -6.284 4.944 
1703400762.942 -6.359 4.923 
1703400763.042 -6.442 4.912 
1703400763.142 -6.562 4.867 
1703400763.245 -6.691 4.817 
1703400763.344 -6.820 4.751 
1703400763.443 -6.929 4.681 
1703400763.543 -7.005 4.616 
1703400763.642 -7.043 4.524 
1703400763.743 -7.066 4.403 
1703400763.843 -7.081 4.294 
1703400763.943 -7.098 4.176 
1703400764.044 -7.108 4.060 
1703400764.143 -7.104 3.942 
1703400764.244 -7.081 3.823 
1703400764.344 -7.046 3.699 
1703400764.444 -7.011 3.581 
1703400764.544 -6.980 3.465 
1703400764.644 -6.954 3.353 
1703400764.744 -6.914 3.238 
1703400764.843 -6.879 3.142 
1703400764.945 -6.849 3.062 
1703400765.044 -6.833 3.000 
1703400765.145 -6.815 2.942 
1703400765.245 -6.769 2.868 
1703400765.344 -6.703 2.783 
1703400765.445 -6.657 2.703 
1703400765.544 -6.623 2.638 
1703400765.646 -6.574 2.571 
1703400765.746 -6.510 2.507 
1703400765.849 -6.446 2.449 
1703400765.947 -6.408 2.397 
1703400766.046 -6.366 2.342 
1703400766.145 -6.296 2.280 
1703400766.248 -6.223 2.217 
1703400766.347 -6.138 2.168 
1703400766.446 -6.060 2.124 
1703400766.546 -5.987 2.083 
1703400766.647 -5.900 2.049 
1703400766.747 -5.809 2.014 
1703400766.852 -5.707 1.980 
1703400771.655 -5.610 2.064 
1703400771.656 -5.610 2.064 
1703400771.757 -5.661 2.090 
1703400771.857 -5.724 2.126 
1703400771.956 -5.848 2.143 
1703400772.057 -5.982 2.148 
1703400772.158 -6.090 2.164 
1703400772.258 -6.215 2.182 
1703400772.357 -6.339 2.198 
1703400772.457 -6.444 2.204 
1703400772.559 -6.549 2.205 
1703400772.658 -6.666 2.202 
1703400772.759 -6.787 2.199 
1703400772.858 -6.905 2.196 
1703400772.958 -7.021 2.188 
1703400773.059 -7.140 2.178 
1703400773.159 -7.260 2.168 
1703400773.259 -7.376 2.157 
1703400773.358 -7.489 2.149 
1703400773.458 -7.609 2.138 
1703400773.559 -7.729 2.122 
1703400773.659 -7.848 2.105 
1703400773.760 -7.969 2.086 
1703400773.859 -8.090 2.066 
1703400773.959 -8.217 2.039 
1703400774.060 -8.341 2.014 
1703400774.159 -8.464 1.983 
1703400774.259 -8.584 1.955 
1703400774.360 -8.665 1.971 
1703400774.460 -8.744 1.969 
1703400777.966 -9.272 2.035 
1703400778.067 -9.221 1.942 
1703400779.069 -9.288 1.772 
1703400779.168 -9.284 1.818 
1703400779.268 -9.239 1.938 
1703400779.369 -9.204 2.059 
1703400779.470 -9.167 2.183 
1703400779.569 -9.152 2.296 
1703400779.669 -9.144 2.415 
1703400779.769 -9.134 2.532 
1703400779.869 -9.123 2.652 
1703400779.970 -9.108 2.763 
1703400780.069 -9.097 2.875 
1703400780.170 -9.089 2.988 
1703400780.270 -9.080 3.096 
1703400780.370 -9.072 3.209 
1703400780.470 -9.062 3.326 
1703400780.570 -9.057 3.451 
1703400780.669 -9.049 3.571 
1703400780.770 -9.040 3.684 
1703400780.871 -9.034 3.795 
1703400780.971 -9.036 3.911 
1703400781.070 -9.037 4.021 
1703400781.171 -9.034 4.119 
1703400781.271 -9.034 4.216 
1703400781.371 -9.035 4.303 
1703400781.472 -9.038 4.391 
1703400781.572 -9.048 4.476 
1703400781.671 -9.057 4.565 
1703400781.771 -9.083 4.684 
1703400781.872 -9.099 4.774 
1703400781.976 -9.110 4.814 
1703400782.071 -9.092 4.825 
1703400782.172 -9.066 4.839 
1703400782.272 -9.125 4.904 
1703400782.372 -9.209 4.987 
1703400783.475 -9.300 5.053 
1703400783.576 -9.287 5.080 
1703400783.676 -9.249 5.170 
1703400783.776 -9.173 5.311 
1703400783.876 -9.117 5.445 
1703400783.977 -9.077 5.562 
1703400784.076 -9.036 5.662 
1703400784.178 -8.990 5.763 
1703400784.277 -8.902 5.852 
1703400784.377 -8.807 5.937 
1703400784.478 -8.689 5.998 
1703400784.578 -8.559 6.026 
1703400784.677 -8.436 6.017 
1703400784.778 -8.334 5.974 
1703400784.878 -8.230 5.918 
1703400784.978 -8.118 5.874 
1703400785.078 -8.000 5.830 
1703400785.177 -7.911 5.790 
1703400785.278 -7.855 5.762 
1703400785.379 -7.811 5.748 
1703400785.478 -7.756 5.751 
1703400785.579 -7.700 5.755 
1703400785.679 -7.642 5.751 
1703400785.779 -7.577 5.746 
1703400785.879 -7.502 5.736 
1703400785.979 -7.426 5.733 
1703400786.080 -7.340 5.732 
1703400786.179 -7.226 5.700 
1703400786.279 -7.104 5.645 
1703400786.379 -6.991 5.624 
1703400786.479 -6.882 5.584 
1703400786.580 -6.786 5.517 
1703400786.680 -6.708 5.431 
1703400786.781 -6.614 5.353 
1703400786.880 -6.536 5.283 
1703400786.980 -6.468 5.217 
1703400787.081 -6.400 5.146 
1703400787.181 -6.328 5.071 
1703400787.288 -6.260 5.014 
1703400787.382 -6.189 4.960 
1703400787.481 -6.104 4.888 
1703400787.581 -6.015 4.817 
1703400787.681 -5.927 4.752 
1703400787.781 -5.837 4.685 
1703400787.881 -5.747 4.613 
1703400787.981 -5.651 4.543 
1703400788.082 -5.553 4.471 
1703400788.182 -5.455 4.400 
1703400788.282 -5.361 4.330 
1703400788.382 -5.263 4.266 
1703400788.483 -5.161 4.198 
1703400788.583 -5.060 4.129 
1703400788.682 -4.958 4.068 
1703400788.782 -4.854 4.005 
1703400788.882 -4.750 3.940 
1703400788.982 -4.646 3.876 
1703400789.084 -4.542 3.818 
1703400789.183 -4.439 3.759 
1703400789.284 -4.335 3.699 
1703400789.384 -4.231 3.639 
1703400789.485 -4.125 3.582 
1703400789.585 -4.021 3.524 
1703400789.685 -3.918 3.466 
1703400789.785 -3.813 3.407 
1703400789.886 -3.706 3.350 
1703400789.986 -3.602 3.293 
1703400790.086 -3.497 3.233 
1703400790.189 -3.388 3.171 
1703400790.286 -3.284 3.112 
1703400790.385 -3.179 3.053 
1703400790.486 -3.073 2.992 
1703400790.587 -2.967 2.934 
1703400790.687 -2.862 2.871 
1703400790.787 -2.757 2.810 
1703400790.887 -2.651 2.747 
1703400790.987 -2.549 2.681 
1703400791.088 -2.445 2.614 
1703400791.188 -2.341 2.551 
1703400791.287 -2.242 2.484 
1703400791.388 -2.143 2.414 
1703400791.488 -2.044 2.343 
1703400791.588 -1.948 2.273 
1703400791.688 -1.853 2.200 
1703400791.788 -1.760 2.125 
1703400791.889 -1.669 2.046 
1703400791.988 -1.581 1.968 
1703400792.089 -1.492 1.885 
1703400792.189 -1.409 1.799 
1703400792.289 -1.326 1.710 
1703400792.389 -1.248 1.620 
1703400792.489 -1.169 1.531 
1703400792.590 -1.094 1.431 
1703400792.689 -1.021 1.330 
1703400792.790 -0.954 1.236 
1703400792.889 -0.886 1.137 
1703400792.990 -0.825 1.029 
1703400793.090 -0.772 0.907 
1703400793.190 -0.714 0.801 
1703400793.290 -0.676 0.689 
1703400793.390 -0.653 0.569 
1703400793.491 -0.632 0.448 
1703400793.590 -0.611 0.328 
1703400793.690 -0.594 0.209 
1703400793.791 -0.585 0.087 
1703400793.891 -0.584 -0.033 
1703400793.991 -0.590 -0.149 
1703400794.091 -0.598 -0.264 
1703400794.192 -0.605 -0.378 
1703400794.291 -0.614 -0.496 
1703400794.392 -0.652 -0.611 
1703400794.491 -0.704 -0.718 
1703400794.592 -0.765 -0.813 
1703400794.692 -0.840 -0.908 
1703400794.792 -0.924 -0.997 
1703400794.892 -1.019 -1.075 
1703400794.991 -1.115 -1.140 
1703400795.092 -1.216 -1.200 
1703400795.192 -1.331 -1.244 
1703400795.293 -1.451 -1.278 
1703400795.392 -1.566 -1.316 
1703400795.492 -1.685 -1.352 
1703400795.593 -1.804 -1.384 
1703400795.693 -1.921 -1.417 
1703400795.793 -2.030 -1.453 
1703400795.893 -2.139 -1.495 
1703400795.993 -2.252 -1.539 
1703400796.094 -2.365 -1.583 
1703400796.193 -2.470 -1.630 
1703400796.293 -2.547 -1.653 
1703400796.394 -2.613 -1.676 
1703400796.493 -2.697 -1.719 
1703400796.593 -2.770 -1.756 
1703400796.694 -2.824 -1.785 
1703400796.794 -2.917 -1.820 
1703400796.894 -3.017 -1.868 
1703400796.994 -3.108 -1.900 
1703400797.094 -3.188 -1.942 
1703400797.195 -3.254 -1.985 
1703400797.294 -3.318 -2.031 
1703400797.394 -3.387 -2.082 
1703400797.496 -3.461 -2.131 
1703400797.597 -3.527 -2.179 
1703400797.697 -3.597 -2.229 
1703400797.797 -3.669 -2.274 
1703400797.898 -3.738 -2.316 
1703400797.997 -3.805 -2.371 
1703400798.097 -3.871 -2.435 
1703400798.198 -3.933 -2.487 
1703400798.298 -3.995 -2.513 
1703400798.398 -4.047 -2.547 
1703400798.499 -4.093 -2.609 
1703400798.599 -4.149 -2.684 
1703400798.698 -4.207 -2.760 
1703400798.799 -4.262 -2.829 
1703400798.899 -4.307 -2.892 
1703400798.999 -4.351 -2.954 
1703400799.099 -4.399 -3.018 
1703400799.199 -4.450 -3.088 
1703400799.300 -4.503 -3.154 
1703400799.399 -4.560 -3.215 
1703400799.500 -4.623 -3.267 
1703400799.599 -4.689 -3.324 
1703400799.699 -4.753 -3.388 
1703400799.799 -4.816 -3.445 
1703400799.900 -4.878 -3.491 
1703400799.999 -4.932 -3.526 
1703400800.099 -4.994 -3.562 
1703400800.200 -5.080 -3.593 
1703400800.300 -5.168 -3.615 
1703400800.401 -5.252 -3.626 
1703400800.500 -5.340 -3.636 
1703400800.602 -5.431 -3.666 
1703400800.701 -5.512 -3.695 
1703400805.108 -5.459 -3.456 
1703400805.109 -5.459 -3.456 
1703400805.209 -5.449 -3.463 
1703400805.309 -5.410 -3.481 
1703400805.409 -5.331 -3.561 
1703400805.510 -5.244 -3.632 
1703400805.609 -5.154 -3.705 
1703400805.710 -5.068 -3.791 
1703400805.810 -4.997 -3.882 
1703400805.910 -4.926 -3.978 
1703400806.010 -4.853 -4.071 
1703400806.112 -4.797 -4.179 
1703400806.213 -4.741 -4.287 
1703400806.312 -4.693 -4.405 
1703400806.413 -4.656 -4.528 
1703400806.514 -4.622 -4.645 
1703400806.614 -4.589 -4.758 
1703400806.713 -4.560 -4.873 
1703400806.813 -4.527 -4.987 
1703400806.914 -4.491 -5.098 
1703400807.014 -4.454 -5.204 
1703400807.114 -4.409 -5.307 
1703400807.214 -4.351 -5.395 
1703400807.314 -4.276 -5.469 
1703400807.414 -4.192 -5.541 
1703400807.515 -4.070 -5.598 
1703400807.614 -3.937 -5.640 
1703400807.715 -3.832 -5.694 
1703400807.815 -3.727 -5.738 
1703400807.915 -3.683 -5.797 
1703400808.014 -3.652 -5.816 
1703400808.114 -3.622 -5.805 
1703400808.215 -3.571 -5.778 
1703400808.315 -3.482 -5.730 
1703400808.416 -3.406 -5.685 
1703400808.516 -3.341 -5.648 
1703400808.616 -3.284 -5.621 
1703400808.716 -3.240 -5.599 
1703400808.816 -3.174 -5.584 
1703400808.916 -3.101 -5.563 
1703400809.017 -3.011 -5.523 
1703400809.117 -2.922 -5.486 
1703400809.217 -2.848 -5.460 
1703400809.333 -2.808 -5.456 
1703400811.329 -2.770 -5.461 
1703400811.427 -2.747 -5.512 
1703400811.526 -2.723 -5.646 
1703400811.626 -2.738 -5.717 
1703400811.726 -2.768 -5.701 
1703400811.827 -2.788 -5.581 
1703400811.926 -2.823 -5.455 
1703400812.028 -2.864 -5.348 
1703400812.127 -2.874 -5.243 
1703400812.227 -2.852 -5.161 
1703400812.327 -2.819 -5.059 
1703400812.426 -2.790 -4.960 
1703400812.527 -2.753 -4.848 
1703400812.627 -2.718 -4.725 
1703400812.728 -2.684 -4.614 
1703400812.827 -2.662 -4.524 
1703400812.928 -2.635 -4.438 
1703400813.028 -2.605 -4.347 
1703400813.127 -2.574 -4.256 
1703400813.229 -2.544 -4.165 
1703400813.330 -2.514 -4.074 
1703400813.432 -2.483 -3.975 
1703400813.529 -2.453 -3.883 
1703400813.629 -2.421 -3.785 
1703400813.729 -2.389 -3.685 
1703400813.829 -2.357 -3.587 
1703400813.930 -2.323 -3.488 
1703400814.029 -2.290 -3.393 
1703400814.130 -2.255 -3.293 
1703400814.230 -2.222 -3.199 
1703400814.332 -2.189 -3.103 
1703400814.430 -2.155 -3.008 
1703400814.532 -2.120 -2.913 
1703400814.630 -2.087 -2.825 
1703400814.731 -2.054 -2.734 
1703400814.830 -2.023 -2.646 
1703400814.930 -1.990 -2.558 
1703400815.031 -1.958 -2.474 
1703400815.130 -1.927 -2.391 
1703400815.230 -1.896 -2.311 
1703400815.333 -1.865 -2.231 
1703400815.431 -1.835 -2.158 
1703400815.532 -1.805 -2.085 
1703400815.632 -1.778 -2.014 
1703400815.731 -1.750 -1.918 
1703400815.831 -1.709 -1.812 
1703400815.932 -1.662 -1.732 
1703400816.032 -1.628 -1.664 
1703400816.132 -1.612 -1.605 
1703400816.231 -1.593 -1.555 
1703400816.333 -1.580 -1.483 
1703400816.432 -1.592 -1.360 
1703400816.537 -1.581 -1.276 
1703400816.635 -1.555 -1.230 
1703400817.737 -1.544 -1.205 
1703400817.837 -1.551 -1.196 
1703400817.937 -1.593 -1.179 
1703400818.037 -1.711 -1.155 
1703400818.138 -1.864 -1.135 
1703400818.237 -1.972 -1.086 
1703400818.337 -2.060 -1.052 
1703400818.438 -2.140 -1.049 
1703400818.538 -2.210 -1.069 
1703400818.638 -2.294 -1.079 
1703400818.738 -2.380 -1.088 
1703400818.838 -2.465 -1.100 
1703400818.938 -2.549 -1.116 
1703400819.038 -2.630 -1.122 
1703400819.139 -2.699 -1.121 
1703400819.239 -2.766 -1.117 
1703400819.338 -2.830 -1.115 
1703400819.439 -2.897 -1.110 
1703400819.539 -2.983 -1.110 
1703400819.639 -3.080 -1.121 
1703400819.742 -3.166 -1.124 
1703400819.839 -3.235 -1.119 
1703400819.939 -3.299 -1.114 
1703400820.039 -3.363 -1.111 
1703400820.140 -3.422 -1.113 
1703400820.240 -3.487 -1.117 
1703400820.340 -3.554 -1.121 
1703400820.440 -3.617 -1.116 
1703400820.544 -3.674 -1.098 
1703400820.640 -3.739 -1.084 
1703400820.740 -3.813 -1.061 
1703400820.840 -3.894 -1.039 
1703400820.940 -3.978 -1.024 
1703400821.040 -4.081 -1.011 
1703400821.141 -4.187 -0.996 
1703400821.241 -4.285 -0.988 
1703400821.341 -4.367 -0.989 
1703400821.441 -4.432 -1.001 
1703400821.541 -4.488 -1.030 
1703400821.641 -4.559 -1.075 
1703400821.742 -4.637 -1.124 
1703400821.842 -4.691 -1.167 
1703400821.941 -4.789 -1.196 
1703400822.041 -4.876 -1.233 
1703400822.142 -4.970 -1.268 
1703400822.242 -5.074 -1.302 
1703400822.342 -5.187 -1.326 
1703400822.442 -5.293 -1.362 
1703400822.542 -5.407 -1.387 
1703400822.642 -5.525 -1.403 
1703400822.743 -5.650 -1.419 
1703400822.842 -5.770 -1.435 
1703400822.943 -5.887 -1.456 
1703400823.043 -6.004 -1.466 
1703400823.143 -6.124 -1.475 
1703400823.245 -6.244 -1.487 
1703400823.344 -6.361 -1.499 
1703400823.456 -6.493 -1.511 
1703400823.545 -6.597 -1.520 
1703400823.644 -6.718 -1.531 
1703400823.744 -6.835 -1.546 
1703400823.844 -6.947 -1.558 
1703400823.945 -7.059 -1.577 
1703400824.045 -7.175 -1.611 
1703400824.145 -7.292 -1.643 
1703400824.246 -7.404 -1.671 
1703400824.345 -7.508 -1.696 
1703400824.446 -7.614 -1.741 
1703400824.546 -7.693 -1.760 
1703400824.645 -7.765 -1.778 
1703400824.746 -7.852 -1.881 
1703400824.846 -7.926 -1.980 
1703400824.949 -7.991 -2.064 
1703400825.046 -8.040 -2.145 
1703400825.145 -8.080 -2.233 
1703400825.246 -8.092 -2.312 
1703400825.346 -8.094 -2.375 
1703400825.446 -8.098 -2.431 
1703400825.549 -8.116 -2.499 
1703400825.646 -8.145 -2.572 
1703400825.748 -8.179 -2.638 
1703400825.847 -8.209 -2.706 
1703400825.947 -8.232 -2.789 
1703400826.047 -8.259 -2.861 
1703400826.147 -8.306 -2.929 
1703400826.247 -8.359 -2.998 
1703400829.352 -8.102 -3.062 
1703400829.352 -8.102 -3.062 
1703400829.453 -8.049 -3.079 
1703400829.553 -7.960 -3.104 
1703400829.652 -7.843 -3.118 
1703400829.753 -7.712 -3.128 
1703400829.853 -7.592 -3.137 
1703400829.954 -7.475 -3.158 
1703400830.054 -7.358 -3.182 
1703400830.154 -7.240 -3.199 
1703400830.253 -7.122 -3.215 
1703400830.354 -7.004 -3.232 
1703400830.454 -6.887 -3.249 
1703400830.556 -6.769 -3.265 
1703400830.655 -6.654 -3.280 
1703400830.755 -6.553 -3.292 
1703400830.855 -6.452 -3.304 
1703400830.955 -6.350 -3.317 
1703400831.055 -6.250 -3.339 
1703400831.154 -6.152 -3.362 
1703400831.256 -6.060 -3.379 
1703400831.355 -5.969 -3.398 
1703400831.455 -5.879 -3.419 
1703400831.555 -5.789 -3.445 
1703400831.656 -5.703 -3.472 
1703400831.757 -5.615 -3.499 
1703400831.856 -5.532 -3.519 
1703400831.956 -5.443 -3.543 
1703400832.055 -5.354 -3.568 
1703400832.158 -5.267 -3.609 
1703400832.256 -5.188 -3.660 
1703400832.357 -5.105 -3.708 
1703400832.456 -5.014 -3.751 
1703400832.559 -4.919 -3.798 
1703400832.657 -4.830 -3.852 
1703400832.757 -4.754 -3.914 
1703400832.857 -4.673 -3.982 
1703400832.957 -4.598 -4.067 
1703400833.057 -4.517 -4.147 
1703400833.158 -4.438 -4.228 
1703400833.258 -4.355 -4.314 
1703400833.357 -4.278 -4.411 
1703400833.458 -4.213 -4.516 
1703400833.558 -4.160 -4.621 
1703400833.658 -4.107 -4.728 
1703400833.758 -4.065 -4.840 
1703400833.858 -4.032 -4.954 
1703400833.958 -4.006 -5.069 
1703400834.059 -3.998 -5.188 
1703400834.159 -3.986 -5.302 
1703400834.258 -3.977 -5.412 
1703400834.359 -3.980 -5.526 
1703400834.458 -3.999 -5.641 
1703400834.559 -4.035 -5.750 
1703400834.658 -4.070 -5.852 
1703400834.759 -4.119 -5.958 
1703400834.859 -4.176 -6.057 
1703400834.960 -4.223 -6.146 
1703400835.060 -4.268 -6.226 
1703400835.159 -4.349 -6.316 
1703400835.262 -4.422 -6.407 
1703400835.360 -4.487 -6.495 
1703400835.460 -4.561 -6.583 
1703400835.560 -4.652 -6.672 
1703400835.660 -4.736 -6.760 
1703400835.762 -4.820 -6.845 
1703400835.861 -4.898 -6.930 
1703400835.965 -4.989 -7.027 
1703400836.061 -5.063 -7.120 
1703400836.162 -5.136 -7.208 
1703400836.263 -5.208 -7.292 
1703400836.363 -5.273 -7.395 
1703400836.463 -5.328 -7.487 
1703400836.562 -5.374 -7.556 
1703400836.662 -5.413 -7.617 
1703400836.767 -5.453 -7.679 
1703400836.867 -5.491 -7.752 
1703400836.967 -5.530 -7.823 
1703400837.069 -5.572 -7.926 
1703400837.167 -5.617 -8.018 
1703400837.268 -5.654 -8.090 
1703400837.367 -5.687 -8.150 
1703400837.468 -5.721 -8.212 
1703400837.568 -5.747 -8.288 
1703400837.668 -5.773 -8.371 
1703400837.768 -5.802 -8.441 
1703400837.868 -5.826 -8.513 
1703400837.969 -5.840 -8.612 
1703400838.069 -5.862 -8.703 
1703400838.168 -5.874 -8.766 
1703400838.269 -5.873 -8.801 
1703400838.369 -5.836 -8.858 
1703400838.469 -5.733 -8.963 
1703400838.569 -5.646 -9.050 
1703400838.669 -5.579 -9.133 
1703400838.774 -5.509 -9.225 
1703400838.873 -5.442 -9.302 
1703400838.975 -5.339 -9.358 
1703400839.075 -5.190 -9.373 
1703400839.174 -5.050 -9.369 
1703400839.274 -4.961 -9.358 
1703400839.373 -4.868 -9.316 
1703400839.474 -4.758 -9.274 
1703400839.574 -4.652 -9.232 
1703400839.674 -4.566 -9.192 
1703400839.774 -4.493 -9.158 
1703400839.874 -4.413 -9.139 
1703400839.974 -4.324 -9.131 
1703400840.075 -4.240 -9.119 
1703400840.174 -4.160 -9.107 
1703400840.275 -4.070 -9.105 
1703400840.375 -4.012 -9.115 
1703400840.475 -3.937 -9.112 
1703400840.574 -3.854 -9.108 
1703400840.674 -3.771 -9.096 
1703400840.775 -3.682 -9.080 
1703400840.875 -3.587 -9.063 
1703400840.975 -3.490 -9.057 
1703400841.075 -3.401 -9.052 
1703400841.175 -3.312 -9.030 
1703400841.275 -3.216 -9.000 
1703400841.375 -3.117 -8.967 
1703400841.475 -3.017 -8.938 
1703400841.576 -2.911 -8.913 
1703400841.676 -2.809 -8.886 
1703400844.686 -2.378 -8.782 
1703400844.687 -2.378 -8.782 
1703400844.787 -2.463 -8.746 
1703400844.886 -2.592 -8.711 
1703400844.987 -2.714 -8.676 
1703400845.087 -2.835 -8.636 
1703400845.187 -2.918 -8.589 
1703400845.287 -3.002 -8.517 
1703400845.388 -3.088 -8.451 
1703400845.489 -3.187 -8.382 
1703400845.589 -3.287 -8.313 
1703400845.689 -3.387 -8.246 
1703400845.791 -3.486 -8.183 
1703400845.890 -3.584 -8.117 
1703400845.990 -3.681 -8.051 
1703400846.091 -3.777 -7.986 
1703400846.190 -3.874 -7.919 
1703400846.291 -3.973 -7.853 
1703400846.390 -4.074 -7.786 
1703400846.491 -4.172 -7.718 
1703400846.591 -4.269 -7.651 
1703400846.691 -4.368 -7.590 
1703400846.791 -4.474 -7.519 
1703400846.891 -4.588 -7.440 
1703400846.991 -4.702 -7.365 
1703400847.091 -4.796 -7.312 
1703400847.192 -4.928 -7.284 
1703400847.291 -5.049 -7.280 
1703400847.392 -5.151 -7.250 
1703400847.493 -5.275 -7.260 
1703400847.593 -5.364 -7.309 
1703400847.693 -5.495 -7.350 
1703400847.793 -5.608 -7.394 
1703400847.893 -5.722 -7.440 
1703400847.993 -5.817 -7.478 
1703400848.093 -5.865 -7.523 
1703400848.194 -5.917 -7.556 
1703400848.293 -6.003 -7.574 
1703400848.394 -6.122 -7.589 
1703400848.494 -6.221 -7.602 
1703400848.593 -6.293 -7.613 
1703400848.703 -6.368 -7.624 
1703400848.798 -6.450 -7.636 
1703400848.897 -6.551 -7.648 
1703400848.997 -6.650 -7.662 
1703400849.098 -6.748 -7.678 
1703400849.197 -6.842 -7.692 
1703400849.296 -6.936 -7.705 
1703400849.398 -7.032 -7.721 
1703400849.499 -7.122 -7.736 
1703400849.598 -7.207 -7.751 
1703400849.698 -7.291 -7.768 
1703400849.798 -7.370 -7.784 
1703400849.898 -7.441 -7.797 
1703400849.998 -7.525 -7.813 
1703400850.099 -7.614 -7.835 
1703400850.198 -7.698 -7.844 
1703400850.298 -7.782 -7.852 
1703400855.506 -7.755 -7.580 
1703400855.606 -7.721 -7.551 
1703400855.707 -7.621 -7.506 
1703400855.806 -7.468 -7.477 
1703400855.906 -7.383 -7.444 
1703400856.007 -7.334 -7.416 
1703400856.107 -7.286 -7.412 
1703400856.207 -7.203 -7.406 
1703400856.307 -7.086 -7.386 
1703400856.407 -6.966 -7.370 
1703400856.508 -6.864 -7.358 
1703400856.607 -6.762 -7.350 
1703400856.708 -6.656 -7.342 
1703400856.811 -6.553 -7.335 
1703400856.912 -6.452 -7.324 
1703400857.010 -6.354 -7.319 
1703400857.110 -6.263 -7.313 
1703400857.211 -6.176 -7.309 
1703400857.311 -6.098 -7.305 
1703400857.411 -6.016 -7.276 
1703400857.523 -5.937 -7.238 
1703400857.616 -5.873 -7.204 
1703400857.713 -5.809 -7.159 
1703400857.813 -5.757 -7.122 
1703400857.912 -5.721 -7.109 
1703400858.013 -5.686 -7.100 
1703400858.124 -5.644 -7.064 
1703400858.217 -5.580 -7.035 
1703400858.314 -5.517 -7.016 
1703400858.414 -5.452 -6.989 
1703400858.512 -5.398 -6.966 
1703400858.612 -5.340 -6.943 
1703400858.712 -5.272 -6.911 
1703400858.812 -5.201 -6.876 
1703400858.913 -5.124 -6.837 
1703400859.014 -5.048 -6.790 
1703400859.113 -4.974 -6.739 
1703400859.214 -4.907 -6.716 
1703400859.314 -4.848 -6.699 
1703400859.413 -4.775 -6.630 
1703400859.514 -4.690 -6.541 
1703400859.613 -4.621 -6.474 
1703400859.713 -4.545 -6.409 
1703400859.814 -4.460 -6.335 
1703400859.918 -4.378 -6.252 
1703400860.014 -4.298 -6.160 
1703400860.114 -4.220 -6.069 
1703400860.215 -4.141 -5.987 
1703400860.314 -4.060 -5.898 
1703400860.414 -3.983 -5.814 
1703400860.514 -3.906 -5.728 
1703400860.614 -3.828 -5.644 
1703400860.713 -3.750 -5.558 
1703400860.814 -3.670 -5.473 
1703400860.915 -3.593 -5.387 
1703400861.014 -3.516 -5.302 
1703400861.115 -3.436 -5.215 
1703400861.215 -3.358 -5.127 
1703400861.319 -3.278 -5.040 
1703400861.417 -3.199 -4.953 
1703400861.516 -3.121 -4.870 
1703400861.616 -3.045 -4.792 
1703400861.716 -2.972 -4.713 
1703400861.816 -2.898 -4.635 
1703400861.917 -2.822 -4.559 
1703400862.017 -2.744 -4.485 
1703400862.117 -2.670 -4.413 
1703400862.216 -2.595 -4.341 
1703400862.317 -2.520 -4.271 
1703400862.417 -2.445 -4.203 
1703400862.518 -2.352 -4.136 
1703400862.618 -2.260 -4.062 
1703400862.718 -2.155 -3.998 
1703400862.817 -2.059 -3.929 
1703400862.917 -1.960 -3.866 
1703400863.018 -1.855 -3.806 
1703400863.119 -1.728 -3.770 
1703400863.219 -1.605 -3.737 
1703400863.319 -1.484 -3.705 
1703400863.419 -1.359 -3.680 
1703400863.519 -1.234 -3.663 
1703400863.619 -1.116 -3.656 
1703400863.719 -0.985 -3.662 
1703400863.820 -0.852 -3.680 
1703400863.920 -0.729 -3.692 
1703400864.019 -0.611 -3.714 
1703400864.120 -0.494 -3.753 
1703400864.220 -0.377 -3.802 
1703400864.320 -0.256 -3.864 
1703400864.420 -0.142 -3.905 
1703400864.519 -0.040 -3.967 
1703400864.621 0.049 -4.049 
1703400864.721 0.138 -4.134 
1703400864.820 0.232 -4.217 
1703400864.920 0.319 -4.303 
1703400865.020 0.399 -4.394 
1703400865.121 0.473 -4.488 
1703400865.220 0.543 -4.581 
1703400865.320 0.611 -4.676 
1703400865.420 0.674 -4.772 
1703400865.520 0.729 -4.869 
1703400865.621 0.778 -4.980 
1703400865.725 0.817 -5.093 
1703400865.826 0.851 -5.202 
1703400865.923 0.882 -5.307 
1703400866.022 0.900 -5.421 
1703400866.123 0.904 -5.541 
1703400866.224 0.900 -5.653 
1703400866.324 0.907 -5.768 
1703400866.423 0.906 -5.886 
1703400866.523 0.893 -6.003 
1703400866.624 0.876 -6.119 
1703400866.724 0.864 -6.237 
1703400866.824 0.850 -6.354 
1703400866.924 0.833 -6.472 
1703400867.024 0.810 -6.585 
1703400867.124 0.787 -6.695 
1703400867.224 0.771 -6.776 
1703400867.325 0.754 -6.869 
1703400867.424 0.734 -6.957 
1703400867.524 0.719 -7.004 
1703400867.625 0.710 -7.057 
1703400867.725 0.701 -7.110 
1703400871.231 0.867 -6.872 
1703400871.331 0.848 -6.915 
1703400871.432 0.817 -7.029 
1703400871.532 0.790 -7.079 
1703400871.632 0.785 -7.086 
1703400871.733 0.807 -7.036 
1703400871.832 0.862 -6.942 
1703400871.933 0.930 -6.840 
1703400872.032 1.009 -6.737 
1703400872.132 1.115 -6.657 
1703400872.233 1.215 -6.624 
1703400872.333 1.327 -6.592 
1703400872.433 1.445 -6.554 
1703400872.533 1.544 -6.519 
1703400872.634 1.630 -6.494 
1703400872.734 1.727 -6.478 
1703400872.834 1.814 -6.454 
1703400872.934 1.908 -6.438 
1703400873.034 2.015 -6.431 
1703400873.134 2.120 -6.423 
1703400873.235 2.232 -6.418 
1703400874.544 2.797 -5.973 
1703400874.545 2.797 -5.973 
1703400874.645 2.809 -6.005 
1703400874.745 2.812 -6.138 
1703400874.845 2.830 -6.258 
1703400874.945 2.847 -6.359 
1703400875.046 2.867 -6.455 
1703400875.145 2.898 -6.571 
1703400875.246 2.937 -6.688 
1703400875.345 2.971 -6.798 
1703400875.446 3.003 -6.908 
1703400875.545 3.046 -7.020 
1703400875.646 3.087 -7.131 
1703400875.746 3.128 -7.238 
1703400875.846 3.166 -7.340 
1703400875.945 3.222 -7.447 
1703400876.047 3.279 -7.552 
1703400876.146 3.336 -7.648 
1703400876.246 3.396 -7.747 
1703400876.348 3.455 -7.849 
1703400876.447 3.538 -7.956 
1703400876.548 3.620 -8.041 
1703400876.648 3.709 -8.127 
1703400876.747 3.808 -8.219 
1703400876.847 3.861 -8.254 
1703400878.555 3.886 -8.053 
1703400878.655 3.876 -8.026 
1703400878.756 3.840 -8.058 
1703400878.855 3.802 -8.150 
1703400878.955 3.757 -8.223 
1703400879.056 3.692 -8.298 
1703400879.157 3.617 -8.359 
1703400879.256 3.589 -8.375 
1703400879.356 3.628 -8.305 
1703400879.456 3.713 -8.182 
1703400879.557 3.785 -8.075 
1703400879.657 3.850 -8.002 
1703400879.757 3.931 -7.943 
1703400879.857 4.025 -7.881 
1703400879.959 4.115 -7.817 
1703400880.058 4.219 -7.762 
1703400880.158 4.315 -7.707 
1703400880.257 4.401 -7.653 
1703400880.358 4.495 -7.603 
1703400880.459 4.594 -7.560 
1703400880.558 4.681 -7.524 
1703400880.658 4.744 -7.493 
1703400880.758 4.766 -7.455 
1703400880.858 4.786 -7.413 
1703400880.958 4.833 -7.372 
1703400881.058 4.927 -7.323 
1703400881.159 5.024 -7.273 
1703400881.259 5.109 -7.239 
1703400881.359 5.197 -7.198 
1703400881.459 5.285 -7.151 
1703400881.559 5.381 -7.109 
1703400881.660 5.480 -7.077 
1703400881.759 5.579 -7.044 
1703400881.860 5.681 -7.012 
1703400881.960 5.780 -6.984 
1703400882.060 5.883 -6.962 
1703400882.159 5.982 -6.946 
1703400882.260 6.087 -6.931 
1703400882.361 6.186 -6.922 
1703400882.461 6.282 -6.915 
1703400882.561 6.377 -6.907 
1703400882.662 6.477 -6.910 
1703400882.762 6.574 -6.912 
1703400882.861 6.672 -6.918 
1703400882.962 6.765 -6.925 
1703400883.062 6.855 -6.930 
1703400883.161 6.949 -6.938 
1703400883.262 7.047 -6.958 
1703400883.362 7.146 -6.981 
1703400883.462 7.237 -7.014 
1703400883.563 7.319 -7.038 
1703400883.663 7.411 -7.060 
1703400883.762 7.514 -7.086 
1703400883.863 7.610 -7.133 
1703400883.963 7.691 -7.193 
1703400884.063 7.774 -7.260 
1703400886.670 7.547 -7.353 
1703400886.671 7.547 -7.353 
1703400886.771 7.511 -7.403 
1703400886.874 7.454 -7.481 
1703400886.974 7.377 -7.574 
1703400887.074 7.299 -7.659 
1703400887.173 7.219 -7.742 
1703400887.273 7.141 -7.827 
1703400887.374 7.064 -7.903 
1703400887.474 6.977 -7.990 
1703400887.573 6.895 -8.088 
1703400887.674 6.809 -8.179 
1703400887.775 6.740 -8.278 
1703400888.778 6.597 -8.164 
1703400888.878 6.643 -8.183 
1703400888.978 6.774 -8.213 
1703400890.182 6.930 -8.051 
1703400890.282 6.858 -8.110 
1703400890.382 6.778 -8.187 
1703400890.483 6.735 -8.192 
1703400890.583 6.738 -8.144 
1703400890.683 6.837 -8.039 
1703400890.784 6.965 -7.912 
1703400890.883 7.061 -7.779 
1703400890.983 7.134 -7.661 
1703400897.094 6.831 -7.207 
1703400897.095 6.831 -7.207 
1703400897.195 6.813 -7.175 
1703400897.296 6.700 -7.132 
1703400897.395 6.585 -7.087 
1703400897.496 6.484 -7.026 
1703400897.596 6.357 -6.954 
1703400897.696 6.233 -6.884 
1703400897.795 6.143 -6.829 
1703400897.897 6.027 -6.799 
1703400897.996 5.911 -6.779 
1703400898.096 5.832 -6.787 
1703400898.196 5.743 -6.840 
1703400898.296 5.639 -6.908 
1703400898.396 5.537 -6.963 
1703400898.497 5.474 -7.004 
1703400898.596 5.416 -7.048 
1703400898.696 5.329 -7.101 
1703400898.802 5.249 -7.146 
1703400898.897 5.177 -7.179 
1703400898.997 5.089 -7.213 
1703400899.098 5.001 -7.245 
1703400899.198 4.913 -7.268 
1703400899.303 4.827 -7.283 
1703400899.401 4.739 -7.292 
1703400899.500 4.665 -7.299 
1703400899.599 4.573 -7.294 
1703400899.698 4.478 -7.281 
1703400899.798 4.396 -7.273 
1703400899.899 4.327 -7.269 
1703400899.999 4.269 -7.268 
1703400900.099 4.203 -7.242 
1703400900.199 4.110 -7.176 
1703400900.303 4.031 -7.134 
1703400900.399 3.975 -7.100 
1703400900.499 3.921 -7.050 
1703400900.600 3.883 -7.003 
1703400900.699 3.835 -6.956 
1703400900.800 3.781 -6.899 
1703400900.899 3.725 -6.840 
1703400901.002 3.658 -6.781 
1703400901.102 3.585 -6.713 
1703400901.201 3.506 -6.651 
1703400901.300 3.429 -6.590 
1703400901.400 3.357 -6.530 
1703400901.501 3.274 -6.477 
1703400901.601 3.189 -6.429 
1703400901.701 3.108 -6.383 
1703400901.801 3.030 -6.341 
1703400901.902 2.953 -6.303 
1703400902.001 2.880 -6.269 
1703400902.102 2.807 -6.237 
1703400902.201 2.731 -6.202 
1703400902.302 2.658 -6.165 
1703400902.402 2.587 -6.134 
1703400902.503 2.505 -6.098 
1703400902.603 2.404 -6.045 
1703400902.702 2.294 -5.994 
1703400902.804 2.177 -5.956 
1703400902.904 2.101 -5.959 
1703400903.007 2.029 -5.940 
1703400903.104 1.959 -5.901 
1703400903.204 1.877 -5.857 
1703400903.304 1.789 -5.796 
1703400903.404 1.714 -5.739 
1703400903.504 1.670 -5.707 
1703400903.604 1.645 -5.675 
1703400903.704 1.627 -5.653 
1703400903.807 1.591 -5.615 
1703400903.904 1.537 -5.554 
1703400904.006 1.459 -5.459 
1703400904.104 1.403 -5.400 
1703400904.205 1.356 -5.351 
1703400904.306 1.310 -5.273 
1703400904.405 1.259 -5.181 
1703400904.505 1.206 -5.086 
1703400904.605 1.149 -4.989 
1703400904.705 1.096 -4.889 
1703400904.806 1.041 -4.786 
1703400904.906 0.979 -4.685 
1703400905.007 0.910 -4.581 
1703400905.106 0.861 -4.483 
1703400905.206 0.798 -4.383 
1703400905.306 0.722 -4.291 
1703400905.406 0.634 -4.201 
1703400905.506 0.556 -4.115 
1703400905.607 0.487 -4.032 
1703400905.706 0.397 -3.947 
1703400905.808 0.297 -3.867 
1703400905.907 0.203 -3.799 
1703400906.006 0.092 -3.735 
1703400906.107 -0.018 -3.681 
1703400906.207 -0.120 -3.626 
1703400906.308 -0.235 -3.585 
1703400906.408 -0.356 -3.545 
1703400906.508 -0.480 -3.513 
1703400906.608 -0.599 -3.486 
1703400906.709 -0.723 -3.470 
1703400906.809 -0.851 -3.468 
1703400906.909 -0.976 -3.475 
1703400907.009 -1.093 -3.478 
1703400907.110 -1.222 -3.492 
1703400907.212 -1.348 -3.501 
1703400907.310 -1.464 -3.528 
1703400907.409 -1.581 -3.574 
1703400907.509 -1.701 -3.632 
1703400907.610 -1.824 -3.709 
1703400907.713 -1.948 -3.768 
1703400907.812 -2.056 -3.820 
1703400907.911 -2.157 -3.894 
1703400908.011 -2.242 -3.978 
1703400908.111 -2.329 -4.062 
1703400908.214 -2.418 -4.144 
1703400908.312 -2.496 -4.229 
1703400908.415 -2.565 -4.328 
1703400908.511 -2.628 -4.426 
1703400908.612 -2.691 -4.529 
1703400908.713 -2.753 -4.633 
1703400908.812 -2.813 -4.733 
1703400908.913 -2.873 -4.836 
1703400909.013 -2.932 -4.937 
1703400909.113 -2.989 -5.040 
1703400909.213 -3.046 -5.143 
1703400909.313 -3.106 -5.242 
1703400909.414 -3.167 -5.339 
1703400909.516 -3.229 -5.433 
1703400909.617 -3.292 -5.524 
1703400909.715 -3.357 -5.619 
1703400909.816 -3.430 -5.711 
1703400909.915 -3.501 -5.792 
1703400910.016 -3.564 -5.861 
1703400910.116 -3.628 -5.924 
1703400910.216 -3.692 -5.984 
1703400910.316 -3.756 -6.044 
1703400910.417 -3.820 -6.100 
1703400910.516 -3.876 -6.151 
1703400910.616 -3.928 -6.204 
1703400910.717 -3.992 -6.254 
1703400910.817 -4.073 -6.300 
1703400910.916 -4.149 -6.340 
1703400911.016 -4.212 -6.381 
1703400911.117 -4.266 -6.414 
1703400911.218 -4.318 -6.456 
1703400911.317 -4.376 -6.495 
1703400911.417 -4.462 -6.537 
1703400911.517 -4.537 -6.576 
1703400911.618 -4.597 -6.611 
1703400911.718 -4.650 -6.639 
1703400911.820 -4.710 -6.677 
1703400911.917 -4.786 -6.713 
1703400912.018 -4.887 -6.745 
1703400912.117 -4.973 -6.776 
1703400912.218 -5.047 -6.809 
1703400912.318 -5.120 -6.842 
1703400912.418 -5.196 -6.870 
1703400912.518 -5.284 -6.890 
1703400912.619 -5.367 -6.910 
1703400912.718 -5.439 -6.935 
1703400912.818 -5.515 -6.956 
1703400912.919 -5.607 -6.962 
1703400913.019 -5.692 -6.972 
1703400913.119 -5.768 -6.982 
1703400913.218 -5.842 -6.993 
1703400913.319 -5.920 -7.006 
1703400913.419 -6.001 -7.020 
1703400913.519 -6.089 -7.027 
1703400913.620 -6.174 -7.036 
1703400913.720 -6.257 -7.045 
1703400913.820 -6.340 -7.054 
1703400913.920 -6.425 -7.063 
1703400914.021 -6.518 -7.074 
1703400914.121 -6.612 -7.080 
1703400914.221 -6.703 -7.086 
1703400914.321 -6.793 -7.093 
1703400914.422 -6.884 -7.100 
1703400914.521 -6.977 -7.107 
1703400914.621 -7.072 -7.112 
1703400914.722 -7.166 -7.116 
1703400914.821 -7.254 -7.120 
1703400914.922 -7.342 -7.123 
1703400915.022 -7.430 -7.129 
1703400915.122 -7.516 -7.132 
1703400915.222 -7.600 -7.133 
1703400915.322 -7.681 -7.131 
1703400915.437 -7.763 -7.127 
1703400915.528 -7.834 -7.131 
1703400915.625 -7.908 -7.134 
1703400915.724 -7.985 -7.141 
1703400915.824 -8.062 -7.143 
1703400915.923 -8.133 -7.132 
1703400916.024 -8.237 -7.088 
1703400916.124 -8.340 -7.058 
1703400916.223 -8.438 -7.035 
1703400916.324 -8.519 -7.032 
1703400916.423 -8.597 -7.012 
1703400916.525 -8.641 -6.985 
1703400920.030 -8.376 -6.949 
1703400920.030 -8.376 -6.949 
1703400920.131 -8.356 -6.946 
1703400920.231 -8.285 -6.945 
1703400920.331 -8.190 -6.945 
1703400920.431 -8.103 -6.952 
1703400920.532 -8.022 -6.962 
1703400920.631 -7.949 -6.971 
1703400920.731 -7.873 -6.980 
1703400920.832 -7.793 -6.988 
1703400920.931 -7.717 -6.994 
1703400921.032 -7.613 -7.013 
1703400921.133 -7.499 -7.029 
1703400921.232 -7.405 -7.043 
1703400921.333 -7.309 -7.057 
1703400921.432 -7.217 -7.069 
1703400921.532 -7.125 -7.081 
1703400921.633 -7.027 -7.099 
1703400921.733 -6.932 -7.120 
1703400921.832 -6.860 -7.143 
1703400921.933 -6.789 -7.152 
1703400922.033 -6.713 -7.153 
1703400922.133 -6.645 -7.151 
1703400922.234 -6.568 -7.153 
1703400922.333 -6.478 -7.155 
1703400922.434 -6.385 -7.155 
1703400922.533 -6.296 -7.158 
1703400922.634 -6.207 -7.155 
1703400922.734 -6.111 -7.149 
1703400922.834 -6.007 -7.139 
1703400922.934 -5.901 -7.131 
1703400923.035 -5.800 -7.125 
1703400923.135 -5.701 -7.111 
1703400923.235 -5.597 -7.088 
1703400923.336 -5.486 -7.059 
1703400923.435 -5.379 -7.035 
1703400923.535 -5.269 -7.011 
1703400923.636 -5.179 -7.002 
1703400923.736 -5.078 -6.978 
1703400923.835 -4.973 -6.916 
1703400923.936 -4.877 -6.851 
1703400924.035 -4.789 -6.800 
1703400924.136 -4.693 -6.745 
1703400924.236 -4.603 -6.682 
1703400924.336 -4.518 -6.619 
1703400924.437 -4.446 -6.546 
1703400924.536 -4.378 -6.460 
1703400924.637 -4.305 -6.367 
1703400924.736 -4.239 -6.268 
1703400924.836 -4.182 -6.175 
1703400924.937 -4.126 -6.082 
1703400925.037 -4.072 -5.979 
1703400925.137 -4.027 -5.867 
1703400925.237 -3.981 -5.760 
1703400925.338 -3.935 -5.659 
1703400925.438 -3.890 -5.553 
1703400925.537 -3.841 -5.448 
1703400925.637 -3.794 -5.343 
1703400925.738 -3.755 -5.243 
1703400925.838 -3.709 -5.149 
1703400925.939 -3.655 -5.052 
1703400926.038 -3.599 -4.954 
1703400926.139 -3.546 -4.866 
1703400926.239 -3.489 -4.778 
1703400926.338 -3.433 -4.692 
1703400926.438 -3.375 -4.609 
1703400926.539 -3.311 -4.533 
1703400926.639 -3.239 -4.459 
1703400926.739 -3.173 -4.382 
1703400926.840 -3.111 -4.311 
1703400926.940 -3.038 -4.239 
1703400927.041 -2.966 -4.168 
1703400927.140 -2.896 -4.098 
1703400927.241 -2.818 -4.023 
1703400927.341 -2.743 -3.949 
1703400927.440 -2.665 -3.877 
1703400927.541 -2.588 -3.804 
1703400927.640 -2.509 -3.730 
1703400927.741 -2.426 -3.654 
1703400927.841 -2.346 -3.582 
1703400927.942 -2.269 -3.504 
1703400928.041 -2.194 -3.426 
1703400928.142 -2.121 -3.349 
1703400928.241 -2.052 -3.280 
1703400928.341 -1.982 -3.211 
1703400928.442 -1.918 -3.119 
1703400928.542 -1.864 -3.031 
1703400928.642 -1.813 -2.963 
1703400928.742 -1.765 -2.895 
1703400928.842 -1.715 -2.824 
1703400928.943 -1.667 -2.738 
1703400929.042 -1.622 -2.659 
1703400929.142 -1.578 -2.587 
1703400929.242 -1.539 -2.524 
1703400929.344 -1.499 -2.461 
1703400929.443 -1.464 -2.391 
1703400929.543 -1.430 -2.320 
1703400929.643 -1.402 -2.248 
1703400929.743 -1.375 -2.175 
1703400929.844 -1.347 -2.107 
1703400929.943 -1.298 -2.011 
1703400930.043 -1.238 -1.907 
1703400930.144 -1.192 -1.811 
1703400930.244 -1.163 -1.721 
1703400930.344 -1.142 -1.637 
1703400930.445 -1.111 -1.549 
1703400930.548 -1.074 -1.455 
1703400930.648 -1.033 -1.358 
1703400930.747 -0.991 -1.263 
1703400930.848 -0.957 -1.186 
1703400930.948 -0.943 -1.141 
1703400931.048 -0.924 -1.082 
1703400931.148 -0.896 -1.009 
1703400931.248 -0.860 -0.928 
1703400931.350 -0.828 -0.850 
1703400931.449 -0.799 -0.778 
1703400931.550 -0.771 -0.703 
1703400931.649 -0.737 -0.625 
1703400931.749 -0.704 -0.541 
1703400931.849 -0.677 -0.463 
1703400931.949 -0.658 -0.387 
1703400932.049 -0.640 -0.303 
1703400932.150 -0.625 -0.216 
1703400932.250 -0.615 -0.129 
1703400932.349 -0.605 -0.045 
1703400932.450 -0.605 0.048 
1703400932.550 -0.604 0.137 
1703400932.651 -0.595 0.222 
1703400932.750 -0.596 0.309 
1703400932.850 -0.604 0.398 
1703400932.950 -0.615 0.484 
1703400933.051 -0.628 0.571 
1703400933.152 -0.643 0.658 
1703400933.251 -0.655 0.741 
1703400933.350 -0.675 0.826 
1703400933.451 -0.701 0.918 
1703400933.551 -0.723 1.003 
1703400933.652 -0.748 1.085 
1703400933.751 -0.774 1.166 
1703400933.851 -0.799 1.247 
1703400933.952 -0.825 1.326 
1703400934.052 -0.850 1.402 
1703400934.152 -0.880 1.477 
1703400934.252 -0.909 1.552 
1703400934.352 -0.935 1.622 
1703400934.453 -0.958 1.697 
1703400934.552 -0.997 1.796 
1703400934.652 -1.031 1.914 
1703400934.753 -1.051 2.023 
1703400934.853 -1.062 2.121 
1703400934.953 -1.081 2.184 
1703400935.053 -1.092 2.253 
1703400935.153 -1.086 2.353 
1703400935.253 -1.088 2.455 
1703400935.354 -1.094 2.549 
1703400935.455 -1.097 2.642 
1703400935.554 -1.092 2.737 
1703400935.653 -1.088 2.831 
1703400935.754 -1.086 2.927 
1703400935.854 -1.083 3.022 
1703400935.954 -1.077 3.115 
1703400936.055 -1.074 3.205 
1703400936.155 -1.082 3.285 
1703400936.256 -1.096 3.362 
1703400936.355 -1.109 3.461 
1703400936.456 -1.115 3.572 
1703400936.556 -1.138 3.653 
1703400936.656 -1.172 3.736 
1703400936.756 -1.217 3.825 
1703400936.856 -1.262 3.923 
1703400936.956 -1.304 4.006 
1703400937.056 -1.335 4.068 
1703400937.157 -1.360 4.128 
1703400937.256 -1.391 4.195 
1703400937.357 -1.435 4.291 
1703400937.456 -1.480 4.382 
1703400937.557 -1.526 4.470 
1703400937.657 -1.570 4.557 
1703400937.756 -1.607 4.648 
1703400937.857 -1.643 4.743 
1703400937.957 -1.674 4.839 
1703400938.058 -1.697 4.937 
1703400938.157 -1.715 5.035 
1703400938.258 -1.727 5.136 
1703400938.358 -1.748 5.221 
1703400938.458 -1.763 5.313 
1703400938.557 -1.773 5.406 
1703400938.658 -1.782 5.493 
1703400938.758 -1.789 5.584 
1703400938.859 -1.781 5.680 
1703400938.959 -1.764 5.777 
1703400939.059 -1.748 5.856 
1703400939.160 -1.737 5.935 
1703400939.260 -1.718 6.008 
1703400939.360 -1.706 6.078 
1703400939.459 -1.679 6.170 
1703400939.559 -1.650 6.272 
1703400939.660 -1.622 6.388 
1703400939.759 -1.595 6.499 
1703400939.860 -1.567 6.626 
1703400942.574 -1.510 6.806 
1703400942.670 -1.523 6.813 
1703400942.768 -1.571 6.842 
1703400942.867 -1.675 6.876 
1703400942.968 -1.808 6.897 
1703400943.067 -1.933 6.916 
1703400943.169 -2.073 6.921 
1703400943.268 -2.170 6.913 
1703400943.368 -2.258 6.925 
1703400943.468 -2.363 6.939 
1703400943.568 -2.476 6.956 
1703400943.668 -2.565 6.976 
1703400943.769 -2.630 6.985 
1703400943.868 -2.690 6.986 
1703400943.969 -2.771 6.992 
1703400944.068 -2.875 6.991 
1703400944.170 -2.998 6.977 
1703400944.269 -3.119 6.959 
1703400944.369 -3.220 6.961 
1703400944.469 -3.324 6.959 
1703400944.570 -3.424 6.937 
1703400944.669 -3.523 6.904 
1703400944.770 -3.629 6.859 
1703400944.871 -3.722 6.785 
1703400944.970 -3.805 6.710 
1703400945.069 -3.865 6.652 
1703400945.170 -3.919 6.589 
1703400945.271 -3.968 6.505 
1703400945.370 -4.017 6.422 
1703400945.471 -4.072 6.341 
1703400945.571 -4.124 6.241 
1703400945.671 -4.169 6.142 
1703400945.774 -4.219 6.044 
1703400945.871 -4.277 5.946 
1703400945.972 -4.338 5.847 
1703400946.071 -4.391 5.758 
1703400946.172 -4.436 5.673 
1703400946.272 -4.490 5.575 
1703400946.372 -4.551 5.468 
1703400946.472 -4.613 5.378 
1703400946.573 -4.674 5.303 
1703400946.673 -4.763 5.234 
1703400946.772 -4.873 5.167 
1703400946.873 -4.969 5.108 
1703400946.973 -5.075 5.054 
1703400947.096 -5.192 5.009 
1703400947.183 -5.288 4.980 
1703400947.277 -5.376 4.957 
1703400947.374 -5.490 4.950 
1703400947.474 -5.614 4.954 
1703400947.574 -5.736 4.955 
1703400947.674 -5.841 4.946 
1703400947.775 -5.957 4.962 
1703400947.874 -6.074 4.990 
1703400947.975 -6.187 5.023 
1703400948.075 -6.295 5.050 
1703400948.175 -6.403 5.089 
1703400948.275 -6.504 5.139 
1703400948.375 -6.594 5.187 
1703400948.474 -6.674 5.246 
1703400948.575 -6.743 5.307 
1703400948.675 -6.801 5.374 
1703400948.775 -6.855 5.436 
1703400948.875 -6.911 5.478 
1703400948.976 -6.966 5.540 
1703400949.076 -7.011 5.651 
1703400949.176 -7.048 5.744 
1703400949.276 -7.080 5.810 
1703400949.376 -7.108 5.878 
1703400949.476 -7.133 5.983 
1703400949.576 -7.166 6.105 
1703400949.677 -7.203 6.216 
1703400949.776 -7.236 6.329 
1703400949.876 -7.265 6.446 
1703400949.978 -7.295 6.560 
1703400950.077 -7.328 6.676 
1703400950.177 -7.361 6.792 
1703400950.277 -7.397 6.904 
1703400950.377 -7.431 7.017 
1703400950.477 -7.465 7.132 
1703400950.578 -7.505 7.246 
1703400950.678 -7.546 7.357 
1703400950.778 -7.585 7.465 
1703400950.877 -7.623 7.582 
1703400950.978 -7.664 7.694 
1703400951.078 -7.706 7.808 
1703400951.178 -7.747 7.922 
1703400951.278 -7.787 8.014 
1703400951.379 -7.819 8.089 
1703400951.480 -7.845 8.154 
1703400951.579 -7.868 8.248 
1703400951.679 -7.891 8.351 
1703400951.780 -7.922 8.413 
1703400951.879 -7.948 8.473 
1703400951.982 -7.994 8.515 
1703400952.079 -8.038 8.556 
1703400952.179 -8.025 8.626 
1703400952.886 -7.929 8.746 
