1703468513.771 69
1703468514.342 134
1703468514.729 134
1703468515.089 138
1703468515.367 138
1703468515.634 138
1703468515.905 143
1703468516.192 145
1703468516.471 146
1703468516.745 148
1703468517.027 152
1703468517.311 183
1703468517.595 234
1703468517.881 287
1703468518.137 331
1703468518.406 341
1703468518.666 341
1703468518.939 350
1703468519.216 377
1703468519.489 417
1703468519.776 471
1703468520.040 508
1703468520.315 541
1703468520.575 546
1703468520.843 581
1703468521.114 586
1703468521.424 596
1703468521.713 613
1703468521.975 627
1703468522.261 663
1703468522.566 712
1703468522.882 820
1703468523.161 875
1703468523.437 897
1703468523.730 901
1703468524.006 902
1703468524.290 902
1703468524.561 904
1703468524.839 906
1703468525.127 913
1703468525.399 917
1703468525.686 937
1703468525.958 944
1703468526.232 949
1703468526.501 952
1703468526.791 957
1703468527.084 980
1703468527.366 982
1703468527.646 987
1703468527.916 998
1703468528.196 1052
1703468528.474 1058
1703468528.812 1071
1703468529.102 1081
1703468529.403 1084
1703468529.710 1144
1703468529.982 1203
1703468530.271 1305
1703468530.558 1335
1703468530.858 1349
1703468531.138 1350
1703468531.428 1360
1703468531.706 1366
1703468532.011 1384
1703468532.310 1416
1703468532.592 1429
1703468532.896 1447
1703468533.177 1461
1703468533.458 1480
1703468533.741 1488
1703468534.063 1536
1703468534.365 1541
1703468534.644 1572
1703468534.923 1582
1703468535.207 1582
1703468535.497 1583
1703468535.757 1598
1703468536.041 1608
1703468536.332 1620
1703468536.606 1631
1703468536.884 1661
1703468537.164 1670
1703468537.449 1705
1703468537.755 1737
1703468538.045 1744
1703468538.327 1774
1703468538.619 1789
1703468538.959 1809
1703468539.257 1829
1703468539.537 1869
1703468539.818 1900
1703468540.117 1914
1703468540.418 1939
1703468540.732 1957
1703468541.034 1963
1703468541.325 1971
1703468541.604 1982
1703468541.895 1991
1703468542.180 2010
1703468542.490 2010
1703468542.834 2011
1703468543.123 2014
1703468543.406 2015
1703468543.698 2028
1703468543.997 2028
1703468544.297 2028
1703468544.574 2028
1703468544.858 2068
1703468545.232 2069
1703468545.600 2071
1703468545.870 2072
1703468546.156 2083
1703468546.437 2090
1703468546.702 2102
1703468547.014 2137
1703468547.290 2191
1703468547.562 2220
1703468547.829 2246
1703468548.115 2281
1703468548.381 2295
1703468548.672 2320
1703468548.951 2344
1703468549.250 2366
1703468549.541 2391
1703468549.864 2421
1703468550.153 2444
1703468550.437 2492
1703468550.721 2507
1703468551.022 2510
1703468551.270 2512
1703468551.565 2512
1703468551.897 2513
1703468552.181 2513
1703468552.486 2514
1703468552.771 2518
1703468553.075 2525
1703468553.359 2528
1703468553.651 2534
1703468553.921 2541
1703468554.204 2541
1703468554.483 2541
1703468554.772 2541
1703468555.048 2543
1703468555.319 2548
1703468555.628 2570
1703468555.926 2621
1703468556.191 2625
1703468556.473 2637
1703468556.749 2652
1703468557.034 2657
1703468557.315 2662
1703468557.606 2665
1703468557.891 2665
1703468558.175 2665
1703468558.452 2665
1703468558.743 2665
1703468559.029 2665
1703468559.310 2665
1703468559.591 2665
1703468559.880 2665
1703468560.152 2665
1703468560.456 2665
1703468560.718 2666
1703468560.998 2674
1703468561.283 2683
1703468561.554 2684
1703468561.813 2684
1703468562.094 2684
1703468562.380 2714
1703468562.684 2714
1703468563.032 2714
1703468563.290 2715
1703468563.578 2721
1703468563.874 2725
1703468564.139 2729
1703468564.422 2733
1703468564.735 2746
1703468565.005 2755
1703468565.279 2757
1703468565.554 2758
1703468565.853 2762
1703468566.149 2769
1703468566.434 2781
1703468566.729 2806
1703468567.030 2862
1703468567.320 2925
1703468567.598 2952
1703468567.874 2970
1703468568.158 2985
1703468568.451 2993
1703468568.725 3002
1703468569.073 3010
1703468569.360 3013
1703468569.664 3014
1703468569.957 3014
1703468570.256 3017
1703468570.579 3017
1703468570.847 3017
1703468571.120 3017
1703468571.426 3017
1703468571.710 3017
1703468571.992 3017
1703468572.282 3017
1703468572.648 3017
1703468572.942 3017
1703468573.234 3017
1703468573.502 3017
1703468573.778 3020
1703468574.106 3039
1703468574.374 3060
1703468574.658 3067
1703468574.939 3069
1703468575.242 3079
1703468575.531 3085
1703468575.825 3088
1703468576.107 3093
1703468576.397 3097
1703468576.675 3103
1703468576.941 3107
1703468577.216 3110
1703468577.499 3116
1703468577.778 3127
1703468578.064 3140
1703468578.358 3191
1703468578.670 3208
1703468578.965 3241
1703468579.258 3264
1703468579.534 3287
1703468579.842 3322
1703468580.208 3352
1703468580.486 3371
1703468580.757 3412
1703468581.076 3439
1703468581.375 3453
1703468581.669 3453
1703468581.935 3453
1703468582.241 3453
1703468582.546 3453
1703468582.831 3453
1703468583.112 3453
1703468583.393 3453
1703468583.669 3453
1703468583.980 3453
1703468584.348 3494
1703468584.657 3689
1703468584.920 3689
1703468585.200 3689
1703468585.476 3690
1703468585.758 3690
1703468586.038 3691
1703468586.321 3708
1703468586.606 3738
1703468586.854 3766
1703468587.126 3769
1703468587.391 3773
1703468587.665 3776
1703468587.940 3778
1703468588.212 3778
1703468588.473 3778
1703468588.814 3778
1703468589.097 3778
1703468589.378 3779
1703468589.686 3780
1703468589.946 3792
1703468590.278 3818
1703468590.561 3832
1703468590.836 3854
1703468591.119 3893
1703468591.397 3924
1703468591.683 3944
1703468591.966 3970
1703468592.240 3986
1703468592.592 4007
1703468592.880 4018
1703468593.158 4033
1703468593.438 4035
1703468593.724 4041
1703468594.069 4050
1703468594.373 4056
1703468594.674 4056
1703468594.959 4060
1703468595.218 4062
1703468595.494 4062
1703468595.776 4062
1703468596.106 4062
1703468596.405 4062
1703468596.721 4062
1703468596.997 4062
1703468597.294 4062
1703468597.575 4062
1703468597.831 4062
1703468598.107 4062
1703468598.384 4062
1703468598.659 4080
1703468598.949 4097
1703468599.233 4112
1703468599.550 4118
1703468599.822 4120
1703468600.140 4152
1703468600.380 4159
1703468600.672 4168
1703468600.953 4186
1703468601.218 4204
1703468601.480 4228
1703468601.802 4277
1703468602.105 4340
1703468602.376 4397
1703468602.657 4413
1703468602.967 4426
1703468603.235 4442
1703468603.522 4455
1703468603.811 4473
1703468604.092 4502
1703468604.373 4524
1703468604.657 4546
1703468604.938 4575
1703468605.223 4630
1703468605.490 4653
1703468605.764 4659
1703468606.046 4663
1703468606.332 4664
1703468606.628 4664
1703468606.904 4664
1703468607.170 4664
1703468607.450 4665
1703468607.755 4665
1703468608.054 4665
1703468608.321 4665
1703468608.621 4665
1703468608.972 4665
1703468609.280 4665
1703468609.568 4665
1703468609.868 4665
1703468610.174 4665
1703468610.455 4666
1703468610.741 4681
1703468611.042 4682
1703468611.312 4682
1703468611.628 4682
1703468611.914 4683
1703468612.187 4685
1703468612.479 4685
1703468612.753 4685
1703468613.029 4685
1703468613.304 4685
1703468613.576 4685
1703468613.874 4685
1703468614.173 4685
1703468614.472 4685
1703468614.823 4685
1703468615.121 4685
1703468615.406 4685
1703468615.703 4685
1703468615.976 4685
1703468616.247 4685
1703468616.532 4685
1703468616.814 4685
1703468617.094 4685
1703468617.373 4685
1703468617.663 4685
1703468617.921 4685
1703468618.216 4685
1703468618.492 4685
1703468618.779 4685
1703468619.051 4685
1703468619.326 4685
1703468619.610 4685
1703468619.891 4685
1703468620.183 4685
1703468620.453 4685
1703468620.730 4685
1703468621.009 4685
1703468621.281 4685
1703468621.594 4695
1703468621.879 4695
1703468622.164 4697
1703468622.448 4700
1703468622.736 4703
1703468623.094 4703
1703468623.374 4704
1703468623.715 4714
1703468624.067 4745
1703468624.461 4771
1703468624.730 4796
1703468625.012 4820
1703468625.298 4851
1703468625.640 4878
1703468625.920 4893
1703468626.194 4909
1703468626.469 4913
1703468626.792 4915
1703468627.081 4916
1703468627.385 4916
1703468627.688 4916
1703468627.973 4919
1703468628.266 4919
1703468628.547 4919
1703468628.838 4919
1703468629.125 4919
1703468629.401 4919
1703468629.686 4919
1703468629.979 4919
1703468630.262 4919
1703468630.544 4919
1703468630.835 4919
1703468631.110 4919
1703468631.410 4919
1703468631.684 4919
1703468631.942 4919
1703468632.230 4919
1703468632.493 4919
1703468632.790 4919
1703468633.091 4919
1703468633.380 4919
1703468633.679 4920
1703468633.956 4921
1703468634.234 4925
1703468634.524 4928
1703468634.790 4934
1703468635.108 4936
1703468635.437 4944
1703468635.746 4947
1703468635.998 4951
1703468636.271 4954
1703468636.565 4962
1703468636.853 4963
1703468637.128 4971
1703468637.396 4978
1703468637.680 4984
1703468637.971 4997
1703468638.258 5000
1703468638.537 5000
1703468638.813 5000
1703468639.099 5000
1703468639.385 5002
1703468639.667 5002
1703468639.974 5002
1703468640.264 5002
1703468640.541 5002
1703468640.806 5002
1703468641.094 5002
1703468641.404 5002
1703468641.756 5003
1703468642.083 5003
1703468642.376 5003
1703468642.745 5003
1703468643.066 5004
1703468643.347 5006
1703468643.640 5006
1703468643.930 5007
1703468644.222 5012
1703468644.525 5015
1703468644.814 5016
1703468645.104 5023
1703468645.394 5038
1703468645.666 5044
1703468645.945 5044
1703468646.218 5044
1703468646.501 5044
1703468646.785 5047
1703468647.104 5069
1703468647.389 5088
1703468647.670 5100
1703468647.991 5105
1703468648.285 5118
1703468648.592 5134
1703468648.874 5154
1703468649.161 5177
1703468649.487 5186
1703468649.784 5188
1703468650.103 5188
1703468650.399 5188
1703468650.678 5188
1703468650.991 5188
1703468651.268 5189
1703468651.565 5191
1703468651.860 5212
1703468652.148 5247
1703468652.443 5264
1703468652.722 5264
1703468653.019 5266
1703468653.293 5267
1703468653.577 5267
1703468653.888 5267
1703468654.179 5269
1703468654.467 5269
1703468654.751 5269
1703468655.027 5269
1703468655.320 5271
1703468655.599 5271
1703468655.869 5271
1703468656.154 5271
1703468656.467 5271
1703468656.750 5271
1703468657.033 5271
1703468657.329 5271
1703468657.655 5271
1703468657.939 5271
1703468658.234 5271
1703468658.511 5271
1703468658.809 5305
1703468659.101 5305
1703468659.371 5305
1703468659.646 5305
1703468659.946 5305
1703468660.258 5305
1703468660.538 5305
1703468660.844 5305
1703468661.138 5305
1703468661.442 5305
1703468661.728 5305
1703468662.012 5305
1703468662.289 5305
1703468662.578 5305
1703468662.895 5305
1703468663.184 5305
1703468663.461 5305
1703468663.740 5305
1703468664.026 5305
1703468664.322 5305
1703468664.611 5305
1703468664.889 5305
1703468665.173 5305
1703468665.455 5305
1703468665.737 5305
1703468666.028 5305
1703468666.319 5305
1703468666.605 5305
1703468666.877 5305
1703468667.162 5305
1703468667.448 5305
1703468667.737 5305
1703468668.027 5305
1703468668.305 5305
1703468668.579 5305
1703468668.859 5305
1703468669.141 5305
1703468669.440 5305
1703468669.727 5305
1703468669.994 5305
1703468670.274 5305
1703468670.550 5305
1703468670.833 5305
1703468671.098 5305
1703468671.379 5305
1703468671.667 5305
1703468671.965 5305
1703468672.258 5305
1703468672.509 5305
1703468672.783 5305
1703468673.078 5305
1703468673.352 5305
1703468673.609 5305
1703468673.891 5307
1703468674.171 5307
1703468674.458 5307
1703468674.729 5307
1703468675.002 5307
1703468675.264 5307
1703468675.536 5320
1703468675.789 5320
1703468676.051 5320
1703468676.328 5320
1703468676.641 5320
1703468676.916 5320
1703468677.185 5320
1703468677.459 5320
1703468677.746 5320
1703468678.008 5320
1703468678.311 5320
1703468678.596 5321
1703468678.873 5321
1703468679.174 5321
1703468679.463 5321
1703468679.752 5321
1703468680.055 5321
1703468680.333 5321
1703468680.622 5321
1703468680.917 5321
1703468681.211 5321
1703468681.533 5324
1703468681.895 5326
1703468682.192 5329
1703468682.513 5330
1703468682.799 5330
1703468683.083 5330
1703468683.371 5330
1703468683.681 5331
1703468683.979 5341
1703468684.415 5349
1703468684.812 5352
1703468685.088 5353
1703468685.390 5353
1703468685.646 5353
1703468685.949 5353
1703468686.229 5353
1703468686.516 5353
1703468686.820 5353
1703468687.100 5353
1703468687.389 5353
1703468687.678 5353
1703468687.976 5353
1703468688.257 5353
1703468688.552 5355
1703468688.850 5368
1703468689.136 5374
1703468689.419 5380
1703468689.728 5382
1703468690.003 5382
1703468690.282 5385
1703468690.571 5386
1703468690.857 5387
1703468691.181 5387
1703468691.456 5387
1703468691.789 5387
1703468692.067 5387
1703468692.357 5387
1703468692.664 5388
1703468692.951 5390
1703468693.220 5391
1703468693.495 5391
1703468693.769 5391
1703468694.033 5391
1703468694.310 5391
1703468694.572 5392
1703468694.836 5392
1703468695.099 5392
1703468695.356 5394
1703468695.611 5400
1703468695.870 5405
1703468696.154 5405
1703468696.402 5405
1703468696.653 5405
1703468696.935 5425
1703468697.235 5425
1703468697.527 5426
1703468697.859 5426
1703468698.149 5428
1703468698.476 5432
1703468698.753 5441
1703468699.035 5450
1703468699.319 5451
1703468699.622 5451
1703468699.936 5451
1703468700.275 5459
1703468700.597 5470
1703468700.897 5472
1703468701.141 5478
1703468701.413 5480
1703468701.681 5483
1703468701.949 5490
1703468702.257 5502
1703468702.532 5515
1703468702.775 5526
1703468703.047 5535
1703468703.328 5548
1703468703.607 5576
1703468703.884 5651
1703468704.165 5706
1703468704.450 5776
1703468704.725 5802
1703468705.032 5810
1703468705.330 5816
1703468705.602 5831
1703468705.904 5833
1703468706.237 5833
1703468706.504 5833
1703468706.767 5833
1703468707.061 5837
1703468707.339 5837
1703468707.645 5837
1703468707.901 5837
1703468708.166 5837
1703468708.457 5837
1703468708.793 5837
1703468709.071 5837
1703468709.349 5837
1703468709.657 5837
1703468709.957 5837
1703468710.223 5837
1703468710.497 5837
1703468710.779 5838
1703468711.060 5856
1703468711.342 5856
1703468711.625 5860
1703468711.909 5863
1703468712.196 5863
1703468712.474 5863
1703468712.766 5891
1703468713.029 5891
1703468713.323 5891
1703468713.631 5891
1703468713.976 5891
1703468714.274 5891
1703468714.576 5891
1703468714.918 5895
1703468715.231 5898
1703468715.521 5898
1703468715.820 5898
1703468716.098 5905
1703468716.415 5914
1703468716.704 5923
1703468716.994 5939
1703468717.285 5966
1703468717.604 5985
1703468717.889 5994
1703468718.142 6002
1703468718.417 6003
1703468718.695 6003
1703468718.989 6003
1703468719.262 6003
1703468719.539 6003
1703468719.815 6005
1703468720.092 6008
1703468720.403 6013
1703468720.685 6013
1703468720.966 6014
1703468721.243 6015
1703468721.525 6015
1703468721.802 6018
1703468722.096 6020
1703468722.412 6020
1703468722.703 6020
1703468722.988 6020
1703468723.266 6020
1703468723.555 6022
1703468723.817 6023
1703468724.126 6023
1703468724.378 6023
1703468724.629 6023
1703468724.878 6023
1703468725.201 6023
1703468725.515 6023
1703468725.806 6023
1703468726.096 6023
1703468726.398 6023
1703468726.659 6023
1703468726.921 6023
1703468727.184 6023
1703468727.476 6023
1703468727.720 6023
1703468727.980 6023
1703468728.267 6023
1703468728.532 6023
1703468728.816 6023
1703468729.087 6023
1703468729.392 6023
1703468729.653 6023
1703468729.923 6023
1703468730.201 6023
1703468730.481 6023
1703468730.772 6023
1703468731.051 6023
1703468731.320 6023
1703468731.605 6023
1703468731.887 6023
1703468732.188 6023
1703468732.466 6023
1703468732.760 6023
1703468733.041 6023
1703468733.317 6023
1703468733.615 6023
1703468733.880 6024
1703468734.160 6024
1703468734.440 6024
1703468734.712 6024
1703468734.983 6026
1703468735.250 6026
1703468735.519 6026
1703468735.786 6026
1703468736.062 6026
1703468736.391 6026
1703468736.662 6026
1703468736.925 6026
1703468737.233 6026
1703468737.575 6026
1703468737.884 6026
1703468738.184 6026
1703468738.450 6026
1703468738.744 6026
1703468739.063 6026
1703468739.387 6026
1703468739.671 6026
1703468739.952 6026
1703468740.221 6026
1703468740.501 6027
1703468740.784 6027
1703468741.082 6027
1703468741.370 6033
1703468741.702 6059
1703468741.982 6064
1703468742.250 6067
1703468742.522 6075
1703468742.796 6077
1703468743.073 6078
1703468743.381 6078
1703468743.662 6078
1703468744.010 6078
1703468744.308 6078
1703468744.599 6078
1703468744.891 6078
1703468745.176 6080
1703468745.466 6081
1703468745.764 6083
1703468746.022 6083
1703468746.305 6087
1703468746.578 6087
1703468746.858 6087
1703468747.169 6087
1703468747.445 6087
1703468747.743 6088
1703468748.015 6088
1703468748.294 6088
1703468748.577 6092
1703468748.852 6093
1703468749.137 6093
1703468749.420 6093
1703468749.696 6095
1703468749.988 6102
1703468750.261 6111
1703468750.543 6117
1703468750.825 6121
1703468751.146 6122
1703468751.451 6122
1703468751.718 6122
1703468751.994 6122
1703468752.279 6122
1703468752.560 6122
1703468752.847 6122
1703468753.158 6122
1703468753.435 6122
1703468753.728 6122
1703468754.020 6122
1703468754.291 6125
1703468754.593 6126
1703468754.873 6132
1703468755.199 6151
1703468755.460 6169
1703468755.761 6208
1703468756.027 6229
1703468756.303 6240
1703468756.607 6273
1703468756.915 6316
1703468757.189 6339
1703468757.478 6341
1703468757.755 6341
1703468758.042 6341
1703468758.323 6347
1703468758.594 6347
1703468758.868 6347
1703468759.155 6347
1703468759.415 6347
1703468759.670 6347
1703468759.939 6347
1703468760.202 6347
1703468760.462 6349
1703468760.800 6349
1703468761.078 6350
1703468761.350 6350
1703468761.625 6352
1703468761.906 6352
1703468762.179 6352
1703468762.455 6352
1703468762.738 6352
1703468763.023 6352
1703468763.299 6353
1703468763.583 6355
1703468763.866 6356
1703468764.165 6357
1703468764.512 6361
1703468764.795 6366
1703468765.075 6369
1703468765.352 6370
1703468765.637 6371
1703468765.915 6372
1703468766.195 6372
1703468766.547 6374
1703468766.821 6374
1703468767.099 6374
1703468767.367 6374
1703468767.680 6374
1703468767.945 6374
1703468768.224 6374
1703468768.571 6377
1703468768.831 6377
1703468769.089 6377
1703468769.379 6377
1703468769.663 6377
1703468769.935 6377
1703468770.218 6393
1703468770.503 6403
1703468770.812 6407
1703468771.104 6414
1703468771.383 6414
1703468771.691 6417
1703468771.984 6431
1703468772.280 6431
1703468772.586 6431
1703468772.862 6431
1703468773.159 6436
1703468773.449 6436
