1703469118.444 73
1703469118.768 136
1703469119.231 137
1703469119.489 137
1703469119.870 137
1703469120.146 137
1703469120.423 137
1703469120.701 138
1703469120.984 142
1703469121.256 145
1703469121.537 145
1703469121.818 147
1703469122.095 157
1703469122.375 198
1703469122.651 224
1703469122.928 254
1703469123.217 290
1703469123.496 300
1703469123.784 300
1703469124.067 300
1703469124.373 305
1703469124.680 327
1703469124.964 379
1703469125.268 431
1703469125.566 465
1703469125.849 469
1703469126.146 474
1703469126.439 497
1703469126.723 524
1703469127.026 574
1703469127.316 604
1703469127.624 629
1703469127.893 630
1703469128.183 657
1703469128.461 667
1703469128.757 669
1703469129.063 693
1703469129.355 702
1703469129.650 725
1703469130.024 741
1703469130.349 796
1703469130.654 851
1703469130.975 857
1703469131.271 861
1703469131.532 876
1703469131.838 903
1703469132.150 913
1703469132.522 914
1703469132.902 916
1703469133.177 919
1703469133.465 921
1703469133.792 923
1703469134.098 923
1703469134.443 924
1703469134.774 936
1703469135.031 946
1703469135.297 951
1703469135.576 954
1703469135.858 963
1703469136.160 972
1703469136.447 977
1703469136.740 1073
1703469137.014 1092
1703469137.322 1108
1703469137.604 1124
1703469137.877 1127
1703469138.157 1132
1703469138.436 1132
1703469138.755 1153
1703469139.094 1201
1703469139.387 1242
1703469139.668 1271
1703469139.956 1277
1703469140.244 1284
1703469140.543 1298
1703469140.838 1302
1703469141.106 1329
1703469141.382 1340
1703469141.720 1342
1703469142.004 1343
1703469142.290 1348
1703469142.605 1348
1703469142.889 1362
1703469143.175 1370
1703469143.465 1401
1703469143.745 1425
1703469144.029 1464
1703469144.321 1488
1703469144.619 1546
1703469144.921 1572
1703469145.208 1585
1703469145.492 1589
1703469145.799 1593
1703469146.085 1597
1703469146.366 1598
1703469146.659 1609
1703469146.930 1655
1703469147.220 1712
1703469147.497 1732
1703469147.768 1745
1703469148.052 1753
1703469148.340 1756
1703469148.616 1757
1703469148.965 1757
1703469149.244 1757
1703469149.524 1757
1703469149.820 1757
1703469150.092 1757
1703469150.393 1757
1703469150.666 1757
1703469150.961 1757
1703469151.242 1757
1703469151.520 1757
1703469151.800 1757
1703469152.096 1789
1703469152.370 1797
1703469152.670 1797
1703469152.966 1797
1703469153.241 1797
1703469153.542 1797
1703469153.799 1797
1703469154.094 1820
1703469154.374 1822
1703469154.663 1825
1703469154.938 1826
1703469155.232 1826
1703469155.505 1826
1703469155.841 1838
1703469156.114 1868
1703469156.412 1882
1703469156.751 1906
1703469157.054 1942
1703469157.357 1984
1703469157.615 2022
1703469157.906 2059
1703469158.195 2093
1703469158.487 2159
1703469158.753 2179
1703469159.036 2179
1703469159.317 2204
1703469159.588 2223
1703469159.880 2259
1703469160.165 2314
1703469160.443 2403
1703469160.716 2421
1703469160.999 2424
1703469161.319 2427
1703469161.599 2431
1703469161.875 2436
1703469162.178 2437
1703469162.447 2437
1703469162.736 2448
1703469163.025 2448
1703469163.353 2448
1703469163.634 2454
1703469163.918 2454
1703469164.194 2454
1703469164.468 2456
1703469164.754 2457
1703469165.033 2458
1703469165.310 2466
1703469165.664 2487
1703469165.934 2490
1703469166.212 2490
1703469166.491 2490
1703469166.803 2492
1703469167.073 2493
1703469167.344 2496
1703469167.635 2501
1703469167.937 2504
1703469168.222 2508
1703469168.527 2508
1703469168.822 2527
1703469169.146 2570
1703469169.445 2641
1703469169.794 2652
1703469170.075 2654
1703469170.367 2710
1703469170.627 2711
1703469170.909 2711
1703469171.199 2713
1703469171.480 2716
1703469171.765 2717
1703469172.048 2720
1703469172.356 2725
1703469172.654 2772
1703469172.979 2811
1703469173.279 2847
1703469173.583 2882
1703469173.908 2905
1703469174.180 2918
1703469174.467 2925
1703469174.759 2929
1703469175.090 2937
1703469175.374 2948
1703469175.676 2959
1703469175.961 2961
1703469176.238 2965
1703469176.519 2976
1703469176.809 2989
1703469177.094 3001
1703469177.377 3011
1703469177.679 3016
1703469177.986 3019
1703469178.289 3031
1703469178.569 3046
1703469178.844 3064
1703469179.123 3083
1703469179.400 3101
1703469179.683 3117
1703469180.060 3141
1703469180.342 3162
1703469180.765 3186
1703469181.087 3202
1703469181.384 3216
1703469181.666 3236
1703469181.942 3247
1703469182.213 3251
1703469182.485 3251
1703469182.756 3254
1703469183.022 3264
1703469183.313 3278
1703469183.586 3291
1703469183.855 3306
1703469184.139 3325
1703469184.416 3344
1703469184.694 3363
1703469184.965 3386
1703469185.238 3412
1703469185.522 3439
1703469185.810 3467
1703469186.137 3483
1703469186.423 3524
1703469186.701 3527
1703469186.978 3530
1703469187.279 3532
1703469187.615 3532
1703469187.885 3533
1703469188.195 3541
1703469188.461 3542
1703469188.741 3542
1703469189.015 3547
1703469189.299 3550
1703469189.582 3554
1703469189.862 3556
1703469190.154 3556
1703469190.435 3556
1703469190.710 3556
1703469190.988 3557
1703469191.275 3557
1703469191.545 3559
1703469191.818 3561
1703469192.098 3565
1703469192.390 3569
1703469192.649 3571
1703469192.959 3571
1703469193.295 3572
1703469193.638 3572
1703469193.934 3573
1703469194.216 3576
1703469194.508 3576
1703469194.842 3577
1703469195.134 3581
1703469195.417 3585
1703469195.690 3585
1703469195.967 3586
1703469196.244 3589
1703469196.530 3595
1703469196.802 3598
1703469197.075 3600
1703469197.357 3600
1703469197.631 3600
1703469197.928 3600
1703469198.210 3600
1703469198.487 3600
1703469198.771 3600
1703469199.048 3600
1703469199.326 3600
1703469199.607 3600
1703469199.887 3600
1703469200.220 3600
1703469200.527 3600
1703469200.809 3600
1703469201.100 3600
1703469201.369 3600
1703469201.640 3600
1703469201.912 3600
1703469202.203 3600
1703469202.518 3602
1703469202.799 3602
1703469203.089 3608
1703469203.378 3609
1703469203.672 3613
1703469203.951 3613
1703469204.224 3620
1703469204.507 3638
1703469204.787 3658
1703469205.089 3684
1703469205.401 3704
1703469205.654 3727
1703469205.929 3741
1703469206.201 3766
1703469206.487 3792
1703469206.763 3820
1703469207.040 3845
1703469207.312 3862
1703469207.585 3877
1703469207.867 3884
1703469208.154 3886
1703469208.433 3887
1703469208.704 3888
1703469208.984 3888
1703469209.256 3888
1703469209.538 3891
1703469209.814 3892
1703469210.096 3892
1703469210.368 3892
1703469210.656 3893
1703469210.958 3894
1703469211.237 3896
1703469211.535 3896
1703469211.821 3896
1703469212.096 3896
1703469212.397 3896
1703469212.680 3896
1703469212.932 3896
1703469213.206 3896
1703469213.483 3896
1703469213.757 3896
1703469214.049 3896
1703469214.324 3896
1703469214.592 3896
1703469214.872 3897
1703469215.145 3897
1703469215.418 3897
1703469215.691 3897
1703469215.974 3898
1703469216.256 3900
1703469216.555 3900
1703469216.842 3902
1703469217.128 3905
1703469217.429 3908
1703469217.720 3912
1703469218.007 3917
1703469218.289 3923
1703469218.570 3927
1703469218.864 3930
1703469219.158 3933
1703469219.444 3939
1703469219.740 3941
1703469220.015 3945
1703469220.283 3950
1703469220.557 3953
1703469220.872 3957
1703469221.148 3958
1703469221.436 3962
1703469221.810 3964
1703469222.133 3971
1703469222.431 3990
1703469222.779 4004
1703469223.095 4011
1703469223.391 4011
1703469223.673 4011
1703469223.973 4011
1703469224.263 4011
1703469224.545 4011
1703469224.822 4011
1703469225.105 4011
1703469225.385 4011
1703469225.659 4012
1703469225.941 4012
1703469226.237 4012
1703469226.528 4012
1703469226.805 4013
1703469227.140 4013
1703469227.412 4013
1703469227.716 4013
1703469228.060 4013
1703469228.369 4013
1703469228.657 4013
1703469228.939 4013
1703469229.218 4013
1703469229.495 4013
1703469229.775 4013
1703469230.067 4014
1703469230.348 4014
1703469230.644 4014
1703469230.936 4014
1703469231.209 4014
1703469231.506 4014
1703469231.812 4014
1703469232.084 4014
1703469232.367 4015
1703469232.638 4015
1703469232.916 4015
1703469233.209 4015
1703469233.492 4015
1703469233.789 4015
1703469234.131 4015
1703469234.404 4015
1703469234.684 4015
1703469235.007 4015
1703469235.319 4015
1703469235.620 4015
1703469235.904 4015
1703469236.189 4015
1703469236.473 4015
1703469236.756 4015
1703469237.088 4015
1703469237.364 4015
1703469237.649 4015
1703469237.974 4015
1703469238.252 4015
1703469238.533 4015
1703469238.801 4015
1703469239.076 4017
1703469239.354 4018
1703469239.658 4018
1703469239.912 4018
1703469240.180 4018
1703469240.456 4018
1703469240.694 4018
1703469240.982 4018
1703469241.250 4018
1703469241.515 4018
1703469241.784 4018
1703469242.071 4018
1703469242.332 4018
1703469242.601 4018
1703469242.880 4018
1703469243.171 4018
1703469243.452 4018
1703469243.736 4020
1703469244.057 4024
1703469244.325 4051
1703469244.603 4064
1703469244.888 4069
1703469245.175 4070
1703469245.493 4077
1703469245.796 4087
1703469246.072 4097
1703469246.352 4108
1703469246.644 4137
1703469246.930 4172
1703469247.207 4216
1703469247.489 4247
1703469247.777 4249
1703469248.091 4249
1703469248.371 4258
1703469248.656 4269
1703469248.902 4286
1703469249.208 4330
1703469249.478 4360
1703469249.758 4390
1703469250.039 4427
1703469250.316 4467
1703469250.600 4484
1703469250.883 4487
1703469251.173 4491
1703469251.479 4517
1703469251.759 4537
1703469252.036 4543
1703469252.311 4547
1703469252.622 4557
1703469252.925 4557
1703469253.212 4560
1703469253.486 4560
1703469253.797 4560
1703469254.082 4560
1703469254.372 4560
1703469254.639 4560
1703469254.926 4560
1703469255.262 4565
1703469255.543 4565
1703469255.824 4581
1703469256.109 4613
1703469256.376 4641
1703469256.641 4655
1703469256.895 4669
1703469257.187 4686
1703469257.426 4707
1703469257.688 4725
1703469257.965 4747
1703469258.239 4768
1703469258.501 4786
1703469258.754 4794
1703469259.040 4873
1703469259.317 4923
1703469259.627 4942
1703469259.910 4948
1703469260.188 4949
1703469260.471 4949
1703469260.740 4949
1703469261.010 4957
1703469261.280 4972
1703469261.561 4976
1703469261.854 4978
1703469262.154 4978
1703469262.418 4979
1703469262.692 4979
1703469262.975 4979
1703469263.268 4987
1703469263.557 4998
1703469263.818 4998
1703469264.150 4998
1703469264.420 4998
1703469264.707 4998
1703469265.019 5001
1703469265.311 5001
1703469265.603 5001
1703469265.881 5001
1703469266.168 5001
1703469266.447 5001
1703469266.730 5001
1703469266.996 5001
1703469267.276 5001
1703469267.564 5001
1703469267.841 5001
1703469268.133 5001
1703469268.406 5001
1703469268.678 5001
1703469269.033 5001
1703469269.393 5001
1703469269.693 5001
1703469269.969 5012
1703469270.376 5014
1703469270.749 5014
1703469271.032 5014
1703469271.314 5014
1703469271.595 5014
1703469271.875 5014
1703469272.168 5015
1703469272.534 5026
1703469272.853 5050
1703469273.146 5060
1703469273.433 5064
1703469273.710 5069
1703469273.978 5071
1703469274.316 5071
1703469274.597 5076
1703469274.877 5077
1703469275.146 5077
1703469275.422 5077
1703469275.697 5077
1703469275.973 5078
1703469276.241 5078
1703469276.509 5078
1703469276.774 5078
1703469277.039 5078
1703469277.331 5078
1703469277.590 5078
1703469277.864 5078
1703469278.141 5079
1703469278.424 5079
1703469278.708 5079
1703469278.995 5079
1703469279.281 5079
1703469279.554 5080
1703469279.858 5080
1703469280.153 5091
1703469280.416 5091
1703469280.692 5091
1703469280.983 5101
1703469281.266 5101
1703469281.580 5101
1703469281.876 5101
1703469282.146 5101
1703469282.438 5101
1703469282.727 5101
1703469283.004 5132
1703469283.266 5132
1703469283.541 5132
1703469283.818 5132
1703469284.097 5132
1703469284.443 5132
1703469284.739 5132
1703469285.042 5132
1703469285.370 5132
1703469285.648 5132
1703469285.965 5135
1703469286.239 5135
1703469286.526 5143
1703469286.830 5147
1703469287.114 5155
1703469287.397 5162
1703469287.682 5173
1703469287.965 5177
1703469288.246 5203
1703469288.536 5203
1703469288.798 5212
1703469289.076 5222
1703469289.357 5227
1703469289.647 5228
1703469289.926 5229
1703469290.227 5230
1703469290.501 5231
1703469290.788 5233
1703469291.067 5239
1703469291.348 5243
1703469291.626 5244
1703469291.907 5247
1703469292.202 5252
1703469292.486 5262
1703469292.792 5262
1703469293.071 5268
1703469293.359 5268
1703469293.677 5269
1703469293.958 5269
1703469294.234 5269
1703469294.518 5269
1703469294.790 5269
1703469295.077 5269
1703469295.356 5269
1703469295.645 5269
1703469295.926 5269
1703469296.210 5269
1703469296.521 5269
1703469296.834 5269
1703469297.112 5272
1703469297.382 5275
1703469297.644 5277
1703469297.907 5278
1703469298.234 5278
1703469298.544 5278
1703469298.888 5278
1703469299.214 5278
1703469299.493 5278
1703469299.852 5278
1703469300.171 5278
1703469300.468 5278
1703469300.765 5278
1703469301.035 5278
1703469301.291 5278
1703469301.551 5278
1703469301.820 5278
1703469302.098 5278
1703469302.370 5278
1703469302.639 5278
1703469302.906 5278
1703469303.246 5278
1703469303.599 5278
1703469303.851 5278
1703469304.148 5278
1703469304.416 5278
1703469304.675 5278
1703469304.966 5278
1703469305.237 5278
1703469305.505 5278
1703469305.787 5283
1703469306.092 5283
1703469306.430 5283
1703469306.698 5283
1703469306.967 5283
1703469307.251 5283
1703469307.528 5283
1703469307.804 5288
1703469308.088 5288
1703469308.378 5288
1703469308.664 5288
1703469308.920 5288
1703469309.189 5288
1703469309.463 5288
1703469309.750 5288
1703469310.023 5288
1703469310.324 5288
1703469310.624 5313
1703469310.876 5313
1703469311.135 5318
1703469311.429 5318
1703469311.699 5318
1703469311.960 5318
1703469312.226 5318
1703469312.491 5318
1703469312.777 5321
1703469313.047 5321
1703469313.329 5321
1703469313.654 5321
1703469313.901 5321
1703469314.175 5321
1703469314.444 5321
1703469314.759 5321
1703469315.030 5321
1703469315.305 5321
1703469315.607 5321
1703469315.878 5321
1703469316.190 5321
1703469316.489 5326
1703469316.744 5327
1703469317.019 5338
1703469317.302 5356
1703469317.573 5368
1703469317.856 5379
1703469318.125 5384
1703469318.401 5399
1703469318.665 5406
1703469318.933 5412
1703469319.262 5415
1703469319.561 5415
1703469319.833 5415
1703469320.105 5416
1703469320.373 5416
1703469320.646 5418
1703469320.958 5420
1703469321.310 5420
1703469321.591 5421
1703469321.860 5421
1703469322.137 5421
1703469322.410 5424
1703469322.682 5426
1703469322.966 5426
1703469323.221 5426
1703469323.513 5427
1703469323.782 5427
1703469324.062 5427
1703469324.337 5429
1703469324.621 5430
1703469324.898 5435
1703469325.199 5442
1703469325.503 5456
1703469325.793 5459
1703469326.079 5463
1703469326.348 5464
1703469326.634 5464
1703469326.911 5467
1703469327.213 5470
1703469327.489 5470
1703469327.771 5471
1703469328.045 5475
1703469328.326 5477
1703469328.601 5478
1703469328.877 5478
1703469329.153 5478
1703469329.429 5480
1703469329.710 5480
1703469329.996 5480
1703469330.273 5480
1703469330.551 5480
1703469330.845 5480
1703469331.099 5480
1703469331.376 5480
1703469331.649 5480
1703469331.918 5480
1703469332.188 5481
1703469332.458 5481
1703469332.731 5483
1703469333.007 5483
1703469333.290 5485
1703469333.570 5488
1703469333.850 5494
1703469334.122 5495
1703469334.395 5495
1703469334.684 5526
1703469334.949 5526
1703469335.231 5526
1703469335.533 5558
1703469335.813 5580
1703469336.129 5632
1703469336.430 5681
1703469336.702 5714
1703469336.969 5714
1703469337.227 5716
1703469337.485 5716
1703469337.749 5716
1703469338.012 5716
1703469338.295 5716
1703469338.572 5716
1703469338.864 5716
1703469339.197 5716
1703469339.481 5716
1703469339.783 5716
1703469340.057 5716
1703469340.329 5716
1703469340.607 5716
1703469340.895 5716
1703469341.164 5716
1703469341.449 5716
1703469341.722 5720
1703469341.983 5724
1703469342.247 5726
1703469342.515 5728
1703469342.790 5731
1703469343.059 5739
1703469343.325 5752
1703469343.589 5759
1703469343.862 5772
1703469344.130 5783
1703469344.422 5795
1703469344.694 5808
1703469344.979 5822
1703469345.310 5831
1703469345.580 5834
1703469345.876 5840
1703469346.150 5843
1703469346.420 5847
1703469346.696 5851
1703469346.989 5868
1703469347.309 5925
1703469347.597 5928
1703469347.876 5957
1703469348.159 5987
1703469348.443 6000
1703469348.729 6045
1703469349.007 6045
1703469349.287 6045
1703469349.571 6045
1703469349.865 6045
1703469350.154 6045
1703469350.446 6045
1703469350.731 6045
1703469351.008 6045
1703469351.315 6045
1703469351.684 6047
1703469351.966 6048
1703469352.338 6049
1703469352.614 6049
1703469352.895 6052
1703469353.211 6052
1703469353.481 6052
1703469353.759 6052
1703469354.030 6053
1703469354.309 6053
1703469354.585 6053
1703469354.873 6054
1703469355.166 6054
1703469355.464 6058
