1703467803.888 69
1703467804.187 188
1703467804.449 188
1703467804.804 191
1703467805.082 193
1703467805.377 194
1703467805.673 198
1703467805.938 198
1703467806.211 201
1703467806.534 202
1703467806.836 226
1703467807.126 267
1703467807.417 333
1703467807.705 415
1703467807.997 429
1703467808.280 468
1703467808.567 470
1703467808.856 482
1703467809.166 490
1703467809.453 495
1703467809.752 496
1703467810.040 500
1703467810.322 501
1703467810.631 501
1703467810.916 505
1703467811.201 554
1703467811.518 593
1703467811.809 643
1703467812.120 707
1703467812.420 738
1703467812.707 765
1703467813.016 864
1703467813.310 980
1703467813.579 996
1703467813.872 1007
1703467814.173 1028
1703467814.463 1053
1703467814.818 1054
1703467815.147 1054
1703467815.466 1054
1703467815.742 1054
1703467816.038 1054
1703467816.340 1055
1703467816.678 1063
1703467816.986 1085
1703467817.270 1121
1703467817.569 1127
1703467817.847 1130
1703467818.151 1133
1703467818.452 1133
1703467818.712 1133
1703467818.992 1135
1703467819.302 1143
1703467819.583 1159
1703467819.874 1211
1703467820.170 1246
1703467820.435 1267
1703467820.760 1271
1703467821.049 1296
1703467821.373 1336
1703467821.692 1390
1703467821.996 1427
1703467822.273 1446
1703467822.567 1476
1703467822.881 1497
1703467823.166 1513
1703467823.455 1546
1703467823.750 1628
1703467824.063 1662
1703467824.344 1668
1703467824.661 1733
1703467824.956 1738
1703467825.264 1745
1703467825.551 1745
1703467825.831 1745
1703467826.127 1759
1703467826.411 1759
1703467826.704 1760
1703467827.004 1764
1703467827.296 1772
1703467827.586 1779
1703467827.873 1794
1703467828.165 1805
1703467828.454 1808
1703467828.730 1824
1703467829.015 1844
1703467829.328 1878
1703467829.611 1895
1703467829.903 1924
1703467830.222 1941
1703467830.508 1966
1703467830.785 1976
1703467831.078 1987
1703467831.366 1990
1703467831.675 1990
1703467831.966 1991
1703467832.272 1991
1703467832.576 1991
1703467832.886 1991
1703467833.162 1991
1703467833.452 1991
1703467833.768 1991
1703467834.043 1991
1703467834.321 1991
1703467834.608 1991
1703467834.920 1995
1703467835.181 2000
1703467835.493 2010
1703467835.765 2013
1703467836.045 2013
1703467836.314 2013
1703467836.587 2014
1703467836.889 2017
1703467837.203 2030
1703467837.492 2039
1703467837.773 2048
1703467838.064 2077
1703467838.342 2091
1703467838.611 2146
1703467838.894 2171
1703467839.173 2198
1703467839.459 2224
1703467839.711 2254
1703467840.010 2266
1703467840.299 2324
1703467840.574 2334
1703467840.862 2348
1703467841.147 2349
1703467841.437 2359
1703467841.721 2359
1703467842.013 2359
1703467842.302 2359
1703467842.594 2359
1703467842.896 2359
1703467843.220 2359
1703467843.496 2359
1703467843.796 2370
1703467844.080 2370
1703467844.346 2375
1703467844.630 2384
1703467844.907 2385
1703467845.187 2390
1703467845.473 2395
1703467845.765 2402
1703467846.063 2419
1703467846.343 2446
1703467846.628 2458
1703467846.934 2523
1703467847.208 2551
1703467847.501 2577
1703467847.808 2604
1703467848.122 2626
1703467848.426 2685
1703467848.768 2723
1703467849.051 2736
1703467849.352 2741
1703467849.640 2798
1703467849.954 2831
1703467850.266 2847
1703467850.583 2869
1703467850.857 2905
1703467851.193 2969
1703467851.514 3027
1703467851.806 3075
1703467852.158 3102
1703467852.500 3116
1703467852.849 3154
1703467853.154 3175
1703467853.497 3181
1703467853.819 3186
1703467854.096 3193
1703467854.383 3221
1703467854.668 3225
1703467854.944 3228
1703467855.221 3228
1703467855.521 3228
1703467855.800 3228
1703467856.074 3228
1703467856.361 3229
1703467856.647 3229
1703467856.963 3229
1703467857.259 3233
1703467857.552 3234
1703467857.841 3243
1703467858.132 3248
1703467858.427 3253
1703467858.730 3264
1703467859.018 3281
1703467859.310 3312
1703467859.591 3318
1703467859.899 3319
1703467860.190 3319
1703467860.490 3319
1703467860.789 3319
1703467861.074 3319
1703467861.367 3360
1703467861.650 3367
1703467861.949 3370
1703467862.236 3380
1703467862.517 3387
1703467862.818 3389
1703467863.105 3408
1703467863.403 3412
1703467863.679 3413
1703467863.966 3417
1703467864.247 3419
1703467864.530 3420
1703467864.816 3421
1703467865.104 3421
1703467865.413 3421
1703467865.703 3421
1703467865.991 3422
1703467866.263 3422
1703467866.578 3422
1703467866.865 3422
1703467867.155 3422
1703467867.456 3422
1703467867.727 3422
1703467867.996 3422
1703467868.265 3422
1703467868.603 3422
1703467868.879 3422
1703467869.143 3422
1703467869.429 3422
1703467869.709 3422
1703467870.034 3422
1703467870.329 3426
1703467870.627 3427
1703467870.902 3459
1703467871.212 3494
1703467871.523 3521
1703467871.811 3553
1703467872.098 3584
1703467872.390 3607
1703467872.678 3643
1703467872.974 3657
1703467873.275 3666
1703467873.558 3672
1703467873.841 3679
1703467874.106 3682
1703467874.420 3696
1703467874.740 3713
1703467875.034 3715
1703467875.339 3718
1703467875.603 3748
1703467875.874 3800
1703467876.153 3808
1703467876.437 3831
1703467876.727 3855
1703467877.003 3869
1703467877.287 3884
1703467877.561 3907
1703467877.834 3942
1703467878.128 3961
1703467878.417 3988
1703467878.691 4009
1703467878.954 4017
1703467879.215 4024
1703467879.481 4027
1703467879.806 4027
1703467880.113 4028
1703467880.383 4028
1703467880.672 4029
1703467880.953 4029
1703467881.236 4029
1703467881.514 4029
1703467881.813 4029
1703467882.125 4034
1703467882.407 4037
1703467882.692 4037
1703467882.973 4038
1703467883.286 4040
1703467883.573 4051
1703467883.854 4058
1703467884.133 4059
1703467884.441 4060
1703467884.702 4060
1703467884.985 4060
1703467885.273 4060
1703467885.567 4060
1703467885.848 4060
1703467886.142 4091
1703467886.447 4092
1703467886.739 4092
1703467887.018 4094
1703467887.300 4097
1703467887.574 4098
1703467887.867 4098
1703467888.129 4098
1703467888.415 4098
1703467888.759 4101
1703467889.038 4103
1703467889.320 4103
1703467889.606 4107
1703467889.873 4107
1703467890.137 4107
1703467890.396 4107
1703467890.661 4107
1703467890.926 4107
1703467891.174 4107
1703467891.441 4107
1703467891.712 4107
1703467891.987 4107
1703467892.291 4107
1703467892.604 4107
1703467892.894 4107
1703467893.165 4107
1703467893.440 4107
1703467893.729 4107
1703467894.017 4107
1703467894.303 4107
1703467894.598 4108
1703467894.885 4108
1703467895.184 4108
1703467895.488 4108
1703467895.757 4110
1703467896.039 4113
1703467896.315 4113
1703467896.622 4113
1703467896.892 4113
1703467897.182 4113
1703467897.462 4113
1703467897.740 4114
1703467898.056 4114
1703467898.336 4114
1703467898.630 4114
1703467898.903 4117
1703467899.189 4118
1703467899.500 4118
1703467899.779 4118
1703467900.057 4118
1703467900.338 4118
1703467900.654 4118
1703467900.961 4118
1703467901.237 4118
1703467901.524 4118
1703467901.800 4118
1703467902.072 4118
1703467902.354 4124
1703467902.631 4124
1703467902.923 4124
1703467903.201 4124
1703467903.485 4124
1703467903.769 4124
1703467904.052 4124
1703467904.339 4125
1703467904.640 4137
1703467904.938 4162
1703467905.225 4166
1703467905.504 4168
1703467905.801 4168
1703467906.095 4196
1703467906.365 4196
1703467906.652 4196
1703467906.934 4196
1703467907.219 4199
1703467907.502 4199
1703467907.784 4206
1703467908.075 4216
1703467908.357 4216
1703467908.663 4216
1703467908.952 4216
1703467909.245 4216
1703467909.546 4216
1703467909.837 4216
1703467910.125 4216
1703467910.412 4216
1703467910.694 4216
1703467910.983 4216
1703467911.257 4216
1703467911.525 4216
1703467911.786 4216
1703467912.062 4216
1703467912.388 4216
1703467912.687 4216
1703467912.958 4216
1703467913.244 4223
1703467913.521 4223
1703467913.783 4223
1703467914.086 4223
1703467914.352 4223
1703467914.641 4223
1703467914.945 4223
1703467915.233 4223
1703467915.521 4223
1703467915.846 4223
1703467916.198 4223
1703467916.523 4224
1703467916.802 4224
1703467917.111 4224
1703467917.452 4224
1703467917.726 4224
1703467918.023 4224
1703467918.332 4224
1703467918.694 4224
1703467918.985 4224
1703467919.260 4224
1703467919.510 4224
1703467919.772 4224
1703467920.022 4224
1703467920.303 4224
1703467920.586 4224
1703467920.876 4224
1703467921.188 4224
1703467921.452 4224
1703467921.747 4224
1703467922.033 4224
1703467922.362 4224
1703467922.640 4225
1703467922.931 4228
1703467923.225 4236
1703467923.497 4249
1703467923.769 4260
1703467924.046 4269
1703467924.328 4283
1703467924.601 4304
1703467924.885 4330
1703467925.200 4366
1703467925.478 4389
1703467925.749 4407
1703467926.049 4433
1703467926.358 4445
1703467926.649 4455
1703467926.947 4456
1703467927.235 4457
1703467927.521 4463
1703467927.809 4466
1703467928.114 4468
1703467928.388 4470
1703467928.671 4471
1703467928.969 4472
1703467929.256 4477
1703467929.535 4494
1703467929.812 4503
1703467930.095 4506
1703467930.379 4509
1703467930.677 4511
1703467930.965 4511
1703467931.250 4511
1703467931.533 4511
1703467931.816 4511
1703467932.085 4511
1703467932.377 4511
1703467932.672 4511
1703467932.966 4511
1703467933.236 4511
1703467933.514 4511
1703467933.803 4511
1703467934.079 4511
1703467934.348 4511
1703467934.625 4511
1703467934.928 4511
1703467935.217 4511
1703467935.506 4511
1703467935.790 4511
1703467936.085 4511
1703467936.349 4511
1703467936.627 4511
1703467936.900 4513
1703467937.231 4522
1703467937.534 4536
1703467937.828 4542
1703467938.112 4555
1703467938.408 4576
1703467938.691 4599
1703467938.983 4625
1703467939.298 4650
1703467939.581 4667
1703467939.901 4688
1703467940.213 4713
1703467940.503 4735
1703467940.792 4761
1703467941.092 4777
1703467941.395 4781
1703467941.724 4786
1703467942.013 4786
1703467942.289 4790
1703467942.585 4791
1703467942.916 4797
1703467943.200 4800
1703467943.483 4801
1703467943.776 4801
1703467944.058 4801
1703467944.428 4801
1703467944.718 4801
1703467945.007 4801
1703467945.315 4801
1703467945.610 4801
1703467945.888 4801
1703467946.181 4801
1703467946.486 4801
1703467946.756 4801
1703467947.054 4801
1703467947.336 4801
1703467947.641 4801
1703467947.918 4801
1703467948.205 4801
1703467948.505 4801
1703467948.840 4801
1703467949.129 4807
1703467949.405 4807
1703467949.692 4808
1703467950.019 4809
1703467950.351 4812
1703467950.653 4820
1703467950.942 4827
1703467951.228 4834
1703467951.509 4841
1703467951.812 4848
1703467952.074 4857
1703467952.355 4866
1703467952.673 4881
1703467952.963 4893
1703467953.247 4910
1703467953.556 4930
1703467953.845 4944
1703467954.108 4958
1703467954.419 4975
1703467954.714 4988
1703467955.033 5003
1703467955.324 5042
1703467955.633 5052
1703467955.927 5055
1703467956.213 5056
1703467956.525 5058
1703467956.827 5074
1703467957.109 5082
1703467957.391 5099
1703467957.727 5104
1703467958.016 5105
1703467958.350 5106
1703467958.671 5107
1703467958.961 5116
1703467959.241 5120
1703467959.556 5121
1703467959.841 5121
1703467960.127 5121
1703467960.447 5121
1703467960.747 5121
1703467961.028 5123
1703467961.329 5123
1703467961.619 5124
1703467961.907 5148
1703467962.193 5149
1703467962.492 5149
1703467962.769 5155
1703467963.051 5157
1703467963.343 5157
1703467963.626 5157
1703467963.972 5157
1703467964.270 5157
1703467964.565 5157
1703467964.841 5157
1703467965.123 5158
1703467965.410 5158
1703467965.684 5158
1703467965.983 5158
1703467966.295 5158
1703467966.593 5158
1703467966.901 5158
1703467967.182 5158
1703467967.469 5158
1703467967.752 5158
1703467968.043 5158
1703467968.311 5158
1703467968.647 5158
1703467968.943 5158
1703467969.231 5158
1703467969.533 5158
1703467969.825 5158
1703467970.088 5158
1703467970.365 5158
1703467970.648 5158
1703467970.936 5158
1703467971.216 5158
1703467971.504 5158
1703467971.783 5158
1703467972.098 5158
1703467972.464 5158
1703467972.758 5158
1703467973.029 5158
1703467973.312 5158
1703467973.593 5158
1703467973.870 5158
1703467974.148 5158
1703467974.429 5158
1703467974.765 5158
1703467975.027 5158
1703467975.303 5158
1703467975.596 5158
1703467975.862 5158
1703467976.136 5158
1703467976.396 5158
1703467976.681 5158
1703467976.955 5158
1703467977.229 5158
1703467977.521 5158
1703467977.803 5158
1703467978.085 5158
1703467978.367 5158
1703467978.709 5158
1703467978.989 5158
1703467979.269 5158
1703467979.577 5158
1703467979.859 5158
1703467980.129 5158
1703467980.415 5158
1703467980.734 5158
1703467981.021 5158
1703467981.295 5158
1703467981.586 5159
1703467981.875 5159
1703467982.159 5163
1703467982.442 5168
1703467982.711 5184
1703467982.984 5190
1703467983.260 5192
1703467983.534 5193
1703467983.813 5194
1703467984.099 5194
1703467984.389 5194
1703467984.701 5194
1703467984.986 5194
1703467985.262 5194
1703467985.540 5194
1703467985.832 5194
1703467986.122 5194
1703467986.417 5194
1703467986.710 5194
1703467987.012 5194
1703467987.307 5194
1703467987.596 5194
1703467987.896 5194
1703467988.184 5194
1703467988.490 5194
1703467988.781 5194
1703467989.110 5194
1703467989.473 5194
1703467989.869 5194
1703467990.239 5194
1703467990.567 5194
1703467990.859 5194
1703467991.171 5194
1703467991.458 5194
1703467991.805 5196
1703467992.061 5196
1703467992.392 5199
1703467992.700 5230
1703467992.964 5230
1703467993.252 5230
1703467993.533 5230
1703467993.823 5230
1703467994.104 5230
1703467994.385 5230
1703467994.660 5230
1703467994.959 5230
1703467995.237 5230
1703467995.551 5230
1703467995.828 5230
1703467996.108 5230
1703467996.390 5230
1703467996.676 5230
1703467996.951 5230
1703467997.225 5230
1703467997.503 5230
1703467997.797 5230
1703467998.100 5230
1703467998.376 5230
1703467998.664 5230
1703467998.956 5230
1703467999.235 5230
1703467999.548 5230
1703467999.827 5230
1703468000.114 5230
1703468000.411 5230
1703468000.720 5230
1703468001.080 5230
1703468001.379 5230
1703468001.658 5230
1703468001.943 5230
1703468002.256 5230
1703468002.549 5230
1703468002.867 5231
1703468003.137 5232
1703468003.406 5232
1703468003.700 5233
1703468003.970 5233
1703468004.254 5233
1703468004.545 5233
1703468004.810 5233
1703468005.089 5233
1703468005.361 5233
1703468005.670 5233
1703468005.995 5234
1703468006.274 5234
1703468006.575 5234
1703468006.898 5234
1703468007.193 5235
1703468007.467 5235
1703468007.771 5236
1703468008.083 5236
1703468008.367 5237
1703468008.646 5238
1703468008.932 5239
1703468009.232 5272
1703468009.512 5284
1703468009.801 5306
1703468010.166 5356
1703468010.470 5392
1703468010.765 5431
1703468011.073 5483
1703468011.358 5516
1703468011.640 5551
1703468011.921 5598
1703468012.204 5643
1703468012.486 5646
1703468012.787 5659
1703468013.083 5678
1703468013.382 5691
1703468013.692 5713
1703468013.979 5733
1703468014.315 5749
1703468014.591 5758
1703468014.886 5759
1703468015.182 5765
1703468015.465 5767
1703468015.745 5768
1703468016.046 5772
1703468016.316 5773
1703468016.600 5774
1703468016.894 5787
1703468017.210 5817
1703468017.481 5855
1703468017.761 5873
1703468018.049 5880
1703468018.359 5903
1703468018.661 5911
1703468018.948 5950
1703468019.268 5988
1703468019.550 6009
1703468019.837 6086
1703468020.114 6102
1703468020.394 6109
1703468020.681 6118
1703468020.964 6159
1703468021.229 6190
1703468021.510 6191
1703468021.798 6287
1703468022.085 6315
1703468022.365 6353
1703468022.644 6365
1703468022.943 6383
1703468023.251 6385
1703468023.566 6385
1703468023.843 6385
1703468024.129 6385
1703468024.414 6387
1703468024.708 6391
1703468025.038 6393
1703468025.326 6396
1703468025.623 6397
1703468025.897 6399
1703468026.179 6400
1703468026.474 6400
1703468026.780 6401
1703468027.052 6401
1703468027.359 6403
1703468027.647 6403
1703468027.920 6403
1703468028.195 6403
1703468028.468 6405
1703468028.756 6427
1703468029.042 6427
1703468029.342 6427
1703468029.660 6427
1703468029.938 6427
1703468030.226 6427
1703468030.505 6427
1703468030.782 6427
1703468031.045 6427
1703468031.306 6427
1703468031.600 6427
1703468031.864 6427
1703468032.131 6427
1703468032.419 6427
1703468032.694 6427
1703468032.990 6435
1703468033.272 6435
1703468033.549 6435
1703468033.835 6440
1703468034.148 6441
1703468034.432 6441
1703468034.715 6441
1703468035.031 6441
1703468035.331 6441
1703468035.635 6441
1703468035.920 6441
1703468036.205 6441
1703468036.485 6441
1703468036.772 6441
1703468037.109 6441
1703468037.393 6441
1703468037.684 6441
1703468037.968 6441
1703468038.267 6441
1703468038.560 6441
1703468038.875 6441
1703468039.154 6441
1703468039.445 6441
1703468039.732 6441
1703468040.024 6441
1703468040.311 6441
1703468040.599 6441
1703468040.895 6441
1703468041.188 6441
1703468041.455 6441
1703468041.736 6441
1703468042.007 6441
1703468042.267 6441
1703468042.542 6441
1703468042.806 6441
1703468043.091 6445
1703468043.372 6445
1703468043.677 6445
1703468043.963 6445
1703468044.246 6445
1703468044.512 6445
1703468044.813 6445
1703468045.103 6445
1703468045.374 6445
1703468045.653 6445
1703468045.965 6445
1703468046.227 6445
1703468046.494 6445
1703468046.769 6445
1703468047.049 6445
1703468047.380 6445
1703468047.667 6445
1703468047.944 6445
1703468048.214 6446
1703468048.496 6454
1703468048.773 6456
1703468049.080 6456
1703468049.345 6456
1703468049.647 6456
1703468049.919 6456
1703468050.204 6456
1703468050.486 6456
1703468050.805 6458
1703468051.078 6460
1703468051.349 6460
1703468051.648 6460
1703468051.927 6460
1703468052.207 6460
1703468052.488 6460
1703468052.779 6460
1703468053.044 6460
1703468053.327 6463
1703468053.614 6463
1703468053.906 6465
1703468054.172 6465
1703468054.450 6465
1703468054.732 6465
1703468055.010 6467
1703468055.291 6467
1703468055.582 6467
1703468055.855 6468
1703468056.144 6468
1703468056.427 6471
1703468056.703 6479
1703468056.974 6481
1703468057.255 6481
1703468057.533 6481
1703468057.812 6481
