1703469409.717 72
1703469410.033 133
1703469410.503 136
1703469410.910 136
1703469411.185 136
1703469411.485 136
1703469411.760 137
1703469412.036 141
1703469412.315 141
1703469412.600 144
1703469412.904 148
1703469413.173 148
1703469413.460 154
1703469413.753 195
1703469414.057 247
1703469414.363 303
1703469414.669 305
1703469414.970 305
1703469415.371 306
1703469415.759 340
1703469416.046 395
1703469416.353 424
1703469416.698 447
1703469417.036 481
1703469417.321 502
1703469417.607 523
1703469417.895 561
1703469418.183 607
1703469418.455 671
1703469418.755 749
1703469419.055 811
1703469419.294 865
1703469419.587 872
1703469419.855 929
1703469420.138 959
1703469420.441 983
1703469420.721 1020
1703469421.056 1045
1703469421.353 1063
1703469421.642 1093
1703469421.935 1120
1703469422.227 1169
1703469422.508 1206
1703469422.796 1233
1703469423.082 1255
1703469423.383 1293
1703469423.684 1334
1703469423.951 1355
1703469424.231 1386
1703469424.533 1389
1703469424.804 1391
1703469425.105 1412
1703469425.398 1452
1703469425.699 1474
1703469425.989 1485
1703469426.279 1513
1703469426.568 1540
1703469426.868 1557
1703469427.145 1567
1703469427.425 1611
1703469427.701 1641
1703469427.989 1646
1703469428.275 1657
1703469428.575 1671
1703469428.853 1676
1703469429.166 1693
1703469429.501 1695
1703469429.765 1711
1703469430.081 1730
1703469430.376 1753
1703469430.657 1771
1703469430.942 1809
1703469431.233 1821
1703469431.525 1821
1703469431.800 1827
1703469432.078 1827
1703469432.358 1827
1703469432.659 1827
1703469432.958 1827
1703469433.238 1827
1703469433.510 1835
1703469433.832 1853
1703469434.123 1872
1703469434.402 1902
1703469434.724 1962
1703469435.019 1992
1703469435.296 2009
1703469435.578 2033
1703469435.872 2036
1703469436.147 2047
1703469436.424 2072
1703469436.711 2090
1703469437.020 2118
1703469437.323 2125
1703469437.599 2130
1703469437.913 2130
1703469438.192 2131
1703469438.492 2133
1703469438.787 2137
1703469439.057 2145
1703469439.348 2154
1703469439.650 2165
1703469439.930 2178
1703469440.238 2194
1703469440.612 2200
1703469440.899 2204
1703469441.184 2211
1703469441.508 2216
1703469441.810 2219
1703469442.111 2219
1703469442.472 2271
1703469442.751 2271
1703469443.105 2271
1703469443.395 2273
1703469443.677 2273
1703469443.963 2273
1703469444.269 2273
1703469444.556 2273
1703469444.855 2273
1703469445.139 2275
1703469445.420 2275
1703469445.701 2275
1703469445.982 2288
1703469446.268 2291
1703469446.565 2295
1703469446.861 2307
1703469447.177 2315
1703469447.476 2323
1703469447.767 2335
1703469448.095 2347
1703469448.392 2361
1703469448.648 2370
1703469448.938 2379
1703469449.218 2386
1703469449.570 2386
1703469449.870 2388
1703469450.159 2391
1703469450.443 2396
1703469450.751 2405
1703469451.052 2422
1703469451.332 2423
1703469451.596 2430
1703469451.877 2439
1703469452.163 2443
1703469452.453 2458
1703469452.735 2482
1703469453.020 2507
1703469453.359 2559
1703469453.647 2595
1703469453.933 2607
1703469454.225 2621
1703469454.504 2634
1703469454.797 2654
1703469455.090 2689
1703469455.394 2743
1703469455.708 2776
1703469455.986 2798
1703469456.270 2821
1703469456.555 2841
1703469456.831 2853
1703469457.137 2863
1703469457.411 2867
1703469457.701 2880
1703469457.984 2882
1703469458.266 2883
1703469458.541 2883
1703469458.861 2883
1703469459.141 2883
1703469459.440 2886
1703469459.697 2894
1703469459.973 2901
1703469460.251 2914
1703469460.553 2931
1703469460.816 2946
1703469461.098 2962
1703469461.387 2980
1703469461.683 3000
1703469461.979 3014
1703469462.264 3029
1703469462.540 3087
1703469462.815 3110
1703469463.158 3143
1703469463.482 3151
1703469463.766 3156
1703469464.054 3164
1703469464.331 3168
1703469464.614 3188
1703469464.892 3209
1703469465.219 3236
1703469465.489 3265
1703469465.774 3287
1703469466.058 3302
1703469466.340 3323
1703469466.626 3345
1703469466.913 3370
1703469467.223 3378
1703469467.499 3385
1703469467.805 3390
1703469468.115 3390
1703469468.404 3390
1703469468.689 3393
1703469468.978 3402
1703469469.263 3403
1703469469.569 3405
1703469469.838 3421
1703469470.122 3429
1703469470.403 3430
1703469470.688 3435
1703469470.983 3449
1703469471.274 3449
1703469471.558 3451
1703469471.884 3454
1703469472.164 3464
1703469472.449 3464
1703469472.737 3470
1703469473.014 3475
1703469473.309 3475
1703469473.631 3476
1703469473.951 3476
1703469474.224 3477
1703469474.505 3479
1703469474.815 3480
1703469475.100 3482
1703469475.374 3485
1703469475.655 3488
1703469475.932 3493
1703469476.272 3498
1703469476.577 3503
1703469476.903 3507
1703469477.188 3508
1703469477.492 3516
1703469477.765 3521
1703469478.042 3524
1703469478.368 3529
1703469478.659 3532
1703469478.944 3538
1703469479.216 3550
1703469479.568 3572
1703469479.857 3573
1703469480.159 3578
1703469480.439 3594
1703469480.713 3613
1703469481.029 3637
1703469481.309 3649
1703469481.588 3656
1703469481.927 3656
1703469482.220 3660
1703469482.521 3672
1703469482.786 3677
1703469483.055 3696
1703469483.315 3697
1703469483.591 3697
1703469483.875 3700
1703469484.154 3700
1703469484.431 3701
1703469484.718 3701
1703469485.052 3701
1703469485.346 3701
1703469485.628 3701
1703469485.909 3701
1703469486.196 3701
1703469486.506 3701
1703469486.874 3701
1703469487.218 3701
1703469487.536 3701
1703469487.839 3701
1703469488.127 3701
1703469488.411 3701
1703469488.694 3701
1703469488.968 3701
1703469489.256 3701
1703469489.536 3701
1703469489.818 3701
1703469490.135 3704
1703469490.403 3705
1703469490.686 3709
1703469490.963 3709
1703469491.232 3709
1703469491.543 3709
1703469491.811 3709
1703469492.092 3709
1703469492.420 3709
1703469492.694 3709
1703469492.987 3709
1703469493.243 3709
1703469493.521 3709
1703469493.797 3709
1703469494.081 3709
1703469494.354 3709
1703469494.629 3709
1703469494.894 3709
1703469495.164 3709
1703469495.444 3709
1703469495.712 3709
1703469495.965 3709
1703469496.231 3709
1703469496.495 3709
1703469496.776 3709
1703469497.035 3709
1703469497.296 3709
1703469497.601 3709
1703469497.886 3709
1703469498.165 3709
1703469498.485 3709
1703469498.748 3709
1703469499.013 3709
1703469499.272 3709
1703469499.538 3709
1703469499.813 3709
1703469500.095 3709
1703469500.416 3719
1703469500.698 3719
1703469500.980 3727
1703469501.260 3737
1703469501.565 3744
1703469501.853 3745
1703469502.126 3748
1703469502.390 3753
1703469502.707 3753
1703469502.956 3756
1703469503.236 3767
1703469503.516 3774
1703469503.811 3789
1703469504.093 3794
1703469504.387 3810
1703469504.669 3844
1703469504.979 3881
1703469505.265 3906
1703469505.559 3919
1703469505.844 3937
1703469506.143 3957
1703469506.422 3978
1703469506.699 4001
1703469506.978 4036
1703469507.247 4091
1703469507.520 4142
1703469507.802 4186
1703469508.075 4206
1703469508.367 4217
1703469508.707 4223
1703469509.049 4226
1703469509.327 4226
1703469509.603 4226
1703469509.929 4226
1703469510.199 4226
1703469510.471 4226
1703469510.749 4226
1703469511.017 4226
1703469511.292 4226
1703469511.565 4226
1703469511.842 4230
1703469512.124 4242
1703469512.401 4260
1703469512.725 4277
1703469513.057 4279
1703469513.357 4306
1703469513.630 4321
1703469513.924 4323
1703469514.248 4326
1703469514.525 4328
1703469514.793 4339
1703469515.071 4353
1703469515.359 4369
1703469515.642 4393
1703469515.930 4406
1703469516.208 4407
1703469516.485 4408
1703469516.765 4409
1703469517.037 4416
1703469517.296 4425
1703469517.602 4440
1703469517.848 4450
1703469518.150 4510
1703469518.434 4530
1703469518.727 4569
1703469518.998 4626
1703469519.277 4631
1703469519.603 4631
1703469519.880 4631
1703469520.151 4631
1703469520.455 4631
1703469520.723 4631
1703469521.017 4631
1703469521.295 4633
1703469521.588 4634
1703469521.860 4634
1703469522.141 4634
1703469522.419 4634
1703469522.703 4634
1703469522.988 4634
1703469523.287 4634
1703469523.590 4634
1703469523.870 4634
1703469524.146 4634
1703469524.442 4634
1703469524.693 4634
1703469524.956 4634
1703469525.232 4634
1703469525.488 4634
1703469525.745 4634
1703469526.008 4634
1703469526.278 4635
1703469526.539 4635
1703469526.802 4635
1703469527.064 4637
1703469527.335 4648
1703469527.635 4654
1703469527.903 4655
1703469528.181 4659
1703469528.460 4660
1703469528.733 4660
1703469529.024 4664
1703469529.291 4681
1703469529.569 4683
1703469529.847 4690
1703469530.121 4694
1703469530.411 4700
1703469530.698 4706
1703469530.982 4706
1703469531.257 4706
1703469531.557 4708
1703469531.827 4713
1703469532.103 4718
1703469532.399 4752
1703469532.675 4771
1703469532.973 4803
1703469533.246 4843
1703469533.542 4872
1703469533.789 4887
1703469534.054 4891
1703469534.334 4892
1703469534.630 4895
1703469534.913 4900
1703469535.194 4905
1703469535.520 4906
1703469535.796 4909
1703469536.064 4909
1703469536.327 4909
1703469536.614 4909
1703469536.869 4909
1703469537.150 4909
1703469537.453 4909
1703469537.729 4909
1703469538.014 4909
1703469538.314 4909
1703469538.593 4909
1703469538.868 4909
1703469539.143 4909
1703469539.417 4912
1703469539.695 4913
1703469539.977 4913
1703469540.272 4913
1703469540.550 4913
1703469540.814 4913
1703469541.084 4914
1703469541.365 4931
1703469541.655 4934
1703469542.006 4937
1703469542.287 4948
1703469542.557 4953
1703469542.839 4954
1703469543.121 4954
1703469543.435 4956
1703469543.694 4956
1703469543.971 4957
1703469544.269 4957
1703469544.544 4957
1703469544.846 4957
1703469545.115 4957
1703469545.412 4957
1703469545.691 4957
1703469545.973 4957
1703469546.263 4957
1703469546.546 4957
1703469546.828 4957
1703469547.120 4957
1703469547.394 4957
1703469547.672 4957
1703469547.973 4957
1703469548.260 4957
1703469548.532 4957
1703469548.819 4957
1703469549.092 4957
1703469549.414 4957
1703469549.670 4957
1703469549.956 4957
1703469550.228 4957
1703469550.524 4957
1703469550.810 4957
1703469551.071 4957
1703469551.330 4957
1703469551.597 4957
1703469551.859 4957
1703469552.128 4957
1703469552.428 4957
1703469552.707 4957
1703469552.991 4957
1703469553.266 4957
1703469553.548 4957
1703469553.841 4957
1703469554.109 4957
1703469554.396 4957
1703469554.679 4957
1703469554.949 4957
1703469555.220 4957
1703469555.491 4957
1703469555.770 4957
1703469556.040 4957
1703469556.318 4957
1703469556.596 4957
1703469556.889 4957
1703469557.146 4957
1703469557.422 4957
1703469557.725 4957
1703469557.992 4957
1703469558.259 4957
1703469558.569 4957
1703469558.867 4957
1703469559.146 4957
1703469559.418 4957
1703469559.678 4957
1703469559.947 4957
1703469560.217 4957
1703469560.505 4957
1703469560.816 4957
1703469561.096 4957
1703469561.369 4957
1703469561.648 4957
1703469561.921 4958
1703469562.196 4959
1703469562.467 4959
1703469562.782 4959
1703469563.054 4959
1703469563.337 4967
1703469563.628 4986
1703469563.906 4986
1703469564.192 4986
1703469564.494 4987
1703469564.814 4987
1703469565.103 4987
1703469565.406 4987
1703469565.676 4987
1703469565.946 4988
1703469566.219 4988
1703469566.495 4989
1703469566.829 5000
1703469567.099 5018
1703469567.367 5030
1703469567.643 5046
1703469567.925 5049
1703469568.204 5050
1703469568.479 5051
1703469568.743 5051
1703469569.015 5051
1703469569.288 5051
1703469569.561 5051
1703469569.838 5051
1703469570.117 5051
1703469570.417 5051
1703469570.689 5051
1703469571.028 5051
1703469571.303 5051
1703469571.591 5051
1703469571.863 5051
1703469572.144 5051
1703469572.435 5051
1703469572.720 5051
1703469573.001 5051
1703469573.278 5051
1703469573.565 5051
1703469573.840 5051
1703469574.127 5051
1703469574.404 5051
1703469574.679 5051
1703469574.950 5051
1703469575.267 5051
1703469575.559 5051
1703469575.864 5051
1703469576.132 5051
1703469576.409 5051
1703469576.684 5051
1703469576.956 5051
1703469577.227 5051
1703469577.507 5051
1703469577.780 5051
1703469578.053 5051
1703469578.339 5051
1703469578.611 5055
1703469578.919 5055
1703469579.215 5055
1703469579.482 5055
1703469579.777 5055
1703469580.031 5055
1703469580.308 5055
1703469580.579 5055
1703469580.851 5055
1703469581.146 5055
1703469581.398 5055
1703469581.663 5055
1703469581.960 5055
1703469582.226 5055
1703469582.497 5055
1703469582.776 5055
1703469583.054 5055
1703469583.331 5055
1703469583.608 5055
1703469583.892 5055
1703469584.164 5055
1703469584.436 5055
1703469584.740 5055
1703469585.033 5055
1703469585.311 5055
1703469585.595 5055
1703469585.876 5055
1703469586.161 5060
1703469586.475 5060
1703469586.791 5061
1703469587.097 5062
1703469587.364 5063
1703469587.642 5063
1703469587.910 5063
1703469588.174 5063
1703469588.440 5063
1703469588.718 5063
1703469588.976 5063
1703469589.242 5063
1703469589.494 5063
1703469589.760 5063
1703469590.013 5063
1703469590.306 5063
1703469590.584 5063
1703469590.867 5063
1703469591.137 5063
1703469591.401 5063
1703469591.676 5063
1703469591.952 5063
1703469592.269 5063
1703469592.543 5063
1703469592.854 5063
1703469593.145 5063
1703469593.419 5063
1703469593.698 5063
1703469593.972 5063
1703469594.287 5063
1703469594.554 5063
1703469594.829 5063
1703469595.108 5063
1703469595.388 5063
1703469595.699 5063
1703469595.972 5064
1703469596.252 5065
1703469596.533 5089
1703469596.821 5168
1703469597.106 5175
1703469597.400 5179
1703469597.690 5190
1703469597.965 5207
1703469598.246 5237
1703469598.523 5252
1703469598.807 5290
1703469599.095 5317
1703469599.379 5370
1703469599.651 5370
1703469599.935 5373
1703469600.209 5374
1703469600.489 5374
1703469600.759 5374
1703469601.101 5374
1703469601.440 5374
1703469601.719 5374
1703469601.998 5383
1703469602.279 5402
1703469602.549 5433
1703469602.824 5439
1703469603.138 5442
1703469603.416 5442
1703469603.709 5442
1703469603.966 5442
1703469604.256 5442
1703469604.526 5442
1703469604.844 5445
1703469605.128 5446
1703469605.410 5450
1703469605.678 5451
1703469605.952 5452
1703469606.226 5463
1703469606.500 5467
1703469606.785 5467
1703469607.077 5467
1703469607.359 5467
1703469607.634 5467
1703469607.943 5467
1703469608.242 5467
1703469608.538 5467
1703469608.817 5467
1703469609.088 5467
1703469609.369 5467
1703469609.644 5467
1703469609.932 5467
1703469610.244 5467
1703469610.531 5467
1703469610.805 5467
1703469611.101 5473
1703469611.394 5475
1703469611.655 5477
1703469611.911 5477
1703469612.209 5477
1703469612.472 5497
1703469612.732 5499
1703469613.041 5501
1703469613.309 5501
1703469613.585 5504
1703469613.901 5505
1703469614.234 5509
1703469614.509 5516
1703469614.783 5524
1703469615.059 5548
1703469615.378 5586
1703469615.651 5612
1703469615.930 5626
1703469616.211 5641
1703469616.485 5672
1703469616.754 5683
1703469617.018 5685
1703469617.295 5693
1703469617.575 5719
1703469617.844 5726
1703469618.136 5736
1703469618.396 5753
1703469618.705 5772
1703469618.977 5778
1703469619.291 5783
1703469619.538 5790
1703469619.789 5790
1703469620.053 5790
1703469620.316 5790
1703469620.591 5790
1703469620.865 5792
1703469621.141 5792
1703469621.440 5798
1703469621.690 5819
1703469621.974 5830
1703469622.235 5840
1703469622.513 5851
1703469622.782 5855
1703469623.048 5869
1703469623.317 5882
1703469623.580 5894
1703469623.845 5942
1703469624.104 5960
1703469624.368 5966
1703469624.631 5972
1703469624.880 5983
1703469625.141 5990
1703469625.405 5994
1703469625.670 6012
1703469625.949 6020
1703469626.213 6023
1703469626.479 6031
1703469626.750 6039
1703469627.017 6052
1703469627.293 6062
1703469627.571 6071
1703469627.846 6078
1703469628.099 6081
1703469628.355 6081
1703469628.622 6081
1703469628.907 6082
1703469629.234 6082
1703469629.515 6082
1703469629.785 6082
1703469630.072 6083
1703469630.353 6083
1703469630.620 6087
1703469630.884 6087
1703469631.149 6087
1703469631.422 6087
1703469631.728 6087
1703469632.000 6088
1703469632.285 6091
1703469632.550 6091
1703469632.904 6095
1703469633.172 6095
1703469633.448 6096
1703469633.731 6096
1703469634.019 6096
1703469634.290 6096
1703469634.589 6096
1703469634.851 6096
1703469635.126 6096
1703469635.404 6096
1703469635.683 6096
1703469635.957 6096
1703469636.234 6096
1703469636.489 6096
1703469636.770 6097
1703469637.056 6097
1703469637.349 6097
1703469637.605 6097
1703469637.875 6098
1703469638.148 6098
1703469638.428 6100
1703469638.730 6100
1703469638.984 6100
1703469639.261 6100
1703469639.568 6100
1703469639.838 6100
1703469640.106 6100
1703469640.390 6100
1703469640.664 6100
1703469640.939 6100
1703469641.211 6100
1703469641.500 6100
1703469641.783 6100
1703469642.079 6100
1703469642.357 6100
1703469642.635 6100
1703469642.918 6102
1703469643.219 6102
1703469643.505 6102
1703469643.792 6102
1703469644.049 6102
1703469644.386 6102
1703469644.665 6102
1703469644.956 6102
1703469645.267 6102
1703469645.571 6102
1703469645.872 6102
1703469646.131 6102
1703469646.411 6102
1703469646.699 6103
1703469646.972 6104
