1703468112.854 68
1703468113.346 130
1703468113.779 131
1703468114.064 131
1703468114.330 135
1703468114.585 135
1703468114.858 140
1703468115.118 140
1703468115.378 143
1703468115.645 143
1703468115.934 143
1703468116.221 155
1703468116.505 207
1703468116.781 245
1703468117.074 267
1703468117.349 270
1703468117.633 272
1703468117.914 273
1703468118.183 273
1703468118.491 273
1703468118.756 273
1703468119.048 290
1703468119.320 317
1703468119.623 344
1703468119.940 409
1703468120.245 436
1703468120.544 438
1703468120.855 450
1703468121.138 481
1703468121.444 523
1703468121.729 548
1703468122.015 581
1703468122.325 599
1703468122.606 605
1703468122.879 612
1703468123.168 622
1703468123.446 681
1703468123.725 698
1703468124.007 716
1703468124.290 718
1703468124.588 728
1703468124.870 741
1703468125.160 777
1703468125.419 803
1703468125.753 842
1703468126.044 873
1703468126.406 915
1703468126.709 916
1703468126.990 916
1703468127.275 918
1703468127.558 942
1703468127.844 981
1703468128.137 1066
1703468128.411 1081
1703468128.685 1105
1703468128.985 1107
1703468129.289 1118
1703468129.571 1127
1703468129.858 1159
1703468130.150 1198
1703468130.440 1250
1703468130.740 1300
1703468131.063 1304
1703468131.353 1310
1703468131.685 1320
1703468131.969 1345
1703468132.257 1365
1703468132.544 1383
1703468132.819 1391
1703468133.094 1397
1703468133.383 1399
1703468133.683 1423
1703468133.996 1443
1703468134.288 1465
1703468134.579 1470
1703468134.859 1482
1703468135.143 1493
1703468135.447 1517
1703468135.781 1556
1703468136.067 1576
1703468136.354 1617
1703468136.621 1658
1703468136.893 1678
1703468137.172 1705
1703468137.437 1708
1703468137.716 1745
1703468138.007 1776
1703468138.310 1800
1703468138.600 1814
1703468138.879 1822
1703468139.160 1828
1703468139.437 1831
1703468139.719 1831
1703468140.031 1831
1703468140.307 1831
1703468140.618 1831
1703468140.901 1831
1703468141.176 1831
1703468141.467 1831
1703468141.777 1831
1703468142.071 1831
1703468142.356 1831
1703468142.650 1831
1703468142.948 1831
1703468143.224 1831
1703468143.513 1831
1703468143.827 1833
1703468144.112 1833
1703468144.392 1833
1703468144.699 1833
1703468144.958 1834
1703468145.229 1834
1703468145.498 1836
1703468145.768 1845
1703468146.070 1861
1703468146.367 1869
1703468146.655 1892
1703468146.937 1917
1703468147.218 1946
1703468147.509 1979
1703468147.793 2001
1703468148.079 2030
1703468148.367 2049
1703468148.657 2087
1703468148.931 2140
1703468149.206 2204
1703468149.501 2246
1703468149.768 2264
1703468150.034 2288
1703468150.326 2336
1703468150.629 2377
1703468150.917 2388
1703468151.189 2392
1703468151.467 2406
1703468151.754 2411
1703468152.037 2414
1703468152.336 2415
1703468152.610 2415
1703468152.912 2424
1703468153.169 2424
1703468153.455 2424
1703468153.726 2429
1703468154.020 2431
1703468154.295 2438
1703468154.570 2438
1703468154.844 2439
1703468155.154 2439
1703468155.434 2439
1703468155.713 2439
1703468156.025 2439
1703468156.296 2439
1703468156.571 2439
1703468156.870 2439
1703468157.195 2454
1703468157.493 2454
1703468157.789 2472
1703468158.075 2481
1703468158.386 2482
1703468158.693 2503
1703468158.975 2504
1703468159.247 2504
1703468159.526 2506
1703468159.816 2514
1703468160.101 2522
1703468160.376 2529
1703468160.652 2543
1703468160.927 2558
1703468161.277 2568
1703468161.627 2568
1703468161.932 2572
1703468162.224 2588
1703468162.509 2608
1703468162.782 2625
1703468163.064 2640
1703468163.356 2645
1703468163.636 2650
1703468163.908 2654
1703468164.187 2655
1703468164.467 2661
1703468164.756 2671
1703468165.050 2674
1703468165.337 2703
1703468165.636 2743
1703468165.966 2801
1703468166.266 2853
1703468166.556 2896
1703468166.830 2938
1703468167.115 2958
1703468167.391 2977
1703468167.671 2986
1703468167.949 3004
1703468168.223 3019
1703468168.509 3028
1703468168.839 3039
1703468169.146 3045
1703468169.414 3050
1703468169.700 3066
1703468170.015 3081
1703468170.310 3087
1703468170.620 3093
1703468170.877 3107
1703468171.162 3120
1703468171.457 3139
1703468171.744 3168
1703468172.049 3190
1703468172.328 3207
1703468172.616 3232
1703468172.894 3254
1703468173.201 3259
1703468173.492 3265
1703468173.774 3276
1703468174.082 3286
1703468174.390 3286
1703468174.703 3286
1703468174.982 3300
1703468175.258 3316
1703468175.532 3334
1703468175.819 3349
1703468176.104 3349
1703468176.385 3350
1703468176.655 3350
1703468176.931 3350
1703468177.224 3350
1703468177.486 3350
1703468177.767 3350
1703468178.093 3350
1703468178.390 3350
1703468178.661 3350
1703468178.962 3350
1703468179.265 3350
1703468179.578 3350
1703468179.856 3350
1703468180.153 3350
1703468180.442 3350
1703468180.708 3350
1703468180.976 3350
1703468181.264 3350
1703468181.545 3350
1703468181.868 3350
1703468182.166 3350
1703468182.452 3355
1703468182.740 3358
1703468183.037 3360
1703468183.309 3362
1703468183.608 3362
1703468183.881 3362
1703468184.169 3362
1703468184.456 3364
1703468184.760 3376
1703468185.039 3378
1703468185.326 3380
1703468185.613 3396
1703468185.882 3421
1703468186.153 3437
1703468186.425 3447
1703468186.699 3457
1703468186.972 3472
1703468187.271 3478
1703468187.553 3497
1703468187.825 3514
1703468188.105 3525
1703468188.392 3546
1703468188.663 3554
1703468188.928 3557
1703468189.204 3558
1703468189.473 3559
1703468189.754 3559
1703468190.034 3559
1703468190.310 3559
1703468190.609 3560
1703468190.915 3560
1703468191.195 3560
1703468191.491 3560
1703468191.767 3560
1703468192.046 3560
1703468192.327 3560
1703468192.611 3560
1703468192.885 3560
1703468193.180 3560
1703468193.482 3560
1703468193.805 3560
1703468194.080 3560
1703468194.355 3560
1703468194.634 3560
1703468194.953 3560
1703468195.222 3560
1703468195.498 3560
1703468195.772 3560
1703468196.052 3560
1703468196.337 3573
1703468196.625 3573
1703468196.921 3573
1703468197.214 3573
1703468197.513 3573
1703468197.808 3575
1703468198.101 3576
1703468198.434 3579
1703468198.728 3580
1703468199.013 3581
1703468199.344 3581
1703468199.635 3581
1703468199.914 3581
1703468200.203 3581
1703468200.540 3581
1703468200.834 3581
1703468201.125 3581
1703468201.412 3581
1703468201.693 3581
1703468201.971 3581
1703468202.248 3592
1703468202.549 3592
1703468202.840 3592
1703468203.125 3592
1703468203.387 3592
1703468203.670 3593
1703468203.969 3594
1703468204.287 3594
1703468204.600 3597
1703468204.887 3601
1703468205.165 3610
1703468205.464 3620
1703468205.749 3640
1703468206.085 3664
1703468206.363 3684
1703468206.658 3704
1703468206.966 3728
1703468207.297 3746
1703468207.584 3759
1703468207.864 3770
1703468208.171 3781
1703468208.490 3810
1703468208.767 3818
1703468209.043 3824
1703468209.330 3824
1703468209.602 3844
1703468209.884 3857
1703468210.167 3868
1703468210.456 3886
1703468210.753 3892
1703468211.126 3912
1703468211.440 3927
1703468211.719 3946
1703468211.997 3969
1703468212.299 3970
1703468212.577 3970
1703468212.882 3970
1703468213.165 3970
1703468213.458 3972
1703468213.749 3990
1703468214.042 3994
1703468214.325 3995
1703468214.674 3996
1703468214.954 3997
1703468215.238 3999
1703468215.527 4000
1703468215.808 4000
1703468216.085 4000
1703468216.372 4000
1703468216.643 4001
1703468216.913 4001
1703468217.196 4001
1703468217.500 4001
1703468217.853 4001
1703468218.128 4001
1703468218.399 4001
1703468218.708 4001
1703468218.974 4001
1703468219.257 4001
1703468219.542 4001
1703468219.824 4001
1703468220.101 4001
1703468220.391 4001
1703468220.679 4001
1703468220.968 4001
1703468221.259 4001
1703468221.554 4001
1703468221.830 4001
1703468222.111 4001
1703468222.392 4001
1703468222.663 4001
1703468222.986 4001
1703468223.274 4001
1703468223.569 4001
1703468223.875 4001
1703468224.155 4001
1703468224.435 4001
1703468224.738 4001
1703468225.020 4001
1703468225.302 4001
1703468225.609 4001
1703468225.890 4001
1703468226.216 4001
1703468226.530 4001
1703468226.786 4001
1703468227.082 4001
1703468227.341 4001
1703468227.604 4001
1703468227.900 4001
1703468228.162 4001
1703468228.424 4001
1703468228.689 4001
1703468228.968 4001
1703468229.250 4001
1703468229.510 4001
1703468229.749 4001
1703468230.017 4002
1703468230.291 4002
1703468230.572 4002
1703468230.876 4002
1703468231.178 4003
1703468231.467 4004
1703468231.748 4004
1703468232.017 4010
1703468232.300 4010
1703468232.598 4017
1703468232.881 4026
1703468233.164 4033
1703468233.440 4042
1703468233.719 4047
1703468233.998 4056
1703468234.272 4062
1703468234.568 4088
1703468234.829 4116
1703468235.096 4155
1703468235.383 4201
1703468235.676 4273
1703468235.993 4316
1703468236.279 4333
1703468236.567 4353
1703468236.846 4365
1703468237.124 4390
1703468237.400 4421
1703468237.675 4425
1703468237.949 4425
1703468238.230 4425
1703468238.516 4425
1703468238.801 4425
1703468239.079 4425
1703468239.417 4425
1703468239.705 4425
1703468239.992 4425
1703468240.275 4425
1703468240.538 4425
1703468240.802 4426
1703468241.097 4426
1703468241.411 4428
1703468241.686 4433
1703468241.947 4439
1703468242.216 4446
1703468242.532 4451
1703468242.838 4457
1703468243.128 4483
1703468243.410 4504
1703468243.716 4511
1703468244.022 4527
1703468244.304 4542
1703468244.639 4544
1703468244.910 4545
1703468245.187 4545
1703468245.464 4546
1703468245.757 4546
1703468246.009 4546
1703468246.292 4546
1703468246.618 4546
1703468246.938 4546
1703468247.220 4546
1703468247.495 4546
1703468247.782 4546
1703468248.058 4546
1703468248.348 4546
1703468248.623 4546
1703468248.906 4546
1703468249.190 4546
1703468249.472 4547
1703468249.755 4548
1703468250.072 4548
1703468250.363 4553
1703468250.648 4563
1703468250.974 4591
1703468251.251 4594
1703468251.545 4618
1703468251.857 4654
1703468252.135 4684
1703468252.425 4713
1703468252.724 4763
1703468253.087 4887
1703468253.377 4977
1703468253.659 5026
1703468253.943 5036
1703468254.214 5040
1703468254.500 5062
1703468254.766 5069
1703468255.052 5086
1703468255.332 5091
1703468255.626 5091
1703468255.917 5095
1703468256.218 5098
1703468256.558 5115
1703468256.830 5125
1703468257.102 5129
1703468257.386 5130
1703468257.670 5130
1703468257.967 5130
1703468258.245 5130
1703468258.531 5131
1703468258.810 5132
1703468259.119 5139
1703468259.392 5140
1703468259.676 5140
1703468259.969 5159
1703468260.256 5160
1703468260.565 5189
1703468260.845 5192
1703468261.133 5249
1703468261.424 5263
1703468261.742 5266
1703468262.019 5267
1703468262.279 5267
1703468262.561 5285
1703468262.852 5285
1703468263.134 5287
1703468263.417 5288
1703468263.732 5290
1703468264.038 5294
1703468264.325 5297
1703468264.631 5318
1703468264.922 5325
1703468265.192 5329
1703468265.487 5331
1703468265.771 5333
1703468266.070 5334
1703468266.350 5334
1703468266.630 5337
1703468266.906 5339
1703468267.180 5339
1703468267.467 5340
1703468267.745 5341
1703468268.008 5341
1703468268.300 5341
1703468268.577 5342
1703468268.851 5346
1703468269.176 5347
1703468269.463 5347
1703468269.748 5347
1703468270.023 5347
1703468270.304 5347
1703468270.589 5347
1703468270.877 5349
1703468271.187 5349
1703468271.467 5351
1703468271.749 5351
1703468272.024 5351
1703468272.304 5351
1703468272.585 5352
1703468272.871 5353
1703468273.156 5353
1703468273.445 5353
1703468273.727 5353
1703468274.016 5353
1703468274.303 5353
1703468274.562 5353
1703468274.870 5353
1703468275.171 5353
1703468275.446 5353
1703468275.731 5353
1703468276.072 5353
1703468276.342 5353
1703468276.622 5353
1703468276.923 5353
1703468277.201 5353
1703468277.482 5353
1703468277.769 5353
1703468278.045 5353
1703468278.326 5356
1703468278.608 5356
1703468278.890 5356
1703468279.199 5356
1703468279.513 5356
1703468279.786 5356
1703468280.104 5356
1703468280.373 5356
1703468280.640 5363
1703468280.914 5363
1703468281.192 5366
1703468281.485 5366
1703468281.776 5368
1703468282.044 5369
1703468282.352 5372
1703468282.668 5377
1703468282.968 5378
1703468283.267 5378
1703468283.570 5378
1703468283.850 5378
1703468284.129 5378
1703468284.411 5378
1703468284.739 5378
1703468285.096 5378
1703468285.378 5378
1703468285.671 5378
1703468285.966 5378
1703468286.274 5378
1703468286.560 5378
1703468286.839 5378
1703468287.116 5378
1703468287.395 5378
1703468287.675 5378
1703468287.946 5379
1703468288.223 5379
1703468288.492 5379
1703468288.807 5379
1703468289.112 5379
1703468289.385 5379
1703468289.662 5379
1703468289.921 5379
1703468290.185 5379
1703468290.441 5379
1703468290.705 5379
1703468291.010 5379
1703468291.268 5379
1703468291.541 5379
1703468291.788 5379
1703468292.051 5379
1703468292.313 5379
1703468292.577 5379
1703468292.825 5379
1703468293.096 5379
1703468293.359 5379
1703468293.634 5379
1703468293.909 5379
1703468294.175 5379
1703468294.449 5379
1703468294.723 5380
1703468294.986 5380
1703468295.258 5380
1703468295.525 5380
1703468295.806 5380
1703468296.075 5380
1703468296.346 5380
1703468296.620 5380
1703468296.887 5380
1703468297.162 5380
1703468297.464 5381
1703468297.774 5382
1703468298.049 5382
1703468298.316 5382
1703468298.588 5382
1703468298.862 5382
1703468299.121 5383
1703468299.389 5383
1703468299.706 5385
1703468299.980 5385
1703468300.245 5385
1703468300.511 5385
1703468300.786 5385
1703468301.041 5385
1703468301.344 5385
1703468301.609 5385
1703468301.897 5386
1703468302.173 5386
1703468302.448 5386
1703468302.743 5386
1703468303.025 5386
1703468303.295 5386
1703468303.567 5386
1703468303.853 5386
1703468304.121 5388
1703468304.393 5388
1703468304.668 5425
1703468304.941 5467
1703468305.212 5481
1703468305.512 5488
1703468305.787 5490
1703468306.065 5490
1703468306.342 5493
1703468306.633 5503
1703468306.902 5509
1703468307.178 5515
1703468307.454 5546
1703468307.755 5572
1703468308.029 5574
1703468308.301 5592
1703468308.575 5611
1703468308.854 5611
1703468309.133 5632
1703468309.400 5634
1703468309.690 5635
1703468309.946 5640
1703468310.233 5640
1703468310.479 5642
1703468310.749 5642
1703468311.009 5642
1703468311.284 5642
1703468311.576 5642
1703468311.887 5646
1703468312.153 5648
1703468312.440 5648
1703468312.752 5648
1703468313.024 5648
1703468313.289 5650
1703468313.558 5650
1703468313.846 5650
1703468314.147 5650
1703468314.432 5650
1703468314.699 5650
1703468314.979 5650
1703468315.284 5650
1703468315.547 5650
1703468315.799 5650
1703468316.062 5650
1703468316.318 5650
1703468316.572 5650
1703468316.825 5650
1703468317.082 5650
1703468317.354 5650
1703468317.599 5652
1703468317.858 5652
1703468318.129 5652
1703468318.369 5678
1703468318.619 5679
1703468318.895 5679
1703468319.148 5679
1703468319.402 5679
1703468319.683 5681
1703468319.924 5681
1703468320.170 5681
1703468320.438 5690
1703468320.716 5701
1703468320.991 5719
1703468321.264 5743
1703468321.526 5773
1703468321.804 5807
1703468322.100 5868
1703468322.394 5893
1703468322.669 5916
1703468322.954 5922
1703468323.279 5947
1703468323.553 5999
1703468323.815 6031
1703468324.131 6039
1703468324.391 6041
1703468324.687 6045
1703468324.972 6050
1703468325.255 6053
1703468325.524 6057
1703468325.787 6060
1703468326.066 6066
1703468326.344 6071
1703468326.599 6072
1703468326.867 6072
1703468327.125 6075
1703468327.395 6103
1703468327.662 6106
1703468327.932 6106
1703468328.225 6106
1703468328.551 6111
1703468328.841 6114
1703468329.114 6115
1703468329.393 6115
1703468329.682 6117
1703468329.961 6123
1703468330.234 6138
1703468330.523 6140
1703468330.756 6145
1703468331.022 6145
1703468331.282 6145
1703468331.546 6146
1703468331.824 6146
1703468332.130 6149
1703468332.412 6149
1703468332.684 6150
1703468332.984 6151
1703468333.251 6152
1703468333.528 6153
1703468333.804 6153
1703468334.077 6154
1703468334.356 6154
1703468334.632 6154
1703468334.909 6154
1703468335.195 6154
1703468335.492 6154
1703468335.768 6154
1703468336.046 6154
1703468336.312 6155
1703468336.571 6160
1703468336.827 6167
1703468337.085 6167
1703468337.339 6167
1703468337.599 6167
1703468337.875 6167
1703468338.147 6167
1703468338.428 6167
1703468338.689 6167
1703468338.944 6167
1703468339.232 6168
1703468339.527 6168
1703468339.807 6168
1703468340.085 6168
1703468340.368 6168
1703468340.652 6168
1703468340.916 6168
1703468341.194 6168
1703468341.464 6168
1703468341.737 6171
1703468342.008 6171
1703468342.275 6171
1703468342.572 6171
1703468342.833 6171
1703468343.117 6171
1703468343.442 6171
1703468343.744 6171
1703468344.050 6171
1703468344.317 6171
1703468344.585 6171
1703468344.878 6171
1703468345.128 6171
1703468345.419 6171
1703468345.685 6171
1703468345.970 6171
1703468346.276 6171
1703468346.553 6171
1703468346.841 6171
1703468347.111 6171
1703468347.385 6171
1703468347.674 6171
1703468347.960 6171
1703468348.284 6171
1703468348.561 6171
1703468348.842 6171
1703468349.128 6171
1703468349.428 6171
1703468349.716 6171
1703468349.997 6171
1703468350.282 6171
1703468350.562 6171
1703468350.855 6180
1703468351.198 6180
1703468351.485 6180
1703468351.762 6182
1703468352.042 6182
1703468352.317 6182
1703468352.597 6182
