1703467807.334 1.129 -0.166 
1703467807.335 1.129 -0.166 
1703467807.436 1.152 -0.173 
1703467807.535 1.196 -0.152 
1703467807.636 1.252 -0.048 
1703467807.736 1.305 0.069 
1703467807.836 1.352 0.177 
1703467807.936 1.419 0.281 
1703467808.037 1.493 0.375 
1703467808.137 1.557 0.473 
1703467808.236 1.622 0.569 
1703467808.337 1.698 0.660 
1703467812.545 2.031 0.682 
1703467812.644 2.078 0.766 
1703467812.745 2.157 0.879 
1703467812.846 2.219 0.965 
1703467812.945 2.245 0.919 
1703467813.045 2.259 0.840 
1703467813.146 2.228 0.714 
1703467813.245 2.157 0.571 
1703467813.345 2.089 0.430 
1703467813.446 2.030 0.295 
1703467813.545 1.969 0.170 
1703467813.648 1.923 0.040 
1703467813.746 1.885 -0.046 
1703467813.845 1.851 -0.103 
1703467813.946 1.823 -0.161 
1703467814.046 1.803 -0.235 
1703467814.146 1.797 -0.315 
1703467814.246 1.803 -0.395 
1703467814.347 1.776 -0.427 
1703467814.447 1.768 -0.462 
1703467814.547 1.769 -0.503 
1703467814.647 1.753 -0.539 
1703467814.747 1.747 -0.592 
1703467816.854 2.002 -0.664 
1703467816.855 2.002 -0.664 
1703467816.955 2.014 -0.681 
1703467817.056 1.988 -0.762 
1703467817.156 1.953 -0.889 
1703467817.255 1.920 -1.016 
1703467817.355 1.890 -1.130 
1703467817.455 1.872 -1.249 
1703467817.557 1.843 -1.366 
1703467817.657 1.812 -1.482 
1703467817.757 1.779 -1.599 
1703467817.857 1.748 -1.715 
1703467817.958 1.715 -1.832 
1703467818.057 1.683 -1.946 
1703467818.157 1.650 -2.062 
1703467818.257 1.616 -2.167 
1703467818.357 1.584 -2.274 
1703467818.457 1.570 -2.401 
1703467818.558 1.564 -2.528 
1703467818.657 1.563 -2.647 
1703467818.758 1.554 -2.764 
1703467818.858 1.549 -2.887 
1703467818.958 1.558 -3.010 
1703467819.058 1.577 -3.130 
1703467819.158 1.588 -3.243 
1703467819.259 1.602 -3.365 
1703467819.358 1.625 -3.485 
1703467819.458 1.660 -3.602 
1703467819.558 1.720 -3.728 
1703467819.658 1.788 -3.867 
1703467819.759 1.795 -3.968 
1703467819.859 1.822 -4.060 
1703467819.959 1.895 -4.148 
1703467820.059 1.999 -4.239 
1703467820.160 2.099 -4.292 
1703467820.259 2.136 -4.341 
1703467820.360 2.162 -4.397 
1703467820.460 2.218 -4.444 
1703467820.559 2.329 -4.495 
1703467820.660 2.447 -4.543 
1703467820.760 2.528 -4.573 
1703467820.861 2.585 -4.588 
1703467820.960 2.638 -4.606 
1703467821.061 2.696 -4.626 
1703467821.162 2.764 -4.732 
1703467821.260 2.831 -4.847 
1703467821.360 2.884 -4.910 
1703467821.461 2.922 -4.976 
1703467821.561 2.941 -5.073 
1703467821.661 2.964 -5.137 
1703467821.762 2.982 -5.206 
1703467821.861 3.007 -5.274 
1703467821.961 3.034 -5.336 
1703467822.062 3.055 -5.421 
1703467822.161 3.084 -5.509 
1703467822.262 3.125 -5.594 
1703467822.361 3.159 -5.661 
1703467822.462 3.194 -5.719 
1703467822.561 3.229 -5.788 
1703467822.662 3.270 -5.869 
1703467822.762 3.313 -5.957 
1703467822.862 3.340 -6.068 
1703467822.963 3.362 -6.165 
1703467823.063 3.382 -6.255 
1703467823.162 3.409 -6.324 
1703467823.263 3.396 -6.447 
1703467823.362 3.391 -6.545 
1703467823.463 3.380 -6.630 
1703467823.563 3.325 -6.728 
1703467823.663 3.266 -6.811 
1703467824.466 3.204 -6.742 
1703467824.566 3.135 -6.676 
1703467824.667 3.038 -6.585 
1703467824.767 2.929 -6.513 
1703467824.867 2.838 -6.458 
1703467824.966 2.760 -6.404 
1703467825.067 2.702 -6.364 
1703467825.168 2.665 -6.336 
1703467825.268 2.626 -6.306 
1703467825.367 2.580 -6.263 
1703467825.467 2.502 -6.192 
1703467825.568 2.409 -6.111 
1703467825.669 2.322 -6.038 
1703467825.768 2.243 -5.973 
1703467825.868 2.170 -5.918 
1703467825.975 2.089 -5.853 
1703467826.072 1.997 -5.798 
1703467826.170 1.890 -5.763 
1703467826.270 1.790 -5.724 
1703467826.369 1.702 -5.688 
1703467826.471 1.601 -5.667 
1703467826.569 1.500 -5.654 
1703467826.670 1.403 -5.653 
1703467826.771 1.311 -5.650 
1703467826.870 1.224 -5.657 
1703467826.970 1.135 -5.672 
1703467827.071 1.048 -5.684 
1703467827.171 0.973 -5.695 
1703467827.271 0.893 -5.689 
1703467827.372 0.813 -5.685 
1703467827.471 0.739 -5.681 
1703467827.572 0.664 -5.674 
1703467827.672 0.591 -5.672 
1703467827.772 0.512 -5.664 
1703467827.873 0.429 -5.658 
1703467827.971 0.351 -5.655 
1703467828.072 0.270 -5.646 
1703467828.174 0.183 -5.633 
1703467828.274 0.097 -5.621 
1703467828.373 0.006 -5.617 
1703467828.473 -0.077 -5.622 
1703467828.574 -0.164 -5.634 
1703467828.673 -0.259 -5.648 
1703467828.774 -0.347 -5.663 
1703467828.873 -0.430 -5.679 
1703467828.973 -0.508 -5.688 
1703467829.074 -0.587 -5.699 
1703467829.174 -0.684 -5.722 
1703467829.274 -0.795 -5.750 
1703467829.375 -0.890 -5.769 
1703467829.475 -0.975 -5.788 
1703467829.575 -1.049 -5.802 
1703467829.675 -1.117 -5.820 
1703467829.777 -1.176 -5.846 
1703467834.384 -0.937 -5.591 
1703467834.484 -0.993 -5.603 
1703467834.583 -1.123 -5.637 
1703467834.684 -1.176 -5.631 
1703467834.784 -1.174 -5.584 
1703467834.885 -1.122 -5.512 
1703467834.984 -1.016 -5.424 
1703467835.085 -0.896 -5.332 
1703467835.184 -0.832 -5.295 
1703467835.289 -0.800 -5.268 
1703467835.385 -0.780 -5.231 
1703467835.485 -0.724 -5.159 
1703467835.585 -0.646 -5.063 
1703467835.685 -0.557 -4.968 
1703467835.786 -0.507 -4.907 
1703467835.886 -0.472 -4.860 
1703467835.986 -0.423 -4.787 
1703467836.086 -0.358 -4.686 
1703467836.185 -0.296 -4.602 
1703467836.286 -0.259 -4.548 
1703467836.386 -0.221 -4.482 
1703467836.486 -0.174 -4.389 
1703467836.587 -0.124 -4.312 
1703467836.686 -0.084 -4.246 
1703467836.787 -0.048 -4.179 
1703467836.887 -0.017 -4.103 
1703467836.987 0.006 -4.019 
1703467837.087 0.032 -3.948 
1703467837.188 0.055 -3.878 
1703467837.288 0.072 -3.808 
1703467837.388 0.083 -3.732 
1703467837.488 0.071 -3.636 
1703467837.588 0.064 -3.552 
1703467837.688 0.058 -3.479 
1703467837.788 0.050 -3.410 
1703467837.888 0.027 -3.331 
1703467837.989 -0.016 -3.241 
1703467838.089 -0.054 -3.158 
1703467838.189 -0.077 -3.090 
1703467838.290 -0.093 -3.034 
1703467838.390 -0.120 -2.983 
1703467838.490 -0.190 -2.918 
1703467838.590 -0.267 -2.868 
1703467838.690 -0.298 -2.845 
1703467838.790 -0.321 -2.820 
1703467838.890 -0.371 -2.754 
1703467838.991 -0.432 -2.663 
1703467839.090 -0.509 -2.582 
1703467839.190 -0.579 -2.509 
1703467839.291 -0.632 -2.449 
1703467839.390 -0.680 -2.395 
1703467839.491 -0.740 -2.333 
1703467839.591 -0.802 -2.268 
1703467839.691 -0.852 -2.217 
1703467839.792 -0.900 -2.167 
1703467839.892 -0.957 -2.109 
1703467839.992 -1.010 -2.048 
1703467840.091 -1.044 -1.992 
1703467840.192 -1.061 -1.923 
1703467840.292 -1.044 -1.795 
1703467840.392 -0.998 -1.674 
1703467840.494 -0.945 -1.567 
1703467840.593 -0.875 -1.466 
1703467840.693 -0.789 -1.371 
1703467840.792 -0.680 -1.293 
1703467840.893 -0.596 -1.237 
1703467840.994 -0.521 -1.187 
1703467841.094 -0.444 -1.133 
1703467841.194 -0.372 -1.086 
1703467841.295 -0.305 -1.051 
1703467841.395 -0.252 -1.031 
1703467841.494 -0.200 -1.001 
1703467841.596 -0.127 -0.926 
1703467841.695 -0.050 -0.836 
1703467841.795 0.009 -0.764 
1703467841.895 0.068 -0.697 
1703467841.996 0.137 -0.617 
1703467842.096 0.205 -0.535 
1703467842.197 0.274 -0.447 
1703467842.297 0.347 -0.357 
1703467842.396 0.415 -0.261 
1703467842.496 0.480 -0.163 
1703467842.597 0.554 -0.068 
1703467842.696 0.624 0.026 
1703467842.797 0.689 0.125 
1703467842.897 0.743 0.215 
1703467842.997 0.800 0.304 
1703467843.096 0.852 0.392 
1703467843.196 0.897 0.472 
1703467843.297 0.943 0.535 
1703467843.396 0.979 0.596 
1703467843.497 1.010 0.656 
1703467843.598 1.047 0.730 
1703467843.697 1.084 0.881 
1703467843.798 1.130 1.008 
1703467843.897 1.162 1.091 
1703467843.998 1.187 1.189 
1703467844.098 1.216 1.278 
1703467844.198 1.245 1.361 
1703467844.298 1.275 1.445 
1703467844.398 1.306 1.533 
1703467844.498 1.312 1.632 
1703467844.599 1.296 1.734 
1703467844.699 1.263 1.827 
1703467844.799 1.229 1.920 
1703467844.900 1.194 2.008 
1703467844.999 1.153 2.087 
1703467845.100 1.119 2.159 
1703467845.200 1.105 2.236 
1703467845.300 1.103 2.315 
1703467845.400 1.097 2.393 
1703467845.500 1.089 2.474 
1703467845.600 1.081 2.551 
1703467845.700 1.074 2.614 
1703467845.800 1.065 2.674 
1703467845.900 1.088 2.759 
1703467846.000 1.127 2.839 
1703467846.101 1.162 2.911 
1703467846.201 1.167 2.972 
1703467846.301 1.186 3.044 
1703467846.401 1.201 3.121 
1703467846.501 1.232 3.193 
1703467846.601 1.272 3.265 
1703467846.701 1.317 3.337 
1703467846.802 1.372 3.421 
1703467846.902 1.427 3.506 
1703467847.002 1.487 3.601 
1703467847.102 1.546 3.696 
1703467847.202 1.607 3.793 
1703467847.302 1.669 3.890 
1703467847.402 1.732 3.983 
1703467847.503 1.792 4.074 
1703467847.604 1.844 4.159 
1703467847.704 1.897 4.237 
1703467847.804 1.957 4.309 
1703467847.903 2.012 4.382 
1703467848.004 2.074 4.477 
1703467848.104 2.131 4.553 
1703467848.204 2.178 4.612 
1703467848.305 2.248 4.671 
1703467848.405 2.342 4.732 
1703467848.505 2.439 4.782 
1703467848.605 2.565 4.808 
1703467848.705 2.709 4.807 
1703467848.806 2.846 4.803 
1703467848.906 2.977 4.802 
1703467849.005 3.094 4.805 
1703467849.107 3.201 4.809 
1703467849.208 3.282 4.813 
1703467849.309 3.350 4.827 
1703467849.410 3.415 4.843 
1703467849.510 3.498 4.827 
1703467849.609 3.595 4.814 
1703467849.711 3.697 4.792 
1703467849.810 3.775 4.736 
1703467849.910 3.863 4.635 
1703467850.011 3.938 4.548 
1703467850.111 3.998 4.479 
1703467850.210 4.053 4.412 
1703467850.312 4.106 4.342 
1703467850.412 4.156 4.284 
1703467850.512 4.209 4.242 
1703467850.613 4.271 4.201 
1703467850.712 4.326 4.152 
1703467850.813 4.388 4.101 
1703467850.913 4.452 4.048 
1703467851.013 4.519 3.992 
1703467851.113 4.586 3.931 
1703467851.213 4.656 3.869 
1703467851.312 4.727 3.813 
1703467851.413 4.788 3.758 
1703467851.513 4.853 3.692 
1703467851.614 4.950 3.603 
1703467851.714 5.052 3.482 
1703467851.814 5.129 3.374 
1703467851.915 5.213 3.282 
1703467852.014 5.279 3.174 
1703467852.118 5.315 3.048 
1703467852.218 5.318 2.911 
1703467854.129 5.236 2.476 
1703467854.130 5.236 2.476 
1703467854.231 5.194 2.398 
1703467854.331 5.150 2.265 
1703467854.431 5.115 2.143 
1703467854.532 5.091 2.045 
1703467854.631 5.071 1.922 
1703467854.732 5.055 1.795 
1703467854.835 5.035 1.677 
1703467854.935 5.022 1.558 
1703467855.036 5.011 1.437 
1703467855.135 4.997 1.317 
1703467855.236 4.985 1.197 
1703467855.336 4.975 1.077 
1703467855.435 4.964 0.957 
1703467855.536 4.953 0.837 
1703467855.636 4.942 0.716 
1703467855.736 4.933 0.596 
1703467855.837 4.926 0.477 
1703467855.938 4.918 0.355 
1703467856.037 4.909 0.236 
1703467856.139 4.902 0.126 
1703467856.240 4.897 0.056 
1703467856.340 4.896 -0.019 
1703467856.439 4.903 -0.128 
1703467856.539 4.912 -0.240 
1703467856.640 4.920 -0.345 
1703467856.739 4.930 -0.453 
1703467856.839 4.940 -0.541 
1703467856.941 4.942 -0.602 
1703467857.040 4.934 -0.643 
1703467857.140 4.937 -0.697 
1703467857.241 4.926 -0.757 
1703467857.340 4.941 -0.851 
1703467857.441 4.989 -0.969 
1703467857.541 5.058 -1.062 
1703467857.641 5.135 -1.102 
1703467857.741 5.190 -1.109 
1703467857.841 5.212 -1.122 
1703467857.941 5.252 -1.165 
1703467858.041 5.301 -1.236 
1703467858.142 5.352 -1.313 
1703467858.242 5.391 -1.386 
1703467858.342 5.420 -1.448 
1703467858.442 5.443 -1.485 
1703467858.542 5.473 -1.531 
1703467858.643 5.523 -1.599 
1703467858.742 5.594 -1.683 
1703467858.842 5.650 -1.765 
1703467858.942 5.699 -1.836 
1703467859.043 5.747 -1.904 
1703467859.143 5.783 -1.959 
1703467859.243 5.837 -1.999 
1703467861.047 5.795 -2.075 
1703467861.147 5.822 -2.028 
1703467861.247 5.857 -1.909 
1703467861.350 5.897 -1.790 
1703467861.450 5.949 -1.705 
1703467861.550 5.972 -1.604 
1703467861.651 6.012 -1.487 
1703467861.750 6.042 -1.396 
1703467861.850 6.067 -1.301 
1703467861.951 6.075 -1.182 
1703467862.051 6.093 -1.066 
1703467862.150 6.110 -0.951 
1703467862.251 6.121 -0.835 
1703467862.351 6.135 -0.721 
1703467862.450 6.153 -0.620 
1703467862.551 6.167 -0.528 
1703467862.651 6.177 -0.431 
1703467862.752 6.192 -0.337 
1703467862.852 6.200 -0.249 
1703467862.952 6.225 -0.132 
1703467863.052 6.271 -0.020 
1703467863.152 6.285 0.052 
1703467863.252 6.314 0.129 
1703467863.352 6.349 0.225 
1703467863.452 6.378 0.331 
1703467863.551 6.413 0.429 
1703467863.651 6.464 0.514 
1703467863.752 6.528 0.594 
1703467863.853 6.582 0.662 
1703467863.952 6.630 0.716 
1703467864.053 6.691 0.773 
1703467864.152 6.764 0.846 
1703467864.253 6.871 0.923 
1703467864.353 6.947 0.977 
1703467864.453 7.007 1.034 
1703467864.552 7.063 1.094 
1703467864.653 7.110 1.150 
1703467864.753 7.151 1.199 
1703467864.853 7.212 1.236 
1703467864.953 7.288 1.270 
1703467865.053 7.372 1.317 
1703467865.154 7.444 1.367 
1703467865.254 7.502 1.407 
1703467865.355 7.556 1.442 
1703467865.454 7.625 1.474 
1703467865.554 7.722 1.542 
1703467865.655 7.814 1.620 
1703467865.754 7.882 1.683 
1703467865.855 7.951 1.746 
1703467865.954 8.013 1.803 
1703467866.055 8.068 1.853 
1703467866.154 8.102 1.925 
1703467866.256 8.120 2.023 
1703467866.355 8.144 2.115 
1703467866.455 8.168 2.208 
1703467866.555 8.185 2.301 
1703467866.655 8.195 2.389 
1703467866.756 8.197 2.481 
1703467866.855 8.191 2.580 
1703467866.957 8.201 2.664 
1703467867.058 8.227 2.731 
1703467867.157 8.237 2.810 
1703467867.256 8.219 2.898 
1703467867.357 8.197 2.988 
1703467867.456 8.176 3.078 
1703467867.556 8.146 3.166 
1703467867.657 8.103 3.240 
1703467867.757 8.020 3.302 
1703467867.857 7.951 3.362 
1703467867.957 7.884 3.415 
1703467868.057 7.786 3.453 
1703467868.157 7.692 3.489 
1703467868.257 7.595 3.506 
1703467868.357 7.502 3.503 
1703467868.457 7.410 3.495 
1703467868.558 7.287 3.469 
1703467868.659 7.171 3.444 
1703467868.758 7.095 3.425 
1703467868.858 7.008 3.413 
1703467868.959 6.902 3.396 
1703467869.058 6.797 3.376 
1703467869.159 6.698 3.356 
1703467869.259 6.632 3.349 
1703467869.359 6.568 3.343 
1703467869.460 6.484 3.329 
1703467869.560 6.377 3.327 
1703467869.660 6.278 3.327 
1703467869.760 6.200 3.322 
1703467869.860 6.152 3.305 
1703467869.960 6.127 3.271 
1703467870.061 6.052 3.296 
1703467870.160 5.941 3.394 
1703467870.261 5.842 3.455 
1703467870.360 5.755 3.504 
1703467870.461 5.674 3.591 
1703467870.561 5.590 3.687 
1703467870.661 5.523 3.761 
1703467870.761 5.462 3.843 
1703467870.862 5.428 3.945 
1703467870.962 5.409 4.064 
1703467871.063 5.401 4.189 
1703467871.162 5.406 4.312 
1703467871.262 5.415 4.434 
1703467871.362 5.426 4.557 
1703467871.463 5.449 4.677 
1703467871.562 5.479 4.789 
1703467871.663 5.518 4.903 
1703467871.762 5.563 5.012 
1703467871.862 5.607 5.121 
1703467871.973 5.655 5.233 
1703467872.068 5.700 5.342 
1703467872.167 5.739 5.453 
1703467872.266 5.774 5.565 
1703467872.366 5.813 5.678 
1703467872.466 5.857 5.791 
1703467872.567 5.885 5.902 
1703467872.666 5.896 6.014 
1703467872.766 5.901 6.135 
1703467872.866 5.913 6.255 
1703467872.967 5.930 6.359 
1703467873.066 5.945 6.433 
1703467873.166 5.951 6.513 
1703467873.267 5.952 6.595 
1703467873.367 5.945 6.675 
1703467873.468 5.933 6.755 
1703467873.567 5.913 6.834 
1703467873.668 5.872 6.907 
1703467873.767 5.805 6.965 
1703467873.868 5.735 7.017 
1703467873.968 5.678 7.062 
1703467874.069 5.629 7.108 
1703467874.168 5.566 7.150 
1703467874.268 5.508 7.200 
1703467874.369 5.398 7.231 
1703467874.469 5.308 7.278 
1703467874.569 5.232 7.318 
1703467874.669 5.150 7.333 
1703467874.769 5.079 7.339 
1703467874.869 5.014 7.343 
1703467874.970 4.928 7.311 
1703467875.070 4.843 7.237 
1703467875.169 4.786 7.192 
1703467875.270 4.754 7.158 
1703467875.370 4.725 7.116 
1703467875.470 4.651 7.070 
1703467875.570 4.507 7.034 
1703467875.670 4.435 6.981 
1703467875.771 4.388 6.949 
1703467875.870 4.295 6.966 
1703467875.970 4.215 6.979 
1703467876.070 4.150 6.991 
1703467876.171 4.095 7.003 
1703467876.272 4.042 7.020 
1703467876.371 3.975 7.058 
1703467876.471 3.882 7.137 
1703467876.571 3.799 7.196 
1703467876.671 3.719 7.245 
1703467876.774 3.618 7.286 
1703467876.874 3.531 7.321 
1703467876.974 3.490 7.336 
1703467877.075 3.443 7.365 
1703467877.175 3.380 7.396 
1703467877.275 3.276 7.420 
1703467877.375 3.171 7.441 
1703467877.475 3.087 7.463 
1703467877.575 3.008 7.483 
1703467877.676 2.906 7.495 
1703467877.776 2.784 7.509 
1703467877.876 2.682 7.528 
1703467877.975 2.586 7.547 
1703467878.076 2.485 7.566 
1703467878.176 2.392 7.581 
1703467878.276 2.309 7.591 
1703467878.377 2.250 7.592 
1703467878.476 2.177 7.555 
1703467878.577 2.068 7.501 
1703467878.677 1.967 7.450 
1703467878.777 1.889 7.403 
1703467878.878 1.816 7.334 
1703467878.978 1.739 7.259 
1703467879.077 1.670 7.184 
1703467879.178 1.603 7.109 
1703467879.277 1.536 7.033 
1703467879.379 1.477 6.955 
1703467879.478 1.416 6.874 
1703467879.578 1.356 6.802 
1703467879.678 1.295 6.727 
1703467879.779 1.233 6.648 
1703467879.878 1.174 6.576 
1703467879.979 1.115 6.504 
1703467880.078 1.058 6.435 
1703467880.178 1.003 6.365 
1703467880.278 0.952 6.292 
1703467880.378 0.899 6.222 
1703467880.479 0.845 6.151 
1703467880.578 0.800 6.089 
1703467880.679 0.764 5.991 
1703467885.787 1.191 5.740 
1703467885.788 1.191 5.740 
1703467885.888 1.199 5.769 
1703467885.988 1.165 5.827 
1703467886.090 1.069 5.915 
1703467886.189 0.998 6.004 
1703467886.289 0.935 6.078 
1703467886.389 0.860 6.152 
1703467886.489 0.778 6.236 
1703467886.589 0.705 6.319 
1703467886.695 0.635 6.403 
1703467886.789 0.547 6.479 
1703467886.890 0.459 6.566 
1703467886.989 0.375 6.652 
1703467887.089 0.287 6.732 
1703467887.190 0.198 6.814 
1703467887.290 0.111 6.897 
1703467887.391 0.027 6.977 
1703467887.490 -0.064 7.062 
1703467887.590 -0.155 7.151 
1703467887.690 -0.243 7.231 
1703467887.791 -0.332 7.312 
1703467887.891 -0.425 7.394 
1703467887.990 -0.516 7.471 
1703467888.091 -0.605 7.550 
1703467888.191 -0.693 7.628 
1703467888.291 -0.786 7.702 
1703467888.391 -0.885 7.771 
1703467888.491 -0.981 7.840 
1703467888.592 -1.070 7.912 
1703467888.692 -1.161 7.985 
1703467888.791 -1.264 8.045 
1703467888.892 -1.374 8.090 
1703467888.992 -1.464 8.142 
1703467889.092 -1.556 8.190 
1703467889.192 -1.662 8.215 
1703467889.293 -1.766 8.215 
1703467889.392 -1.878 8.190 
1703467889.492 -1.966 8.154 
1703467889.593 -2.000 8.171 
1703467889.694 -2.022 8.179 
1703467889.792 -2.035 8.109 
1703467889.893 -2.037 8.027 
1703467894.803 -1.774 8.183 
1703467894.804 -1.774 8.183 
1703467894.904 -1.798 8.149 
1703467895.004 -1.815 8.136 
1703467895.104 -1.772 8.170 
1703467895.204 -1.659 8.218 
1703467895.304 -1.554 8.279 
1703467895.405 -1.452 8.343 
1703467895.505 -1.356 8.410 
1703467895.605 -1.257 8.472 
1703467895.705 -1.156 8.532 
1703467895.805 -1.044 8.580 
1703467895.905 -0.952 8.627 
1703467896.005 -0.887 8.673 
1703467896.106 -0.812 8.709 
1703467896.206 -0.724 8.730 
1703467896.306 -0.634 8.749 
1703467896.406 -0.543 8.768 
1703467896.507 -0.454 8.782 
1703467896.606 -0.364 8.791 
1703467896.706 -0.276 8.796 
1703467896.807 -0.187 8.794 
1703467896.907 -0.097 8.793 
1703467897.007 -0.010 8.794 
1703467897.107 0.077 8.792 
1703467897.207 0.166 8.790 
1703467897.307 0.252 8.789 
1703467897.407 0.337 8.787 
1703467897.508 0.422 8.785 
1703467897.608 0.507 8.782 
1703467897.708 0.591 8.780 
1703467897.808 0.674 8.777 
1703467897.908 0.757 8.776 
1703467898.008 0.843 8.779 
1703467898.109 0.925 8.777 
1703467898.208 1.006 8.775 
1703467898.309 1.085 8.775 
1703467898.408 1.166 8.776 
1703467898.508 1.247 8.785 
1703467898.608 1.328 8.798 
1703467898.709 1.395 8.800 
1703467898.809 1.462 8.797 
1703467898.909 1.542 8.797 
1703467899.011 1.662 8.791 
1703467899.109 1.766 8.798 
1703467899.210 1.850 8.806 
1703467899.310 1.938 8.808 
1703467899.410 2.019 8.804 
1703467899.510 2.090 8.785 
1703467899.610 2.156 8.758 
1703467899.710 2.235 8.735 
1703467899.810 2.304 8.710 
1703467899.911 2.360 8.684 
1703467900.010 2.412 8.659 
1703467900.111 2.507 8.644 
1703467900.211 2.626 8.633 
1703467900.311 2.742 8.623 
1703467900.411 2.835 8.617 
1703467900.512 2.871 8.627 
1703467902.119 2.821 8.675 
1703467902.119 2.821 8.675 
1703467902.219 2.867 8.577 
1703467902.319 2.924 8.469 
1703467902.420 2.965 8.379 
1703467902.520 3.029 8.295 
1703467902.620 3.128 8.200 
1703467902.720 3.222 8.108 
1703467902.821 3.308 8.022 
1703467902.924 3.392 7.935 
1703467903.021 3.473 7.850 
1703467903.121 3.558 7.761 
1703467903.221 3.641 7.675 
1703467903.321 3.723 7.590 
1703467903.422 3.809 7.503 
1703467903.520 3.894 7.420 
1703467903.622 3.981 7.334 
1703467903.722 4.065 7.250 
1703467903.822 4.151 7.169 
1703467903.923 4.243 7.091 
1703467904.022 4.335 7.014 
1703467904.122 4.423 6.932 
1703467904.222 4.511 6.856 
1703467904.323 4.605 6.783 
1703467904.422 4.704 6.713 
1703467904.523 4.798 6.642 
1703467904.623 4.888 6.567 
1703467904.725 4.985 6.495 
1703467904.824 5.087 6.431 
1703467904.924 5.189 6.372 
1703467905.024 5.288 6.312 
1703467905.125 5.387 6.254 
1703467905.224 5.489 6.200 
1703467905.325 5.601 6.153 
1703467905.424 5.719 6.120 
1703467905.525 5.840 6.104 
1703467905.625 5.954 6.092 
1703467905.725 6.071 6.103 
1703467905.825 6.183 6.131 
1703467905.925 6.293 6.173 
1703467906.026 6.396 6.211 
1703467906.126 6.483 6.239 
1703467906.226 6.536 6.259 
1703467906.326 6.587 6.298 
1703467906.425 6.634 6.334 
1703467906.527 6.675 6.360 
1703467906.626 6.724 6.390 
1703467906.726 6.792 6.438 
1703467906.827 6.887 6.490 
1703467906.926 6.986 6.538 
1703467907.027 7.076 6.579 
1703467907.127 7.166 6.622 
1703467907.227 7.257 6.684 
1703467907.327 7.314 6.744 
1703467907.428 7.359 6.799 
1703467907.527 7.429 6.840 
1703467907.628 7.489 6.836 
1703467907.727 7.581 6.869 
1703467907.827 7.632 6.901 
1703467907.928 7.711 6.941 
1703467908.027 7.845 6.971 
1703467908.128 7.914 6.996 
1703467908.228 7.964 7.018 
1703467913.037 8.133 7.039 
1703467913.137 8.057 7.034 
1703467913.237 7.970 7.011 
1703467913.336 7.878 6.986 
1703467913.437 7.793 6.940 
1703467913.538 7.696 6.874 
1703467913.638 7.597 6.806 
1703467913.738 7.497 6.739 
1703467913.838 7.401 6.674 
1703467913.939 7.307 6.601 
1703467914.038 7.216 6.525 
1703467914.138 7.132 6.458 
1703467914.239 7.057 6.400 
1703467914.338 6.985 6.344 
1703467914.438 6.906 6.289 
1703467914.539 6.828 6.239 
1703467914.639 6.768 6.195 
1703467916.553 6.408 5.937 
1703467916.554 6.408 5.937 
1703467916.655 6.390 5.935 
1703467916.755 6.317 5.883 
1703467916.854 6.212 5.812 
1703467916.954 6.106 5.743 
1703467917.055 6.013 5.666 
1703467917.155 5.912 5.595 
1703467917.254 5.821 5.522 
1703467917.356 5.736 5.441 
1703467917.455 5.647 5.362 
1703467917.556 5.560 5.281 
1703467917.655 5.480 5.198 
1703467917.756 5.403 5.111 
1703467917.856 5.323 5.026 
1703467917.956 5.242 4.941 
1703467918.056 5.163 4.856 
1703467918.156 5.086 4.769 
1703467918.256 5.008 4.679 
1703467918.357 4.929 4.586 
1703467918.456 4.850 4.493 
1703467918.557 4.773 4.405 
1703467918.657 4.694 4.320 
1703467918.757 4.608 4.236 
1703467918.857 4.524 4.154 
1703467918.957 4.439 4.067 
1703467919.057 4.355 3.982 
1703467919.158 4.268 3.897 
1703467919.258 4.184 3.818 
1703467919.357 4.105 3.751 
1703467919.459 4.032 3.686 
1703467919.558 3.964 3.638 
1703467919.658 3.890 3.597 
1703467919.758 3.815 3.550 
1703467919.858 3.742 3.504 
1703467919.958 3.674 3.457 
1703467920.058 3.582 3.410 
1703467920.159 3.492 3.359 
1703467920.258 3.437 3.310 
1703467920.359 3.378 3.267 
1703467920.459 3.290 3.228 
1703467920.559 3.196 3.191 
1703467920.660 3.105 3.153 
1703467920.759 3.019 3.116 
1703467920.860 2.946 3.084 
1703467920.960 2.872 3.058 
1703467921.059 2.784 3.035 
1703467921.160 2.685 3.010 
1703467921.260 2.595 2.987 
1703467921.360 2.509 2.967 
1703467921.460 2.422 2.944 
1703467921.560 2.336 2.922 
1703467921.660 2.248 2.903 
1703467921.760 2.159 2.887 
1703467921.863 2.070 2.871 
1703467921.961 1.985 2.856 
1703467922.061 1.896 2.838 
1703467922.161 1.808 2.822 
1703467922.263 1.720 2.808 
1703467922.362 1.635 2.795 
1703467922.462 1.549 2.783 
1703467922.563 1.460 2.771 
1703467922.662 1.374 2.763 
1703467922.763 1.285 2.756 
1703467922.863 1.198 2.749 
1703467922.964 1.113 2.741 
1703467923.063 1.033 2.733 
1703467923.163 0.945 2.729 
1703467923.263 0.861 2.728 
1703467923.364 0.774 2.724 
1703467923.463 0.691 2.720 
1703467923.563 0.608 2.717 
1703467923.663 0.523 2.713 
1703467923.764 0.436 2.712 
1703467923.863 0.355 2.710 
1703467923.964 0.268 2.706 
1703467924.064 0.183 2.704 
1703467924.165 0.099 2.701 
1703467924.265 0.013 2.698 
1703467924.365 -0.071 2.694 
1703467924.464 -0.155 2.690 
1703467924.565 -0.242 2.685 
1703467924.664 -0.328 2.681 
1703467924.765 -0.414 2.677 
1703467924.865 -0.499 2.672 
1703467924.965 -0.585 2.668 
1703467925.065 -0.668 2.665 
1703467925.165 -0.751 2.662 
1703467925.265 -0.833 2.659 
1703467925.365 -0.915 2.655 
1703467925.465 -0.995 2.651 
1703467925.566 -1.075 2.648 
1703467925.666 -1.150 2.644 
1703467925.766 -1.223 2.640 
1703467925.866 -1.298 2.631 
1703467925.967 -1.410 2.613 
1703467926.067 -1.516 2.607 
1703467926.167 -1.599 2.595 
1703467926.268 -1.665 2.587 
1703467926.367 -1.728 2.567 
1703467926.468 -1.810 2.496 
1703467926.567 -1.875 2.462 
1703467926.667 -1.940 2.437 
1703467926.767 -1.989 2.380 
1703467926.868 -2.029 2.313 
1703467926.967 -2.054 2.268 
1703467927.067 -2.053 2.212 
1703467927.167 -2.052 2.145 
1703467927.268 -2.060 2.079 
1703467927.368 -2.054 1.995 
1703467927.468 -2.053 1.892 
1703467927.568 -2.075 1.805 
1703467927.669 -2.105 1.725 
1703467927.768 -2.135 1.653 
1703467927.869 -2.164 1.589 
1703467927.970 -2.194 1.523 
1703467928.069 -2.224 1.459 
1703467928.169 -2.254 1.395 
1703467928.269 -2.278 1.329 
1703467928.368 -2.305 1.269 
1703467928.469 -2.331 1.210 
1703467928.570 -2.354 1.147 
1703467928.669 -2.360 1.062 
1703467928.770 -2.361 0.984 
1703467928.880 -2.357 0.912 
1703467928.977 -2.363 0.862 
1703467929.076 -2.365 0.815 
1703467929.176 -2.342 0.743 
1703467929.275 -2.280 0.634 
1703467929.384 -2.224 0.524 
1703467929.475 -2.200 0.480 
1703467929.577 -2.185 0.435 
1703467929.676 -2.157 0.354 
1703467929.776 -2.120 0.242 
1703467929.877 -2.098 0.154 
1703467929.976 -2.069 0.072 
1703467930.077 -2.027 -0.024 
1703467930.176 -1.982 -0.127 
1703467930.278 -1.936 -0.234 
1703467930.377 -1.894 -0.336 
1703467930.477 -1.853 -0.437 
1703467930.580 -1.807 -0.536 
1703467930.682 -1.757 -0.640 
1703467930.780 -1.710 -0.742 
1703467930.880 -1.663 -0.844 
1703467930.980 -1.616 -0.943 
1703467931.080 -1.566 -1.044 
1703467931.181 -1.517 -1.143 
1703467931.281 -1.465 -1.242 
1703467931.384 -1.418 -1.340 
1703467931.481 -1.375 -1.429 
1703467931.581 -1.325 -1.527 
1703467931.681 -1.276 -1.621 
1703467931.781 -1.230 -1.710 
1703467931.881 -1.184 -1.794 
1703467931.981 -1.143 -1.875 
1703467932.081 -1.098 -1.957 
1703467932.181 -1.057 -2.036 
1703467932.282 -1.018 -2.112 
1703467932.382 -0.978 -2.178 
1703467932.482 -0.940 -2.247 
1703467932.582 -0.888 -2.329 
1703467932.682 -0.838 -2.417 
1703467932.783 -0.794 -2.491 
1703467932.883 -0.749 -2.569 
1703467932.982 -0.691 -2.661 
1703467933.082 -0.648 -2.745 
1703467933.183 -0.604 -2.818 
1703467933.284 -0.561 -2.888 
1703467933.385 -0.513 -2.964 
1703467933.484 -0.465 -3.038 
1703467933.583 -0.416 -3.053 
1703467933.683 -0.372 -3.094 
1703467933.784 -0.321 -3.186 
1703467933.883 -0.289 -3.304 
1703467933.984 -0.300 -3.406 
1703467934.084 -0.336 -3.482 
1703467934.184 -0.379 -3.510 
1703467934.284 -0.436 -3.455 
1703467934.384 -0.478 -3.419 
1703467934.485 -0.468 -3.456 
1703467934.584 -0.426 -3.542 
1703467934.684 -0.382 -3.654 
1703467935.387 -0.278 -3.746 
1703467935.388 -0.277 -3.746 
1703467935.490 -0.282 -3.844 
1703467935.589 -0.307 -3.989 
1703467935.688 -0.319 -4.120 
1703467935.789 -0.323 -4.228 
1703467935.890 -0.331 -4.341 
1703467935.989 -0.343 -4.465 
1703467936.089 -0.345 -4.578 
1703467936.189 -0.353 -4.691 
1703467936.290 -0.372 -4.803 
1703467936.390 -0.402 -4.916 
1703467936.490 -0.435 -5.028 
1703467936.590 -0.474 -5.136 
1703467936.690 -0.524 -5.239 
1703467936.792 -0.580 -5.338 
1703467936.891 -0.637 -5.431 
1703467936.991 -0.711 -5.516 
1703467937.092 -0.789 -5.596 
1703467937.191 -0.870 -5.674 
1703467937.292 -0.979 -5.736 
1703467937.392 -1.085 -5.792 
1703467937.492 -1.194 -5.843 
1703467937.593 -1.303 -5.903 
1703467937.692 -1.387 -5.954 
1703467937.792 -1.467 -5.992 
1703467937.892 -1.560 -6.032 
1703467937.995 -1.670 -6.072 
1703467938.093 -1.781 -6.113 
1703467938.193 -1.886 -6.149 
1703467938.294 -1.998 -6.181 
1703467938.393 -2.116 -6.209 
1703467938.495 -2.238 -6.236 
1703467938.592 -2.348 -6.253 
1703467938.693 -2.466 -6.269 
1703467938.794 -2.584 -6.294 
1703467938.894 -2.701 -6.317 
1703467938.994 -2.818 -6.339 
1703467939.094 -2.936 -6.357 
1703467939.194 -3.054 -6.380 
1703467939.293 -3.173 -6.401 
1703467939.394 -3.291 -6.422 
1703467939.495 -3.410 -6.441 
1703467939.594 -3.527 -6.461 
1703467939.694 -3.645 -6.482 
1703467939.795 -3.763 -6.503 
1703467939.894 -3.880 -6.522 
1703467939.995 -3.999 -6.543 
1703467940.095 -4.117 -6.564 
1703467940.196 -4.236 -6.585 
1703467940.295 -4.353 -6.606 
1703467940.396 -4.470 -6.626 
1703467940.495 -4.585 -6.647 
1703467940.595 -4.701 -6.670 
1703467940.695 -4.812 -6.693 
1703467940.796 -4.912 -6.717 
1703467940.898 -4.994 -6.737 
1703467940.997 -5.069 -6.753 
1703467941.097 -5.146 -6.768 
1703467941.196 -5.254 -6.838 
1703467941.297 -5.352 -6.911 
1703467941.402 -5.430 -6.953 
1703467941.498 -5.499 -6.977 
1703467941.598 -5.589 -7.018 
1703467941.699 -5.673 -7.086 
1703467941.798 -5.750 -7.153 
1703467941.897 -5.821 -7.255 
1703467941.998 -5.870 -7.387 
1703467942.100 -5.897 -7.519 
1703467942.201 -5.905 -7.646 
1703467942.300 -5.889 -7.769 
1703467942.399 -5.831 -7.883 
1703467942.499 -5.741 -7.972 
1703467942.598 -5.609 -8.034 
1703467942.698 -5.518 -8.041 
1703467942.799 -5.426 -8.062 
1703467942.898 -5.322 -8.137 
1703467942.999 -5.241 -8.195 
1703467943.099 -5.142 -8.273 
1703467943.199 -5.053 -8.351 
1703467943.299 -4.988 -8.398 
1703467943.400 -4.910 -8.446 
1703467943.499 -4.830 -8.500 
1703467943.600 -4.752 -8.555 
1703467943.700 -4.676 -8.608 
1703467943.800 -4.593 -8.660 
1703467943.901 -4.504 -8.707 
1703467944.001 -4.405 -8.736 
1703467944.100 -4.299 -8.756 
1703467944.201 -4.230 -8.794 
1703467944.300 -4.133 -8.818 
1703467944.401 -4.016 -8.824 
1703467944.500 -3.900 -8.833 
1703467944.601 -3.788 -8.812 
1703467944.701 -3.680 -8.759 
1703467944.802 -3.570 -8.693 
1703467944.901 -3.468 -8.638 
1703467945.001 -3.380 -8.579 
1703467945.104 -3.273 -8.512 
1703467945.203 -3.177 -8.443 
1703467945.302 -3.116 -8.410 
1703467945.403 -3.077 -8.385 
1703467945.502 -3.026 -8.361 
1703467945.603 -2.955 -8.340 
1703467945.703 -2.864 -8.323 
1703467945.803 -2.803 -8.299 
1703467945.903 -2.739 -8.281 
1703467946.002 -2.670 -8.269 
1703467946.103 -2.597 -8.266 
1703467946.203 -2.523 -8.264 
1703467946.303 -2.416 -8.272 
1703467946.404 -2.322 -8.272 
1703467946.503 -2.228 -8.264 
1703467946.604 -2.132 -8.257 
1703467946.704 -2.032 -8.256 
1703467946.803 -1.939 -8.250 
1703467946.904 -1.846 -8.243 
1703467947.004 -1.758 -8.232 
1703467947.105 -1.677 -8.215 
1703467947.204 -1.588 -8.200 
1703467947.304 -1.494 -8.189 
1703467947.405 -1.403 -8.181 
1703467947.505 -1.311 -8.176 
1703467947.606 -1.234 -8.169 
1703467947.705 -1.170 -8.163 
1703467947.805 -1.115 -8.150 
1703467947.906 -1.070 -8.129 
1703467948.909 -0.798 -8.099 
1703467948.910 -0.798 -8.099 
1703467949.010 -0.715 -8.095 
1703467949.111 -0.575 -8.123 
1703467949.210 -0.447 -8.140 
1703467949.310 -0.342 -8.154 
1703467949.412 -0.227 -8.181 
1703467949.512 -0.128 -8.202 
1703467949.612 -0.051 -8.220 
1703467949.713 -0.007 -8.234 
1703467949.814 0.038 -8.245 
1703467949.913 0.107 -8.256 
1703467950.014 0.204 -8.273 
1703467950.113 0.289 -8.289 
1703467950.214 0.365 -8.301 
1703467950.314 0.440 -8.310 
1703467950.413 0.507 -8.318 
1703467950.514 0.578 -8.327 
1703467950.614 0.656 -8.337 
1703467950.714 0.731 -8.347 
1703467950.814 0.805 -8.355 
1703467950.915 0.880 -8.362 
1703467951.015 0.952 -8.366 
1703467951.115 1.025 -8.370 
1703467951.215 1.098 -8.376 
1703467951.314 1.171 -8.383 
1703467951.415 1.250 -8.386 
1703467951.515 1.329 -8.388 
1703467951.617 1.409 -8.391 
1703467951.716 1.485 -8.394 
1703467951.819 1.569 -8.396 
1703467951.918 1.646 -8.400 
1703467952.016 1.733 -8.404 
1703467952.116 1.819 -8.407 
1703467952.215 1.904 -8.410 
1703467952.316 1.993 -8.414 
1703467952.416 2.083 -8.419 
1703467952.517 2.172 -8.426 
1703467952.617 2.265 -8.432 
1703467952.717 2.355 -8.437 
1703467952.816 2.450 -8.443 
1703467952.917 2.545 -8.449 
1703467953.017 2.637 -8.456 
1703467953.116 2.733 -8.465 
1703467953.217 2.828 -8.472 
1703467953.316 2.922 -8.481 
1703467953.418 3.018 -8.490 
1703467953.518 3.110 -8.498 
1703467953.619 3.201 -8.506 
1703467953.717 3.290 -8.514 
1703467953.818 3.379 -8.522 
1703467953.918 3.466 -8.529 
1703467954.017 3.550 -8.537 
1703467954.119 3.633 -8.546 
1703467954.219 3.712 -8.553 
1703467954.321 3.789 -8.559 
1703467954.421 3.865 -8.565 
1703467954.522 3.979 -8.570 
1703467954.620 4.086 -8.576 
1703467954.719 4.152 -8.583 
1703467954.820 4.197 -8.600 
1703467954.919 4.264 -8.611 
1703467955.020 4.348 -8.615 
1703467955.120 4.413 -8.612 
1703467955.220 4.451 -8.593 
1703467955.320 4.495 -8.548 
1703467958.430 4.814 -8.456 
1703467958.431 4.814 -8.456 
1703467958.534 4.886 -8.480 
1703467958.632 5.026 -8.526 
1703467958.733 5.138 -8.566 
1703467958.833 5.245 -8.592 
1703467958.934 5.367 -8.601 
1703467959.034 5.508 -8.598 
1703467959.134 5.626 -8.594 
1703467959.234 5.743 -8.604 
1703467959.334 5.862 -8.615 
1703467959.435 5.984 -8.622 
1703467959.534 6.103 -8.629 
1703467959.634 6.222 -8.639 
1703467959.734 6.342 -8.645 
1703467959.835 6.464 -8.647 
1703467959.934 6.587 -8.649 
1703467960.034 6.707 -8.656 
1703467960.135 6.815 -8.659 
1703467960.235 6.906 -8.658 
1703467960.335 6.995 -8.655 
1703467960.436 7.077 -8.649 
1703467960.535 7.162 -8.639 
1703467960.636 7.246 -8.642 
1703467960.735 7.322 -8.638 
1703467960.836 7.399 -8.631 
1703467960.935 7.510 -8.592 
1703467961.036 7.601 -8.574 
1703467961.136 7.690 -8.555 
1703467961.235 7.778 -8.524 
1703467961.336 7.868 -8.492 
1703467961.437 7.947 -8.462 
1703467961.536 8.004 -8.431 
1703467961.638 8.044 -8.393 
1703467961.736 8.069 -8.352 
1703467961.837 8.087 -8.322 
1703467961.937 8.124 -8.305 
1703467962.037 8.209 -8.250 
1703467962.137 8.317 -8.163 
1703467962.237 8.396 -8.103 
1703467963.341 8.553 -8.097 
1703467963.441 8.509 -8.049 
1703467963.542 8.458 -7.988 
1703467963.642 8.414 -7.903 
1703467963.741 8.363 -7.798 
1703467963.842 8.310 -7.694 
1703467963.942 8.265 -7.611 
1703467964.042 8.231 -7.555 
1703467964.143 8.201 -7.496 
1703467964.242 8.163 -7.420 
1703467964.343 8.114 -7.320 
1703467964.443 8.067 -7.214 
1703467964.543 8.024 -7.118 
1703467964.643 7.985 -7.034 
1703467964.744 7.951 -6.964 
1703467964.843 7.927 -6.919 
1703467964.944 7.896 -6.896 
1703467965.046 7.864 -6.863 
1703467965.144 7.853 -6.772 
1703467965.244 7.827 -6.648 
1703467965.344 7.815 -6.549 
1703467965.445 7.811 -6.498 
1703467965.545 7.792 -6.432 
1703467965.645 7.756 -6.323 
1703467965.745 7.722 -6.216 
1703467965.845 7.691 -6.121 
1703467965.944 7.657 -6.028 
1703467966.044 7.622 -5.933 
1703467966.145 7.585 -5.855 
1703467966.245 7.548 -5.775 
1703467968.849 7.175 -5.578 
1703467968.849 7.175 -5.577 
1703467968.950 7.141 -5.570 
1703467969.051 7.031 -5.575 
1703467969.150 6.892 -5.584 
1703467969.251 6.776 -5.587 
1703467969.352 6.655 -5.583 
1703467969.451 6.535 -5.582 
1703467969.554 6.416 -5.582 
1703467969.652 6.295 -5.581 
1703467969.751 6.176 -5.579 
1703467969.853 6.056 -5.580 
1703467969.952 5.953 -5.580 
1703467970.052 5.859 -5.577 
1703467970.152 5.767 -5.576 
1703467970.251 5.671 -5.577 
1703467970.352 5.574 -5.578 
1703467970.453 5.476 -5.580 
1703467970.553 5.376 -5.578 
1703467970.652 5.284 -5.576 
1703467970.753 5.188 -5.577 
1703467970.853 5.090 -5.579 
1703467970.953 4.992 -5.580 
1703467971.053 4.893 -5.582 
1703467971.153 4.792 -5.581 
1703467971.253 4.696 -5.583 
1703467971.354 4.598 -5.584 
1703467971.454 4.498 -5.585 
1703467971.554 4.398 -5.587 
1703467971.654 4.298 -5.587 
1703467971.754 4.197 -5.590 
1703467971.860 4.135 -5.598 
1703467971.963 4.069 -5.598 
1703467972.059 3.995 -5.599 
1703467972.158 3.918 -5.601 
1703467972.256 3.842 -5.602 
1703467972.357 3.765 -5.600 
1703467972.457 3.688 -5.604 
1703467972.557 3.610 -5.607 
1703467972.656 3.532 -5.611 
1703467972.757 3.455 -5.615 
1703467972.856 3.378 -5.618 
1703467972.956 3.300 -5.621 
1703467973.057 3.225 -5.624 
1703467973.157 3.148 -5.628 
1703467973.256 3.069 -5.632 
1703467973.357 2.988 -5.637 
1703467973.457 2.909 -5.642 
1703467973.558 2.831 -5.647 
1703467973.657 2.755 -5.651 
1703467973.757 2.676 -5.656 
1703467973.858 2.598 -5.662 
1703467973.958 2.519 -5.667 
1703467974.058 2.441 -5.672 
1703467974.159 2.364 -5.675 
1703467974.258 2.285 -5.678 
1703467974.358 2.210 -5.683 
1703467974.459 2.136 -5.688 
1703467974.559 2.058 -5.692 
1703467974.659 1.980 -5.695 
1703467974.760 1.905 -5.698 
1703467974.859 1.831 -5.701 
1703467974.959 1.717 -5.707 
1703467975.060 1.610 -5.713 
1703467975.159 1.511 -5.717 
1703467975.260 1.414 -5.720 
1703467975.360 1.320 -5.724 
1703467975.460 1.227 -5.727 
1703467975.560 1.134 -5.732 
1703467975.660 1.041 -5.737 
1703467975.761 0.950 -5.742 
1703467975.861 0.859 -5.748 
1703467975.961 0.767 -5.754 
1703467976.061 0.682 -5.757 
1703467976.162 0.595 -5.761 
1703467976.261 0.508 -5.767 
1703467976.361 0.418 -5.774 
1703467976.461 0.332 -5.787 
1703467976.562 0.247 -5.800 
1703467976.661 0.161 -5.811 
1703467976.761 0.075 -5.821 
1703467976.861 -0.012 -5.835 
1703467976.962 -0.098 -5.851 
1703467977.063 -0.185 -5.871 
1703467977.162 -0.272 -5.887 
1703467977.262 -0.363 -5.905 
1703467977.362 -0.452 -5.923 
1703467977.464 -0.545 -5.944 
1703467977.562 -0.633 -5.964 
1703467977.662 -0.724 -5.985 
1703467977.762 -0.822 -6.005 
1703467977.863 -0.916 -6.026 
1703467977.963 -1.012 -6.047 
1703467978.062 -1.078 -6.060 
1703467978.163 -1.138 -6.073 
1703467978.263 -1.212 -6.091 
1703467978.362 -1.297 -6.107 
1703467978.463 -1.372 -6.122 
1703467978.564 -1.453 -6.137 
1703467978.664 -1.536 -6.151 
1703467978.764 -1.619 -6.165 
1703467978.864 -1.704 -6.177 
1703467978.964 -1.789 -6.187 
1703467979.064 -1.876 -6.189 
1703467979.165 -1.967 -6.198 
1703467979.265 -2.056 -6.208 
1703467979.364 -2.145 -6.217 
1703467979.472 -2.238 -6.227 
1703467979.567 -2.327 -6.232 
1703467979.666 -2.421 -6.231 
1703467979.766 -2.516 -6.240 
1703467979.865 -2.609 -6.248 
1703467979.965 -2.704 -6.257 
1703467980.065 -2.802 -6.266 
1703467980.171 -2.899 -6.267 
1703467980.267 -2.997 -6.273 
1703467980.366 -3.096 -6.282 
1703467980.466 -3.194 -6.291 
1703467980.566 -3.295 -6.300 
1703467980.666 -3.392 -6.306 
1703467980.766 -3.489 -6.315 
1703467980.869 -3.591 -6.323 
1703467980.969 -3.693 -6.330 
1703467981.068 -3.793 -6.339 
1703467981.169 -3.892 -6.345 
1703467981.268 -3.990 -6.353 
1703467981.370 -4.090 -6.359 
1703467981.470 -4.191 -6.366 
1703467981.569 -4.287 -6.373 
1703467981.669 -4.384 -6.377 
1703467981.770 -4.479 -6.381 
1703467981.869 -4.574 -6.387 
1703467981.970 -4.671 -6.388 
1703467982.070 -4.766 -6.390 
1703467982.170 -4.861 -6.391 
1703467982.271 -4.954 -6.392 
1703467982.371 -5.044 -6.393 
1703467982.471 -5.138 -6.391 
1703467982.570 -5.229 -6.390 
1703467982.671 -5.322 -6.389 
1703467982.771 -5.412 -6.387 
1703467982.872 -5.504 -6.384 
1703467982.971 -5.594 -6.382 
1703467983.071 -5.683 -6.379 
1703467983.171 -5.772 -6.376 
1703467983.272 -5.858 -6.373 
1703467983.371 -5.946 -6.370 
1703467983.472 -6.035 -6.365 
1703467983.573 -6.122 -6.359 
1703467983.672 -6.205 -6.354 
1703467983.774 -6.291 -6.347 
1703467983.872 -6.370 -6.342 
1703467983.972 -6.450 -6.336 
1703467984.071 -6.532 -6.325 
1703467984.172 -6.611 -6.317 
1703467984.273 -6.687 -6.309 
1703467984.373 -6.761 -6.302 
1703467984.472 -6.875 -6.293 
1703467984.573 -6.977 -6.280 
1703467984.673 -7.055 -6.273 
1703467984.774 -7.138 -6.272 
1703467984.873 -7.221 -6.269 
1703467984.974 -7.302 -6.264 
1703467985.074 -7.374 -6.261 
1703467985.175 -7.443 -6.257 
1703467985.274 -7.519 -6.251 
1703467985.374 -7.590 -6.250 
1703467985.474 -7.664 -6.253 
1703467985.573 -7.739 -6.250 
1703467985.674 -7.812 -6.242 
1703467985.774 -7.883 -6.238 
1703467985.876 -7.956 -6.240 
1703467985.975 -8.020 -6.236 
1703467986.074 -8.097 -6.239 
1703467986.176 -8.200 -6.283 
1703467986.275 -8.305 -6.322 
1703467986.375 -8.364 -6.355 
1703467986.475 -8.407 -6.400 
1703467986.576 -8.462 -6.469 
1703467986.675 -8.514 -6.533 
1703467986.776 -8.562 -6.590 
1703467986.876 -8.610 -6.649 
1703467986.976 -8.662 -6.709 
1703467987.076 -8.711 -6.770 
1703467987.176 -8.755 -6.832 
1703467987.276 -8.795 -6.899 
1703467987.376 -8.826 -6.966 
1703467987.477 -8.855 -7.037 
1703467992.395 -8.934 -7.411 
1703467992.396 -8.934 -7.411 
1703467992.496 -8.866 -7.351 
1703467992.596 -8.784 -7.255 
1703467992.696 -8.701 -7.153 
1703467992.797 -8.605 -7.042 
1703467992.900 -8.502 -6.940 
1703467992.999 -8.402 -6.852 
1703467993.099 -8.317 -6.770 
1703467993.199 -8.220 -6.708 
1703467993.300 -8.116 -6.652 
1703467993.400 -8.013 -6.594 
1703467993.499 -7.906 -6.541 
1703467993.600 -7.794 -6.495 
1703467993.700 -7.682 -6.456 
1703467993.800 -7.594 -6.430 
1703467993.900 -7.521 -6.414 
1703467994.000 -7.447 -6.410 
1703467994.100 -7.371 -6.408 
1703467994.201 -7.294 -6.404 
1703467994.300 -7.227 -6.392 
1703467994.401 -7.151 -6.387 
1703467994.501 -7.072 -6.386 
1703467994.601 -6.994 -6.383 
1703467994.701 -6.915 -6.382 
1703467994.801 -6.835 -6.382 
1703467994.902 -6.755 -6.379 
1703467995.002 -6.679 -6.376 
1703467995.103 -6.602 -6.376 
1703467995.202 -6.526 -6.377 
1703467995.301 -6.450 -6.377 
1703467995.402 -6.373 -6.379 
1703467995.502 -6.294 -6.381 
1703467995.603 -6.222 -6.383 
1703467995.702 -6.144 -6.376 
1703467995.802 -6.067 -6.372 
1703467995.902 -5.990 -6.366 
1703467996.003 -5.912 -6.360 
1703467996.103 -5.834 -6.355 
1703467996.203 -5.755 -6.349 
1703467996.304 -5.675 -6.342 
1703467996.404 -5.595 -6.337 
1703467996.503 -5.517 -6.332 
1703467996.603 -5.437 -6.327 
1703467996.704 -5.356 -6.322 
1703467996.804 -5.274 -6.318 
1703467996.904 -5.195 -6.310 
1703467997.004 -5.120 -6.302 
1703467997.104 -5.040 -6.299 
1703467997.204 -4.963 -6.296 
1703467997.305 -4.885 -6.295 
1703467997.404 -4.808 -6.294 
1703467997.505 -4.730 -6.295 
1703467997.605 -4.655 -6.294 
1703467997.705 -4.576 -6.291 
1703467997.809 -4.497 -6.289 
1703467997.907 -4.420 -6.286 
1703467998.008 -4.342 -6.282 
1703467998.107 -4.264 -6.279 
1703467998.206 -4.187 -6.273 
1703467998.306 -4.113 -6.267 
1703467998.407 -4.016 -6.267 
1703467998.509 -3.890 -6.263 
1703467998.607 -3.785 -6.258 
1703467998.708 -3.692 -6.252 
1703467998.807 -3.623 -6.252 
1703467998.907 -3.538 -6.249 
1703467999.006 -3.434 -6.246 
1703467999.107 -3.328 -6.242 
1703467999.207 -3.231 -6.241 
1703467999.308 -3.140 -6.232 
1703467999.408 -3.090 -6.230 
1703467999.508 -3.033 -6.222 
1703467999.609 -2.942 -6.222 
1703467999.709 -2.836 -6.222 
1703467999.810 -2.742 -6.225 
1703467999.909 -2.647 -6.226 
1703468000.010 -2.549 -6.227 
1703468000.109 -2.448 -6.229 
1703468000.210 -2.338 -6.224 
1703468000.310 -2.223 -6.216 
1703468000.411 -2.107 -6.204 
1703468000.511 -1.998 -6.191 
1703468000.610 -1.886 -6.171 
1703468000.710 -1.775 -6.146 
1703468000.810 -1.665 -6.118 
1703468000.911 -1.554 -6.091 
1703468001.011 -1.445 -6.076 
1703468001.111 -1.328 -6.056 
1703468001.211 -1.216 -6.028 
1703468001.311 -1.109 -5.999 
1703468001.412 -0.998 -5.940 
1703468001.511 -0.898 -5.874 
1703468001.611 -0.815 -5.847 
1703468001.711 -0.726 -5.803 
1703468001.811 -0.636 -5.738 
1703468001.911 -0.554 -5.661 
1703468002.012 -0.486 -5.586 
1703468002.112 -0.435 -5.503 
1703468002.214 -0.410 -5.391 
1703468002.313 -0.389 -5.291 
1703468002.414 -0.352 -5.203 
1703468002.514 -0.329 -5.092 
1703468002.613 -0.325 -4.980 
1703468002.714 -0.333 -4.873 
1703468002.814 -0.353 -4.760 
1703468002.914 -0.371 -4.645 
1703468003.014 -0.390 -4.540 
1703468003.114 -0.431 -4.438 
1703468003.214 -0.487 -4.335 
1703468003.314 -0.541 -4.237 
1703468003.415 -0.607 -4.152 
1703468003.515 -0.674 -4.064 
1703468003.615 -0.750 -3.979 
1703468003.715 -0.830 -3.894 
1703468003.814 -0.906 -3.814 
1703468003.915 -0.985 -3.730 
1703468004.015 -1.064 -3.646 
1703468004.115 -1.151 -3.568 
1703468004.215 -1.237 -3.492 
1703468004.317 -1.327 -3.418 
1703468004.417 -1.415 -3.341 
1703468004.517 -1.503 -3.265 
1703468004.616 -1.590 -3.188 
1703468004.717 -1.674 -3.106 
1703468004.816 -1.756 -3.025 
1703468004.917 -1.833 -2.953 
1703468005.017 -1.906 -2.868 
1703468005.117 -1.972 -2.773 
1703468005.217 -2.039 -2.682 
1703468005.317 -2.101 -2.597 
1703468005.417 -2.153 -2.485 
1703468005.517 -2.193 -2.354 
1703468005.619 -2.232 -2.241 
1703468005.718 -2.277 -2.131 
1703468005.819 -2.301 -2.017 
1703468005.918 -2.306 -1.912 
1703468006.019 -2.313 -1.823 
1703468006.118 -2.318 -1.738 
1703468006.218 -2.331 -1.668 
1703468006.319 -2.333 -1.607 
1703468006.419 -2.330 -1.540 
1703468006.525 -2.328 -1.459 
1703468006.621 -2.346 -1.345 
1703468006.719 -2.362 -1.238 
1703468006.820 -2.371 -1.154 
1703468006.920 -2.373 -1.068 
1703468007.020 -2.388 -0.967 
1703468007.121 -2.398 -0.872 
1703468007.219 -2.408 -0.783 
1703468007.320 -2.421 -0.691 
1703468007.420 -2.420 -0.601 
1703468007.520 -2.417 -0.507 
1703468007.634 -2.413 -0.414 
1703468007.726 -2.408 -0.327 
1703468007.822 -2.407 -0.238 
1703468007.925 -2.408 -0.155 
1703468008.021 -2.410 -0.073 
1703468008.122 -2.436 0.035 
1703468008.221 -2.470 0.147 
1703468008.321 -2.472 0.218 
1703468008.421 -2.473 0.283 
1703468008.523 -2.522 0.376 
1703468008.621 -2.584 0.477 
1703468008.721 -2.642 0.567 
1703468008.822 -2.696 0.646 
1703468008.922 -2.746 0.744 
1703468009.022 -2.816 0.861 
1703468009.122 -2.858 0.942 
1703468009.222 -2.891 1.018 
1703468009.323 -2.964 1.079 
1703468009.422 -3.060 1.138 
1703468009.523 -3.161 1.196 
1703468009.623 -3.264 1.263 
1703468009.724 -3.409 1.335 
1703468009.823 -3.534 1.389 
1703468009.924 -3.632 1.451 
1703468010.024 -3.749 1.477 
1703468010.124 -3.862 1.465 
1703468010.224 -3.980 1.439 
1703468010.325 -4.104 1.419 
1703468010.423 -4.223 1.395 
1703468010.524 -4.335 1.357 
1703468010.625 -4.442 1.307 
1703468010.725 -4.540 1.243 
1703468010.824 -4.633 1.167 
1703468010.925 -4.731 1.092 
1703468011.025 -4.830 1.027 
1703468011.125 -4.916 0.946 
1703468011.224 -5.002 0.868 
1703468011.325 -5.087 0.783 
1703468011.425 -5.175 0.702 
1703468011.526 -5.254 0.615 
1703468011.625 -5.321 0.519 
1703468011.726 -5.382 0.412 
1703468011.825 -5.446 0.308 
1703468011.927 -5.505 0.217 
1703468012.026 -5.538 0.158 
1703468015.938 -5.189 -0.041 
1703468016.039 -5.178 -0.004 
1703468016.138 -5.204 0.114 
1703468016.240 -5.223 0.234 
1703468016.340 -5.240 0.352 
1703468016.440 -5.251 0.469 
1703468016.541 -5.256 0.584 
1703468016.640 -5.268 0.703 
1703468016.741 -5.302 0.817 
1703468016.841 -5.345 0.926 
1703468016.941 -5.395 1.030 
1703468017.042 -5.445 1.129 
1703468017.142 -5.494 1.241 
1703468017.241 -5.530 1.341 
1703468017.342 -5.554 1.425 
1703468017.442 -5.567 1.499 
1703468017.541 -5.566 1.562 
1703468017.642 -5.554 1.612 
1703468017.742 -5.546 1.660 
1703468017.843 -5.545 1.724 
1703468017.943 -5.551 1.800 
1703468018.042 -5.556 1.876 
1703468018.143 -5.559 1.947 
1703468018.243 -5.563 2.015 
1703468018.343 -5.579 2.092 
1703468018.444 -5.613 2.190 
1703468018.544 -5.635 2.271 
1703468018.644 -5.627 2.339 
1703468018.746 -5.613 2.414 
1703468018.845 -5.592 2.496 
1703468018.946 -5.576 2.592 
1703468019.045 -5.573 2.698 
1703468019.145 -5.565 2.786 
1703468019.246 -5.561 2.808 
1703468019.345 -5.559 2.828 
1703468019.445 -5.555 2.876 
1703468019.544 -5.546 2.953 
1703468020.748 -5.496 3.065 
1703468020.749 -5.496 3.065 
1703468020.849 -5.513 3.115 
1703468020.949 -5.536 3.186 
1703468021.049 -5.588 3.288 
1703468021.149 -5.645 3.408 
1703468021.249 -5.698 3.528 
1703468021.350 -5.743 3.638 
1703468021.450 -5.787 3.744 
1703468021.549 -5.818 3.856 
1703468021.650 -5.841 3.964 
1703468021.750 -5.860 4.066 
1703468021.850 -5.889 4.172 
1703468021.951 -5.925 4.294 
1703468022.050 -5.948 4.413 
1703468022.150 -5.965 4.523 
1703468022.251 -5.988 4.635 
1703468022.351 -6.008 4.753 
1703468022.451 -6.023 4.848 
1703468022.551 -6.034 4.928 
1703468022.650 -6.040 5.001 
1703468022.752 -6.052 5.083 
1703468022.851 -6.075 5.171 
1703468022.951 -6.098 5.256 
1703468023.052 -6.125 5.340 
1703468023.152 -6.154 5.417 
1703468023.253 -6.182 5.492 
1703468023.352 -6.203 5.576 
1703468023.453 -6.226 5.656 
1703468023.554 -6.250 5.727 
1703468023.654 -6.329 5.816 
1703468023.755 -6.390 5.904 
1703468023.854 -6.442 5.988 
1703468023.954 -6.513 6.072 
1703468024.054 -6.582 6.152 
1703468024.156 -6.641 6.219 
1703468024.255 -6.688 6.272 
1703468024.355 -6.729 6.318 
1703468024.455 -6.800 6.366 
1703468024.555 -6.867 6.416 
1703468024.655 -6.947 6.465 
1703468024.755 -7.037 6.510 
1703468024.856 -7.149 6.556 
1703468024.956 -7.264 6.589 
1703468025.056 -7.369 6.611 
1703468025.156 -7.483 6.622 
1703468025.256 -7.588 6.610 
1703468025.356 -7.674 6.582 
1703468025.456 -7.749 6.553 
1703468025.556 -7.825 6.523 
1703468025.656 -7.934 6.473 
1703468025.756 -8.046 6.419 
1703468025.856 -8.131 6.364 
1703468025.958 -8.209 6.304 
1703468026.057 -8.278 6.202 
1703468026.157 -8.336 6.095 
1703468026.257 -8.393 5.991 
1703468026.357 -8.439 5.901 
1703468026.457 -8.473 5.816 
1703468026.557 -8.502 5.732 
1703468026.658 -8.531 5.648 
1703468026.757 -8.561 5.566 
1703468026.857 -8.592 5.484 
1703468026.958 -8.622 5.404 
1703468027.059 -8.648 5.326 
1703468027.160 -8.672 5.248 
1703468027.261 -8.694 5.168 
1703468027.360 -8.712 5.088 
1703468027.460 -8.733 5.017 
1703468027.560 -8.756 4.954 
1703468027.660 -8.776 4.889 
1703468027.760 -8.792 4.821 
1703468027.860 -8.804 4.753 
1703468027.960 -8.815 4.690 
1703468028.060 -8.806 4.605 
1703468028.161 -8.790 4.516 
1703468028.261 -8.780 4.422 
1703468028.361 -8.773 4.332 
1703468028.462 -8.755 4.231 
1703468028.562 -8.750 4.153 
1703468032.869 -8.837 3.949 
1703468032.869 -8.837 3.949 
1703468032.970 -8.867 4.034 
1703468033.070 -8.857 4.156 
1703468033.170 -8.857 4.270 
1703468033.270 -8.832 4.380 
1703468033.370 -8.802 4.497 
1703468033.470 -8.778 4.616 
1703468033.571 -8.753 4.734 
1703468033.671 -8.728 4.854 
1703468033.771 -8.704 4.970 
1703468033.871 -8.684 5.091 
1703468033.971 -8.663 5.212 
1703468034.071 -8.641 5.332 
1703468034.171 -8.622 5.454 
1703468034.272 -8.602 5.572 
1703468034.371 -8.584 5.692 
1703468034.471 -8.570 5.815 
1703468034.571 -8.553 5.921 
1703468034.672 -8.542 6.019 
1703468034.771 -8.533 6.114 
1703468034.872 -8.524 6.211 
1703468034.972 -8.520 6.310 
1703468035.073 -8.515 6.410 
1703468035.173 -8.511 6.506 
1703468035.273 -8.508 6.605 
1703468035.374 -8.505 6.705 
1703468035.474 -8.506 6.806 
1703468035.573 -8.507 6.907 
1703468035.673 -8.507 7.004 
1703468035.773 -8.508 7.102 
1703468035.873 -8.509 7.201 
1703468035.973 -8.512 7.300 
1703468036.073 -8.517 7.397 
1703468036.173 -8.520 7.490 
1703468036.274 -8.525 7.582 
1703468036.375 -8.530 7.672 
1703468036.475 -8.535 7.763 
1703468036.575 -8.540 7.849 
1703468036.674 -8.545 7.933 
1703468036.775 -8.552 8.016 
1703468036.874 -8.557 8.090 
1703468036.975 -8.563 8.164 
1703468037.074 -8.569 8.267 
1703468037.175 -8.576 8.372 
1703468037.275 -8.583 8.460 
1703468037.375 -8.591 8.523 
1703468037.475 -8.596 8.588 
1703468037.575 -8.605 8.664 
1703468037.675 -8.616 8.733 
1703468037.776 -8.622 8.798 
1703468037.876 -8.619 8.840 
1703468042.986 -8.490 8.644 
1703468042.988 -8.490 8.644 
1703468043.086 -8.459 8.607 
1703468043.187 -8.379 8.536 
1703468043.288 -8.295 8.436 
1703468043.387 -8.215 8.350 
1703468043.488 -8.135 8.252 
1703468043.588 -8.062 8.156 
1703468043.688 -7.986 8.063 
1703468043.788 -7.911 7.972 
1703468043.888 -7.835 7.881 
1703468043.990 -7.758 7.788 
1703468044.088 -7.684 7.698 
1703468044.188 -7.607 7.605 
1703468044.288 -7.531 7.513 
1703468044.388 -7.456 7.422 
1703468044.489 -7.380 7.330 
1703468044.588 -7.305 7.238 
1703468044.689 -7.230 7.146 
1703468044.789 -7.155 7.054 
1703468044.889 -7.081 6.961 
1703468044.989 -7.008 6.866 
1703468045.089 -6.935 6.771 
1703468045.192 -6.863 6.675 
1703468045.290 -6.793 6.580 
1703468045.391 -6.721 6.484 
1703468045.491 -6.649 6.387 
1703468045.591 -6.577 6.291 
1703468045.691 -6.506 6.195 
1703468045.791 -6.435 6.096 
1703468045.891 -6.368 5.994 
1703468045.993 -6.300 5.895 
1703468046.092 -6.248 5.807 
1703468046.191 -6.201 5.730 
1703468046.291 -6.153 5.656 
1703468046.391 -6.104 5.583 
1703468046.492 -6.057 5.504 
1703468046.592 -6.012 5.433 
1703468046.691 -5.970 5.360 
1703468046.796 -5.926 5.286 
1703468046.894 -5.884 5.206 
1703468046.993 -5.845 5.126 
1703468047.094 -5.806 5.043 
1703468047.193 -5.765 4.964 
1703468047.295 -5.723 4.917 
1703468047.394 -5.684 4.848 
1703468047.494 -5.649 4.762 
1703468047.594 -5.616 4.675 
1703468047.694 -5.583 4.591 
1703468047.794 -5.551 4.515 
1703468047.894 -5.526 4.436 
1703468047.994 -5.499 4.357 
1703468048.094 -5.468 4.290 
1703468048.195 -5.449 4.212 
1703468048.295 -5.429 4.122 
1703468048.394 -5.412 4.044 
1703468048.495 -5.397 3.960 
1703468048.595 -5.385 3.869 
1703468048.695 -5.372 3.786 
1703468048.796 -5.359 3.701 
1703468048.895 -5.348 3.607 
1703468048.996 -5.340 3.510 
1703468049.096 -5.335 3.415 
1703468049.196 -5.329 3.327 
1703468049.296 -5.321 3.239 
1703468049.400 -5.315 3.145 
1703468049.497 -5.314 3.057 
1703468049.597 -5.312 2.967 
1703468049.697 -5.308 2.875 
1703468049.797 -5.307 2.778 
1703468049.897 -5.305 2.682 
1703468049.998 -5.306 2.590 
1703468050.097 -5.307 2.497 
1703468050.197 -5.307 2.406 
1703468050.301 -5.307 2.313 
1703468050.409 -5.308 2.219 
1703468050.504 -5.309 2.126 
1703468050.603 -5.312 2.032 
1703468050.702 -5.314 1.937 
1703468050.803 -5.317 1.843 
1703468050.902 -5.321 1.748 
1703468051.002 -5.324 1.655 
1703468051.102 -5.329 1.563 
1703468051.203 -5.334 1.469 
1703468051.303 -5.339 1.377 
1703468051.409 -5.344 1.282 
1703468051.507 -5.349 1.192 
1703468051.605 -5.355 1.099 
1703468051.704 -5.361 1.009 
1703468051.804 -5.367 0.920 
1703468051.904 -5.372 0.831 
1703468052.004 -5.378 0.741 
1703468052.104 -5.384 0.652 
1703468052.204 -5.390 0.566 
1703468052.304 -5.397 0.479 
1703468052.405 -5.403 0.393 
1703468052.505 -5.408 0.309 
1703468052.605 -5.413 0.226 
1703468052.705 -5.417 0.144 
1703468052.806 -5.422 0.063 
1703468052.906 -5.428 -0.017 
1703468053.005 -5.432 -0.095 
1703468053.105 -5.434 -0.173 
1703468053.206 -5.434 -0.248 
1703468053.305 -5.434 -0.368 
1703468053.406 -5.427 -0.467 
1703468053.506 -5.427 -0.560 
1703468053.605 -5.433 -0.648 
1703468053.707 -5.440 -0.740 
1703468053.806 -5.437 -0.828 
1703468053.906 -5.438 -0.911 
1703468054.007 -5.438 -0.990 
1703468054.107 -5.440 -1.066 
1703468054.207 -5.440 -1.138 
1703468054.307 -5.442 -1.205 
1703468054.407 -5.438 -1.293 
1703468054.507 -5.433 -1.376 
1703468054.606 -5.435 -1.452 
1703468054.707 -5.428 -1.511 
1703468054.807 -5.428 -1.555 
1703468054.907 -5.427 -1.617 
1703468055.008 -5.434 -1.676 
1703468055.107 -5.432 -1.736 
1703468055.208 -5.434 -1.826 
1703468055.308 -5.463 -1.959 
1703468055.408 -5.488 -2.093 
1703468055.508 -5.532 -2.231 
1703468055.608 -5.598 -2.377 
1703468055.708 -5.665 -2.528 
1703468055.809 -5.732 -2.654 
1703468055.908 -5.795 -2.768 
1703468056.010 -5.858 -2.888 
1703468056.109 -5.929 -3.005 
1703468056.209 -6.013 -3.127 
1703468056.309 -6.079 -3.238 
1703468056.410 -6.149 -3.337 
1703468056.510 -6.248 -3.420 
1703468056.609 -6.346 -3.474 
1703468056.709 -6.424 -3.491 
1703468056.811 -6.537 -3.506 
1703468056.910 -6.663 -3.514 
1703468057.010 -6.779 -3.514 
1703468057.111 -6.898 -3.509 
1703468057.211 -7.018 -3.505 
1703468057.312 -7.134 -3.500 
1703468057.414 -7.252 -3.501 
1703468057.516 -7.371 -3.505 
1703468057.615 -7.490 -3.505 
1703468057.714 -7.607 -3.504 
1703468057.815 -7.727 -3.505 
