1703469122.902 1.124 0.083 
1703469122.903 1.124 0.083 
1703469123.003 1.157 0.056 
1703469123.104 1.220 0.004 
1703469123.203 1.310 -0.085 
1703469123.304 1.371 -0.175 
1703469123.403 1.417 -0.267 
1703469123.504 1.498 -0.372 
1703469127.611 1.735 -0.860 
1703469127.711 1.734 -0.851 
1703469127.810 1.698 -0.800 
1703469127.910 1.629 -0.706 
1703469128.011 1.573 -0.594 
1703469128.111 1.538 -0.510 
1703469128.212 1.532 -0.383 
1703469128.311 1.526 -0.254 
1703469128.412 1.513 -0.133 
1703469128.512 1.518 -0.003 
1703469128.612 1.534 0.122 
1703469128.711 1.520 0.181 
1703469128.813 1.511 0.205 
1703469128.912 1.534 0.244 
1703469129.012 1.570 0.313 
1703469129.113 1.599 0.399 
1703469129.213 1.630 0.481 
1703469129.313 1.654 0.560 
1703469129.417 1.697 0.651 
1703469129.514 1.751 0.744 
1703469129.613 1.801 0.844 
1703469129.714 1.850 0.946 
1703469129.813 1.898 1.047 
1703469129.914 1.969 1.155 
1703469130.013 2.028 1.255 
1703469130.114 2.078 1.344 
1703469130.214 2.123 1.427 
1703469130.314 2.182 1.511 
1703469130.413 2.263 1.584 
1703469130.515 2.339 1.648 
1703469136.527 2.662 2.010 
1703469136.528 2.662 2.010 
1703469136.628 2.770 2.017 
1703469136.729 2.909 2.006 
1703469136.829 3.061 1.999 
1703469136.928 3.182 2.008 
1703469137.028 3.257 2.007 
1703469137.129 3.306 2.003 
1703469137.231 3.376 1.993 
1703469137.331 3.457 1.980 
1703469137.431 3.537 1.971 
1703469137.531 3.636 1.953 
1703469137.631 3.731 1.936 
1703469137.731 3.822 1.919 
1703469137.831 3.906 1.905 
1703469137.932 3.986 1.890 
1703469138.031 4.058 1.879 
1703469138.132 4.121 1.867 
1703469138.232 4.160 1.859 
1703469138.332 4.240 1.869 
1703469138.432 4.317 1.868 
1703469138.535 4.380 1.854 
1703469138.633 4.443 1.854 
1703469138.733 4.525 1.866 
1703469138.836 4.641 1.873 
1703469138.934 4.779 1.888 
1703469139.033 4.914 1.902 
1703469139.133 4.986 1.907 
1703469139.233 5.022 1.904 
1703469139.333 5.089 1.923 
1703469139.434 5.157 1.930 
1703469139.533 5.228 1.940 
1703469139.634 5.308 1.957 
1703469139.735 5.384 1.977 
1703469139.834 5.480 2.015 
1703469139.934 5.594 2.080 
1703469140.033 5.693 2.121 
1703469140.135 5.796 2.151 
1703469140.234 5.883 2.181 
1703469140.335 5.985 2.217 
1703469140.435 6.090 2.270 
1703469140.534 6.191 2.337 
1703469140.635 6.278 2.422 
1703469140.735 6.350 2.525 
1703469140.835 6.398 2.648 
1703469140.935 6.413 2.781 
1703469141.035 6.399 2.869 
1703469141.136 6.337 2.935 
1703469141.235 6.264 2.991 
1703469141.336 6.171 3.080 
1703469141.435 6.086 3.181 
1703469141.536 6.020 3.282 
1703469141.636 5.949 3.380 
1703469141.735 5.870 3.469 
1703469141.835 5.792 3.558 
1703469141.936 5.706 3.645 
1703469142.037 5.623 3.730 
1703469142.136 5.541 3.812 
1703469142.237 5.459 3.894 
1703469142.337 5.374 3.976 
1703469142.436 5.276 4.049 
1703469142.537 5.177 4.121 
1703469142.638 5.083 4.192 
1703469142.737 4.987 4.256 
1703469142.837 4.896 4.323 
1703469142.937 4.810 4.395 
1703469143.037 4.716 4.474 
1703469143.138 4.619 4.548 
1703469143.237 4.533 4.622 
1703469143.338 4.453 4.705 
1703469143.439 4.372 4.789 
1703469143.539 4.308 4.853 
1703469143.639 4.253 4.908 
1703469143.738 4.199 4.966 
1703469143.839 4.143 5.030 
1703469143.939 4.078 5.098 
1703469144.039 4.017 5.165 
1703469144.139 3.958 5.227 
1703469144.240 3.899 5.281 
1703469144.346 3.838 5.344 
1703469144.439 3.786 5.407 
1703469144.540 3.710 5.486 
1703469144.639 3.606 5.550 
1703469144.740 3.525 5.612 
1703469144.840 3.420 5.665 
1703469144.940 3.293 5.685 
1703469145.040 3.171 5.705 
1703469145.140 3.055 5.726 
1703469145.240 2.945 5.731 
1703469145.341 2.844 5.700 
1703469145.440 2.734 5.650 
1703469145.540 2.631 5.599 
1703469145.641 2.558 5.578 
1703469145.741 2.486 5.556 
1703469145.841 2.405 5.532 
1703469145.940 2.321 5.509 
1703469146.042 2.235 5.483 
1703469146.141 2.154 5.455 
1703469146.241 2.077 5.431 
1703469146.341 1.996 5.410 
1703469146.441 1.906 5.403 
1703469146.543 1.835 5.376 
1703469146.643 1.774 5.348 
1703469146.743 1.714 5.331 
1703469146.842 1.642 5.335 
1703469146.943 1.542 5.372 
1703469147.043 1.431 5.425 
1703469147.144 1.385 5.486 
1703469147.244 1.338 5.534 
1703469147.344 1.294 5.561 
1703469151.750 1.358 5.374 
1703469151.851 1.317 5.367 
1703469151.950 1.342 5.380 
1703469152.051 1.449 5.419 
1703469152.151 1.542 5.448 
1703469152.251 1.582 5.474 
1703469153.859 1.792 5.645 
1703469153.959 1.810 5.560 
1703469154.060 1.810 5.423 
1703469154.161 1.810 5.279 
1703469154.261 1.831 5.140 
1703469154.362 1.841 5.001 
1703469154.462 1.817 4.936 
1703469154.562 1.807 4.859 
1703469154.661 1.813 4.746 
1703469154.762 1.795 4.587 
1703469154.862 1.778 4.431 
1703469154.963 1.754 4.298 
1703469155.065 1.728 4.180 
1703469155.165 1.693 4.065 
1703469155.264 1.653 3.951 
1703469155.365 1.601 3.837 
1703469155.465 1.540 3.723 
1703469155.566 1.499 3.620 
1703469155.666 1.447 3.514 
1703469155.766 1.385 3.413 
1703469155.866 1.314 3.316 
1703469155.966 1.235 3.219 
1703469156.066 1.115 3.129 
1703469156.166 1.024 3.046 
1703469156.268 0.939 2.981 
1703469156.367 0.836 2.946 
1703469156.467 0.722 2.913 
1703469156.567 0.611 2.877 
1703469156.667 0.498 2.840 
1703469156.767 0.385 2.805 
1703469156.867 0.272 2.764 
1703469156.967 0.159 2.725 
1703469157.068 0.048 2.687 
1703469157.168 -0.062 2.645 
1703469157.269 -0.175 2.608 
1703469157.373 -0.289 2.576 
1703469157.472 -0.403 2.546 
1703469157.572 -0.519 2.519 
1703469157.672 -0.633 2.490 
1703469157.773 -0.747 2.463 
1703469157.873 -0.860 2.434 
1703469157.973 -0.963 2.400 
1703469158.073 -1.053 2.360 
1703469158.172 -1.153 2.276 
1703469158.273 -1.236 2.182 
1703469158.372 -1.298 2.070 
1703469158.473 -1.341 1.951 
1703469158.573 -1.370 1.853 
1703469158.674 -1.392 1.788 
1703469158.774 -1.421 1.787 
1703469158.874 -1.431 1.838 
1703469158.974 -1.419 1.853 
1703469159.074 -1.391 1.782 
1703469159.174 -1.368 1.639 
1703469159.274 -1.335 1.537 
1703469159.375 -1.326 1.493 
1703469159.474 -1.321 1.436 
1703469159.575 -1.293 1.345 
1703469159.675 -1.265 1.249 
1703469159.774 -1.248 1.189 
1703469159.875 -1.233 1.141 
1703469159.975 -1.204 1.082 
1703469160.075 -1.142 0.997 
1703469160.175 -1.081 0.922 
1703469160.275 -1.023 0.858 
1703469160.376 -0.975 0.800 
1703469160.476 -0.946 0.750 
1703469160.575 -0.947 0.708 
1703469160.677 -0.933 0.684 
1703469160.776 -0.889 0.670 
1703469160.876 -0.849 0.646 
1703469160.976 -0.782 0.613 
1703469161.076 -0.714 0.579 
1703469161.176 -0.659 0.546 
1703469161.277 -0.601 0.513 
1703469161.376 -0.534 0.484 
1703469161.477 -0.492 0.459 
1703469161.578 -0.439 0.440 
1703469161.679 -0.375 0.417 
1703469161.779 -0.312 0.388 
1703469161.879 -0.221 0.357 
1703469161.981 -0.135 0.327 
1703469162.081 -0.066 0.304 
1703469162.181 0.004 0.280 
1703469162.281 0.073 0.257 
1703469162.382 0.146 0.233 
1703469162.482 0.213 0.211 
1703469162.581 0.284 0.178 
1703469162.682 0.376 0.115 
1703469162.782 0.461 0.067 
1703469162.882 0.529 0.022 
1703469162.982 0.605 -0.022 
1703469163.082 0.698 -0.070 
1703469163.185 0.781 -0.113 
1703469163.283 0.859 -0.144 
1703469163.382 0.925 -0.198 
1703469163.483 0.993 -0.270 
1703469163.583 1.071 -0.345 
1703469163.683 1.143 -0.416 
1703469163.782 1.211 -0.487 
1703469163.883 1.270 -0.552 
1703469163.983 1.325 -0.622 
1703469164.083 1.382 -0.703 
1703469164.184 1.437 -0.785 
1703469164.283 1.488 -0.860 
1703469164.383 1.538 -0.939 
1703469164.484 1.581 -1.022 
1703469164.584 1.618 -1.108 
1703469164.684 1.649 -1.192 
1703469164.784 1.676 -1.277 
1703469164.884 1.699 -1.360 
1703469164.985 1.716 -1.452 
1703469165.085 1.722 -1.553 
1703469165.185 1.728 -1.655 
1703469165.284 1.749 -1.721 
1703469165.384 1.767 -1.788 
1703469165.485 1.761 -1.861 
1703469165.585 1.762 -1.969 
1703469165.685 1.768 -2.080 
1703469165.785 1.780 -2.185 
1703469165.886 1.788 -2.287 
1703469165.986 1.782 -2.369 
1703469166.089 1.795 -2.455 
1703469166.186 1.818 -2.548 
1703469166.286 1.842 -2.650 
1703469166.387 1.865 -2.738 
1703469166.485 1.866 -2.776 
1703469166.586 1.877 -2.823 
1703469166.687 1.896 -2.876 
1703469166.786 1.911 -2.950 
1703469166.887 1.915 -3.043 
1703469166.987 1.902 -3.164 
1703469167.086 1.867 -3.285 
1703469167.186 1.809 -3.328 
1703469167.287 1.759 -3.352 
1703469167.387 1.732 -3.372 
1703469167.488 1.745 -3.415 
1703469167.587 1.791 -3.497 
1703469167.687 1.843 -3.606 
1703469167.788 1.883 -3.727 
1703469167.887 1.899 -3.859 
1703469167.988 1.871 -3.920 
1703469168.088 1.848 -3.998 
1703469168.188 1.839 -4.097 
1703469168.289 1.827 -4.226 
1703469168.388 1.797 -4.336 
1703469168.488 1.775 -4.403 
1703469168.588 1.744 -4.460 
1703469168.689 1.726 -4.523 
1703469168.788 1.698 -4.573 
1703469168.888 1.666 -4.633 
1703469168.989 1.645 -4.696 
1703469169.089 1.631 -4.748 
1703469169.189 1.620 -4.809 
1703469169.289 1.654 -4.873 
1703469170.193 1.858 -5.061 
1703469170.194 1.858 -5.061 
1703469170.294 1.938 -5.049 
1703469170.394 2.054 -5.033 
1703469170.495 2.183 -5.012 
1703469170.594 2.298 -5.001 
1703469170.695 2.419 -4.985 
1703469170.801 2.542 -4.966 
1703469170.898 2.660 -4.951 
1703469170.996 2.777 -4.935 
1703469171.095 2.896 -4.917 
1703469171.195 3.014 -4.896 
1703469171.295 3.134 -4.879 
1703469171.396 3.253 -4.860 
1703469171.496 3.375 -4.842 
1703469171.596 3.496 -4.825 
1703469171.696 3.602 -4.802 
1703469171.796 3.710 -4.773 
1703469171.896 3.839 -4.759 
1703469171.996 3.969 -4.759 
1703469172.096 4.079 -4.786 
1703469172.197 4.185 -4.828 
1703469172.297 4.275 -4.857 
1703469172.397 4.348 -4.880 
1703469172.497 4.430 -4.911 
1703469172.597 4.534 -4.958 
1703469172.698 4.621 -4.997 
1703469172.798 4.678 -5.013 
1703469172.898 4.740 -5.034 
1703469172.997 4.817 -5.058 
1703469173.098 4.896 -5.091 
1703469173.200 4.999 -5.108 
1703469173.298 5.076 -5.121 
1703469173.398 5.135 -5.137 
1703469173.499 5.188 -5.151 
1703469173.598 5.257 -5.139 
1703469173.699 5.341 -5.125 
1703469173.799 5.457 -5.130 
1703469177.810 5.041 -5.008 
1703469177.910 5.028 -5.020 
1703469178.010 4.976 -5.076 
1703469178.110 4.907 -5.159 
1703469178.210 4.851 -5.224 
1703469178.311 4.815 -5.271 
1703469178.410 4.772 -5.319 
1703469178.511 4.714 -5.383 
1703469178.610 4.640 -5.452 
1703469178.711 4.569 -5.518 
1703469178.811 4.538 -5.569 
1703469178.910 4.497 -5.608 
1703469179.011 4.433 -5.663 
1703469179.111 4.364 -5.717 
1703469179.212 4.298 -5.767 
1703469179.311 4.236 -5.820 
1703469179.412 4.169 -5.872 
1703469179.513 4.096 -5.920 
1703469179.612 4.017 -5.966 
1703469179.716 3.935 -6.014 
1703469179.813 3.862 -6.057 
1703469179.912 3.780 -6.101 
1703469180.013 3.694 -6.144 
1703469180.113 3.612 -6.185 
1703469180.212 3.529 -6.224 
1703469180.313 3.442 -6.263 
1703469180.413 3.359 -6.298 
1703469180.514 3.275 -6.331 
1703469180.614 3.191 -6.362 
1703469180.713 3.108 -6.388 
1703469180.813 3.028 -6.411 
1703469180.913 2.947 -6.431 
1703469181.013 2.869 -6.446 
1703469181.114 2.794 -6.459 
1703469181.214 2.720 -6.471 
1703469181.314 2.642 -6.488 
1703469181.414 2.567 -6.508 
1703469181.514 2.492 -6.529 
1703469181.614 2.423 -6.536 
1703469181.714 2.357 -6.521 
1703469181.816 2.295 -6.495 
1703469181.915 2.236 -6.470 
1703469182.015 2.176 -6.447 
1703469182.115 2.110 -6.423 
1703469182.216 2.039 -6.402 
1703469182.316 1.961 -6.378 
1703469182.416 1.881 -6.357 
1703469182.515 1.797 -6.336 
1703469182.615 1.689 -6.310 
1703469182.716 1.573 -6.279 
1703469182.815 1.466 -6.250 
1703469182.915 1.356 -6.233 
1703469183.016 1.282 -6.226 
1703469183.117 1.210 -6.223 
1703469183.217 1.125 -6.226 
1703469183.316 1.037 -6.221 
1703469183.417 0.949 -6.218 
1703469183.517 0.862 -6.218 
1703469183.617 0.775 -6.220 
1703469183.717 0.687 -6.225 
1703469183.817 0.600 -6.231 
1703469183.918 0.512 -6.237 
1703469184.017 0.424 -6.244 
1703469184.118 0.336 -6.251 
1703469184.223 0.249 -6.258 
1703469184.320 0.161 -6.266 
1703469184.421 0.072 -6.274 
1703469184.519 -0.014 -6.281 
1703469184.621 -0.104 -6.289 
1703469184.719 -0.190 -6.296 
1703469184.819 -0.277 -6.302 
1703469184.920 -0.364 -6.307 
1703469185.019 -0.449 -6.311 
1703469185.119 -0.535 -6.318 
1703469185.219 -0.611 -6.319 
1703469185.319 -0.690 -6.314 
1703469185.419 -0.761 -6.315 
1703469185.521 -0.833 -6.306 
1703469185.620 -0.902 -6.291 
1703469185.720 -1.004 -6.266 
1703469185.821 -1.102 -6.235 
1703469185.921 -1.186 -6.204 
1703469186.020 -1.245 -6.186 
1703469186.121 -1.271 -6.177 
1703469186.222 -1.259 -6.192 
1703469187.325 -1.160 -6.113 
1703469187.434 -1.162 -6.123 
1703469187.534 -1.178 -6.181 
1703469187.634 -1.193 -6.220 
1703469187.733 -1.172 -6.158 
1703469187.834 -1.118 -6.062 
1703469187.934 -1.132 -5.992 
1703469188.034 -1.147 -5.912 
1703469188.134 -1.121 -5.827 
1703469188.234 -1.039 -5.777 
1703469188.334 -0.942 -5.715 
1703469188.435 -0.851 -5.632 
1703469188.535 -0.795 -5.576 
1703469188.635 -0.752 -5.496 
1703469188.735 -0.700 -5.390 
1703469188.835 -0.633 -5.297 
1703469188.935 -0.562 -5.208 
1703469189.035 -0.505 -5.107 
1703469189.136 -0.466 -5.009 
1703469189.236 -0.433 -4.908 
1703469189.336 -0.416 -4.800 
1703469189.436 -0.413 -4.692 
1703469189.536 -0.407 -4.590 
1703469189.636 -0.398 -4.492 
1703469189.736 -0.390 -4.390 
1703469189.837 -0.397 -4.281 
1703469189.936 -0.402 -4.182 
1703469190.036 -0.405 -4.087 
1703469190.137 -0.406 -3.995 
1703469190.236 -0.410 -3.901 
1703469190.337 -0.416 -3.808 
1703469190.439 -0.424 -3.717 
1703469190.539 -0.429 -3.635 
1703469190.637 -0.434 -3.551 
1703469190.738 -0.436 -3.467 
1703469190.838 -0.451 -3.380 
1703469190.937 -0.462 -3.302 
1703469191.038 -0.476 -3.228 
1703469191.138 -0.486 -3.158 
1703469191.238 -0.498 -3.084 
1703469191.337 -0.552 -2.972 
1703469191.438 -0.602 -2.867 
1703469191.539 -0.638 -2.782 
1703469191.639 -0.692 -2.712 
1703469191.738 -0.759 -2.650 
1703469191.839 -0.824 -2.607 
1703469191.940 -0.877 -2.587 
1703469192.039 -0.929 -2.580 
1703469192.140 -1.001 -2.554 
1703469192.240 -1.063 -2.519 
1703469192.340 -1.118 -2.492 
1703469192.440 -1.178 -2.487 
1703469192.540 -1.255 -2.475 
1703469192.642 -1.350 -2.450 
1703469192.741 -1.437 -2.426 
1703469192.841 -1.526 -2.401 
1703469192.941 -1.615 -2.384 
1703469198.051 -1.481 -2.556 
1703469198.052 -1.481 -2.556 
1703469198.152 -1.439 -2.579 
1703469198.252 -1.363 -2.655 
1703469198.352 -1.274 -2.760 
1703469198.454 -1.191 -2.846 
1703469198.553 -1.123 -2.936 
1703469198.654 -1.065 -3.012 
1703469198.754 -1.011 -3.084 
1703469198.854 -0.954 -3.161 
1703469198.953 -0.896 -3.233 
1703469199.054 -0.839 -3.300 
1703469199.154 -0.786 -3.378 
1703469199.254 -0.730 -3.460 
1703469199.356 -0.674 -3.545 
1703469199.455 -0.619 -3.633 
1703469199.555 -0.570 -3.711 
1703469199.655 -0.516 -3.791 
1703469199.755 -0.462 -3.875 
1703469199.855 -0.403 -3.964 
1703469201.964 -0.126 -4.165 
1703469201.965 -0.126 -4.165 
1703469202.065 -0.140 -4.254 
1703469202.165 -0.191 -4.386 
1703469202.265 -0.242 -4.520 
1703469202.366 -0.270 -4.642 
1703469202.466 -0.299 -4.749 
1703469202.567 -0.341 -4.860 
1703469202.666 -0.385 -4.972 
1703469202.768 -0.439 -5.072 
1703469202.866 -0.494 -5.169 
1703469202.966 -0.548 -5.266 
1703469203.067 -0.611 -5.355 
1703469203.167 -0.702 -5.430 
1703469203.266 -0.794 -5.494 
1703469203.366 -0.888 -5.561 
1703469203.467 -0.981 -5.621 
1703469203.568 -1.075 -5.677 
1703469203.667 -1.183 -5.721 
1703469203.767 -1.303 -5.761 
1703469203.867 -1.422 -5.798 
1703469203.967 -1.535 -5.835 
1703469204.068 -1.649 -5.883 
1703469204.168 -1.761 -5.927 
1703469204.269 -1.873 -5.946 
1703469204.368 -1.994 -5.957 
1703469204.469 -2.117 -5.972 
1703469204.568 -2.228 -5.987 
1703469204.668 -2.326 -5.995 
1703469204.768 -2.433 -6.002 
1703469204.869 -2.540 -6.009 
1703469204.969 -2.645 -6.017 
1703469205.068 -2.750 -6.024 
1703469205.169 -2.860 -6.031 
1703469205.269 -2.968 -6.038 
1703469205.369 -3.075 -6.047 
1703469205.469 -3.182 -6.057 
1703469205.569 -3.286 -6.066 
1703469205.669 -3.393 -6.071 
1703469205.769 -3.504 -6.076 
1703469205.870 -3.616 -6.084 
1703469205.970 -3.728 -6.090 
1703469206.070 -3.836 -6.096 
1703469206.170 -3.942 -6.103 
1703469206.271 -4.051 -6.108 
1703469206.371 -4.163 -6.112 
1703469206.472 -4.272 -6.115 
1703469206.571 -4.376 -6.120 
1703469206.672 -4.476 -6.124 
1703469206.773 -4.581 -6.121 
1703469206.872 -4.682 -6.118 
1703469206.973 -4.779 -6.113 
1703469207.072 -4.870 -6.108 
1703469207.172 -4.963 -6.107 
1703469207.273 -5.051 -6.105 
1703469207.372 -5.137 -6.104 
1703469207.473 -5.219 -6.102 
1703469207.573 -5.297 -6.100 
1703469207.673 -5.370 -6.098 
1703469207.773 -5.460 -6.099 
1703469207.873 -5.570 -6.108 
1703469207.974 -5.662 -6.106 
1703469208.073 -5.732 -6.099 
1703469208.174 -5.815 -6.110 
1703469208.273 -5.914 -6.197 
1703469208.374 -6.005 -6.295 
1703469208.475 -6.082 -6.402 
1703469208.574 -6.147 -6.510 
1703469208.674 -6.217 -6.577 
1703469208.775 -6.268 -6.680 
1703469208.874 -6.284 -6.804 
1703469208.974 -6.302 -6.928 
1703469209.074 -6.278 -7.069 
1703469209.175 -6.233 -7.198 
1703469209.274 -6.174 -7.252 
1703469209.375 -6.121 -7.291 
1703469209.474 -6.073 -7.359 
1703469209.575 -5.998 -7.455 
1703469209.675 -5.937 -7.544 
1703469209.775 -5.888 -7.613 
1703469209.875 -5.836 -7.680 
1703469209.976 -5.777 -7.753 
1703469210.076 -5.712 -7.831 
1703469210.176 -5.653 -7.911 
1703469210.276 -5.600 -7.986 
1703469210.376 -5.539 -8.054 
1703469210.477 -5.470 -8.121 
1703469210.580 -5.409 -8.186 
1703469210.680 -5.347 -8.251 
1703469210.780 -5.285 -8.317 
1703469210.881 -5.220 -8.386 
1703469210.983 -5.150 -8.445 
1703469211.082 -5.072 -8.498 
1703469211.182 -4.996 -8.553 
1703469211.282 -4.925 -8.613 
1703469211.382 -4.850 -8.675 
1703469211.482 -4.768 -8.733 
1703469211.582 -4.678 -8.781 
1703469211.682 -4.585 -8.826 
1703469211.783 -4.485 -8.871 
1703469211.883 -4.380 -8.914 
1703469211.982 -4.277 -8.947 
1703469212.083 -4.164 -8.971 
1703469212.183 -4.044 -8.990 
1703469212.283 -3.924 -8.991 
1703469212.383 -3.806 -8.987 
1703469212.484 -3.690 -8.986 
1703469212.583 -3.582 -8.984 
1703469212.683 -3.471 -8.982 
1703469212.785 -3.364 -8.983 
1703469212.886 -3.262 -8.982 
1703469212.985 -3.164 -8.983 
1703469213.085 -3.070 -8.985 
1703469213.185 -2.974 -8.980 
1703469213.285 -2.879 -8.974 
1703469213.386 -2.797 -8.976 
1703469213.486 -2.720 -8.976 
1703469213.590 -2.626 -8.965 
1703469213.688 -2.516 -8.951 
1703469213.788 -2.417 -8.939 
1703469213.888 -2.335 -8.928 
1703469213.989 -2.265 -8.918 
1703469214.089 -2.196 -8.912 
1703469214.190 -2.122 -8.911 
1703469214.289 -2.056 -8.910 
1703469214.389 -1.973 -8.916 
1703469214.489 -1.911 -8.911 
1703469214.590 -1.854 -8.913 
1703469214.690 -1.805 -8.927 
1703469214.790 -1.716 -8.918 
1703469214.891 -1.612 -8.904 
1703469214.990 -1.494 -8.890 
1703469215.091 -1.387 -8.879 
1703469215.190 -1.306 -8.871 
1703469215.290 -1.249 -8.861 
1703469215.390 -1.228 -8.841 
1703469215.491 -1.209 -8.825 
1703469215.591 -1.133 -8.848 
1703469215.691 -1.017 -8.902 
1703469215.791 -0.922 -8.938 
1703469215.892 -0.853 -8.966 
1703469215.991 -0.785 -8.981 
1703469216.091 -0.687 -9.007 
1703469216.191 -0.579 -9.032 
1703469216.292 -0.474 -9.060 
1703469216.392 -0.424 -9.099 
1703469216.492 -0.384 -9.109 
1703469216.592 -0.314 -9.112 
1703469216.692 -0.202 -9.126 
1703469216.792 -0.072 -9.142 
1703469216.893 0.016 -9.167 
1703469216.993 0.103 -9.178 
1703469217.093 0.191 -9.175 
1703469217.193 0.308 -9.193 
1703469217.293 0.430 -9.206 
1703469217.393 0.541 -9.216 
1703469217.493 0.657 -9.215 
1703469217.593 0.771 -9.217 
1703469217.695 0.890 -9.218 
1703469217.794 1.004 -9.219 
1703469217.894 1.124 -9.221 
1703469217.994 1.241 -9.224 
1703469218.094 1.365 -9.224 
1703469218.195 1.482 -9.227 
1703469218.295 1.595 -9.225 
1703469218.395 1.709 -9.223 
1703469218.495 1.818 -9.220 
1703469218.594 1.924 -9.218 
1703469218.695 2.028 -9.218 
1703469218.795 2.127 -9.216 
1703469218.896 2.221 -9.213 
1703469218.995 2.310 -9.208 
1703469219.096 2.398 -9.206 
1703469219.196 2.480 -9.202 
1703469219.296 2.560 -9.195 
1703469219.396 2.669 -9.171 
1703469219.497 2.771 -9.155 
1703469219.596 2.856 -9.141 
1703469219.697 2.934 -9.128 
1703469219.797 3.013 -9.113 
1703469219.897 3.093 -9.097 
1703469219.997 3.158 -9.078 
1703469220.097 3.205 -9.050 
1703469220.197 3.274 -9.014 
1703469220.297 3.362 -8.984 
1703469220.398 3.442 -8.960 
1703469220.498 3.502 -8.941 
1703469220.597 3.559 -8.925 
1703469220.697 3.623 -8.908 
1703469220.798 3.687 -8.886 
1703469220.899 3.744 -8.863 
1703469220.999 3.811 -8.843 
1703469221.098 3.908 -8.819 
1703469221.199 4.010 -8.793 
1703469221.503 4.116 -8.726 
1703469221.601 4.198 -8.750 
1703469221.700 4.302 -8.786 
1703469221.800 4.444 -8.800 
1703469221.901 4.602 -8.805 
1703469222.001 4.737 -8.813 
1703469222.101 4.801 -8.829 
1703469222.202 4.856 -8.836 
1703469222.302 4.927 -8.832 
1703469222.402 5.023 -8.841 
1703469222.513 5.129 -8.853 
1703469222.608 5.214 -8.864 
1703469222.707 5.267 -8.880 
1703469222.806 5.334 -8.892 
1703469222.906 5.407 -8.891 
1703469223.007 5.499 -8.889 
1703469223.107 5.600 -8.890 
1703469223.207 5.689 -8.893 
1703469223.315 5.759 -8.896 
1703469223.409 5.829 -8.898 
1703469223.508 5.919 -8.902 
1703469223.608 6.009 -8.904 
1703469223.708 6.096 -8.906 
1703469223.808 6.182 -8.909 
1703469223.907 6.267 -8.911 
1703469224.009 6.354 -8.916 
1703469224.108 6.441 -8.920 
1703469224.208 6.526 -8.920 
1703469224.308 6.612 -8.921 
1703469224.409 6.695 -8.922 
1703469224.509 6.776 -8.924 
1703469224.609 6.837 -8.929 
1703469224.708 6.912 -8.927 
1703469224.809 7.029 -8.888 
1703469224.909 7.130 -8.873 
1703469225.010 7.183 -8.894 
1703469225.109 7.240 -8.885 
1703469225.209 7.312 -8.825 
1703469225.310 7.360 -8.766 
1703469225.410 7.383 -8.728 
1703469225.511 7.426 -8.664 
1703469225.610 7.496 -8.573 
1703469225.710 7.527 -8.502 
1703469225.811 7.570 -8.451 
1703469225.911 7.618 -8.352 
1703469226.010 7.660 -8.274 
1703469226.111 7.713 -8.186 
1703469226.211 7.752 -8.133 
1703469226.312 7.787 -8.059 
1703469226.411 7.824 -7.982 
1703469226.511 7.854 -7.899 
1703469226.612 7.884 -7.812 
1703469226.712 7.923 -7.716 
1703469226.812 7.964 -7.622 
1703469226.913 7.997 -7.531 
1703469227.013 8.022 -7.440 
1703469227.113 8.043 -7.349 
1703469227.212 8.068 -7.255 
1703469227.313 8.092 -7.162 
1703469227.413 8.115 -7.073 
1703469227.514 8.138 -6.982 
1703469227.615 8.156 -6.895 
1703469227.715 8.178 -6.809 
1703469227.815 8.207 -6.727 
1703469227.916 8.240 -6.648 
1703469228.015 8.266 -6.573 
1703469229.419 8.195 -6.438 
1703469229.420 8.194 -6.438 
1703469229.521 8.177 -6.404 
1703469229.620 8.191 -6.303 
1703469229.720 8.230 -6.163 
1703469229.821 8.249 -6.043 
1703469229.921 8.251 -5.932 
1703469230.021 8.253 -5.812 
1703469230.121 8.258 -5.689 
1703469230.221 8.265 -5.570 
1703469230.321 8.296 -5.529 
1703469230.422 8.326 -5.481 
1703469230.522 8.311 -5.398 
1703469230.621 8.287 -5.324 
1703469230.722 8.299 -5.250 
1703469230.822 8.275 -5.179 
1703469230.923 8.239 -5.104 
1703469231.022 8.205 -5.061 
1703469231.123 8.159 -5.049 
1703469231.222 8.073 -5.017 
1703469231.323 7.953 -4.984 
1703469231.423 7.826 -4.953 
1703469231.523 7.710 -4.927 
1703469231.623 7.644 -4.921 
1703469231.723 7.605 -4.913 
1703469231.823 7.585 -4.909 
1703469231.924 7.530 -4.921 
1703469232.024 7.434 -4.942 
1703469232.124 7.293 -4.956 
1703469232.225 7.173 -4.959 
1703469232.324 7.067 -4.953 
1703469232.424 6.957 -4.959 
1703469232.523 6.862 -4.971 
1703469232.624 6.786 -4.991 
1703469232.724 6.716 -5.001 
1703469232.825 6.664 -4.986 
1703469232.924 6.614 -4.976 
1703469233.024 6.546 -4.973 
1703469233.124 6.462 -4.970 
1703469233.225 6.372 -4.967 
1703469233.325 6.301 -4.971 
1703469233.425 6.224 -4.968 
1703469233.525 6.145 -4.967 
1703469233.625 6.066 -4.967 
1703469233.725 5.990 -4.967 
1703469233.826 5.914 -4.967 
1703469233.925 5.835 -4.967 
1703469234.026 5.755 -4.969 
1703469234.126 5.677 -4.966 
1703469234.226 5.598 -4.965 
1703469234.325 5.517 -4.966 
1703469234.426 5.429 -4.968 
1703469234.526 5.348 -4.973 
1703469234.626 5.271 -4.979 
1703469234.727 5.190 -4.986 
1703469234.831 5.107 -4.997 
1703469234.930 5.028 -5.011 
1703469235.031 4.946 -5.032 
1703469235.132 4.864 -5.054 
1703469235.232 4.785 -5.071 
1703469235.333 4.708 -5.084 
1703469235.434 4.630 -5.100 
1703469235.534 4.551 -5.115 
1703469235.633 4.467 -5.128 
1703469235.733 4.387 -5.142 
1703469235.833 4.308 -5.155 
1703469235.933 4.230 -5.167 
1703469236.036 4.156 -5.180 
1703469236.136 4.082 -5.192 
1703469236.236 3.997 -5.197 
1703469236.337 3.911 -5.201 
1703469236.436 3.832 -5.206 
1703469236.536 3.758 -5.211 
1703469236.636 3.687 -5.217 
1703469236.736 3.618 -5.223 
1703469236.836 3.531 -5.212 
1703469236.937 3.441 -5.197 
1703469237.036 3.358 -5.183 
1703469237.137 3.284 -5.172 
1703469237.237 3.217 -5.168 
1703469237.337 3.144 -5.159 
1703469237.437 3.066 -5.138 
1703469237.538 2.989 -5.115 
1703469237.638 2.917 -5.096 
1703469237.738 2.845 -5.079 
1703469237.838 2.765 -5.049 
1703469237.938 2.686 -5.020 
1703469238.037 2.610 -5.002 
1703469238.138 2.534 -4.978 
1703469238.238 2.459 -4.953 
1703469238.339 2.382 -4.925 
1703469238.438 2.304 -4.892 
1703469238.539 2.228 -4.856 
1703469238.638 2.152 -4.819 
1703469238.739 2.074 -4.787 
1703469238.838 1.998 -4.756 
1703469238.939 1.917 -4.724 
1703469239.039 1.834 -4.688 
1703469239.139 1.763 -4.648 
1703469239.239 1.695 -4.603 
1703469239.340 1.624 -4.557 
1703469239.440 1.551 -4.511 
1703469239.540 1.472 -4.461 
1703469239.641 1.394 -4.413 
1703469239.740 1.317 -4.363 
1703469239.840 1.245 -4.315 
1703469239.940 1.176 -4.268 
1703469240.041 1.102 -4.215 
1703469240.141 1.025 -4.163 
1703469240.240 0.953 -4.107 
1703469240.341 0.882 -4.048 
1703469240.441 0.809 -3.994 
1703469240.541 0.734 -3.940 
1703469240.641 0.660 -3.885 
1703469240.742 0.592 -3.826 
1703469240.841 0.523 -3.760 
1703469240.942 0.454 -3.698 
1703469241.042 0.385 -3.635 
1703469241.141 0.314 -3.569 
1703469241.242 0.242 -3.490 
1703469241.342 0.173 -3.421 
1703469241.442 0.106 -3.353 
1703469241.542 0.036 -3.286 
1703469241.642 -0.044 -3.212 
1703469241.743 -0.113 -3.137 
1703469241.843 -0.179 -3.060 
1703469241.943 -0.244 -2.986 
1703469242.043 -0.308 -2.907 
1703469242.143 -0.381 -2.818 
1703469242.242 -0.450 -2.733 
1703469242.343 -0.516 -2.652 
1703469242.443 -0.580 -2.572 
1703469242.544 -0.655 -2.485 
1703469242.643 -0.724 -2.396 
1703469242.744 -0.788 -2.306 
1703469242.844 -0.854 -2.214 
1703469242.947 -0.927 -2.116 
1703469243.045 -0.989 -2.025 
1703469243.143 -1.051 -1.933 
1703469243.243 -1.116 -1.838 
1703469243.344 -1.184 -1.745 
1703469243.444 -1.249 -1.649 
1703469243.543 -1.313 -1.550 
1703469243.645 -1.380 -1.447 
1703469243.744 -1.443 -1.347 
1703469243.845 -1.504 -1.249 
1703469243.945 -1.568 -1.151 
1703469244.045 -1.629 -1.056 
1703469244.145 -1.698 -0.962 
1703469244.245 -1.768 -0.863 
1703469244.345 -1.835 -0.763 
1703469244.446 -1.907 -0.662 
1703469244.546 -1.979 -0.564 
1703469244.646 -2.051 -0.471 
1703469244.747 -2.122 -0.379 
1703469244.847 -2.197 -0.289 
1703469244.948 -2.282 -0.196 
1703469245.047 -2.361 -0.103 
1703469245.147 -2.436 -0.015 
1703469245.248 -2.509 0.071 
1703469245.348 -2.592 0.170 
1703469245.449 -2.684 0.262 
1703469245.548 -2.777 0.329 
1703469245.648 -2.877 0.395 
1703469245.748 -2.978 0.461 
1703469245.849 -3.087 0.527 
1703469245.949 -3.182 0.586 
1703469246.049 -3.282 0.633 
1703469246.149 -3.391 0.676 
1703469246.249 -3.506 0.716 
1703469246.348 -3.620 0.755 
1703469246.449 -3.730 0.805 
1703469246.549 -3.840 0.848 
1703469246.649 -3.954 0.880 
1703469246.751 -4.071 0.913 
1703469246.849 -4.183 0.946 
1703469246.949 -4.297 0.977 
1703469247.049 -4.416 1.019 
1703469247.149 -4.511 1.027 
1703469250.756 -4.546 0.659 
1703469250.756 -4.546 0.659 
1703469250.857 -4.563 0.605 
1703469250.957 -4.650 0.500 
1703469251.056 -4.717 0.395 
1703469251.157 -4.782 0.292 
1703469251.256 -4.843 0.189 
1703469251.357 -4.891 0.080 
1703469251.457 -4.965 -0.032 
1703469251.557 -5.049 -0.131 
1703469251.657 -5.157 -0.211 
1703469251.757 -5.290 -0.259 
1703469251.858 -5.426 -0.264 
1703469251.957 -5.491 -0.253 
1703469252.057 -5.522 -0.238 
1703469252.158 -5.596 -0.189 
1703469252.257 -5.725 -0.131 
1703469252.358 -5.836 -0.077 
1703469252.458 -5.946 -0.027 
1703469252.558 -6.050 -0.006 
1703469252.658 -6.165 0.008 
1703469252.760 -6.260 0.021 
1703469252.859 -6.327 0.036 
1703469252.959 -6.397 0.035 
1703469253.058 -6.475 0.028 
1703469253.160 -6.554 0.019 
1703469253.258 -6.633 0.009 
1703469253.359 -6.715 0.003 
1703469253.460 -6.800 -0.005 
1703469253.559 -6.888 -0.015 
1703469253.660 -6.975 -0.024 
1703469253.759 -7.066 -0.038 
1703469253.860 -7.158 -0.053 
1703469253.960 -7.248 -0.065 
1703469254.060 -7.341 -0.079 
1703469254.161 -7.438 -0.090 
1703469254.260 -7.523 -0.114 
1703469254.361 -7.609 -0.135 
1703469254.463 -7.701 -0.139 
1703469254.561 -7.784 -0.139 
1703469254.661 -7.895 -0.129 
1703469254.761 -8.020 -0.098 
1703469254.861 -8.118 -0.080 
1703469254.961 -8.216 -0.065 
1703469255.062 -8.336 -0.009 
1703469255.161 -8.464 0.071 
1703469255.262 -8.578 0.130 
1703469255.361 -8.683 0.210 
1703469255.462 -8.774 0.308 
1703469255.562 -8.829 0.417 
1703469255.662 -8.848 0.534 
1703469255.762 -8.829 0.619 
1703469255.863 -8.806 0.734 
1703469255.962 -8.775 0.837 
1703469256.064 -8.704 0.954 
1703469256.162 -8.623 1.042 
1703469256.262 -8.535 1.126 
1703469256.363 -8.453 1.213 
1703469256.463 -8.374 1.299 
1703469256.562 -8.299 1.386 
1703469256.664 -8.209 1.466 
1703469256.764 -8.109 1.541 
1703469256.864 -8.010 1.614 
1703469256.965 -7.918 1.689 
1703469257.065 -7.827 1.763 
1703469257.165 -7.734 1.832 
1703469257.265 -7.636 1.901 
1703469257.365 -7.538 1.971 
1703469257.466 -7.441 2.042 
1703469257.565 -7.343 2.112 
1703469257.665 -7.245 2.182 
1703469257.766 -7.149 2.252 
1703469257.866 -7.054 2.322 
1703469257.970 -6.959 2.394 
1703469258.066 -6.860 2.468 
1703469258.167 -6.763 2.541 
1703469258.266 -6.670 2.612 
1703469258.367 -6.571 2.687 
1703469258.466 -6.479 2.760 
1703469258.566 -6.412 2.806 
1703469258.666 -6.337 2.891 
1703469258.766 -6.256 2.942 
1703469258.867 -6.185 2.973 
1703469258.966 -6.114 3.012 
1703469259.067 -6.064 3.109 
1703469259.167 -6.031 3.194 
1703469259.267 -6.028 3.248 
1703469261.972 -5.837 3.012 
1703469262.072 -5.854 2.992 
1703469262.172 -5.901 2.943 
1703469262.272 -5.959 2.890 
1703469262.373 -5.966 2.838 
1703469262.472 -5.925 2.791 
1703469262.573 -5.803 2.769 
1703469262.673 -5.619 2.752 
1703469262.772 -5.468 2.739 
1703469262.873 -5.351 2.733 
1703469262.973 -5.288 2.730 
1703469263.074 -5.338 2.755 
1703469263.174 -5.434 2.804 
1703469263.275 -5.501 2.831 
1703469263.375 -5.450 2.838 
1703469263.473 -5.348 2.828 
1703469263.575 -5.207 2.807 
1703469263.674 -5.098 2.806 
1703469263.775 -5.002 2.778 
1703469263.874 -4.886 2.738 
1703469263.974 -4.767 2.686 
1703469264.075 -4.701 2.648 
1703469264.175 -4.675 2.646 
1703469264.275 -4.617 2.628 
1703469264.374 -4.523 2.588 
1703469264.475 -4.414 2.542 
1703469264.576 -4.310 2.514 
1703469264.676 -4.207 2.501 
1703469264.776 -4.103 2.481 
1703469269.888 -3.694 2.191 
1703469269.889 -3.694 2.191 
1703469269.989 -3.703 2.162 
1703469270.090 -3.743 2.102 
1703469270.191 -3.843 2.011 
1703469270.291 -3.899 1.938 
1703469270.392 -3.968 1.885 
1703469270.491 -4.049 1.795 
1703469270.591 -4.145 1.705 
1703469270.691 -4.227 1.628 
1703469270.791 -4.319 1.552 
1703469270.891 -4.411 1.475 
1703469270.992 -4.504 1.398 
1703469271.092 -4.596 1.321 
1703469271.191 -4.687 1.248 
1703469271.291 -4.777 1.171 
1703469271.392 -4.867 1.093 
1703469271.492 -4.954 1.016 
1703469271.592 -5.044 0.937 
1703469271.692 -5.133 0.857 
1703469271.792 -5.222 0.777 
1703469271.892 -5.311 0.697 
1703469271.992 -5.400 0.617 
1703469272.092 -5.488 0.538 
1703469272.192 -5.577 0.457 
1703469272.292 -5.663 0.375 
1703469272.393 -5.748 0.291 
1703469272.493 -5.833 0.205 
1703469272.593 -5.921 0.116 
1703469272.694 -6.009 0.028 
1703469272.793 -6.090 -0.060 
1703469272.893 -6.176 -0.151 
1703469272.993 -6.258 -0.238 
1703469273.094 -6.335 -0.331 
1703469273.193 -6.408 -0.420 
1703469273.293 -6.481 -0.524 
1703469273.396 -6.555 -0.627 
1703469273.495 -6.626 -0.729 
1703469273.594 -6.681 -0.836 
1703469273.695 -6.738 -0.952 
1703469273.794 -6.803 -1.071 
1703469273.895 -6.872 -1.167 
1703469273.995 -6.915 -1.273 
1703469274.094 -6.941 -1.391 
1703469274.195 -6.973 -1.523 
1703469274.295 -7.000 -1.666 
1703469274.396 -7.027 -1.835 
1703469274.496 -7.074 -1.941 
1703469274.596 -7.128 -2.026 
1703469274.696 -7.167 -2.118 
1703469274.796 -7.168 -2.213 
1703469274.898 -7.171 -2.281 
1703469274.997 -7.183 -2.308 
1703469275.097 -7.181 -2.338 
1703469275.198 -7.130 -2.392 
1703469275.298 -7.039 -2.460 
1703469275.398 -6.993 -2.506 
1703469275.499 -6.958 -2.532 
1703469279.307 -6.782 -3.246 
1703469279.407 -6.826 -3.228 
1703469279.507 -6.926 -3.147 
1703469279.607 -7.033 -3.038 
1703469279.707 -7.148 -2.957 
1703469279.808 -7.255 -2.878 
1703469279.908 -7.304 -2.827 
1703469280.008 -7.350 -2.758 
1703469280.108 -7.435 -2.671 
1703469280.209 -7.515 -2.583 
1703469280.308 -7.590 -2.492 
1703469280.408 -7.642 -2.406 
1703469280.509 -7.704 -2.308 
1703469280.609 -7.751 -2.221 
1703469280.709 -7.818 -2.136 
1703469280.809 -7.935 -2.046 
1703469282.811 -8.047 -2.150 
1703469282.812 -8.047 -2.150 
1703469282.912 -8.027 -2.081 
1703469283.013 -8.041 -1.957 
1703469283.114 -8.069 -1.836 
1703469283.214 -8.083 -1.718 
1703469283.314 -8.080 -1.598 
1703469283.414 -8.085 -1.478 
1703469283.513 -8.089 -1.359 
1703469283.613 -8.093 -1.239 
1703469283.714 -8.095 -1.119 
1703469283.813 -8.099 -0.997 
1703469283.914 -8.101 -0.877 
1703469284.013 -8.103 -0.755 
1703469284.114 -8.106 -0.633 
1703469284.214 -8.108 -0.513 
1703469284.314 -8.109 -0.395 
1703469284.416 -8.110 -0.274 
1703469284.515 -8.111 -0.153 
1703469284.616 -8.111 -0.032 
1703469284.715 -8.112 0.087 
1703469284.815 -8.112 0.205 
1703469284.915 -8.112 0.315 
1703469285.014 -8.111 0.410 
1703469285.115 -8.109 0.504 
1703469285.215 -8.108 0.596 
1703469285.316 -8.106 0.690 
1703469285.416 -8.104 0.782 
1703469285.516 -8.102 0.876 
1703469285.616 -8.099 0.968 
1703469285.715 -8.096 1.059 
1703469285.816 -8.096 1.154 
1703469285.916 -8.093 1.250 
1703469286.016 -8.088 1.339 
1703469286.117 -8.083 1.432 
1703469286.216 -8.077 1.524 
1703469286.317 -8.074 1.616 
1703469286.417 -8.075 1.708 
1703469286.517 -8.063 1.805 
1703469286.617 -8.057 1.901 
1703469286.718 -8.050 1.990 
1703469286.818 -8.042 2.080 
1703469286.918 -8.039 2.176 
1703469287.017 -8.031 2.270 
1703469287.118 -8.020 2.365 
1703469287.218 -8.010 2.455 
1703469287.318 -7.999 2.546 
1703469287.418 -7.981 2.643 
1703469287.520 -7.966 2.738 
1703469287.618 -7.953 2.827 
1703469287.719 -7.939 2.917 
1703469287.819 -7.928 3.007 
1703469287.918 -7.909 3.099 
1703469288.018 -7.887 3.197 
1703469288.118 -7.870 3.295 
1703469288.218 -7.856 3.388 
1703469288.319 -7.842 3.477 
1703469288.418 -7.827 3.567 
1703469288.520 -7.809 3.664 
1703469288.619 -7.789 3.752 
1703469288.720 -7.771 3.836 
1703469288.820 -7.753 3.921 
1703469288.920 -7.731 4.013 
1703469289.020 -7.704 4.113 
1703469289.120 -7.676 4.210 
1703469289.221 -7.665 4.279 
1703469292.026 -7.670 4.412 
1703469292.027 -7.670 4.412 
1703469292.127 -7.730 4.464 
1703469292.227 -7.818 4.535 
1703469292.328 -7.922 4.621 
1703469292.428 -8.042 4.723 
1703469292.528 -8.134 4.807 
1703469292.628 -8.205 4.892 
1703469292.728 -8.255 5.001 
1703469292.828 -8.294 5.117 
1703469292.928 -8.334 5.234 
1703469293.029 -8.377 5.350 
1703469293.129 -8.410 5.465 
1703469293.228 -8.428 5.561 
1703469293.330 -8.443 5.633 
1703469293.430 -8.460 5.707 
1703469293.530 -8.477 5.784 
1703469293.629 -8.493 5.862 
1703469293.730 -8.513 5.950 
1703469293.830 -8.536 6.036 
1703469293.930 -8.555 6.114 
1703469294.031 -8.575 6.194 
1703469294.130 -8.598 6.276 
1703469294.230 -8.621 6.355 
1703469294.330 -8.643 6.432 
1703469294.430 -8.665 6.509 
1703469294.531 -8.684 6.585 
1703469294.631 -8.702 6.660 
1703469294.730 -8.724 6.735 
1703469294.831 -8.748 6.809 
1703469294.931 -8.769 6.881 
1703469295.031 -8.784 6.956 
1703469295.131 -8.794 7.030 
1703469295.232 -8.799 7.102 
1703469295.332 -8.802 7.184 
1703469295.432 -8.809 7.267 
1703469295.532 -8.816 7.346 
1703469295.632 -8.822 7.422 
1703469295.732 -8.828 7.501 
1703469295.832 -8.834 7.580 
1703469295.932 -8.839 7.660 
1703469296.032 -8.845 7.736 
1703469296.132 -8.852 7.812 
1703469296.232 -8.852 7.917 
1703469296.332 -8.861 8.024 
1703469296.432 -8.876 8.101 
1703469296.532 -8.899 8.153 
1703469296.633 -8.866 8.242 
1703469296.733 -8.878 8.289 
1703469296.833 -8.910 8.311 
1703469296.933 -8.900 8.345 
1703469297.034 -8.779 8.397 
1703469297.133 -8.666 8.441 
1703469297.233 -8.580 8.484 
1703469297.334 -8.480 8.521 
1703469297.434 -8.420 8.520 
1703469297.534 -8.383 8.517 
1703469297.634 -8.326 8.521 
1703469297.734 -8.217 8.513 
1703469297.834 -8.095 8.501 
1703469297.934 -8.022 8.491 
1703469298.035 -7.936 8.468 
1703469298.135 -7.847 8.448 
1703469298.235 -7.761 8.425 
1703469298.336 -7.677 8.397 
1703469298.435 -7.595 8.370 
1703469298.535 -7.514 8.341 
1703469298.636 -7.436 8.312 
1703469298.735 -7.359 8.285 
1703469298.836 -7.282 8.255 
1703469298.936 -7.207 8.229 
1703469299.037 -7.127 8.205 
1703469299.137 -7.046 8.181 
1703469299.237 -6.960 8.165 
1703469299.337 -6.868 8.156 
1703469299.437 -6.766 8.158 
1703469302.343 -6.652 7.993 
1703469302.344 -6.653 7.993 
1703469302.444 -6.642 7.914 
1703469302.544 -6.590 7.785 
1703469302.645 -6.544 7.674 
1703469302.744 -6.498 7.581 
1703469302.844 -6.442 7.469 
1703469302.945 -6.382 7.363 
1703469303.045 -6.328 7.256 
1703469303.145 -6.273 7.152 
1703469303.245 -6.215 7.048 
1703469303.345 -6.166 6.939 
1703469303.445 -6.122 6.828 
1703469303.546 -6.086 6.719 
1703469303.646 -6.047 6.649 
1703469303.745 -6.017 6.580 
1703469303.846 -6.003 6.501 
1703469303.947 -5.985 6.424 
1703469304.047 -5.965 6.352 
1703469304.147 -5.953 6.266 
1703469304.247 -5.945 6.185 
1703469304.346 -5.930 6.111 
1703469304.447 -5.919 6.036 
1703469304.547 -5.913 5.954 
1703469304.647 -5.905 5.874 
1703469304.748 -5.899 5.793 
1703469304.848 -5.893 5.711 
1703469304.948 -5.888 5.628 
1703469305.049 -5.880 5.551 
1703469305.152 -5.874 5.470 
1703469305.251 -5.865 5.387 
1703469305.352 -5.859 5.300 
1703469305.455 -5.855 5.210 
1703469305.552 -5.848 5.127 
1703469305.651 -5.840 5.036 
1703469305.752 -5.828 4.936 
1703469305.853 -5.819 4.849 
1703469305.953 -5.805 4.765 
1703469306.052 -5.780 4.667 
1703469306.152 -5.751 4.569 
1703469306.253 -5.725 4.472 
1703469306.353 -5.703 4.369 
1703469306.453 -5.679 4.260 
1703469306.553 -5.640 4.179 
1703469306.653 -5.583 4.119 
1703469306.753 -5.536 4.046 
1703469306.853 -5.490 3.955 
1703469306.953 -5.448 3.866 
1703469307.054 -5.396 3.779 
1703469307.153 -5.359 3.700 
1703469307.254 -5.321 3.611 
1703469307.354 -5.274 3.528 
1703469307.454 -5.215 3.450 
1703469307.554 -5.154 3.373 
1703469307.654 -5.080 3.296 
1703469307.754 -4.997 3.219 
1703469307.855 -4.930 3.133 
1703469307.955 -4.865 3.058 
1703469308.055 -4.790 3.010 
1703469308.155 -4.711 2.962 
1703469308.255 -4.601 2.910 
1703469308.356 -4.491 2.855 
1703469308.455 -4.427 2.799 
1703469308.555 -4.361 2.746 
1703469308.655 -4.275 2.717 
1703469308.756 -4.162 2.690 
1703469308.856 -4.053 2.663 
1703469308.956 -3.952 2.636 
1703469309.055 -3.858 2.611 
1703469309.156 -3.783 2.581 
1703469309.256 -3.707 2.560 
1703469309.356 -3.603 2.549 
1703469309.455 -3.493 2.540 
1703469309.556 -3.381 2.528 
1703469310.459 -3.233 2.444 
1703469310.460 -3.233 2.444 
1703469310.560 -3.155 2.481 
1703469310.661 -3.031 2.504 
1703469310.761 -2.910 2.537 
1703469310.861 -2.832 2.576 
1703469310.960 -2.771 2.578 
1703469311.061 -2.711 2.578 
1703469311.162 -2.637 2.578 
1703469311.262 -2.553 2.582 
1703469311.362 -2.472 2.590 
1703469311.462 -2.393 2.600 
1703469311.562 -2.311 2.608 
1703469311.662 -2.228 2.613 
1703469311.763 -2.146 2.616 
1703469311.863 -2.062 2.620 
1703469311.963 -1.979 2.624 
1703469312.063 -1.901 2.630 
1703469312.162 -1.822 2.635 
1703469312.264 -1.736 2.637 
1703469312.565 -1.482 2.636 
1703469312.664 -1.381 2.625 
1703469312.764 -1.253 2.628 
1703469312.864 -1.138 2.623 
1703469312.965 -1.022 2.618 
1703469313.064 -0.903 2.617 
1703469313.164 -0.787 2.617 
1703469313.264 -0.670 2.620 
1703469313.364 -0.552 2.619 
1703469313.466 -0.432 2.619 
1703469313.566 -0.313 2.620 
1703469313.666 -0.194 2.627 
1703469313.766 -0.076 2.636 
1703469313.870 0.041 2.643 
1703469313.967 0.146 2.653 
1703469314.079 0.249 2.667 
1703469314.171 0.335 2.669 
1703469314.270 0.432 2.688 
1703469314.369 0.530 2.715 
1703469314.468 0.626 2.745 
1703469314.569 0.722 2.780 
1703469314.668 0.815 2.821 
1703469314.768 0.907 2.873 
1703469314.869 0.993 2.932 
1703469314.969 1.077 3.001 
1703469315.068 1.160 3.072 
1703469315.169 1.241 3.147 
1703469315.269 1.319 3.227 
1703469315.369 1.395 3.311 
1703469315.470 1.467 3.406 
1703469315.569 1.534 3.501 
1703469315.669 1.588 3.603 
1703469315.770 1.644 3.706 
1703469315.873 1.699 3.812 
1703469315.970 1.743 3.915 
1703469316.070 1.772 4.017 
1703469316.170 1.794 4.127 
1703469316.270 1.826 4.242 
1703469316.371 1.854 4.358 
1703469316.471 1.869 4.477 
1703469316.571 1.878 4.594 
1703469316.671 1.879 4.710 
1703469316.771 1.871 4.826 
1703469316.871 1.851 4.944 
1703469316.971 1.825 5.062 
1703469317.072 1.788 5.174 
1703469317.171 1.739 5.277 
1703469317.272 1.682 5.379 
1703469317.372 1.602 5.466 
1703469317.472 1.512 5.541 
1703469317.572 1.431 5.614 
1703469317.672 1.349 5.691 
1703469317.772 1.247 5.748 
1703469317.873 1.136 5.792 
1703469317.973 1.023 5.834 
1703469318.072 0.918 5.888 
1703469318.173 0.808 5.933 
1703469318.273 0.694 5.951 
1703469318.373 0.574 5.959 
1703469318.473 0.454 5.969 
1703469318.574 0.334 5.973 
1703469318.673 0.217 5.975 
1703469318.776 0.098 5.975 
1703469318.876 -0.021 5.973 
1703469318.977 -0.138 5.969 
1703469319.077 -0.253 5.965 
1703469319.177 -0.368 5.960 
1703469319.277 -0.483 5.956 
1703469319.376 -0.599 5.952 
1703469319.477 -0.712 5.947 
1703469319.577 -0.823 5.945 
1703469319.677 -0.935 5.941 
1703469319.784 -1.054 5.934 
1703469319.878 -1.159 5.934 
1703469319.978 -1.265 5.938 
1703469320.078 -1.366 5.942 
1703469320.179 -1.474 5.945 
1703469320.279 -1.579 5.971 
1703469320.379 -1.684 5.993 
1703469320.479 -1.796 6.021 
1703469320.579 -1.906 6.101 
1703469320.678 -1.999 6.152 
1703469320.780 -2.072 6.201 
1703469320.880 -2.120 6.269 
1703469320.979 -2.158 6.337 
1703469321.079 -2.202 6.407 
1703469321.179 -2.252 6.479 
1703469321.280 -2.300 6.555 
1703469321.381 -2.344 6.631 
1703469321.480 -2.385 6.706 
1703469321.580 -2.430 6.783 
1703469321.680 -2.467 6.862 
1703469321.780 -2.492 6.967 
1703469321.880 -2.503 7.059 
1703469321.981 -2.506 7.147 
1703469322.081 -2.510 7.236 
1703469322.181 -2.517 7.316 
1703469322.281 -2.511 7.399 
1703469322.383 -2.501 7.454 
1703469322.481 -2.488 7.523 
1703469322.581 -2.470 7.604 
1703469322.681 -2.453 7.693 
1703469322.782 -2.443 7.779 
1703469322.882 -2.426 7.857 
1703469322.982 -2.402 7.941 
1703469323.082 -2.377 8.025 
1703469323.183 -2.348 8.106 
1703469323.281 -2.319 8.182 
1703469323.382 -2.289 8.263 
1703469323.487 -2.251 8.340 
1703469323.584 -2.208 8.420 
1703469323.683 -2.158 8.506 
1703469323.785 -2.109 8.589 
1703469323.883 -2.065 8.651 
1703469323.983 -2.017 8.687 
1703469324.083 -1.969 8.691 
1703469324.183 -1.887 8.701 
1703469324.284 -1.770 8.709 
1703469324.384 -1.668 8.720 
1703469324.483 -1.603 8.757 
1703469324.584 -1.511 8.753 
1703469324.684 -1.401 8.718 
1703469324.784 -1.306 8.703 
1703469324.884 -1.230 8.668 
1703469324.985 -1.140 8.614 
1703469325.085 -1.058 8.561 
1703469325.184 -0.978 8.508 
1703469325.285 -0.897 8.451 
1703469325.385 -0.815 8.395 
1703469325.491 -0.727 8.336 
1703469325.585 -0.654 8.295 
1703469325.685 -0.558 8.260 
1703469325.784 -0.470 8.215 
1703469325.884 -0.389 8.173 
1703469325.985 -0.299 8.140 
1703469326.086 -0.209 8.112 
1703469326.185 -0.117 8.087 
1703469326.286 -0.014 8.074 
1703469326.385 0.091 8.062 
1703469326.486 0.163 8.039 
1703469326.586 0.250 8.019 
1703469326.687 0.349 8.014 
1703469326.786 0.444 8.015 
1703469326.886 0.539 8.018 
1703469326.986 0.630 8.015 
1703469327.086 0.727 8.022 
1703469327.187 0.814 8.030 
1703469327.286 0.899 8.038 
1703469327.386 0.987 8.054 
1703469327.487 1.072 8.078 
1703469327.587 1.156 8.108 
1703469327.687 1.236 8.141 
1703469327.786 1.312 8.180 
1703469327.887 1.386 8.227 
1703469327.987 1.451 8.277 
1703469328.088 1.515 8.326 
1703469328.188 1.576 8.376 
1703469328.287 1.641 8.422 
1703469328.388 1.706 8.466 
1703469328.488 1.812 8.510 
1703469328.588 1.899 8.561 
1703469328.692 1.935 8.614 
1703469328.792 2.012 8.653 
1703469328.892 2.117 8.683 
1703469328.992 2.193 8.691 
1703469329.092 2.261 8.703 
1703469329.192 2.339 8.718 
1703469329.293 2.440 8.735 
1703469329.393 2.540 8.747 
1703469329.492 2.629 8.754 
1703469329.593 2.684 8.777 
1703469329.693 2.755 8.799 
1703469329.794 2.837 8.810 
1703469329.893 2.920 8.802 
1703469329.994 3.001 8.783 
1703469330.097 3.083 8.749 
1703469330.197 3.171 8.695 
1703469330.296 3.249 8.632 
1703469330.397 3.320 8.556 
1703469330.497 3.364 8.478 
1703469330.598 3.408 8.391 
1703469330.698 3.444 8.311 
1703469330.798 3.475 8.229 
1703469330.899 3.494 8.156 
1703469330.998 3.515 8.087 
1703469331.098 3.542 8.018 
1703469331.199 3.561 7.958 
1703469331.298 3.568 7.906 
1703469331.399 3.572 7.861 
1703469331.499 3.597 7.811 
1703469331.599 3.702 7.738 
1703469331.699 3.785 7.668 
1703469331.800 3.802 7.645 
1703469331.900 3.791 7.638 
1703469331.999 3.806 7.633 
1703469332.099 3.885 7.594 
1703469332.199 3.975 7.541 
1703469332.300 4.057 7.494 
1703469334.508 4.213 7.559 
1703469334.509 4.213 7.559 
1703469334.609 4.264 7.607 
1703469334.710 4.337 7.697 
1703469334.809 4.411 7.799 
1703469334.909 4.491 7.890 
1703469335.009 4.581 7.976 
1703469335.110 4.672 8.055 
1703469335.210 4.760 8.127 
1703469335.310 4.846 8.199 
1703469335.412 4.933 8.274 
1703469335.510 5.022 8.350 
1703469335.611 5.120 8.425 
1703469335.711 5.211 8.507 
1703469335.810 5.304 8.585 
1703469335.911 5.398 8.659 
1703469336.010 5.522 8.720 
1703469336.111 5.652 8.773 
1703469336.212 5.767 8.823 
1703469336.312 5.884 8.847 
1703469336.412 5.995 8.824 
1703469336.511 6.113 8.778 
1703469336.613 6.210 8.701 
1703469336.712 6.296 8.643 
1703469336.812 6.370 8.558 
1703469336.913 6.412 8.458 
1703469337.012 6.420 8.375 
1703469337.113 6.431 8.255 
1703469337.213 6.426 8.142 
1703469337.313 6.433 8.014 
1703469337.413 6.438 7.873 
1703469337.513 6.444 7.751 
1703469337.613 6.450 7.631 
1703469337.714 6.448 7.504 
1703469337.813 6.438 7.381 
1703469337.914 6.430 7.266 
1703469338.015 6.434 7.172 
1703469338.114 6.410 7.075 
1703469338.214 6.400 7.000 
1703469338.314 6.373 6.922 
1703469338.415 6.340 6.839 
1703469338.514 6.311 6.758 
1703469338.614 6.284 6.697 
1703469338.715 6.257 6.637 
1703469338.814 6.233 6.553 
1703469338.915 6.223 6.471 
1703469339.015 6.215 6.399 
1703469339.115 6.207 6.326 
1703469339.215 6.200 6.245 
1703469339.314 6.193 6.163 
1703469339.415 6.197 6.101 
1703469340.721 6.164 5.979 
1703469340.722 6.164 5.979 
1703469340.822 6.142 5.971 
1703469340.923 6.060 5.923 
1703469341.025 5.954 5.830 
1703469341.125 5.854 5.738 
1703469341.225 5.771 5.663 
1703469341.326 5.699 5.572 
1703469341.425 5.627 5.476 
1703469341.526 5.553 5.380 
1703469341.626 5.481 5.288 
1703469341.725 5.411 5.196 
1703469341.828 5.340 5.102 
1703469341.926 5.274 5.011 
1703469342.026 5.209 4.914 
1703469342.126 5.141 4.815 
1703469342.226 5.077 4.714 
1703469342.326 5.018 4.608 
1703469342.427 4.968 4.499 
1703469342.528 4.912 4.390 
1703469342.628 4.857 4.282 
1703469342.728 4.807 4.172 
1703469342.829 4.767 4.062 
1703469342.928 4.723 3.951 
1703469343.029 4.676 3.839 
1703469343.128 4.644 3.735 
1703469343.229 4.620 3.650 
1703469343.329 4.601 3.560 
1703469343.429 4.580 3.467 
1703469343.529 4.554 3.378 
1703469343.629 4.528 3.288 
1703469343.730 4.515 3.196 
1703469343.829 4.505 3.101 
1703469343.929 4.497 3.004 
1703469344.030 4.483 2.906 
1703469344.131 4.469 2.811 
1703469344.230 4.461 2.718 
1703469344.330 4.460 2.621 
1703469344.430 4.459 2.525 
1703469344.531 4.456 2.430 
1703469344.630 4.450 2.337 
1703469344.731 4.447 2.242 
1703469344.831 4.446 2.150 
1703469344.932 4.453 2.060 
1703469345.032 4.463 1.972 
1703469345.133 4.470 1.884 
1703469345.233 4.481 1.800 
1703469345.333 4.498 1.717 
1703469345.432 4.502 1.637 
1703469345.532 4.509 1.559 
1703469345.633 4.517 1.484 
1703469345.733 4.526 1.411 
1703469345.833 4.579 1.312 
1703469345.933 4.626 1.214 
1703469346.034 4.676 1.119 
1703469346.133 4.725 1.025 
1703469346.233 4.775 0.932 
1703469346.334 4.816 0.848 
1703469346.433 4.849 0.776 
1703469346.533 4.872 0.706 
1703469346.634 4.884 0.639 
1703469346.734 4.903 0.573 
1703469346.835 4.962 0.504 
1703469346.934 5.035 0.473 
1703469347.034 5.099 0.429 
1703469347.134 5.145 0.369 
1703469347.235 5.209 0.299 
1703469347.334 5.269 0.229 
1703469347.435 5.319 0.160 
1703469347.534 5.363 0.113 
1703469347.635 5.413 0.069 
1703469347.735 5.484 0.021 
1703469347.835 5.544 -0.043 
1703469347.936 5.603 -0.106 
1703469348.037 5.658 -0.160 
1703469348.137 5.720 -0.207 
1703469348.237 5.811 -0.243 
1703469348.337 5.900 -0.276 
1703469348.438 5.979 -0.293 
1703469348.537 6.068 -0.300 
1703469348.638 6.197 -0.287 
1703469348.737 6.326 -0.269 
1703469348.838 6.433 -0.240 
1703469348.938 6.537 -0.196 
1703469349.039 6.625 -0.152 
1703469349.138 6.692 -0.116 
1703469349.239 6.757 -0.084 
1703469349.339 6.821 -0.054 
1703469349.440 6.896 -0.014 
1703469349.539 6.982 0.036 
1703469349.639 7.072 0.086 
1703469349.740 7.154 0.131 
1703469349.840 7.231 0.172 
1703469349.940 7.281 0.213 
1703469350.039 7.351 0.246 
1703469350.140 7.451 0.271 
1703469350.240 7.544 0.296 
1703469350.340 7.628 0.323 
1703469350.440 7.720 0.345 
1703469350.540 7.828 0.342 
1703469352.644 7.899 0.322 
1703469352.645 7.899 0.322 
1703469352.746 7.919 0.273 
1703469352.847 7.923 0.161 
1703469352.947 7.921 0.037 
1703469353.047 7.935 -0.094 
1703469353.146 7.975 -0.188 
1703469353.247 8.008 -0.292 
1703469353.346 8.040 -0.407 
1703469353.446 8.072 -0.528 
1703469353.547 8.107 -0.645 
1703469353.646 8.140 -0.756 
1703469353.749 8.168 -0.866 
1703469353.847 8.196 -0.979 
1703469353.947 8.228 -1.100 
1703469354.048 8.250 -1.219 
1703469354.148 8.258 -1.338 
1703469354.247 8.260 -1.457 
1703469354.347 8.268 -1.582 
1703469354.447 8.279 -1.715 
1703469354.548 8.289 -1.863 
1703469354.647 8.269 -2.016 
1703469354.748 8.268 -2.118 
1703469354.849 8.284 -2.203 
1703469354.948 8.244 -2.289 
1703469355.048 8.139 -2.362 
1703469355.148 8.028 -2.411 
1703469355.252 7.897 -2.403 
1703469355.352 7.778 -2.378 
1703469355.452 7.693 -2.364 
1703469355.552 7.633 -2.349 
