1703468116.836 1.108 -0.049 
1703468116.836 1.108 -0.049 
1703468116.936 1.145 -0.077 
1703468117.037 1.212 -0.135 
1703468117.138 1.297 -0.228 
1703468117.238 1.373 -0.323 
1703468117.337 1.395 -0.383 
1703468117.437 1.434 -0.424 
1703468117.538 1.478 -0.466 
1703468123.249 1.629 -1.151 
1703468123.349 1.564 -1.140 
1703468123.449 1.433 -1.113 
1703468123.549 1.284 -1.041 
1703468123.649 1.159 -0.955 
1703468123.749 1.093 -0.876 
1703468123.849 1.042 -0.804 
1703468123.949 1.006 -0.727 
1703468124.050 0.989 -0.631 
1703468124.150 0.999 -0.495 
1703468124.251 1.028 -0.374 
1703468124.350 1.084 -0.258 
1703468124.449 1.152 -0.149 
1703468124.550 1.205 -0.041 
1703468124.651 1.252 0.070 
1703468124.750 1.308 0.178 
1703468124.851 1.361 0.281 
1703468124.951 1.421 0.383 
1703468125.051 1.487 0.486 
1703468125.152 1.551 0.590 
1703468125.251 1.608 0.690 
1703468125.352 1.671 0.790 
1703468125.452 1.747 0.882 
1703468125.552 1.824 0.973 
1703468125.652 1.894 1.064 
1703468125.752 1.965 1.157 
1703468125.852 2.054 1.249 
1703468125.952 2.147 1.338 
1703468127.257 2.203 1.422 
1703468127.257 2.203 1.422 
1703468127.358 2.230 1.479 
1703468127.458 2.265 1.563 
1703468127.558 2.346 1.677 
1703468127.658 2.409 1.782 
1703468127.759 2.451 1.871 
1703468127.858 2.520 1.956 
1703468127.959 2.609 2.021 
1703468128.059 2.713 2.059 
1703468128.158 2.834 2.067 
1703468128.259 2.956 2.070 
1703468128.359 3.082 2.071 
1703468128.459 3.202 2.055 
1703468128.559 3.334 2.019 
1703468128.660 3.448 1.985 
1703468128.760 3.564 1.957 
1703468128.860 3.695 1.940 
1703468128.961 3.815 1.930 
1703468129.060 3.927 1.919 
1703468129.161 4.030 1.907 
1703468129.261 4.127 1.900 
1703468129.361 4.219 1.895 
1703468129.461 4.310 1.892 
1703468129.562 4.382 1.884 
1703468129.661 4.421 1.865 
1703468129.761 4.465 1.843 
1703468129.861 4.558 1.825 
1703468129.961 4.693 1.811 
1703468130.063 4.773 1.791 
1703468130.163 4.843 1.784 
1703468130.264 4.930 1.786 
1703468130.364 5.055 1.799 
1703468130.464 5.181 1.806 
1703468130.564 5.270 1.812 
1703468131.971 5.370 1.702 
1703468132.071 5.369 1.712 
1703468132.172 5.388 1.746 
1703468132.272 5.409 1.864 
1703468132.372 5.411 2.001 
1703468132.471 5.430 2.111 
1703468132.571 5.418 2.234 
1703468132.672 5.405 2.350 
1703468132.771 5.368 2.467 
1703468132.872 5.312 2.586 
1703468132.973 5.254 2.694 
1703468133.073 5.202 2.801 
1703468133.173 5.138 2.904 
1703468133.274 5.068 3.002 
1703468133.373 4.997 3.097 
1703468133.473 4.928 3.191 
1703468133.574 4.852 3.281 
1703468133.674 4.776 3.369 
1703468133.775 4.699 3.459 
1703468133.875 4.609 3.541 
1703468133.975 4.522 3.620 
1703468134.076 4.438 3.702 
1703468134.176 4.351 3.783 
1703468134.275 4.267 3.858 
1703468134.376 4.191 3.930 
1703468134.476 4.114 4.000 
1703468134.576 4.040 4.070 
1703468134.676 3.972 4.139 
1703468134.776 3.904 4.210 
1703468134.877 3.837 4.277 
1703468134.977 3.770 4.353 
1703468135.077 3.699 4.443 
1703468135.176 3.634 4.511 
1703468135.277 3.576 4.582 
1703468135.377 3.516 4.655 
1703468135.478 3.457 4.739 
1703468135.577 3.395 4.823 
1703468135.678 3.334 4.902 
1703468135.778 3.276 4.969 
1703468135.879 3.213 5.029 
1703468135.979 3.113 5.096 
1703468136.078 3.032 5.155 
1703468136.178 2.959 5.204 
1703468136.280 2.884 5.263 
1703468136.380 2.815 5.329 
1703468136.479 2.750 5.387 
1703468136.579 2.679 5.434 
1703468136.679 2.591 5.469 
1703468136.780 2.500 5.495 
1703468136.879 2.416 5.514 
1703468136.979 2.335 5.523 
1703468137.080 2.246 5.531 
1703468137.180 2.157 5.547 
1703468137.279 2.075 5.558 
1703468137.379 1.993 5.563 
1703468137.480 1.916 5.565 
1703468137.579 1.843 5.568 
1703468137.680 1.739 5.582 
1703468137.780 1.630 5.586 
1703468137.880 1.545 5.590 
1703468137.980 1.473 5.597 
1703468138.080 1.405 5.611 
1703468138.181 1.333 5.630 
1703468138.280 1.261 5.641 
1703468138.381 1.185 5.649 
1703468143.094 1.336 5.443 
1703468143.194 1.323 5.450 
1703468143.294 1.325 5.460 
1703468143.394 1.346 5.453 
1703468143.494 1.394 5.384 
1703468143.594 1.451 5.291 
1703468143.695 1.504 5.216 
1703468143.795 1.545 5.139 
1703468143.895 1.593 5.060 
1703468143.995 1.642 4.971 
1703468144.096 1.688 4.873 
1703468144.195 1.731 4.768 
1703468144.295 1.765 4.652 
1703468144.396 1.785 4.538 
1703468144.497 1.793 4.420 
1703468144.596 1.802 4.301 
1703468144.695 1.795 4.177 
1703468144.796 1.789 4.053 
1703468144.897 1.773 3.931 
1703468144.996 1.745 3.812 
1703468145.096 1.703 3.696 
1703468145.196 1.649 3.587 
1703468145.296 1.570 3.484 
1703468145.397 1.504 3.387 
1703468145.496 1.436 3.295 
1703468145.597 1.354 3.209 
1703468145.697 1.265 3.132 
1703468145.798 1.173 3.059 
1703468145.897 1.075 2.993 
1703468145.998 0.975 2.931 
1703468146.097 0.872 2.872 
1703468146.197 0.768 2.817 
1703468146.297 0.660 2.764 
1703468146.398 0.552 2.714 
1703468146.497 0.444 2.667 
1703468146.598 0.335 2.618 
1703468146.698 0.226 2.570 
1703468146.798 0.117 2.522 
1703468146.898 0.008 2.474 
1703468146.998 -0.101 2.427 
1703468147.098 -0.209 2.378 
1703468147.199 -0.315 2.328 
1703468147.298 -0.421 2.275 
1703468147.399 -0.528 2.223 
1703468147.499 -0.635 2.172 
1703468147.598 -0.735 2.116 
1703468147.699 -0.835 2.054 
1703468147.799 -0.934 1.988 
1703468147.900 -1.038 1.925 
1703468147.999 -1.133 1.863 
1703468148.100 -1.220 1.788 
1703468148.201 -1.304 1.704 
1703468148.300 -1.386 1.616 
1703468148.401 -1.462 1.527 
1703468148.500 -1.532 1.438 
1703468148.601 -1.598 1.336 
1703468148.702 -1.661 1.227 
1703468148.803 -1.730 1.131 
1703468148.901 -1.787 1.023 
1703468149.001 -1.823 0.886 
1703468149.103 -1.879 0.807 
1703468149.201 -1.924 0.728 
1703468149.302 -1.950 0.659 
1703468149.402 -1.955 0.587 
1703468149.502 -1.967 0.537 
1703468149.601 -1.964 0.481 
1703468149.702 -1.951 0.413 
1703468149.802 -1.938 0.341 
1703468149.902 -1.923 0.259 
1703468150.002 -1.911 0.183 
1703468150.102 -1.898 0.104 
1703468150.202 -1.877 0.017 
1703468150.303 -1.865 -0.073 
1703468150.404 -1.859 -0.158 
1703468150.505 -1.853 -0.237 
1703468150.604 -1.848 -0.312 
1703468150.705 -1.842 -0.392 
1703468150.804 -1.848 -0.512 
1703468150.905 -1.853 -0.645 
1703468151.004 -1.848 -0.742 
1703468151.106 -1.853 -0.807 
1703468151.205 -1.867 -0.858 
1703468151.305 -1.851 -0.939 
1703468151.405 -1.834 -1.025 
1703468151.506 -1.820 -1.097 
1703468151.605 -1.821 -1.109 
1703468152.808 -1.856 -1.217 
1703468152.909 -1.779 -1.202 
1703468153.008 -1.682 -1.184 
1703468153.107 -1.603 -1.187 
1703468153.208 -1.531 -1.197 
1703468153.307 -1.482 -1.210 
1703468153.409 -1.430 -1.198 
1703468153.510 -1.322 -1.165 
1703468153.609 -1.226 -1.141 
1703468153.709 -1.187 -1.133 
1703468153.809 -1.139 -1.122 
1703468153.908 -1.062 -1.103 
1703468154.010 -0.942 -1.097 
1703468154.109 -0.839 -1.088 
1703468154.209 -0.775 -1.102 
1703468154.310 -0.712 -1.123 
1703468154.409 -0.622 -1.130 
1703468154.511 -0.513 -1.131 
1703468154.610 -0.414 -1.136 
1703468154.710 -0.313 -1.147 
1703468154.811 -0.215 -1.161 
1703468154.911 -0.154 -1.159 
1703468155.010 -0.132 -1.162 
1703468155.111 -0.142 -1.156 
1703468155.211 -0.120 -1.141 
1703468155.311 -0.000 -1.093 
1703468155.410 0.132 -1.058 
1703468155.510 0.208 -1.014 
1703468155.611 0.283 -0.985 
1703468155.711 0.325 -0.993 
1703468155.812 0.438 -0.970 
1703468155.911 0.535 -0.949 
1703468156.011 0.631 -0.956 
1703468156.113 0.725 -0.954 
1703468156.213 0.814 -0.951 
1703468156.314 0.903 -0.957 
1703468156.415 1.005 -0.966 
1703468156.514 1.104 -0.981 
1703468156.616 1.194 -1.000 
1703468156.714 1.256 -1.015 
1703468156.814 1.268 -1.006 
1703468156.914 1.254 -0.979 
1703468157.015 1.283 -0.998 
1703468157.115 1.372 -1.108 
1703468157.216 1.456 -1.188 
1703468157.315 1.550 -1.252 
1703468157.415 1.635 -1.359 
1703468157.516 1.702 -1.470 
1703468157.616 1.733 -1.601 
1703468157.715 1.728 -1.735 
1703468157.815 1.714 -1.838 
1703468157.915 1.689 -1.903 
1703468158.016 1.660 -1.918 
1703468158.116 1.676 -1.983 
1703468158.216 1.727 -2.114 
1703468158.316 1.766 -2.211 
1703468158.416 1.808 -2.286 
1703468158.516 1.814 -2.366 
1703468158.617 1.820 -2.490 
1703468158.717 1.819 -2.621 
1703468158.817 1.829 -2.705 
1703468158.917 1.830 -2.796 
1703468159.018 1.818 -2.897 
1703468159.117 1.806 -2.994 
1703468159.217 1.797 -3.084 
1703468159.318 1.792 -3.173 
1703468159.418 1.796 -3.270 
1703468159.518 1.797 -3.370 
1703468159.618 1.776 -3.449 
1703468159.718 1.764 -3.530 
1703468159.818 1.776 -3.592 
1703468159.919 1.797 -3.682 
1703468160.018 1.814 -3.792 
1703468160.119 1.823 -3.890 
1703468160.218 1.825 -3.957 
1703468160.319 1.840 -4.036 
1703468160.420 1.857 -4.122 
1703468160.519 1.873 -4.219 
1703468160.619 1.882 -4.326 
1703468160.719 1.888 -4.407 
1703468160.821 1.896 -4.478 
1703468164.326 1.865 -4.637 
1703468164.327 1.865 -4.637 
1703468164.427 1.890 -4.634 
1703468164.527 1.946 -4.609 
1703468164.628 2.070 -4.603 
1703468164.728 2.204 -4.613 
1703468164.827 2.340 -4.645 
1703468164.929 2.476 -4.696 
1703468165.029 2.603 -4.741 
1703468165.129 2.713 -4.765 
1703468165.229 2.816 -4.803 
1703468165.329 2.877 -4.855 
1703468165.429 2.917 -4.929 
1703468165.530 2.989 -5.021 
1703468165.630 3.078 -5.101 
1703468165.730 3.167 -5.156 
1703468165.830 3.253 -5.216 
1703468165.931 3.319 -5.322 
1703468166.032 3.379 -5.418 
1703468166.131 3.406 -5.529 
1703468166.231 3.388 -5.647 
1703468166.332 3.370 -5.734 
1703468166.431 3.347 -5.816 
1703468166.532 3.254 -5.895 
1703468166.632 3.142 -5.968 
1703468166.732 3.084 -6.031 
1703468166.833 3.002 -6.082 
1703468166.933 2.913 -6.136 
1703468167.032 2.834 -6.177 
1703468167.132 2.755 -6.219 
1703468167.233 2.673 -6.265 
1703468167.333 2.590 -6.309 
1703468167.432 2.509 -6.354 
1703468167.532 2.427 -6.396 
1703468167.634 2.346 -6.423 
1703468167.733 2.257 -6.445 
1703468167.833 2.182 -6.461 
1703468167.934 2.116 -6.479 
1703468168.033 2.045 -6.472 
1703468168.133 1.957 -6.448 
1703468168.234 1.858 -6.425 
1703468168.335 1.766 -6.407 
1703468168.434 1.678 -6.384 
1703468168.535 1.588 -6.353 
1703468168.635 1.499 -6.319 
1703468168.735 1.443 -6.310 
1703468168.835 1.387 -6.290 
1703468168.935 1.317 -6.263 
1703468169.036 1.246 -6.238 
1703468169.136 1.174 -6.212 
1703468169.235 1.097 -6.180 
1703468169.335 1.018 -6.150 
1703468169.435 0.939 -6.122 
1703468169.535 0.863 -6.093 
1703468169.635 0.787 -6.062 
1703468169.735 0.710 -6.032 
1703468169.836 0.635 -6.003 
1703468169.936 0.556 -5.983 
1703468170.035 0.481 -5.966 
1703468170.136 0.400 -5.943 
1703468170.236 0.317 -5.910 
1703468170.339 0.240 -5.885 
1703468170.437 0.160 -5.869 
1703468170.536 0.067 -5.858 
1703468170.639 -0.047 -5.843 
1703468170.738 -0.165 -5.841 
1703468170.837 -0.266 -5.847 
1703468170.937 -0.345 -5.864 
1703468171.036 -0.386 -5.887 
1703468171.137 -0.431 -5.903 
1703468171.237 -0.497 -5.911 
1703468171.337 -0.597 -5.937 
1703468171.437 -0.704 -5.960 
1703468171.537 -0.796 -5.980 
1703468171.637 -0.872 -5.997 
1703468171.737 -0.926 -6.001 
1703468171.837 -0.975 -5.993 
1703468171.938 -1.047 -5.997 
1703468172.039 -1.140 -5.996 
1703468172.138 -1.250 -6.001 
1703468172.239 -1.374 -6.023 
1703468172.338 -1.485 -6.044 
1703468172.439 -1.551 -6.059 
1703468172.538 -1.613 -6.068 
1703468172.640 -1.695 -6.099 
1703468172.739 -1.773 -6.147 
1703468184.362 -1.547 -5.781 
1703468184.363 -1.547 -5.781 
1703468184.463 -1.573 -5.817 
1703468184.564 -1.635 -5.880 
1703468184.664 -1.761 -5.933 
1703468184.765 -1.898 -5.980 
1703468184.866 -2.011 -6.024 
1703468184.964 -2.114 -6.065 
1703468185.065 -2.220 -6.100 
1703468185.165 -2.332 -6.129 
1703468185.264 -2.450 -6.160 
1703468185.365 -2.571 -6.185 
1703468185.465 -2.687 -6.204 
1703468185.565 -2.806 -6.222 
1703468185.665 -2.925 -6.238 
1703468185.765 -3.045 -6.260 
1703468185.866 -3.160 -6.273 
1703468185.967 -3.274 -6.284 
1703468186.066 -3.393 -6.287 
1703468186.166 -3.502 -6.290 
1703468186.265 -3.586 -6.297 
1703468186.367 -3.656 -6.297 
1703468186.466 -3.727 -6.300 
1703468186.566 -3.807 -6.304 
1703468186.667 -3.889 -6.307 
1703468186.768 -3.969 -6.310 
1703468186.866 -4.048 -6.313 
1703468186.967 -4.130 -6.315 
1703468187.067 -4.213 -6.318 
1703468187.167 -4.298 -6.324 
1703468187.268 -4.382 -6.329 
1703468187.367 -4.466 -6.335 
1703468187.467 -4.550 -6.340 
1703468187.568 -4.634 -6.345 
1703468187.667 -4.721 -6.349 
1703468187.768 -4.809 -6.355 
1703468187.868 -4.899 -6.361 
1703468187.968 -4.988 -6.368 
1703468188.069 -5.078 -6.375 
1703468188.168 -5.171 -6.381 
1703468188.269 -5.265 -6.388 
1703468188.368 -5.363 -6.399 
1703468188.474 -5.461 -6.412 
1703468188.574 -5.560 -6.423 
1703468188.677 -5.658 -6.434 
1703468188.776 -5.753 -6.444 
1703468188.876 -5.850 -6.456 
1703468188.975 -5.952 -6.462 
1703468189.076 -6.051 -6.471 
1703468189.176 -6.147 -6.478 
1703468189.276 -6.236 -6.486 
1703468189.376 -6.324 -6.494 
1703468189.476 -6.422 -6.492 
1703468189.576 -6.513 -6.491 
1703468189.677 -6.598 -6.490 
1703468189.778 -6.671 -6.493 
1703468189.877 -6.736 -6.497 
1703468189.977 -6.826 -6.490 
1703468190.078 -6.941 -6.461 
1703468190.177 -7.030 -6.436 
1703468190.277 -7.062 -6.430 
1703468190.378 -7.083 -6.418 
1703468190.477 -7.120 -6.381 
1703468190.578 -7.171 -6.305 
1703468196.193 -7.032 -6.033 
1703468196.293 -7.002 -6.058 
1703468196.394 -6.926 -6.152 
1703468196.494 -6.851 -6.269 
1703468196.594 -6.777 -6.374 
1703468196.694 -6.720 -6.454 
1703468196.794 -6.676 -6.512 
1703468196.895 -6.639 -6.566 
1703468196.995 -6.588 -6.628 
1703468197.095 -6.531 -6.698 
1703468197.195 -6.471 -6.768 
1703468197.294 -6.409 -6.842 
1703468197.395 -6.360 -6.912 
1703468197.495 -6.312 -6.962 
1703468197.595 -6.263 -7.008 
1703468197.695 -6.208 -7.060 
1703468197.795 -6.149 -7.124 
1703468197.896 -6.093 -7.195 
1703468197.996 -6.034 -7.265 
1703468198.096 -5.975 -7.328 
1703468198.196 -5.913 -7.401 
1703468198.295 -5.854 -7.472 
1703468198.396 -5.788 -7.540 
1703468198.497 -5.727 -7.609 
1703468198.596 -5.666 -7.683 
1703468198.698 -5.597 -7.759 
1703468198.798 -5.535 -7.822 
1703468198.898 -5.470 -7.885 
1703468198.998 -5.440 -7.937 
1703468199.098 -5.393 -7.996 
1703468199.198 -5.297 -8.057 
1703468199.299 -5.204 -8.120 
1703468199.402 -5.123 -8.161 
1703468199.499 -5.036 -8.198 
1703468199.600 -4.934 -8.236 
1703468199.699 -4.834 -8.272 
1703468199.799 -4.732 -8.309 
1703468199.899 -4.630 -8.345 
1703468199.999 -4.515 -8.376 
1703468200.100 -4.397 -8.403 
1703468200.200 -4.290 -8.433 
1703468200.300 -4.181 -8.461 
1703468200.400 -4.065 -8.488 
1703468200.501 -3.950 -8.510 
1703468200.601 -3.842 -8.534 
1703468200.701 -3.739 -8.558 
1703468200.802 -3.632 -8.579 
1703468200.901 -3.531 -8.592 
1703468201.001 -3.428 -8.602 
1703468201.102 -3.332 -8.614 
1703468201.201 -3.257 -8.630 
1703468201.301 -3.171 -8.640 
1703468201.402 -3.092 -8.644 
1703468201.504 -3.015 -8.647 
1703468201.603 -2.910 -8.645 
1703468201.705 -2.810 -8.647 
1703468201.803 -2.756 -8.645 
1703468201.903 -2.700 -8.646 
1703468202.003 -2.642 -8.636 
1703468202.103 -2.560 -8.605 
1703468202.203 -2.506 -8.611 
1703468202.303 -2.464 -8.634 
1703468202.414 -2.426 -8.638 
1703468202.507 -2.388 -8.615 
1703468202.605 -2.266 -8.584 
1703468202.704 -2.159 -8.550 
1703468202.804 -2.067 -8.518 
1703468202.905 -1.995 -8.485 
1703468203.004 -1.918 -8.478 
1703468203.104 -1.833 -8.493 
1703468203.205 -1.759 -8.506 
1703468203.305 -1.685 -8.520 
1703468203.405 -1.595 -8.536 
1703468203.504 -1.483 -8.568 
1703468203.604 -1.382 -8.598 
1703468203.705 -1.298 -8.627 
1703468203.805 -1.214 -8.652 
1703468203.907 -1.124 -8.675 
1703468204.005 -1.034 -8.693 
1703468204.105 -0.941 -8.710 
1703468204.206 -0.848 -8.726 
1703468204.307 -0.782 -8.752 
1703468204.406 -0.754 -8.786 
1703468204.506 -0.688 -8.791 
1703468204.607 -0.549 -8.778 
1703468204.706 -0.403 -8.770 
1703468204.806 -0.278 -8.758 
1703468204.907 -0.176 -8.748 
1703468205.007 -0.066 -8.749 
1703468205.106 0.060 -8.752 
1703468205.207 0.175 -8.755 
1703468205.306 0.293 -8.755 
1703468205.407 0.413 -8.755 
1703468205.515 0.540 -8.754 
1703468205.608 0.643 -8.754 
1703468205.708 0.764 -8.755 
1703468205.808 0.884 -8.760 
1703468205.907 1.000 -8.763 
1703468206.007 1.114 -8.768 
1703468206.109 1.227 -8.771 
1703468206.209 1.338 -8.775 
1703468206.308 1.442 -8.782 
1703468206.411 1.540 -8.793 
1703468206.511 1.635 -8.807 
1703468206.611 1.734 -8.818 
1703468206.711 1.838 -8.827 
1703468206.811 1.919 -8.833 
1703468206.912 1.992 -8.840 
1703468207.012 2.065 -8.861 
1703468207.112 2.137 -8.887 
1703468207.212 2.244 -8.923 
1703468207.311 2.352 -8.956 
1703468207.412 2.441 -8.985 
1703468207.512 2.522 -9.011 
1703468207.612 2.612 -9.038 
1703468207.713 2.711 -9.067 
1703468207.813 2.797 -9.093 
1703468207.913 2.873 -9.121 
1703468208.014 2.910 -9.156 
1703468208.115 2.953 -9.187 
1703468208.213 3.079 -9.167 
1703468208.314 3.225 -9.131 
1703468208.414 3.349 -9.124 
1703468208.514 3.458 -9.113 
1703468208.614 3.557 -9.090 
1703468208.714 3.647 -9.051 
1703468208.815 3.708 -9.001 
1703468208.915 3.754 -8.954 
1703468209.014 3.813 -8.890 
1703468210.517 4.039 -8.789 
1703468210.518 4.039 -8.789 
1703468210.619 4.051 -8.785 
1703468210.719 4.128 -8.784 
1703468210.819 4.260 -8.800 
1703468210.919 4.380 -8.811 
1703468211.018 4.492 -8.810 
1703468211.119 4.612 -8.806 
1703468211.219 4.732 -8.803 
1703468211.320 4.852 -8.800 
1703468211.419 4.972 -8.796 
1703468211.519 5.092 -8.793 
1703468211.619 5.212 -8.791 
1703468211.720 5.331 -8.790 
1703468211.820 5.452 -8.788 
1703468211.920 5.550 -8.788 
1703468212.019 5.639 -8.787 
1703468212.120 5.731 -8.785 
1703468212.220 5.820 -8.785 
1703468212.324 5.908 -8.787 
1703468212.420 5.989 -8.786 
1703468212.520 6.075 -8.785 
1703468212.621 6.160 -8.784 
1703468212.720 6.239 -8.783 
1703468212.821 6.319 -8.781 
1703468212.921 6.392 -8.774 
1703468213.021 6.456 -8.769 
1703468213.121 6.542 -8.761 
1703468213.221 6.657 -8.742 
1703468213.321 6.783 -8.719 
1703468213.421 6.874 -8.707 
1703468213.523 6.936 -8.700 
1703468213.622 6.991 -8.687 
1703468213.722 7.045 -8.671 
1703468213.822 7.097 -8.658 
1703468213.923 7.140 -8.627 
1703468214.022 7.190 -8.543 
1703468214.122 7.221 -8.397 
1703468214.222 7.255 -8.313 
1703468214.323 7.241 -8.282 
1703468214.423 7.282 -8.225 
1703468214.523 7.324 -8.176 
1703468214.624 7.362 -8.161 
1703468214.723 7.394 -8.070 
1703468214.823 7.422 -7.966 
1703468214.923 7.449 -7.892 
1703468215.023 7.481 -7.802 
1703468215.124 7.513 -7.709 
1703468215.224 7.540 -7.620 
1703468215.324 7.566 -7.536 
1703468215.424 7.587 -7.456 
1703468215.524 7.608 -7.378 
1703468215.624 7.623 -7.296 
1703468215.724 7.626 -7.206 
1703468215.825 7.615 -7.105 
1703468215.925 7.599 -6.995 
1703468216.025 7.579 -6.888 
1703468216.124 7.558 -6.786 
1703468216.225 7.539 -6.678 
1703468216.325 7.521 -6.609 
1703468216.425 7.506 -6.554 
1703468216.525 7.464 -6.476 
1703468216.625 7.414 -6.393 
1703468216.725 7.385 -6.327 
1703468216.825 7.351 -6.253 
1703468216.925 7.311 -6.176 
1703468217.025 7.278 -6.110 
1703468217.126 7.240 -6.043 
1703468217.225 7.201 -5.976 
1703468217.326 7.154 -5.881 
1703468217.427 7.095 -5.781 
1703468217.526 7.042 -5.701 
1703468217.626 7.009 -5.634 
1703468217.727 6.974 -5.556 
1703468217.827 6.932 -5.480 
1703468217.927 6.880 -5.435 
1703468218.026 6.833 -5.383 
1703468218.127 6.796 -5.309 
1703468218.227 6.765 -5.243 
1703468221.534 6.559 -4.988 
1703468221.535 6.559 -4.988 
1703468221.635 6.459 -5.031 
1703468221.734 6.349 -5.068 
1703468221.835 6.245 -5.082 
1703468221.935 6.146 -5.101 
1703468222.035 6.026 -5.113 
1703468222.135 5.897 -5.110 
1703468222.236 5.784 -5.121 
1703468222.336 5.676 -5.132 
1703468222.436 5.573 -5.139 
1703468222.536 5.494 -5.134 
1703468222.636 5.407 -5.140 
1703468222.740 5.318 -5.149 
1703468222.840 5.226 -5.160 
1703468222.940 5.135 -5.171 
1703468223.040 5.046 -5.182 
1703468223.140 4.957 -5.190 
1703468223.241 4.861 -5.202 
1703468223.340 4.771 -5.212 
1703468223.441 4.680 -5.219 
1703468223.540 4.592 -5.225 
1703468223.641 4.499 -5.233 
1703468223.740 4.404 -5.241 
1703468223.842 4.312 -5.250 
1703468223.942 4.222 -5.252 
1703468224.041 4.136 -5.253 
1703468224.142 4.051 -5.256 
1703468224.241 3.962 -5.252 
1703468224.342 3.870 -5.244 
1703468224.442 3.782 -5.239 
1703468224.543 3.696 -5.233 
1703468224.641 3.617 -5.229 
1703468224.742 3.539 -5.226 
1703468224.842 3.451 -5.207 
1703468224.942 3.363 -5.185 
1703468225.042 3.282 -5.168 
1703468225.143 3.213 -5.159 
1703468225.243 3.143 -5.149 
1703468225.344 3.066 -5.131 
1703468225.443 2.987 -5.096 
1703468225.544 2.915 -5.055 
1703468225.645 2.849 -5.020 
1703468225.744 2.783 -4.983 
1703468225.844 2.715 -4.948 
1703468225.943 2.647 -4.919 
1703468226.045 2.578 -4.880 
1703468226.145 2.511 -4.835 
1703468226.244 2.446 -4.790 
1703468226.344 2.375 -4.742 
1703468226.445 2.311 -4.681 
1703468226.545 2.251 -4.618 
1703468226.644 2.194 -4.556 
1703468226.745 2.133 -4.497 
1703468226.846 2.069 -4.441 
1703468226.945 2.001 -4.377 
1703468227.046 1.939 -4.306 
1703468227.146 1.889 -4.241 
1703468227.248 1.837 -4.172 
1703468227.346 1.782 -4.105 
1703468227.447 1.726 -4.035 
1703468227.547 1.675 -3.953 
1703468227.648 1.619 -3.874 
1703468227.749 1.568 -3.802 
1703468227.848 1.517 -3.732 
1703468227.947 1.463 -3.655 
1703468228.049 1.404 -3.575 
1703468228.149 1.352 -3.502 
1703468228.249 1.298 -3.428 
1703468228.350 1.246 -3.357 
1703468228.452 1.190 -3.277 
1703468228.552 1.134 -3.198 
1703468228.652 1.080 -3.121 
1703468228.753 1.025 -3.044 
1703468228.853 0.973 -2.971 
1703468228.954 0.919 -2.896 
1703468229.053 0.861 -2.818 
1703468229.153 0.799 -2.740 
1703468229.254 0.742 -2.663 
1703468229.353 0.688 -2.592 
1703468229.454 0.634 -2.520 
1703468229.554 0.572 -2.437 
1703468229.654 0.511 -2.361 
1703468229.754 0.454 -2.286 
1703468229.854 0.397 -2.217 
1703468229.955 0.345 -2.150 
1703468230.054 0.280 -2.067 
1703468230.154 0.212 -1.982 
1703468230.255 0.154 -1.911 
1703468230.355 0.098 -1.840 
1703468230.455 0.041 -1.773 
1703468230.555 -0.024 -1.696 
1703468230.655 -0.095 -1.621 
1703468230.756 -0.162 -1.548 
1703468230.858 -0.223 -1.478 
1703468230.957 -0.282 -1.411 
1703468231.058 -0.348 -1.338 
1703468231.158 -0.419 -1.266 
1703468231.259 -0.490 -1.194 
1703468231.358 -0.555 -1.129 
1703468231.458 -0.621 -1.064 
1703468231.559 -0.694 -0.997 
1703468231.659 -0.766 -0.929 
1703468231.759 -0.837 -0.860 
1703468231.858 -0.905 -0.792 
1703468231.958 -0.978 -0.722 
1703468232.059 -1.051 -0.655 
1703468232.159 -1.124 -0.589 
1703468232.260 -1.199 -0.524 
1703468232.359 -1.272 -0.459 
1703468232.459 -1.350 -0.393 
1703468232.559 -1.436 -0.326 
1703468232.660 -1.515 -0.259 
1703468232.760 -1.595 -0.190 
1703468232.860 -1.674 -0.124 
1703468232.960 -1.759 -0.058 
1703468233.060 -1.850 0.007 
1703468233.160 -1.937 0.074 
1703468233.260 -2.023 0.141 
1703468233.361 -2.113 0.210 
1703468233.460 -2.207 0.285 
1703468233.561 -2.302 0.356 
1703468233.661 -2.401 0.426 
1703468233.761 -2.497 0.494 
1703468233.861 -2.593 0.566 
1703468233.962 -2.689 0.636 
1703468234.061 -2.788 0.703 
1703468234.162 -2.889 0.767 
1703468234.261 -2.984 0.835 
1703468234.362 -3.080 0.907 
1703468234.462 -3.179 0.972 
1703468234.571 -3.287 1.018 
1703468234.662 -3.389 1.044 
1703468234.763 -3.507 1.069 
1703468234.863 -3.628 1.081 
1703468234.964 -3.750 1.096 
1703468235.064 -3.868 1.122 
1703468235.164 -3.986 1.120 
1703468235.263 -4.099 1.091 
1703468235.364 -4.214 1.052 
1703468235.466 -4.323 1.008 
1703468235.565 -4.426 0.955 
1703468235.664 -4.528 0.899 
1703468235.764 -4.621 0.823 
1703468235.865 -4.687 0.733 
1703468235.965 -4.745 0.629 
1703468236.065 -4.796 0.538 
1703468236.165 -4.841 0.463 
1703468236.265 -4.880 0.391 
1703468236.365 -4.924 0.316 
1703468236.465 -4.981 0.232 
1703468236.566 -5.023 0.154 
1703468236.665 -5.052 0.091 
1703468241.873 -5.088 -0.365 
1703468241.974 -5.082 -0.339 
1703468242.074 -5.085 -0.214 
1703468242.174 -5.082 -0.084 
1703468242.274 -5.066 0.031 
1703468242.375 -5.056 0.150 
1703468242.474 -5.039 0.274 
1703468242.575 -5.019 0.391 
1703468242.675 -5.012 0.510 
1703468242.775 -5.008 0.631 
1703468242.876 -5.004 0.749 
1703468242.975 -4.999 0.867 
1703468243.076 -4.996 0.985 
1703468243.175 -4.993 1.104 
1703468243.276 -4.991 1.222 
1703468243.380 -4.985 1.338 
1703468243.478 -4.976 1.454 
1703468243.577 -4.965 1.569 
1703468243.676 -4.953 1.685 
1703468243.782 -4.935 1.800 
1703468243.878 -4.911 1.913 
1703468243.977 -4.881 2.029 
1703468244.077 -4.844 2.140 
1703468244.178 -4.802 2.248 
1703468244.277 -4.756 2.360 
1703468244.377 -4.708 2.468 
1703468244.478 -4.652 2.569 
1703468244.578 -4.637 2.659 
1703468244.677 -4.663 2.722 
1703468244.778 -4.631 2.741 
1703468244.878 -4.553 2.725 
1703468244.980 -4.485 2.719 
1703468245.081 -4.434 2.702 
1703468245.181 -4.301 2.694 
1703468245.281 -4.227 2.663 
1703468245.381 -4.183 2.650 
1703468245.480 -4.100 2.631 
1703468245.581 -4.005 2.620 
1703468245.681 -3.924 2.607 
1703468245.782 -3.878 2.589 
1703468245.882 -3.829 2.575 
1703468245.982 -3.759 2.576 
1703468250.890 -3.516 2.191 
1703468250.891 -3.516 2.191 
1703468250.992 -3.586 2.229 
1703468251.091 -3.686 2.285 
1703468251.191 -3.804 2.346 
1703468251.292 -3.910 2.392 
1703468251.391 -4.010 2.449 
1703468251.491 -4.104 2.516 
1703468251.592 -4.193 2.580 
1703468251.692 -4.293 2.639 
1703468251.792 -4.385 2.694 
1703468251.892 -4.465 2.761 
1703468251.992 -4.541 2.853 
1703468252.093 -4.622 2.948 
1703468252.193 -4.699 3.038 
1703468252.293 -4.770 3.123 
1703468252.393 -4.830 3.221 
1703468252.493 -4.889 3.325 
1703468252.594 -4.949 3.429 
1703468252.693 -5.004 3.537 
1703468252.794 -5.046 3.652 
1703468252.894 -5.093 3.757 
1703468252.994 -5.138 3.855 
1703468253.095 -5.177 3.953 
1703468253.195 -5.191 4.070 
1703468253.295 -5.199 4.185 
1703468253.394 -5.208 4.300 
1703468253.495 -5.214 4.410 
1703468253.594 -5.185 4.533 
1703468253.695 -5.153 4.655 
1703468253.797 -5.122 4.767 
1703468253.896 -5.078 4.876 
1703468253.996 -5.023 4.984 
1703468254.095 -5.003 5.052 
1703468258.904 -5.010 4.737 
1703468259.004 -5.033 4.663 
1703468259.105 -5.060 4.583 
1703468259.205 -5.082 4.508 
1703468259.305 -5.103 4.442 
1703468259.405 -5.130 4.376 
1703468259.505 -5.187 4.295 
1703468259.605 -5.243 4.215 
1703468259.705 -5.292 4.128 
1703468259.806 -5.354 4.065 
1703468259.905 -5.384 4.049 
1703468260.005 -5.414 4.045 
1703468260.106 -5.470 4.004 
1703468260.207 -5.557 3.944 
1703468260.305 -5.635 3.899 
1703468260.405 -5.695 3.861 
1703468260.505 -5.728 3.833 
1703468260.608 -5.737 3.831 
1703468260.706 -5.710 3.896 
1703468260.806 -5.671 3.977 
1703468260.906 -5.631 4.018 
1703468261.006 -5.589 4.025 
1703468261.107 -5.557 4.031 
1703468261.207 -5.566 4.116 
1703468261.306 -5.598 4.199 
1703468261.407 -5.575 4.216 
1703468261.507 -5.538 4.190 
1703468261.607 -5.513 4.059 
1703468261.707 -5.488 3.914 
1703468261.809 -5.452 3.783 
1703468261.908 -5.402 3.687 
1703468262.008 -5.378 3.613 
1703468262.108 -5.378 3.511 
1703468262.208 -5.377 3.374 
1703468262.308 -5.384 3.235 
1703468262.408 -5.378 3.112 
1703468262.508 -5.390 3.020 
1703468262.610 -5.409 2.910 
1703468262.709 -5.432 2.791 
1703468262.808 -5.476 2.637 
1703468262.911 -5.496 2.501 
1703468263.011 -5.509 2.393 
1703468263.111 -5.546 2.278 
1703468263.212 -5.589 2.172 
1703468263.311 -5.630 2.058 
1703468263.412 -5.682 1.949 
1703468263.512 -5.740 1.843 
1703468263.615 -5.815 1.753 
1703468263.713 -5.899 1.668 
1703468263.815 -5.987 1.582 
1703468263.915 -6.079 1.503 
1703468264.014 -6.174 1.435 
1703468264.114 -6.274 1.372 
1703468264.214 -6.374 1.306 
1703468264.315 -6.478 1.239 
1703468264.415 -6.580 1.172 
1703468264.518 -6.687 1.112 
1703468264.618 -6.795 1.053 
1703468264.718 -6.904 0.999 
1703468264.819 -7.011 0.948 
1703468264.918 -7.119 0.900 
1703468265.019 -7.218 0.847 
1703468265.119 -7.299 0.795 
1703468265.218 -7.368 0.743 
1703468265.319 -7.439 0.685 
1703468265.419 -7.494 0.645 
1703468265.519 -7.531 0.615 
1703468265.619 -7.563 0.608 
1703468265.719 -7.596 0.594 
1703468265.820 -7.626 0.550 
1703468265.919 -7.660 0.468 
1703468266.019 -7.692 0.393 
1703468266.120 -7.728 0.319 
1703468266.219 -7.756 0.236 
1703468266.320 -7.782 0.152 
1703468266.420 -7.810 0.070 
1703468266.520 -7.835 -0.001 
1703468266.621 -7.849 -0.060 
1703468266.720 -7.858 -0.122 
1703468266.820 -7.869 -0.207 
1703468266.920 -7.882 -0.302 
1703468267.021 -7.896 -0.398 
1703468267.121 -7.914 -0.478 
1703468267.221 -7.925 -0.562 
1703468267.322 -7.931 -0.647 
1703468267.421 -7.939 -0.731 
1703468267.522 -7.943 -0.813 
1703468267.622 -7.936 -0.887 
1703468267.722 -7.923 -0.965 
1703468267.822 -7.892 -1.053 
1703468267.922 -7.856 -1.139 
1703468268.024 -7.820 -1.226 
1703468268.123 -7.792 -1.301 
1703468268.223 -7.780 -1.357 
1703468268.323 -7.801 -1.393 
1703468268.423 -7.817 -1.427 
1703468268.524 -7.783 -1.473 
1703468268.624 -7.722 -1.583 
1703468268.724 -7.664 -1.691 
1703468268.824 -7.615 -1.783 
1703468268.924 -7.583 -1.871 
1703468269.024 -7.531 -1.976 
1703468269.124 -7.480 -2.078 
1703468269.225 -7.435 -2.164 
1703468269.325 -7.386 -2.242 
1703468269.424 -7.331 -2.327 
1703468269.524 -7.289 -2.446 
1703468269.625 -7.246 -2.559 
1703468269.725 -7.206 -2.678 
1703468269.826 -7.169 -2.797 
1703468269.926 -7.140 -2.901 
1703468270.025 -7.121 -3.001 
1703468270.125 -7.117 -3.100 
1703468270.226 -7.122 -3.189 
1703468270.326 -7.154 -3.269 
1703468270.426 -7.218 -3.354 
1703468272.733 -7.247 -3.547 
1703468272.734 -7.247 -3.547 
1703468272.835 -7.257 -3.487 
1703468272.935 -7.283 -3.397 
1703468273.035 -7.333 -3.282 
1703468273.134 -7.387 -3.192 
1703468273.235 -7.455 -3.115 
1703468273.334 -7.543 -3.045 
1703468273.436 -7.629 -2.960 
1703468273.540 -7.706 -2.882 
1703468273.638 -7.776 -2.790 
1703468273.736 -7.840 -2.694 
1703468273.835 -7.901 -2.593 
1703468273.936 -7.964 -2.500 
1703468274.036 -8.033 -2.407 
1703468274.135 -8.098 -2.310 
1703468274.236 -8.151 -2.207 
1703468274.337 -8.196 -2.107 
1703468274.436 -8.249 -2.010 
1703468274.536 -8.306 -1.906 
1703468274.637 -8.342 -1.799 
1703468274.737 -8.373 -1.699 
1703468274.836 -8.405 -1.593 
1703468274.937 -8.444 -1.477 
1703468275.037 -8.478 -1.370 
1703468275.137 -8.489 -1.263 
1703468275.238 -8.495 -1.141 
1703468275.337 -8.499 -1.038 
1703468275.437 -8.499 -0.944 
1703468275.538 -8.505 -0.867 
1703468275.637 -8.505 -0.780 
1703468275.738 -8.506 -0.670 
1703468275.838 -8.506 -0.567 
1703468275.938 -8.505 -0.468 
1703468276.039 -8.508 -0.366 
1703468276.139 -8.511 -0.266 
1703468276.238 -8.515 -0.162 
1703468276.339 -8.521 -0.091 
1703468276.438 -8.518 -0.036 
1703468276.538 -8.519 0.041 
1703468276.638 -8.522 0.117 
1703468276.738 -8.523 0.191 
1703468276.839 -8.526 0.268 
1703468276.939 -8.529 0.344 
1703468277.040 -8.532 0.420 
1703468277.140 -8.533 0.493 
1703468277.239 -8.536 0.569 
1703468277.340 -8.539 0.644 
1703468277.439 -8.542 0.718 
1703468277.540 -8.544 0.794 
1703468277.640 -8.545 0.868 
1703468277.740 -8.547 0.943 
1703468277.840 -8.548 1.018 
1703468277.940 -8.550 1.093 
1703468278.040 -8.552 1.168 
1703468278.140 -8.553 1.244 
1703468278.241 -8.553 1.317 
1703468278.340 -8.555 1.393 
1703468278.441 -8.557 1.470 
1703468278.541 -8.568 1.581 
1703468278.641 -8.575 1.689 
1703468278.741 -8.577 1.788 
1703468278.841 -8.578 1.894 
1703468278.942 -8.579 1.998 
1703468279.041 -8.583 2.091 
1703468279.143 -8.588 2.183 
1703468279.243 -8.590 2.247 
1703468279.344 -8.589 2.319 
1703468279.444 -8.590 2.395 
1703468279.544 -8.591 2.472 
1703468279.644 -8.591 2.549 
1703468279.744 -8.591 2.624 
1703468279.843 -8.592 2.697 
1703468279.944 -8.594 2.773 
1703468280.044 -8.598 2.876 
1703468280.145 -8.600 2.998 
1703468280.245 -8.601 3.109 
1703468280.345 -8.601 3.204 
1703468280.444 -8.600 3.304 
1703468280.545 -8.605 3.403 
1703468280.645 -8.610 3.505 
1703468280.748 -8.614 3.607 
1703468280.847 -8.611 3.702 
1703468280.947 -8.612 3.793 
1703468281.046 -8.615 3.853 
1703468281.145 -8.622 3.917 
1703468281.246 -8.630 4.026 
1703468281.346 -8.635 4.147 
1703468281.446 -8.641 4.251 
1703468281.546 -8.642 4.349 
1703468281.646 -8.647 4.446 
1703468281.747 -8.651 4.544 
1703468281.846 -8.653 4.642 
1703468281.947 -8.656 4.741 
1703468282.047 -8.660 4.841 
1703468282.149 -8.662 4.938 
1703468282.248 -8.666 5.008 
1703468282.347 -8.664 5.063 
1703468282.447 -8.662 5.138 
1703468282.548 -8.659 5.213 
1703468282.647 -8.658 5.288 
1703468282.747 -8.655 5.366 
1703468282.848 -8.651 5.443 
1703468282.948 -8.650 5.521 
1703468283.048 -8.654 5.599 
1703468283.151 -8.658 5.679 
1703468283.256 -8.657 5.755 
1703468283.357 -8.657 5.838 
1703468283.457 -8.657 5.920 
1703468283.558 -8.660 6.004 
1703468283.657 -8.671 6.087 
1703468283.758 -8.687 6.171 
1703468283.858 -8.700 6.256 
1703468283.957 -8.706 6.335 
1703468284.057 -8.719 6.420 
1703468284.158 -8.738 6.507 
1703468284.258 -8.759 6.591 
1703468284.359 -8.778 6.676 
1703468284.458 -8.798 6.758 
1703468284.559 -8.819 6.841 
1703468284.658 -8.839 6.924 
1703468284.759 -8.858 7.006 
1703468284.858 -8.877 7.086 
1703468284.959 -8.891 7.169 
1703468285.058 -8.903 7.248 
1703468285.159 -8.912 7.326 
1703468285.259 -8.919 7.403 
1703468285.360 -8.936 7.474 
1703468285.460 -8.947 7.547 
1703468285.561 -8.927 7.660 
1703468285.661 -8.913 7.763 
1703468285.761 -8.894 7.860 
1703468289.568 -8.591 8.105 
1703468289.570 -8.591 8.105 
1703468289.669 -8.572 8.094 
1703468289.770 -8.533 8.021 
1703468289.870 -8.474 7.900 
1703468289.969 -8.405 7.802 
1703468290.072 -8.327 7.710 
1703468290.171 -8.252 7.617 
1703468290.272 -8.180 7.520 
1703468290.372 -8.110 7.424 
1703468290.472 -8.038 7.329 
1703468290.572 -7.967 7.234 
1703468290.673 -7.895 7.138 
1703468290.772 -7.825 7.044 
1703468290.873 -7.754 6.948 
1703468290.974 -7.682 6.851 
1703468291.074 -7.612 6.756 
1703468291.173 -7.542 6.661 
1703468291.273 -7.472 6.566 
1703468291.374 -7.402 6.469 
1703468291.474 -7.332 6.372 
1703468291.573 -7.265 6.275 
1703468291.674 -7.195 6.177 
1703468291.774 -7.125 6.077 
1703468291.874 -7.057 5.980 
1703468291.974 -6.989 5.882 
1703468292.074 -6.921 5.785 
1703468292.176 -6.851 5.684 
1703468292.274 -6.785 5.583 
1703468292.375 -6.716 5.483 
1703468292.475 -6.647 5.382 
1703468292.576 -6.578 5.282 
1703468292.675 -6.510 5.183 
1703468292.775 -6.440 5.079 
1703468292.875 -6.371 4.976 
1703468292.976 -6.299 4.876 
1703468293.075 -6.227 4.776 
1703468293.176 -6.156 4.676 
1703468293.276 -6.085 4.576 
1703468293.376 -6.014 4.478 
1703468293.476 -5.941 4.384 
1703468293.576 -5.868 4.289 
1703468293.676 -5.791 4.193 
1703468293.777 -5.709 4.097 
1703468293.877 -5.631 4.007 
1703468293.977 -5.549 3.915 
1703468294.079 -5.478 3.823 
1703468294.177 -5.406 3.733 
1703468294.278 -5.339 3.641 
1703468294.377 -5.263 3.556 
1703468294.478 -5.185 3.471 
1703468294.577 -5.109 3.389 
1703468294.677 -5.037 3.311 
1703468294.778 -4.970 3.227 
1703468294.879 -4.901 3.135 
1703468294.979 -4.838 3.069 
1703468295.079 -4.761 3.003 
1703468295.178 -4.675 2.919 
1703468295.280 -4.603 2.847 
1703468295.379 -4.528 2.782 
1703468295.479 -4.445 2.709 
1703468295.579 -4.360 2.634 
1703468295.680 -4.272 2.557 
1703468295.780 -4.201 2.492 
1703468295.880 -4.119 2.427 
1703468295.981 -4.033 2.361 
1703468296.081 -3.950 2.295 
1703468296.181 -3.865 2.230 
1703468296.280 -3.780 2.165 
1703468296.380 -3.696 2.102 
1703468296.481 -3.611 2.040 
1703468296.581 -3.527 1.979 
1703468296.681 -3.441 1.919 
1703468296.782 -3.354 1.860 
1703468296.881 -3.267 1.804 
1703468296.982 -3.187 1.748 
1703468297.082 -3.104 1.692 
1703468297.182 -3.016 1.637 
1703468297.281 -2.928 1.584 
1703468297.382 -2.849 1.532 
1703468297.482 -2.773 1.480 
1703468297.583 -2.684 1.431 
1703468297.684 -2.592 1.384 
1703468297.784 -2.510 1.340 
1703468297.884 -2.433 1.297 
1703468297.984 -2.356 1.254 
1703468298.084 -2.273 1.211 
1703468298.184 -2.192 1.171 
1703468298.284 -2.110 1.130 
1703468298.383 -2.027 1.091 
1703468298.485 -1.953 1.052 
1703468298.584 -1.883 1.015 
1703468298.686 -1.803 0.983 
1703468298.785 -1.727 0.954 
1703468298.884 -1.649 0.924 
1703468298.985 -1.572 0.891 
1703468299.085 -1.492 0.860 
1703468299.185 -1.435 0.825 
1703468299.286 -1.366 0.799 
1703468299.385 -1.287 0.779 
1703468299.486 -1.218 0.762 
1703468299.586 -1.141 0.746 
1703468299.686 -1.027 0.721 
1703468299.786 -0.920 0.691 
1703468299.886 -0.844 0.666 
1703468299.986 -0.754 0.659 
1703468300.086 -0.661 0.648 
1703468300.186 -0.566 0.636 
1703468300.287 -0.468 0.625 
1703468300.386 -0.369 0.616 
1703468300.487 -0.267 0.610 
1703468300.588 -0.160 0.606 
1703468300.688 -0.062 0.601 
1703468300.789 0.027 0.597 
1703468300.894 0.112 0.589 
1703468300.989 0.170 0.567 
1703468301.090 0.215 0.528 
1703468301.191 0.310 0.546 
1703468301.290 0.434 0.614 
1703468301.391 0.485 0.674 
1703468301.491 0.548 0.735 
1703468301.591 0.615 0.762 
1703468301.691 0.720 0.841 
1703468301.790 0.796 0.875 
1703468301.891 0.830 0.892 
1703468301.991 0.909 0.929 
1703468302.091 1.017 0.994 
1703468302.191 1.109 1.036 
1703468302.292 1.182 1.054 
1703468302.392 1.234 1.092 
1703468302.491 1.313 1.149 
1703468302.593 1.421 1.220 
1703468302.692 1.522 1.294 
1703468302.793 1.615 1.366 
1703468302.893 1.701 1.439 
1703468302.993 1.793 1.515 
1703468303.093 1.882 1.589 
1703468303.193 1.974 1.663 
1703468303.293 2.063 1.737 
1703468303.393 2.156 1.811 
1703468303.493 2.254 1.884 
1703468303.593 2.352 1.952 
1703468303.694 2.456 2.020 
1703468303.793 2.561 2.080 
1703468303.893 2.663 2.117 
1703468303.993 2.772 2.132 
1703468304.094 2.895 2.142 
1703468304.195 3.017 2.141 
1703468304.294 3.144 2.137 
1703468304.395 3.277 2.123 
1703468304.495 3.398 2.100 
1703468304.594 3.513 2.077 
1703468304.694 3.632 2.043 
1703468304.794 3.754 2.007 
1703468304.895 3.868 1.959 
1703468304.994 3.970 1.897 
1703468305.094 4.063 1.822 
1703468305.194 4.156 1.737 
1703468305.295 4.242 1.653 
1703468305.395 4.321 1.563 
1703468305.495 4.396 1.469 
1703468305.595 4.463 1.374 
1703468305.695 4.523 1.276 
1703468305.796 4.584 1.182 
1703468305.895 4.644 1.089 
1703468305.996 4.701 1.000 
1703468306.096 4.757 0.914 
1703468306.197 4.811 0.826 
1703468306.297 4.862 0.738 
1703468306.396 4.912 0.657 
1703468306.513 4.963 0.580 
1703468306.602 5.014 0.500 
1703468306.699 5.062 0.424 
1703468306.797 5.107 0.353 
1703468306.897 5.153 0.283 
1703468306.998 5.197 0.216 
1703468307.098 5.238 0.152 
1703468307.197 5.282 0.087 
1703468307.297 5.348 0.007 
1703468307.397 5.403 -0.083 
1703468307.499 5.454 -0.169 
1703468307.598 5.499 -0.221 
1703468307.699 5.545 -0.279 
1703468307.799 5.602 -0.341 
1703468307.900 5.659 -0.406 
1703468308.001 5.692 -0.466 
1703468308.100 5.733 -0.525 
1703468308.199 5.789 -0.590 
1703468308.301 5.840 -0.659 
1703468308.400 5.886 -0.732 
1703468308.500 5.968 -0.788 
1703468308.601 6.071 -0.836 
1703468308.701 6.204 -0.840 
1703468308.801 6.328 -0.840 
1703468308.900 6.422 -0.799 
1703468309.001 6.491 -0.750 
1703468309.100 6.577 -0.684 
1703468309.202 6.671 -0.624 
1703468309.302 6.754 -0.570 
1703468309.402 6.844 -0.519 
1703468309.501 6.915 -0.484 
1703468309.606 6.960 -0.463 
1703468309.707 7.017 -0.431 
1703468309.806 7.088 -0.392 
1703468309.906 7.152 -0.354 
1703468310.007 7.215 -0.324 
1703468310.106 7.276 -0.300 
1703468310.206 7.348 -0.276 
1703468310.307 7.421 -0.243 
1703468310.408 7.539 -0.235 
1703468310.508 7.652 -0.237 
1703468310.608 7.697 -0.238 
1703468310.708 7.750 -0.239 
1703468310.807 7.829 -0.241 
1703468310.908 7.893 -0.241 
1703468311.008 7.966 -0.247 
1703468311.107 8.052 -0.248 
1703468311.208 8.127 -0.249 
1703468311.308 8.226 -0.256 
1703468311.410 8.351 -0.251 
1703468311.509 8.452 -0.269 
1703468311.609 8.578 -0.250 
1703468311.712 8.710 -0.212 
1703468311.810 8.826 -0.154 
1703468311.910 8.933 -0.070 
1703468312.010 9.017 0.032 
1703468312.110 9.075 0.152 
1703468312.210 9.094 0.302 
1703468312.311 9.066 0.403 
1703468312.410 9.031 0.466 
1703468312.511 9.032 0.571 
1703468312.611 9.045 0.715 
1703468312.710 9.060 0.842 
1703468312.811 9.074 0.948 
1703468312.911 9.054 1.037 
1703468313.011 9.048 1.161 
1703468313.111 9.046 1.293 
1703468313.212 9.037 1.409 
1703468313.311 9.023 1.528 
1703468313.412 9.008 1.647 
1703468313.511 8.993 1.766 
1703468313.612 8.978 1.886 
1703468313.712 8.963 2.004 
1703468313.812 8.948 2.124 
1703468313.914 8.935 2.242 
1703468314.013 8.922 2.363 
1703468314.112 8.909 2.485 
1703468314.213 8.901 2.604 
1703468314.312 8.912 2.723 
1703468314.412 8.934 2.844 
1703468314.513 8.945 2.983 
1703468317.919 9.075 3.055 
1703468318.019 8.990 3.028 
1703468318.118 8.875 2.970 
1703468318.220 8.774 2.909 
1703468318.321 8.671 2.862 
1703468318.422 8.513 2.857 
1703468318.521 8.381 2.846 
1703468318.623 8.268 2.840 
1703468318.721 8.151 2.830 
1703468318.822 8.031 2.828 
1703468318.922 7.914 2.822 
1703468319.022 7.791 2.823 
1703468319.122 7.670 2.819 
1703468319.222 7.550 2.820 
1703468319.322 7.432 2.826 
1703468319.425 7.310 2.840 
1703468319.526 7.188 2.866 
1703468319.624 7.065 2.898 
1703468319.724 6.941 2.920 
1703468319.823 6.823 2.941 
1703468319.924 6.699 2.983 
1703468320.023 6.581 3.030 
1703468320.124 6.477 3.056 
1703468320.224 6.367 3.100 
1703468320.324 6.257 3.162 
1703468320.423 6.145 3.226 
1703468320.524 6.050 3.296 
1703468320.624 5.966 3.396 
1703468320.724 5.893 3.492 
1703468320.825 5.815 3.576 
1703468320.925 5.746 3.677 
1703468321.025 5.680 3.785 
1703468321.125 5.619 3.888 
1703468321.226 5.569 3.989 
1703468321.325 5.539 4.107 
1703468321.425 5.521 4.226 
1703468321.525 5.508 4.344 
1703468321.625 5.515 4.471 
1703468321.725 5.544 4.600 
1703468321.826 5.548 4.708 
1703468321.926 5.564 4.828 
1703468322.025 5.597 4.941 
1703468322.126 5.627 5.027 
1703468322.227 5.656 5.092 
1703468322.326 5.693 5.157 
1703468322.427 5.755 5.211 
1703468322.527 5.814 5.257 
1703468322.627 5.852 5.298 
1703468322.728 5.894 5.339 
1703468322.828 5.969 5.394 
1703468322.927 6.060 5.470 
1703468323.027 6.145 5.526 
1703468323.128 6.203 5.565 
1703468323.228 6.245 5.606 
1703468323.328 6.276 5.716 
1703468323.428 6.300 5.864 
1703468323.529 6.347 5.932 
1703468323.628 6.412 5.996 
1703468323.728 6.431 6.112 
1703468323.829 6.418 6.231 
1703468323.931 6.382 6.347 
1703468324.030 6.311 6.443 
1703468324.129 6.214 6.486 
1703468324.229 6.104 6.532 
1703468324.330 6.014 6.594 
1703468324.430 5.898 6.651 
1703468324.530 5.787 6.704 
1703468324.630 5.703 6.749 
1703468324.731 5.624 6.788 
1703468324.830 5.522 6.835 
1703468324.931 5.424 6.891 
1703468325.031 5.335 6.937 
1703468325.131 5.244 6.975 
1703468325.232 5.150 7.009 
1703468325.332 5.048 7.044 
1703468325.432 4.943 7.090 
1703468325.532 4.850 7.135 
1703468325.633 4.749 7.169 
1703468325.733 4.652 7.195 
1703468325.832 4.553 7.216 
1703468325.933 4.457 7.241 
1703468326.034 4.367 7.266 
1703468326.134 4.272 7.300 
1703468326.234 4.169 7.331 
1703468326.335 4.080 7.349 
1703468326.434 4.001 7.355 
1703468326.534 3.913 7.371 
1703468326.634 3.830 7.385 
1703468326.735 3.752 7.402 
1703468326.834 3.688 7.413 
1703468326.934 3.611 7.426 
1703468327.035 3.536 7.448 
1703468327.136 3.440 7.529 
1703468327.235 3.391 7.535 
1703468327.335 3.326 7.570 
1703468327.435 3.286 7.659 
1703468327.535 3.254 7.710 
1703468327.635 3.232 7.759 
1703468327.735 3.209 7.837 
1703468327.835 3.183 7.925 
1703468327.938 3.144 8.031 
1703468328.040 3.105 8.142 
1703468328.136 3.081 8.239 
1703468328.236 3.077 8.307 
1703468328.337 3.058 8.371 
1703468328.436 3.013 8.439 
1703468328.536 2.960 8.507 
1703468328.636 2.910 8.558 
1703468328.737 2.836 8.614 
1703468328.836 2.697 8.681 
1703468328.936 2.612 8.745 
1703468329.037 2.545 8.793 
1703468329.137 2.465 8.819 
1703468329.237 2.370 8.828 
1703468329.337 2.284 8.835 
1703468329.439 2.201 8.827 
1703468329.538 2.117 8.812 
1703468329.638 2.027 8.805 
1703468329.738 1.944 8.805 
1703468329.839 1.874 8.808 
1703468329.939 1.797 8.809 
1703468330.039 1.682 8.781 
1703468330.139 1.564 8.734 
1703468330.240 1.493 8.734 
1703468330.340 1.438 8.746 
1703468330.439 1.380 8.711 
1703468330.540 1.308 8.642 
1703468330.640 1.210 8.554 
1703468330.739 1.118 8.481 
1703468330.840 1.082 8.481 
1703468330.940 1.040 8.454 
1703468331.040 0.974 8.393 
1703468331.140 0.880 8.313 
1703468331.241 0.782 8.224 
1703468331.341 0.715 8.171 
1703468331.440 0.676 8.145 
1703468331.541 0.610 8.140 
1703468331.641 0.499 8.116 
1703468331.740 0.379 8.082 
1703468331.841 0.272 8.062 
1703468331.941 0.184 8.046 
1703468332.041 0.095 8.029 
1703468332.142 -0.000 8.028 
1703468332.242 -0.082 8.038 
1703468332.341 -0.193 8.040 
1703468332.441 -0.309 8.045 
1703468332.542 -0.412 8.048 
1703468332.642 -0.495 8.053 
1703468332.742 -0.585 8.066 
1703468332.842 -0.690 8.080 
1703468332.943 -0.793 8.091 
1703468333.043 -0.890 8.099 
1703468333.142 -0.987 8.113 
1703468333.243 -1.083 8.136 
1703468333.343 -1.185 8.173 
1703468333.443 -1.280 8.212 
1703468333.543 -1.370 8.261 
1703468333.643 -1.461 8.313 
1703468333.743 -1.555 8.353 
1703468333.844 -1.645 8.400 
1703468333.943 -1.721 8.452 
1703468334.044 -1.800 8.504 
1703468334.145 -1.881 8.558 
1703468334.244 -1.958 8.605 
1703468334.344 -2.023 8.646 
1703468334.444 -2.091 8.692 
1703468334.544 -2.171 8.751 
1703468334.645 -2.243 8.801 
1703468334.744 -2.299 8.829 
1703468334.844 -2.349 8.850 
1703468334.944 -2.396 8.862 
1703468335.045 -2.477 8.857 
1703468336.748 -2.456 8.886 
1703468336.849 -2.436 8.789 
1703468336.950 -2.412 8.695 
1703468337.049 -2.386 8.641 
1703468337.150 -2.375 8.569 
1703468337.251 -2.380 8.482 
1703468337.352 -2.377 8.433 
1703468337.451 -2.371 8.357 
1703468337.551 -2.364 8.260 
1703468337.652 -2.360 8.157 
1703468337.752 -2.363 8.044 
1703468337.852 -2.367 7.932 
1703468337.952 -2.367 7.815 
1703468338.051 -2.370 7.698 
1703468338.154 -2.378 7.579 
1703468338.255 -2.385 7.461 
1703468338.355 -2.392 7.342 
1703468338.454 -2.391 7.221 
1703468338.555 -2.385 7.102 
1703468338.654 -2.379 6.986 
1703468338.755 -2.387 6.883 
1703468338.855 -2.392 6.800 
1703468338.956 -2.368 6.716 
1703468339.055 -2.334 6.632 
1703468340.460 -2.237 6.527 
1703468340.461 -2.237 6.527 
1703468340.561 -2.222 6.516 
1703468340.661 -2.138 6.492 
1703468340.761 -2.022 6.447 
1703468340.862 -1.899 6.393 
1703468340.961 -1.795 6.337 
1703468341.061 -1.689 6.275 
1703468341.162 -1.571 6.228 
1703468341.262 -1.488 6.203 
1703468341.362 -1.417 6.185 
1703468341.462 -1.330 6.172 
1703468341.562 -1.240 6.158 
1703468341.662 -1.159 6.143 
1703468341.763 -1.091 6.113 
1703468341.863 -1.030 6.105 
1703468341.964 -0.945 6.100 
1703468342.064 -0.846 6.094 
1703468342.164 -0.749 6.084 
1703468342.264 -0.658 6.073 
1703468342.363 -0.578 6.064 
1703468342.464 -0.496 6.056 
1703468342.563 -0.412 6.053 
1703468342.664 -0.325 6.050 
1703468342.764 -0.241 6.043 
1703468342.865 -0.155 6.033 
1703468342.964 -0.068 6.023 
1703468343.065 0.015 6.019 
1703468343.164 0.098 6.011 
1703468343.265 0.180 6.002 
1703468343.364 0.260 5.990 
1703468343.465 0.342 5.979 
1703468343.566 0.423 5.964 
1703468343.665 0.504 5.951 
1703468343.766 0.578 5.943 
1703468343.866 0.654 5.929 
1703468343.965 0.726 5.911 
1703468344.066 0.838 5.876 
1703468344.166 0.938 5.848 
1703468344.266 1.036 5.822 
1703468344.366 1.122 5.806 
1703468344.467 1.216 5.786 
1703468344.566 1.306 5.764 
1703468344.667 1.398 5.732 
1703468344.767 1.487 5.689 
1703468344.867 1.578 5.640 
1703468344.968 1.665 5.605 
1703468345.068 1.753 5.559 
1703468345.167 1.803 5.525 
1703468345.268 1.864 5.490 
1703468345.368 1.935 5.452 
1703468345.468 2.001 5.415 
1703468345.568 2.068 5.378 
1703468345.668 2.135 5.340 
1703468345.768 2.200 5.302 
1703468345.868 2.266 5.264 
1703468345.968 2.332 5.226 
1703468346.068 2.398 5.188 
1703468346.169 2.466 5.156 
1703468346.269 2.536 5.125 
1703468346.369 2.606 5.089 
1703468346.468 2.673 5.053 
1703468346.569 2.741 5.018 
1703468346.668 2.806 4.987 
1703468346.769 2.874 4.964 
1703468346.870 2.956 4.938 
1703468346.969 3.060 4.905 
1703468347.070 3.186 4.849 
1703468347.170 3.292 4.819 
1703468347.270 3.372 4.800 
1703468347.370 3.470 4.806 
1703468347.470 3.570 4.811 
1703468347.570 3.665 4.838 
1703468347.671 3.764 4.873 
1703468347.770 3.842 4.898 
1703468347.876 3.909 4.917 
1703468347.973 3.984 4.932 
1703468348.071 4.055 4.943 
1703468348.172 4.131 4.966 
1703468348.272 4.211 4.998 
1703468348.371 4.292 5.031 
1703468348.471 4.373 5.065 
1703468348.572 4.455 5.098 
1703468348.672 4.538 5.132 
1703468348.772 4.621 5.166 
1703468348.875 4.707 5.203 
1703468348.972 4.788 5.236 
1703468349.072 4.878 5.266 
1703468349.172 4.965 5.298 
1703468349.272 5.055 5.330 
1703468349.372 5.140 5.360 
1703468349.473 5.228 5.389 
1703468349.573 5.317 5.415 
1703468349.673 5.408 5.441 
1703468349.774 5.499 5.467 
1703468349.873 5.597 5.485 
1703468349.974 5.683 5.501 
1703468350.074 5.773 5.505 
1703468350.174 5.864 5.506 
1703468350.274 5.954 5.501 
1703468350.374 6.042 5.497 
1703468350.474 6.131 5.498 
1703468350.574 6.216 5.494 
1703468350.674 6.297 5.489 
1703468350.775 6.373 5.482 
1703468350.875 6.474 5.481 
1703468350.976 6.587 5.479 
1703468351.075 6.678 5.479 
1703468351.175 6.746 5.482 
1703468351.275 6.829 5.478 
1703468351.376 6.919 5.486 
1703468351.475 6.993 5.491 
1703468351.575 7.070 5.492 
1703468351.676 7.146 5.490 
1703468351.776 7.221 5.494 
1703468351.877 7.297 5.501 
1703468351.976 7.373 5.503 
1703468352.076 7.452 5.504 
1703468352.176 7.532 5.503 
1703468352.276 7.618 5.499 
1703468352.376 7.702 5.498 
1703468352.477 7.791 5.499 
1703468352.577 7.882 5.506 
1703468352.676 7.976 5.516 
