1703469413.972 1.160 0.069 
1703469413.972 1.160 0.069 
1703469414.074 1.188 0.044 
1703469414.173 1.255 -0.006 
1703469414.274 1.341 -0.089 
1703469414.374 1.405 -0.177 
1703469414.474 1.473 -0.275 
1703469414.574 1.551 -0.375 
1703469414.675 1.638 -0.456 
1703469414.775 1.727 -0.539 
1703469417.084 2.004 -0.692 
1703469417.184 1.994 -0.721 
1703469418.790 2.134 -1.055 
1703469418.890 2.096 -1.033 
1703469418.991 1.997 -0.949 
1703469419.095 1.894 -0.856 
1703469419.191 1.802 -0.797 
1703469419.290 1.725 -0.726 
1703469419.393 1.632 -0.647 
1703469419.495 1.542 -0.563 
1703469419.593 1.462 -0.480 
1703469419.692 1.382 -0.399 
1703469419.792 1.319 -0.301 
1703469419.891 1.274 -0.184 
1703469419.992 1.253 -0.067 
1703469420.093 1.233 0.022 
1703469420.192 1.218 0.065 
1703469420.293 1.230 0.095 
1703469420.392 1.270 0.154 
1703469420.493 1.304 0.223 
1703469420.592 1.340 0.289 
1703469420.695 1.400 0.371 
1703469420.793 1.456 0.448 
1703469420.892 1.510 0.530 
1703469420.994 1.572 0.623 
1703469421.092 1.629 0.723 
1703469421.193 1.687 0.827 
1703469421.292 1.743 0.931 
1703469421.393 1.801 1.037 
1703469421.493 1.856 1.141 
1703469421.594 1.912 1.248 
1703469421.694 1.968 1.354 
1703469421.793 2.024 1.464 
1703469421.894 2.068 1.563 
1703469421.994 2.128 1.661 
1703469422.696 2.633 2.097 
1703469422.795 2.692 2.138 
1703469422.895 2.762 2.182 
1703469422.996 2.835 2.239 
1703469423.095 2.901 2.293 
1703469423.195 2.971 2.350 
1703469423.296 3.048 2.408 
1703469423.396 3.120 2.443 
1703469423.496 3.202 2.470 
1703469423.597 3.353 2.474 
1703469423.697 3.474 2.485 
1703469423.796 3.568 2.502 
1703469423.897 3.661 2.516 
1703469423.997 3.743 2.531 
1703469424.098 3.803 2.532 
1703469424.197 3.835 2.524 
1703469424.297 3.895 2.518 
1703469424.397 3.977 2.514 
1703469424.497 4.076 2.503 
1703469424.598 4.163 2.492 
1703469424.697 4.238 2.478 
1703469424.801 4.294 2.465 
1703469424.900 4.344 2.452 
1703469425.001 4.351 2.411 
1703469425.102 4.376 2.394 
1703469425.202 4.432 2.410 
1703469425.301 4.477 2.422 
1703469425.401 4.543 2.455 
1703469425.501 4.669 2.508 
1703469425.602 4.771 2.555 
1703469425.701 4.842 2.584 
1703469425.804 4.880 2.615 
1703469425.902 4.921 2.658 
1703469426.002 4.958 2.734 
1703469426.103 4.993 2.829 
1703469426.202 5.016 2.923 
1703469426.302 5.035 3.009 
1703469426.403 5.065 3.091 
1703469426.502 5.101 3.175 
1703469426.602 5.126 3.258 
1703469426.702 5.138 3.343 
1703469426.802 5.139 3.428 
1703469426.902 5.137 3.512 
1703469427.004 5.122 3.596 
1703469427.102 5.122 3.648 
1703469427.203 5.140 3.692 
1703469427.303 5.118 3.757 
1703469427.403 5.032 3.822 
1703469427.505 4.945 3.897 
1703469427.603 4.885 3.936 
1703469427.703 4.840 3.964 
1703469427.803 4.778 4.003 
1703469427.904 4.668 4.060 
1703469428.004 4.573 4.127 
1703469428.104 4.510 4.166 
1703469428.204 4.437 4.216 
1703469428.304 4.333 4.271 
1703469428.405 4.248 4.324 
1703469428.505 4.162 4.374 
1703469428.604 4.073 4.418 
1703469428.705 3.964 4.466 
1703469428.805 3.862 4.521 
1703469428.904 3.772 4.564 
1703469429.005 3.691 4.600 
1703469429.105 3.600 4.628 
1703469429.205 3.508 4.655 
1703469429.306 3.418 4.687 
1703469429.406 3.334 4.721 
1703469429.506 3.263 4.735 
1703469429.606 3.184 4.758 
1703469429.706 3.085 4.816 
1703469429.807 2.990 4.868 
1703469429.907 2.908 4.913 
1703469430.007 2.839 4.955 
1703469430.108 2.770 5.000 
1703469430.207 2.698 5.044 
1703469430.307 2.624 5.083 
1703469430.407 2.537 5.140 
1703469430.508 2.448 5.193 
1703469430.608 2.383 5.217 
1703469430.708 2.374 5.255 
1703469430.807 2.328 5.285 
1703469430.908 2.209 5.255 
1703469431.009 2.141 5.260 
1703469431.108 2.086 5.291 
1703469431.208 2.019 5.238 
1703469431.308 1.951 5.136 
1703469431.409 1.868 5.075 
1703469431.508 1.814 5.002 
1703469431.609 1.797 4.892 
1703469431.709 1.796 4.787 
1703469431.808 1.804 4.704 
1703469431.909 1.803 4.630 
1703469432.009 1.794 4.549 
1703469432.109 1.790 4.455 
1703469432.209 1.784 4.356 
1703469432.310 1.777 4.264 
1703469432.411 1.764 4.170 
1703469432.509 1.749 4.077 
1703469432.611 1.726 3.975 
1703469432.710 1.692 3.877 
1703469432.811 1.639 3.779 
1703469432.910 1.587 3.684 
1703469433.011 1.531 3.591 
1703469433.111 1.456 3.505 
1703469433.212 1.372 3.425 
1703469433.312 1.283 3.347 
1703469433.411 1.182 3.282 
1703469433.513 1.081 3.220 
1703469433.613 0.987 3.156 
1703469433.713 0.889 3.089 
1703469433.814 0.782 3.032 
1703469433.913 0.674 2.986 
1703469434.014 0.565 2.946 
1703469434.114 0.448 2.915 
1703469434.215 0.331 2.890 
1703469434.314 0.216 2.869 
1703469434.414 0.099 2.852 
1703469434.514 -0.019 2.858 
1703469434.615 -0.101 2.852 
1703469434.715 -0.175 2.859 
1703469434.815 -0.238 2.872 
1703469434.915 -0.334 2.872 
1703469435.014 -0.441 2.870 
1703469435.115 -0.516 2.874 
1703469435.215 -0.583 2.882 
1703469435.315 -0.666 2.892 
1703469435.415 -0.758 2.908 
1703469435.515 -0.839 2.916 
1703469435.615 -0.916 2.924 
1703469435.716 -0.994 2.931 
1703469435.816 -1.074 2.937 
1703469435.916 -1.156 2.944 
1703469436.016 -1.245 2.954 
1703469436.116 -1.322 2.963 
1703469436.216 -1.386 2.959 
1703469436.316 -1.452 2.945 
1703469436.415 -1.547 2.927 
1703469436.516 -1.662 2.895 
1703469436.617 -1.758 2.859 
1703469436.716 -1.823 2.833 
1703469436.817 -1.868 2.807 
1703469436.916 -1.889 2.787 
1703469437.017 -1.896 2.708 
1703469437.117 -1.910 2.639 
1703469437.218 -1.932 2.591 
1703469437.317 -1.941 2.517 
1703469437.417 -1.954 2.435 
1703469437.518 -1.937 2.338 
1703469437.618 -1.909 2.245 
1703469437.718 -1.882 2.188 
1703469437.818 -1.860 2.130 
1703469437.918 -1.846 2.051 
1703469438.019 -1.836 1.968 
1703469438.118 -1.825 1.884 
1703469438.218 -1.811 1.805 
1703469438.318 -1.795 1.731 
1703469438.419 -1.787 1.669 
1703469438.519 -1.793 1.625 
1703469438.619 -1.812 1.543 
1703469438.719 -1.871 1.422 
1703469438.819 -1.901 1.321 
1703469438.919 -1.919 1.221 
1703469439.021 -1.937 1.150 
1703469439.120 -1.954 1.085 
1703469439.221 -1.968 1.008 
1703469439.320 -1.983 0.926 
1703469439.421 -1.990 0.824 
1703469439.521 -2.017 0.758 
1703469439.621 -2.039 0.697 
1703469439.722 -2.047 0.627 
1703469439.821 -2.029 0.551 
1703469439.922 -2.007 0.457 
1703469440.021 -1.979 0.355 
1703469440.122 -1.952 0.253 
1703469440.222 -1.925 0.150 
1703469440.322 -1.901 0.057 
1703469440.422 -1.880 -0.024 
1703469440.523 -1.856 -0.103 
1703469440.622 -1.843 -0.166 
1703469440.722 -1.846 -0.211 
1703469440.823 -1.845 -0.254 
1703469440.923 -1.806 -0.321 
1703469441.023 -1.737 -0.433 
1703469441.123 -1.695 -0.529 
1703469441.224 -1.672 -0.605 
1703469441.324 -1.651 -0.678 
1703469441.425 -1.631 -0.752 
1703469441.525 -1.604 -0.821 
1703469441.624 -1.583 -0.864 
1703469441.725 -1.552 -0.866 
1703469441.824 -1.545 -0.926 
1703469441.924 -1.600 -1.074 
1703469442.025 -1.596 -1.184 
1703469442.124 -1.602 -1.256 
1703469442.225 -1.618 -1.283 
1703469442.325 -1.621 -1.409 
1703469442.425 -1.607 -1.534 
1703469442.526 -1.638 -1.626 
1703469442.625 -1.687 -1.678 
1703469442.725 -1.717 -1.742 
1703469442.825 -1.700 -1.835 
1703469442.925 -1.635 -1.942 
1703469443.025 -1.563 -2.047 
1703469443.126 -1.523 -2.112 
1703469443.226 -1.515 -2.125 
1703469443.326 -1.543 -2.126 
1703469443.429 -1.546 -2.156 
1703469443.527 -1.502 -2.274 
1703469443.626 -1.448 -2.405 
1703469443.727 -1.369 -2.531 
1703469443.826 -1.302 -2.654 
1703469443.928 -1.247 -2.695 
1703469444.027 -1.195 -2.736 
1703469444.127 -1.151 -2.815 
1703469444.227 -1.114 -2.911 
1703469444.329 -1.072 -3.008 
1703469444.428 -1.030 -3.111 
1703469444.528 -0.991 -3.213 
1703469444.628 -0.956 -3.303 
1703469444.727 -0.926 -3.379 
1703469444.828 -0.891 -3.443 
1703469444.928 -0.846 -3.480 
1703469445.028 -0.800 -3.514 
1703469445.129 -0.784 -3.569 
1703469445.229 -0.760 -3.662 
1703469445.329 -0.727 -3.783 
1703469445.429 -0.715 -3.872 
1703469445.529 -0.704 -3.951 
1703469445.630 -0.693 -4.029 
1703469445.730 -0.688 -4.093 
1703469445.829 -0.677 -4.147 
1703469445.929 -0.636 -4.217 
1703469446.030 -0.582 -4.300 
1703469446.129 -0.535 -4.370 
1703469446.230 -0.454 -4.423 
1703469446.331 -0.349 -4.433 
1703469446.430 -0.244 -4.423 
1703469446.531 -0.157 -4.418 
1703469446.631 -0.080 -4.415 
1703469446.730 -0.009 -4.410 
1703469446.831 0.072 -4.408 
1703469446.931 0.168 -4.409 
1703469447.031 0.265 -4.405 
1703469447.131 0.356 -4.399 
1703469447.232 0.448 -4.392 
1703469447.331 0.538 -4.385 
1703469447.432 0.624 -4.377 
1703469447.531 0.710 -4.373 
1703469447.631 0.793 -4.370 
1703469447.732 0.870 -4.364 
1703469447.832 0.954 -4.370 
1703469447.932 1.035 -4.372 
1703469448.033 1.105 -4.362 
1703469448.132 1.177 -4.368 
1703469448.233 1.250 -4.373 
1703469448.332 1.324 -4.380 
1703469448.432 1.405 -4.391 
1703469448.532 1.488 -4.408 
1703469448.634 1.569 -4.425 
1703469448.733 1.651 -4.441 
1703469448.834 1.734 -4.456 
1703469448.933 1.818 -4.471 
1703469449.033 1.901 -4.487 
1703469449.134 1.986 -4.508 
1703469449.234 2.080 -4.511 
1703469450.436 2.154 -4.554 
1703469450.437 2.154 -4.554 
1703469450.537 2.173 -4.587 
1703469450.637 2.218 -4.617 
1703469450.738 2.288 -4.655 
1703469450.837 2.380 -4.695 
1703469450.938 2.483 -4.731 
1703469451.038 2.605 -4.758 
1703469451.140 2.732 -4.762 
1703469451.238 2.852 -4.762 
1703469451.339 2.977 -4.762 
1703469451.439 3.097 -4.763 
1703469451.539 3.213 -4.764 
1703469451.638 3.332 -4.765 
1703469451.738 3.451 -4.763 
1703469451.839 3.575 -4.764 
1703469451.939 3.698 -4.765 
1703469452.039 3.818 -4.765 
1703469452.139 3.938 -4.766 
1703469452.240 4.058 -4.770 
1703469452.339 4.175 -4.779 
1703469452.440 4.291 -4.787 
1703469452.539 4.407 -4.794 
1703469452.641 4.526 -4.797 
1703469452.740 4.646 -4.798 
1703469452.841 4.770 -4.800 
1703469452.941 4.857 -4.798 
1703469453.040 4.928 -4.793 
1703469453.140 4.990 -4.785 
1703469453.241 5.093 -4.830 
1703469454.745 5.179 -4.748 
1703469454.845 5.151 -4.840 
1703469454.945 5.095 -4.954 
1703469455.045 5.019 -5.077 
1703469455.145 4.976 -5.172 
1703469455.246 4.916 -5.256 
1703469455.345 4.836 -5.342 
1703469455.445 4.760 -5.429 
1703469455.545 4.690 -5.506 
1703469455.646 4.607 -5.570 
1703469455.748 4.539 -5.625 
1703469455.848 4.458 -5.668 
1703469455.949 4.390 -5.712 
1703469456.049 4.320 -5.738 
1703469456.152 4.209 -5.745 
1703469456.249 4.106 -5.746 
1703469456.349 4.039 -5.755 
1703469456.449 3.967 -5.752 
1703469456.549 3.875 -5.744 
1703469456.649 3.791 -5.735 
1703469456.749 3.705 -5.731 
1703469456.851 3.652 -5.743 
1703469456.950 3.580 -5.737 
1703469457.050 3.461 -5.717 
1703469457.152 3.351 -5.694 
1703469457.256 3.256 -5.665 
1703469457.353 3.172 -5.629 
1703469457.452 3.117 -5.618 
1703469457.552 3.066 -5.598 
1703469457.651 3.001 -5.565 
1703469457.752 2.927 -5.537 
1703469457.851 2.847 -5.520 
1703469457.952 2.764 -5.513 
1703469458.052 2.677 -5.516 
1703469458.152 2.581 -5.522 
1703469458.256 2.489 -5.524 
1703469458.353 2.411 -5.525 
1703469458.452 2.332 -5.523 
1703469458.553 2.244 -5.519 
1703469458.653 2.157 -5.522 
1703469458.753 2.066 -5.525 
1703469458.853 1.974 -5.522 
1703469458.953 1.883 -5.524 
1703469459.053 1.793 -5.528 
1703469459.154 1.705 -5.532 
1703469459.253 1.616 -5.537 
1703469459.354 1.529 -5.546 
1703469459.454 1.445 -5.559 
1703469459.554 1.359 -5.574 
1703469459.655 1.277 -5.585 
1703469459.754 1.198 -5.594 
1703469459.854 1.117 -5.606 
1703469459.954 1.036 -5.621 
1703469460.055 0.959 -5.638 
1703469460.154 0.881 -5.655 
1703469460.254 0.804 -5.671 
1703469460.355 0.727 -5.686 
1703469460.455 0.650 -5.699 
1703469460.556 0.571 -5.713 
1703469460.655 0.494 -5.726 
1703469460.755 0.414 -5.739 
1703469460.855 0.336 -5.752 
1703469460.956 0.254 -5.764 
1703469461.056 0.175 -5.776 
1703469461.159 0.091 -5.788 
1703469461.257 0.015 -5.798 
1703469461.357 -0.067 -5.814 
1703469461.458 -0.152 -5.833 
1703469461.558 -0.235 -5.850 
1703469461.657 -0.320 -5.861 
1703469461.758 -0.405 -5.875 
1703469461.858 -0.490 -5.891 
1703469461.958 -0.572 -5.913 
1703469462.057 -0.650 -5.938 
1703469462.158 -0.729 -5.961 
1703469462.258 -0.801 -5.982 
1703469462.359 -0.890 -6.011 
1703469462.458 -1.000 -6.028 
1703469462.558 -1.091 -6.033 
1703469462.659 -1.149 -6.035 
1703469462.758 -1.208 -6.029 
1703469462.859 -1.270 -6.028 
1703469462.959 -1.327 -6.033 
1703469463.963 -1.304 -6.104 
1703469463.964 -1.304 -6.104 
1703469464.064 -1.337 -6.113 
1703469464.164 -1.450 -6.124 
1703469464.264 -1.570 -6.126 
1703469464.364 -1.688 -6.125 
1703469464.464 -1.808 -6.131 
1703469464.565 -1.929 -6.137 
1703469464.665 -2.050 -6.141 
1703469464.765 -2.170 -6.141 
1703469464.865 -2.292 -6.144 
1703469464.964 -2.411 -6.148 
1703469465.065 -2.532 -6.151 
1703469465.164 -2.650 -6.152 
1703469465.265 -2.771 -6.154 
1703469465.367 -2.891 -6.158 
1703469465.467 -3.010 -6.162 
1703469465.567 -3.129 -6.164 
1703469465.667 -3.248 -6.168 
1703469465.767 -3.369 -6.175 
1703469465.867 -3.489 -6.181 
1703469465.968 -3.609 -6.188 
1703469466.067 -3.726 -6.194 
1703469466.167 -3.845 -6.207 
1703469466.268 -3.964 -6.218 
1703469466.368 -4.084 -6.232 
1703469466.468 -4.200 -6.245 
1703469466.568 -4.316 -6.265 
1703469466.669 -4.434 -6.284 
1703469466.768 -4.560 -6.321 
1703469466.868 -4.674 -6.334 
1703469466.970 -4.795 -6.361 
1703469467.069 -4.914 -6.420 
1703469467.169 -5.027 -6.485 
1703469467.269 -5.119 -6.570 
1703469467.370 -5.193 -6.667 
1703469467.470 -5.240 -6.782 
1703469467.571 -5.252 -6.919 
1703469467.669 -5.238 -7.017 
1703469467.771 -5.187 -7.048 
1703469467.871 -5.135 -7.073 
1703469467.970 -5.110 -7.100 
1703469468.071 -5.080 -7.193 
1703469468.171 -5.042 -7.307 
1703469468.271 -5.012 -7.418 
1703469468.372 -4.981 -7.524 
1703469468.471 -4.948 -7.625 
1703469468.572 -4.915 -7.723 
1703469468.671 -4.902 -7.805 
1703469468.771 -4.885 -7.875 
1703469468.871 -4.843 -7.947 
1703469468.972 -4.789 -8.035 
1703469469.072 -4.744 -8.118 
1703469469.172 -4.693 -8.197 
1703469469.272 -4.639 -8.277 
1703469469.372 -4.586 -8.357 
1703469469.472 -4.539 -8.432 
1703469469.572 -4.488 -8.509 
1703469469.673 -4.442 -8.584 
1703469469.772 -4.377 -8.663 
1703469469.872 -4.293 -8.733 
1703469469.973 -4.210 -8.798 
1703469470.072 -4.142 -8.864 
1703469470.173 -4.048 -8.922 
1703469470.273 -3.959 -8.976 
1703469470.374 -3.860 -9.018 
1703469470.473 -3.748 -9.047 
1703469470.574 -3.627 -9.060 
1703469470.673 -3.508 -9.065 
1703469470.773 -3.399 -9.071 
1703469470.874 -3.284 -9.055 
1703469470.974 -3.171 -9.022 
1703469471.073 -3.123 -8.980 
1703469471.174 -3.032 -8.959 
1703469471.276 -2.917 -8.926 
1703469471.374 -2.839 -8.928 
1703469471.475 -2.762 -8.918 
1703469471.576 -2.686 -8.884 
1703469471.676 -2.568 -8.823 
1703469471.777 -2.530 -8.758 
1703469471.877 -2.521 -8.719 
1703469471.977 -2.488 -8.702 
1703469472.077 -2.425 -8.690 
1703469472.178 -2.320 -8.634 
1703469472.277 -2.213 -8.588 
1703469472.377 -2.095 -8.509 
1703469472.478 -1.984 -8.434 
1703469472.578 -1.934 -8.368 
1703469472.678 -1.874 -8.321 
1703469472.779 -1.789 -8.294 
1703469472.879 -1.681 -8.270 
1703469472.979 -1.588 -8.238 
1703469473.079 -1.497 -8.208 
1703469473.189 -1.447 -8.171 
1703469473.283 -1.387 -8.150 
1703469473.380 -1.310 -8.143 
1703469473.479 -1.204 -8.134 
1703469473.581 -1.112 -8.122 
1703469473.682 -1.021 -8.115 
1703469473.781 -0.930 -8.110 
1703469473.881 -0.860 -8.101 
1703469473.982 -0.796 -8.087 
1703469474.081 -0.724 -8.083 
1703469474.182 -0.627 -8.084 
1703469474.281 -0.522 -8.088 
1703469474.382 -0.422 -8.095 
1703469474.482 -0.336 -8.101 
1703469474.582 -0.265 -8.107 
1703469474.682 -0.207 -8.120 
1703469474.783 -0.127 -8.133 
1703469474.882 -0.037 -8.150 
1703469474.982 0.057 -8.163 
1703469475.083 0.143 -8.180 
1703469475.183 0.218 -8.197 
1703469475.283 0.287 -8.214 
1703469475.384 0.364 -8.228 
1703469475.485 0.444 -8.243 
1703469475.584 0.524 -8.249 
1703469475.684 0.599 -8.256 
1703469475.785 0.716 -8.254 
1703469475.885 0.822 -8.259 
1703469475.985 0.919 -8.270 
1703469476.086 1.018 -8.274 
1703469476.185 1.112 -8.276 
1703469476.286 1.207 -8.279 
1703469476.386 1.302 -8.282 
1703469476.486 1.393 -8.285 
1703469476.586 1.487 -8.290 
1703469476.686 1.587 -8.288 
1703469476.786 1.683 -8.291 
1703469476.886 1.775 -8.303 
1703469476.986 1.853 -8.322 
1703469477.087 1.939 -8.344 
1703469477.187 2.048 -8.364 
1703469477.287 2.159 -8.380 
1703469477.387 2.247 -8.408 
1703469477.487 2.341 -8.440 
1703469477.587 2.436 -8.477 
1703469477.687 2.504 -8.499 
1703469477.787 2.566 -8.523 
1703469477.886 2.636 -8.553 
1703469477.988 2.695 -8.586 
1703469478.088 2.767 -8.614 
1703469478.187 2.835 -8.640 
1703469478.287 2.906 -8.670 
1703469478.387 2.997 -8.692 
1703469478.488 3.100 -8.702 
1703469478.588 3.194 -8.715 
1703469478.688 3.281 -8.729 
1703469478.789 3.361 -8.743 
1703469478.889 3.432 -8.759 
1703469478.989 3.530 -8.755 
1703469479.089 3.628 -8.741 
1703469479.189 3.720 -8.721 
1703469479.289 3.819 -8.702 
1703469479.892 4.175 -8.576 
1703469479.893 4.175 -8.576 
1703469479.993 4.227 -8.561 
1703469480.093 4.308 -8.541 
1703469480.194 4.429 -8.552 
1703469480.294 4.531 -8.555 
1703469480.394 4.643 -8.554 
1703469480.494 4.764 -8.548 
1703469480.594 4.882 -8.539 
1703469480.695 5.002 -8.534 
1703469480.795 5.120 -8.532 
1703469480.895 5.241 -8.526 
1703469480.996 5.360 -8.520 
1703469481.096 5.481 -8.511 
1703469481.197 5.602 -8.504 
1703469481.296 5.721 -8.496 
1703469481.396 5.839 -8.487 
1703469481.496 5.958 -8.476 
1703469481.595 6.077 -8.457 
1703469481.697 6.197 -8.440 
1703469481.797 6.313 -8.422 
1703469481.896 6.424 -8.400 
1703469481.997 6.554 -8.381 
1703469482.097 6.690 -8.349 
1703469482.197 6.771 -8.355 
1703469482.297 6.842 -8.345 
1703469482.397 6.916 -8.340 
1703469482.497 6.996 -8.290 
1703469482.597 7.066 -8.269 
1703469482.697 7.127 -8.212 
1703469482.799 7.135 -8.100 
1703469482.897 7.137 -8.039 
1703469482.997 7.131 -8.006 
1703469483.098 7.174 -7.906 
1703469483.198 7.198 -7.824 
1703469483.298 7.204 -7.769 
1703469483.398 7.231 -7.716 
1703469483.498 7.266 -7.665 
1703469483.598 7.297 -7.623 
1703469483.699 7.312 -7.584 
1703469483.799 7.342 -7.537 
1703469483.899 7.387 -7.420 
1703469483.999 7.431 -7.310 
1703469484.099 7.462 -7.227 
1703469484.199 7.508 -7.137 
1703469484.299 7.552 -7.052 
1703469484.399 7.590 -6.989 
1703469484.500 7.627 -6.932 
1703469484.599 7.638 -6.902 
1703469484.699 7.640 -6.881 
1703469484.800 7.660 -6.811 
1703469484.900 7.694 -6.684 
1703469485.001 7.721 -6.577 
1703469485.100 7.753 -6.495 
1703469485.200 7.784 -6.417 
1703469485.300 7.816 -6.338 
1703469485.400 7.853 -6.260 
1703469485.500 7.886 -6.184 
1703469485.601 7.909 -6.108 
1703469485.701 7.939 -6.020 
1703469485.801 7.976 -5.928 
1703469485.900 8.007 -5.808 
1703469486.001 8.033 -5.708 
1703469486.101 8.078 -5.647 
1703469486.202 8.081 -5.534 
1703469486.302 8.041 -5.409 
1703469486.402 8.038 -5.308 
1703469486.503 8.029 -5.235 
1703469486.602 7.984 -5.180 
1703469490.012 7.134 -4.620 
1703469490.012 7.134 -4.620 
1703469490.113 7.100 -4.626 
1703469490.216 6.984 -4.656 
1703469490.315 6.852 -4.693 
1703469490.416 6.728 -4.732 
1703469490.516 6.604 -4.781 
1703469490.615 6.471 -4.807 
1703469490.716 6.348 -4.828 
1703469490.816 6.248 -4.855 
1703469490.916 6.156 -4.873 
1703469491.017 6.072 -4.888 
1703469491.117 6.002 -4.901 
1703469491.219 5.950 -4.917 
1703469491.317 5.891 -4.935 
1703469491.418 5.811 -4.948 
1703469491.517 5.727 -4.959 
1703469491.618 5.650 -4.967 
1703469491.718 5.571 -4.976 
1703469491.818 5.486 -4.986 
1703469491.918 5.403 -4.999 
1703469492.018 5.324 -5.004 
1703469492.118 5.243 -5.010 
1703469492.217 5.160 -5.014 
1703469492.318 5.075 -5.019 
1703469492.418 4.990 -5.024 
1703469492.517 4.906 -5.029 
1703469492.617 4.816 -5.036 
1703469492.718 4.728 -5.042 
1703469492.819 4.644 -5.047 
1703469492.919 4.559 -5.053 
1703469493.019 4.474 -5.058 
1703469493.119 4.388 -5.063 
1703469493.219 4.301 -5.069 
1703469493.319 4.214 -5.074 
1703469493.419 4.131 -5.077 
1703469493.519 4.047 -5.081 
1703469493.619 3.962 -5.081 
1703469493.719 3.874 -5.078 
1703469493.820 3.789 -5.078 
1703469493.921 3.701 -5.076 
1703469494.021 3.614 -5.074 
1703469494.121 3.535 -5.076 
1703469494.221 3.450 -5.066 
1703469494.323 3.360 -5.048 
1703469494.422 3.282 -5.033 
1703469494.522 3.208 -5.017 
1703469494.622 3.136 -5.006 
1703469494.722 3.070 -4.998 
1703469494.822 2.993 -4.974 
1703469494.923 2.908 -4.934 
1703469495.023 2.830 -4.897 
1703469495.123 2.762 -4.873 
1703469495.223 2.701 -4.863 
1703469495.323 2.630 -4.846 
1703469495.423 2.558 -4.818 
1703469495.523 2.489 -4.778 
1703469495.622 2.421 -4.738 
1703469495.724 2.350 -4.699 
1703469495.824 2.278 -4.648 
1703469495.923 2.212 -4.589 
1703469496.028 2.152 -4.530 
1703469496.125 2.090 -4.472 
1703469496.224 2.022 -4.415 
1703469496.324 1.951 -4.353 
1703469496.425 1.883 -4.279 
1703469496.525 1.818 -4.206 
1703469496.624 1.754 -4.134 
1703469496.724 1.689 -4.060 
1703469496.824 1.621 -3.982 
1703469496.925 1.553 -3.891 
1703469497.025 1.486 -3.809 
1703469497.125 1.419 -3.729 
1703469497.225 1.349 -3.644 
1703469497.326 1.277 -3.558 
1703469497.425 1.208 -3.475 
1703469497.525 1.140 -3.388 
1703469497.625 1.073 -3.304 
1703469497.727 1.003 -3.214 
1703469497.826 0.937 -3.121 
1703469497.926 0.868 -3.030 
1703469498.026 0.802 -2.944 
1703469498.126 0.731 -2.854 
1703469498.227 0.662 -2.764 
1703469498.327 0.592 -2.671 
1703469498.428 0.524 -2.578 
1703469498.527 0.458 -2.486 
1703469498.627 0.389 -2.391 
1703469498.727 0.320 -2.299 
1703469498.827 0.251 -2.210 
1703469498.928 0.185 -2.124 
1703469499.028 0.117 -2.029 
1703469499.128 0.042 -1.933 
1703469499.228 -0.031 -1.841 
1703469499.329 -0.100 -1.755 
1703469499.428 -0.168 -1.667 
1703469499.528 -0.243 -1.580 
1703469499.629 -0.321 -1.489 
1703469499.729 -0.393 -1.400 
1703469499.828 -0.465 -1.313 
1703469499.930 -0.544 -1.224 
1703469500.029 -0.621 -1.137 
1703469500.130 -0.697 -1.050 
1703469500.229 -0.771 -0.964 
1703469500.330 -0.849 -0.875 
1703469500.430 -0.923 -0.785 
1703469500.530 -0.988 -0.706 
1703469500.629 -1.053 -0.635 
1703469500.730 -1.122 -0.558 
1703469500.830 -1.191 -0.482 
1703469500.930 -1.262 -0.408 
1703469501.030 -1.329 -0.337 
1703469501.130 -1.394 -0.268 
1703469501.230 -1.458 -0.196 
1703469501.330 -1.524 -0.128 
1703469501.431 -1.592 -0.061 
1703469501.531 -1.657 0.002 
1703469501.632 -1.719 0.062 
1703469501.731 -1.784 0.124 
1703469501.830 -1.847 0.184 
1703469501.932 -1.920 0.243 
1703469502.032 -1.986 0.298 
1703469502.131 -2.048 0.348 
1703469502.232 -2.107 0.397 
1703469502.332 -2.169 0.457 
1703469502.432 -2.234 0.516 
1703469502.532 -2.304 0.568 
1703469502.633 -2.367 0.609 
1703469502.733 -2.424 0.645 
1703469502.832 -2.500 0.697 
1703469502.932 -2.605 0.766 
1703469503.033 -2.718 0.832 
1703469503.133 -2.779 0.867 
1703469503.233 -2.830 0.904 
1703469503.332 -2.909 0.946 
1703469503.432 -2.995 0.991 
1703469503.534 -3.072 1.037 
1703469503.633 -3.143 1.083 
1703469503.733 -3.214 1.120 
1703469503.833 -3.288 1.158 
1703469503.934 -3.377 1.194 
1703469504.034 -3.467 1.235 
1703469504.134 -3.553 1.278 
1703469504.234 -3.633 1.319 
1703469504.334 -3.707 1.349 
1703469504.434 -3.790 1.394 
1703469504.534 -3.864 1.429 
1703469504.634 -3.919 1.469 
1703469504.735 -3.978 1.519 
1703469504.835 -4.040 1.567 
1703469504.935 -4.105 1.637 
1703469505.034 -4.160 1.707 
1703469505.135 -4.212 1.776 
1703469505.234 -4.267 1.841 
1703469505.335 -4.320 1.905 
1703469505.435 -4.374 1.970 
1703469505.537 -4.429 2.074 
1703469505.638 -4.482 2.167 
1703469505.737 -4.528 2.242 
1703469505.838 -4.571 2.327 
1703469505.938 -4.610 2.416 
1703469506.038 -4.647 2.502 
1703469506.137 -4.680 2.582 
1703469506.238 -4.718 2.662 
1703469506.338 -4.759 2.749 
1703469506.438 -4.791 2.832 
1703469506.540 -4.812 2.910 
1703469506.640 -4.833 2.987 
1703469506.738 -4.850 3.062 
1703469506.838 -4.869 3.141 
1703469506.939 -4.891 3.216 
1703469507.039 -4.904 3.322 
1703469507.139 -4.914 3.443 
1703469507.239 -4.915 3.519 
1703469507.339 -4.926 3.567 
1703469507.440 -4.924 3.636 
1703469507.539 -4.929 3.730 
1703469507.639 -4.938 3.793 
1703469512.252 -4.726 3.422 
1703469512.352 -4.719 3.441 
1703469512.452 -4.732 3.506 
1703469517.362 -4.899 3.338 
1703469517.363 -4.899 3.338 
1703469517.463 -4.954 3.430 
1703469517.564 -5.011 3.540 
1703469517.663 -5.091 3.663 
1703469517.764 -5.186 3.779 
1703469517.864 -5.273 3.869 
1703469517.963 -5.343 3.950 
1703469518.064 -5.391 4.052 
1703469518.166 -5.423 4.159 
1703469518.264 -5.460 4.263 
1703469518.365 -5.504 4.362 
1703469518.465 -5.527 4.486 
1703469518.565 -5.546 4.610 
1703469518.665 -5.558 4.726 
1703469518.765 -5.571 4.843 
1703469518.866 -5.580 4.968 
1703469518.965 -5.592 5.083 
1703469519.065 -5.598 5.171 
1703469519.165 -5.596 5.248 
1703469519.266 -5.586 5.332 
1703469519.367 -5.581 5.421 
1703469519.467 -5.583 5.517 
1703469519.567 -5.586 5.615 
1703469519.667 -5.588 5.708 
1703469519.768 -5.583 5.806 
1703469519.868 -5.581 5.902 
1703469519.969 -5.575 5.999 
1703469520.070 -5.570 6.096 
1703469520.169 -5.563 6.194 
1703469520.268 -5.559 6.292 
1703469520.369 -5.554 6.388 
1703469520.470 -5.549 6.483 
1703469520.569 -5.537 6.587 
1703469520.669 -5.530 6.686 
1703469520.770 -5.521 6.771 
1703469520.870 -5.528 6.852 
1703469520.970 -5.545 6.929 
1703469521.069 -5.559 7.011 
1703469521.169 -5.566 7.111 
1703469521.270 -5.588 7.220 
1703469521.370 -5.632 7.335 
1703469521.470 -5.693 7.437 
1703469521.570 -5.764 7.523 
1703469521.670 -5.859 7.597 
1703469521.771 -5.960 7.669 
1703469521.871 -6.059 7.727 
1703469521.970 -6.159 7.794 
1703469522.071 -6.244 7.853 
1703469522.171 -6.336 7.901 
1703469522.271 -6.440 7.931 
1703469522.371 -6.557 7.949 
1703469522.472 -6.656 7.970 
1703469522.571 -6.731 7.979 
1703469522.672 -6.807 7.987 
1703469522.771 -6.884 7.990 
1703469522.882 -6.973 7.987 
1703469522.976 -7.080 7.970 
1703469523.074 -7.180 7.958 
1703469523.173 -7.270 7.953 
1703469523.273 -7.363 7.944 
1703469523.373 -7.459 7.932 
1703469523.473 -7.553 7.917 
1703469523.572 -7.643 7.903 
1703469523.673 -7.732 7.889 
1703469523.773 -7.823 7.871 
1703469523.873 -7.915 7.830 
1703469523.973 -7.999 7.790 
1703469524.074 -8.076 7.762 
1703469524.176 -8.154 7.738 
1703469524.277 -8.235 7.711 
1703469524.376 -8.319 7.641 
1703469524.477 -8.412 7.562 
1703469524.578 -8.505 7.476 
1703469524.677 -8.571 7.379 
1703469524.777 -8.621 7.278 
1703469524.877 -8.658 7.176 
1703469524.978 -8.664 7.065 
1703469525.077 -8.652 6.954 
1703469525.177 -8.637 6.849 
1703469525.278 -8.622 6.754 
1703469525.378 -8.605 6.665 
1703469525.478 -8.607 6.618 
1703469525.578 -8.594 6.575 
1703469525.678 -8.575 6.500 
1703469525.778 -8.547 6.399 
1703469525.878 -8.530 6.306 
1703469525.979 -8.519 6.227 
1703469526.078 -8.508 6.150 
1703469526.178 -8.500 6.073 
1703469526.279 -8.488 5.983 
1703469526.379 -8.479 5.891 
1703469526.479 -8.471 5.808 
1703469526.579 -8.459 5.725 
1703469526.680 -8.446 5.639 
1703469526.779 -8.429 5.555 
1703469526.880 -8.411 5.471 
1703469526.979 -8.401 5.389 
1703469527.080 -8.390 5.305 
1703469527.179 -8.365 5.220 
1703469527.280 -8.328 5.135 
1703469527.379 -8.297 5.057 
1703469527.480 -8.287 4.987 
1703469527.580 -8.272 4.923 
1703469527.680 -8.225 4.850 
1703469527.781 -8.177 4.774 
1703469527.881 -8.134 4.703 
1703469527.980 -8.089 4.640 
1703469528.082 -8.035 4.575 
1703469528.181 -7.979 4.511 
1703469528.280 -7.924 4.454 
1703469528.381 -7.866 4.394 
1703469528.481 -7.806 4.335 
1703469528.581 -7.747 4.273 
1703469528.682 -7.687 4.224 
1703469528.781 -7.629 4.177 
1703469528.881 -7.572 4.125 
1703469528.982 -7.514 4.073 
1703469529.081 -7.459 4.020 
1703469529.182 -7.407 3.965 
1703469529.281 -7.366 3.904 
1703469529.382 -7.332 3.830 
1703469529.482 -7.326 3.706 
1703469529.582 -7.332 3.571 
1703469529.683 -7.344 3.476 
1703469529.783 -7.363 3.390 
1703469529.882 -7.382 3.300 
1703469529.983 -7.402 3.213 
1703469530.082 -7.411 3.133 
1703469530.183 -7.397 3.074 
1703469530.282 -7.392 3.013 
1703469530.383 -7.436 2.925 
1703469530.483 -7.520 2.810 
1703469530.584 -7.599 2.693 
1703469530.684 -7.651 2.621 
1703469530.783 -7.705 2.576 
1703469530.883 -7.744 2.492 
1703469530.984 -7.801 2.372 
1703469531.084 -7.840 2.273 
1703469531.184 -7.881 2.175 
1703469531.284 -7.937 2.077 
1703469531.384 -7.991 1.985 
1703469531.485 -8.038 1.907 
1703469531.585 -8.077 1.851 
1703469531.685 -8.112 1.844 
1703469531.784 -8.150 1.844 
1703469531.885 -8.172 1.772 
1703469531.985 -8.182 1.651 
1703469532.086 -8.186 1.561 
1703469532.185 -8.171 1.480 
1703469532.285 -8.151 1.379 
1703469532.386 -8.134 1.267 
1703469532.485 -8.112 1.156 
1703469532.585 -8.093 1.071 
1703469532.693 -8.081 0.993 
1703469532.789 -8.070 0.910 
1703469532.887 -8.065 0.823 
1703469532.987 -8.057 0.748 
1703469533.086 -8.033 0.685 
1703469533.186 -7.971 0.597 
1703469533.286 -7.897 0.506 
1703469533.387 -7.814 0.416 
1703469533.486 -7.715 0.354 
1703469533.586 -7.618 0.306 
1703469533.687 -7.527 0.260 
1703469533.787 -7.436 0.216 
1703469533.887 -7.346 0.171 
1703469533.987 -7.260 0.126 
1703469534.088 -7.181 0.081 
1703469534.188 -7.103 0.032 
1703469534.287 -7.027 -0.009 
1703469534.387 -6.951 -0.046 
1703469534.488 -6.877 -0.086 
1703469534.588 -6.816 -0.130 
1703469534.688 -6.769 -0.182 
1703469534.788 -6.724 -0.241 
1703469534.888 -6.671 -0.294 
1703469534.988 -6.596 -0.354 
1703469535.090 -6.526 -0.408 
1703469535.188 -6.469 -0.452 
1703469535.288 -6.444 -0.489 
1703469535.390 -6.413 -0.534 
1703469535.490 -6.343 -0.601 
1703469535.589 -6.266 -0.655 
1703469535.689 -6.184 -0.707 
1703469535.789 -6.079 -0.772 
1703469535.890 -5.998 -0.849 
1703469535.990 -5.907 -0.923 
1703469542.113 -5.251 -1.415 
1703469542.113 -5.251 -1.415 
1703469542.214 -5.293 -1.435 
1703469542.314 -5.419 -1.459 
1703469542.415 -5.516 -1.491 
1703469542.514 -5.602 -1.523 
1703469542.614 -5.713 -1.604 
1703469542.714 -5.822 -1.683 
1703469542.815 -5.930 -1.754 
1703469542.915 -6.024 -1.792 
1703469543.016 -6.132 -1.846 
1703469543.115 -6.237 -1.891 
1703469543.215 -6.354 -1.938 
1703469543.315 -6.467 -1.978 
1703469543.415 -6.584 -2.017 
1703469543.516 -6.702 -2.056 
1703469543.616 -6.815 -2.091 
1703469543.717 -6.926 -2.120 
1703469543.818 -7.040 -2.153 
1703469543.918 -7.157 -2.187 
1703469544.019 -7.272 -2.221 
1703469544.118 -7.388 -2.253 
1703469544.218 -7.506 -2.268 
1703469544.318 -7.624 -2.282 
1703469544.419 -7.764 -2.315 
1703469544.519 -7.913 -2.372 
1703469544.619 -8.067 -2.450 
1703469549.130 -7.934 -2.993 
1703469549.131 -7.934 -2.993 
1703469549.231 -7.910 -2.986 
1703469549.330 -7.878 -2.958 
1703469549.431 -7.830 -2.880 
1703469549.531 -7.773 -2.775 
1703469549.632 -7.707 -2.687 
1703469549.732 -7.641 -2.594 
1703469549.831 -7.577 -2.499 
1703469549.932 -7.509 -2.403 
1703469550.034 -7.442 -2.310 
1703469550.134 -7.374 -2.217 
1703469550.235 -7.311 -2.122 
1703469550.335 -7.239 -2.028 
1703469550.436 -7.167 -1.934 
1703469550.537 -7.101 -1.843 
1703469550.636 -7.030 -1.747 
1703469550.736 -6.961 -1.655 
1703469550.836 -6.888 -1.561 
1703469550.937 -6.816 -1.465 
1703469551.036 -6.746 -1.368 
1703469551.136 -6.678 -1.274 
1703469551.237 -6.602 -1.175 
1703469551.337 -6.528 -1.081 
1703469551.436 -6.454 -0.987 
1703469551.537 -6.381 -0.891 
1703469551.637 -6.304 -0.796 
1703469551.737 -6.228 -0.700 
1703469551.837 -6.154 -0.607 
1703469551.938 -6.079 -0.514 
1703469552.038 -6.000 -0.425 
1703469552.138 -5.921 -0.332 
1703469552.238 -5.842 -0.239 
1703469552.338 -5.763 -0.152 
1703469552.439 -5.677 -0.062 
1703469552.539 -5.596 0.028 
1703469552.639 -5.517 0.118 
1703469552.738 -5.438 0.203 
1703469552.839 -5.357 0.292 
1703469552.939 -5.270 0.374 
1703469553.040 -5.183 0.456 
1703469553.140 -5.103 0.536 
1703469553.240 -5.022 0.620 
1703469553.340 -4.928 0.695 
1703469553.440 -4.829 0.760 
1703469553.540 -4.725 0.820 
1703469553.642 -4.627 0.880 
1703469553.741 -4.525 0.940 
1703469553.843 -4.421 1.001 
1703469553.941 -4.312 1.053 
1703469554.042 -4.188 1.081 
1703469554.142 -4.070 1.103 
1703469554.241 -3.999 1.135 
1703469554.342 -3.918 1.150 
1703469554.442 -3.836 1.160 
1703469554.543 -3.753 1.161 
1703469554.644 -3.669 1.157 
1703469554.743 -3.585 1.148 
1703469554.842 -3.498 1.117 
1703469554.943 -3.415 1.069 
1703469555.043 -3.341 1.035 
1703469555.143 -3.270 1.014 
1703469555.243 -3.189 0.974 
1703469555.343 -3.111 0.914 
1703469555.443 -3.041 0.845 
1703469555.544 -2.975 0.772 
1703469555.644 -2.911 0.707 
1703469555.744 -2.851 0.633 
1703469555.843 -2.794 0.578 
1703469555.944 -2.739 0.511 
1703469556.044 -2.683 0.435 
1703469556.144 -2.630 0.368 
1703469556.244 -2.581 0.297 
1703469556.344 -2.530 0.225 
1703469556.444 -2.483 0.152 
1703469556.545 -2.443 0.083 
1703469556.645 -2.417 0.021 
1703469556.744 -2.393 -0.039 
1703469556.844 -2.369 -0.108 
1703469556.947 -2.356 -0.242 
1703469557.048 -2.335 -0.341 
1703469557.148 -2.327 -0.385 
1703469557.251 -2.314 -0.444 
1703469557.348 -2.290 -0.533 
1703469557.449 -2.267 -0.615 
1703469557.549 -2.255 -0.701 
1703469557.652 -2.260 -0.793 
1703469557.750 -2.270 -0.861 
1703469557.849 -2.267 -0.938 
1703469557.949 -2.259 -1.035 
1703469558.050 -2.257 -1.131 
1703469558.150 -2.256 -1.217 
1703469558.250 -2.254 -1.311 
1703469558.350 -2.266 -1.387 
1703469558.450 -2.268 -1.480 
1703469558.551 -2.262 -1.580 
1703469558.651 -2.248 -1.667 
1703469558.751 -2.232 -1.762 
1703469558.851 -2.207 -1.879 
1703469558.950 -2.183 -1.994 
1703469559.051 -2.156 -2.123 
1703469559.151 -2.131 -2.230 
1703469559.252 -2.115 -2.324 
1703469559.351 -2.097 -2.426 
1703469559.452 -2.078 -2.538 
1703469559.552 -2.052 -2.646 
1703469559.652 -2.018 -2.758 
1703469559.752 -1.992 -2.880 
1703469559.853 -1.965 -3.001 
1703469559.953 -1.926 -3.113 
1703469560.052 -1.898 -3.221 
1703469560.152 -1.873 -3.333 
1703469560.253 -1.826 -3.422 
1703469560.353 -1.746 -3.498 
1703469560.454 -1.659 -3.572 
1703469560.554 -1.574 -3.654 
1703469560.653 -1.486 -3.741 
1703469560.753 -1.399 -3.808 
1703469560.853 -1.323 -3.880 
1703469560.954 -1.253 -3.949 
1703469561.054 -1.189 -4.022 
1703469561.154 -1.131 -4.108 
1703469561.254 -1.075 -4.202 
1703469561.355 -1.016 -4.301 
1703469561.454 -0.961 -4.390 
1703469561.554 -0.911 -4.469 
1703469561.655 -0.866 -4.539 
1703469561.754 -0.822 -4.595 
1703469561.854 -0.770 -4.618 
1703469561.955 -0.726 -4.689 
1703469562.056 -0.712 -4.808 
1703469562.157 -0.700 -4.917 
1703469562.256 -0.710 -5.010 
1703469562.356 -0.722 -5.106 
1703469562.456 -0.741 -5.205 
1703469562.555 -0.768 -5.301 
1703469562.656 -0.809 -5.398 
1703469562.757 -0.854 -5.481 
1703469562.856 -0.907 -5.550 
1703469562.957 -0.965 -5.615 
1703469563.057 -1.021 -5.690 
1703469563.156 -1.079 -5.784 
1703469563.257 -1.170 -5.857 
1703469563.356 -1.263 -5.910 
1703469563.457 -1.339 -5.957 
1703469563.557 -1.396 -6.005 
1703469563.657 -1.482 -6.052 
1703469563.757 -1.583 -6.101 
1703469563.857 -1.647 -6.151 
1703469563.957 -1.727 -6.188 
1703469564.057 -1.832 -6.225 
1703469564.158 -1.921 -6.251 
1703469564.258 -2.004 -6.274 
1703469564.358 -2.093 -6.299 
1703469564.457 -2.186 -6.321 
1703469564.559 -2.281 -6.337 
1703469564.659 -2.370 -6.353 
1703469564.758 -2.460 -6.368 
1703469564.858 -2.558 -6.383 
1703469564.959 -2.659 -6.398 
1703469565.059 -2.748 -6.417 
1703469565.158 -2.848 -6.425 
1703469565.258 -2.945 -6.433 
1703469565.358 -3.043 -6.438 
1703469565.460 -3.145 -6.442 
1703469565.559 -3.245 -6.445 
1703469565.659 -3.345 -6.449 
1703469565.761 -3.444 -6.454 
1703469565.859 -3.542 -6.456 
1703469565.960 -3.657 -6.451 
1703469566.060 -3.765 -6.448 
1703469566.160 -3.865 -6.449 
1703469566.261 -3.965 -6.449 
1703469566.360 -4.076 -6.442 
1703469566.460 -4.187 -6.436 
1703469566.561 -4.296 -6.430 
1703469566.660 -4.398 -6.427 
1703469566.760 -4.508 -6.421 
1703469566.860 -4.620 -6.410 
1703469566.961 -4.731 -6.401 
1703469567.061 -4.840 -6.392 
1703469567.161 -4.950 -6.385 
1703469567.261 -5.059 -6.377 
1703469567.361 -5.172 -6.369 
1703469567.461 -5.280 -6.360 
1703469567.566 -5.390 -6.350 
1703469567.664 -5.501 -6.340 
1703469567.762 -5.610 -6.332 
1703469567.863 -5.720 -6.323 
1703469567.963 -5.827 -6.314 
1703469568.063 -5.932 -6.306 
1703469568.163 -6.039 -6.297 
1703469568.263 -6.145 -6.288 
1703469568.364 -6.249 -6.280 
1703469568.463 -6.352 -6.271 
1703469568.563 -6.454 -6.264 
1703469568.664 -6.555 -6.258 
1703469568.764 -6.654 -6.251 
1703469568.864 -6.752 -6.244 
1703469568.964 -6.847 -6.237 
1703469569.064 -6.942 -6.232 
1703469569.164 -7.036 -6.229 
1703469569.264 -7.127 -6.225 
1703469569.364 -7.215 -6.223 
1703469569.464 -7.301 -6.223 
1703469569.565 -7.387 -6.221 
1703469569.665 -7.469 -6.221 
1703469569.764 -7.549 -6.222 
1703469569.864 -7.628 -6.222 
1703469569.965 -7.704 -6.225 
1703469570.065 -7.815 -6.268 
1703469570.165 -7.918 -6.293 
1703469570.266 -8.023 -6.334 
1703469570.365 -8.122 -6.376 
1703469570.465 -8.209 -6.412 
1703469570.566 -8.278 -6.431 
1703469570.666 -8.335 -6.436 
1703469570.768 -8.404 -6.489 
1703469570.867 -8.472 -6.593 
1703469570.968 -8.533 -6.694 
1703469571.067 -8.596 -6.784 
1703469571.167 -8.662 -6.867 
1703469571.267 -8.691 -6.942 
1703469571.368 -8.690 -7.000 
1703469571.467 -8.694 -7.055 
1703469571.567 -8.702 -7.157 
1703469571.669 -8.704 -7.272 
1703469571.772 -8.714 -7.339 
1703469571.874 -8.731 -7.418 
1703469571.974 -8.748 -7.507 
1703469572.073 -8.772 -7.606 
1703469572.177 -8.800 -7.697 
1703469572.277 -8.830 -7.783 
1703469572.375 -8.853 -7.867 
1703469572.474 -8.876 -7.950 
1703469572.574 -8.906 -8.028 
1703469572.674 -8.910 -8.143 
1703469572.775 -8.905 -8.258 
1703469572.874 -8.897 -8.357 
1703469577.183 -8.768 -8.520 
1703469577.184 -8.768 -8.520 
1703469577.284 -8.745 -8.506 
1703469577.384 -8.673 -8.432 
1703469577.484 -8.587 -8.346 
1703469577.584 -8.500 -8.265 
1703469577.684 -8.413 -8.182 
1703469577.784 -8.326 -8.100 
1703469577.887 -8.237 -8.015 
1703469577.985 -8.152 -7.933 
1703469578.085 -8.066 -7.852 
1703469578.185 -7.979 -7.769 
1703469578.285 -7.892 -7.687 
1703469578.385 -7.805 -7.603 
1703469578.485 -7.720 -7.516 
1703469578.585 -7.634 -7.426 
1703469578.686 -7.544 -7.348 
1703469578.785 -7.461 -7.273 
1703469578.886 -7.397 -7.205 
1703469578.985 -7.332 -7.145 
1703469579.085 -7.267 -7.088 
1703469579.186 -7.189 -7.034 
1703469579.286 -7.111 -6.978 
1703469579.386 -7.036 -6.919 
1703469579.488 -6.975 -6.867 
1703469579.590 -6.909 -6.823 
1703469579.687 -6.836 -6.773 
1703469579.787 -6.760 -6.722 
1703469579.888 -6.689 -6.681 
1703469579.988 -6.615 -6.642 
1703469580.087 -6.539 -6.601 
1703469580.187 -6.462 -6.564 
1703469580.287 -6.382 -6.532 
1703469580.388 -6.302 -6.501 
1703469580.487 -6.223 -6.475 
1703469580.587 -6.143 -6.451 
1703469580.688 -6.059 -6.429 
1703469580.788 -5.967 -6.413 
1703469580.889 -5.896 -6.388 
1703469580.988 -5.821 -6.370 
1703469581.089 -5.737 -6.360 
1703469581.188 -5.654 -6.351 
1703469581.289 -5.569 -6.340 
1703469581.389 -5.482 -6.335 
1703469581.489 -5.391 -6.330 
1703469581.589 -5.315 -6.319 
1703469581.689 -5.238 -6.314 
1703469581.790 -5.151 -6.315 
1703469581.889 -5.064 -6.312 
1703469581.989 -4.979 -6.313 
1703469582.090 -4.889 -6.316 
1703469582.189 -4.802 -6.316 
1703469582.290 -4.724 -6.315 
1703469582.389 -4.644 -6.320 
1703469582.491 -4.557 -6.325 
1703469582.592 -4.473 -6.329 
1703469582.692 -4.389 -6.333 
1703469582.792 -4.304 -6.337 
1703469582.892 -4.220 -6.338 
1703469582.992 -4.136 -6.342 
1703469583.092 -4.052 -6.346 
1703469583.192 -3.968 -6.350 
1703469583.293 -3.883 -6.353 
1703469583.396 -3.799 -6.355 
1703469583.495 -3.715 -6.354 
1703469583.595 -3.627 -6.357 
1703469583.696 -3.541 -6.358 
1703469583.795 -3.455 -6.359 
1703469583.896 -3.369 -6.360 
1703469583.996 -3.282 -6.360 
1703469584.097 -3.195 -6.358 
1703469584.196 -3.107 -6.357 
1703469584.297 -3.020 -6.354 
1703469584.398 -2.932 -6.350 
1703469584.497 -2.847 -6.344 
1703469584.597 -2.759 -6.335 
1703469584.697 -2.670 -6.321 
1703469584.797 -2.587 -6.313 
1703469584.897 -2.502 -6.300 
1703469584.998 -2.418 -6.283 
1703469585.100 -2.335 -6.264 
1703469585.200 -2.254 -6.242 
1703469585.300 -2.172 -6.216 
1703469585.400 -2.091 -6.187 
1703469585.501 -2.018 -6.156 
1703469585.601 -1.944 -6.133 
1703469585.701 -1.867 -6.108 
1703469585.801 -1.792 -6.086 
1703469585.901 -1.710 -6.054 
1703469586.000 -1.633 -6.003 
1703469586.102 -1.553 -5.950 
1703469586.201 -1.487 -5.924 
1703469586.301 -1.417 -5.887 
1703469586.401 -1.344 -5.835 
1703469586.502 -1.272 -5.778 
1703469586.602 -1.207 -5.711 
1703469586.701 -1.141 -5.646 
1703469586.803 -1.071 -5.576 
1703469586.904 -1.010 -5.522 
1703469587.002 -0.954 -5.458 
1703469587.102 -0.890 -5.381 
1703469587.202 -0.818 -5.301 
1703469587.302 -0.748 -5.222 
1703469587.403 -0.679 -5.147 
1703469587.502 -0.621 -5.076 
1703469587.602 -0.567 -4.999 
1703469587.703 -0.502 -4.917 
1703469587.803 -0.425 -4.830 
1703469587.904 -0.356 -4.749 
1703469588.004 -0.296 -4.671 
1703469588.104 -0.233 -4.588 
1703469588.204 -0.157 -4.500 
1703469588.304 -0.083 -4.415 
1703469588.404 -0.022 -4.337 
1703469588.505 0.043 -4.252 
1703469588.604 0.116 -4.164 
1703469588.705 0.190 -4.078 
1703469588.806 0.255 -3.994 
1703469588.907 0.321 -3.908 
1703469589.008 0.387 -3.822 
1703469589.107 0.451 -3.738 
1703469589.208 0.518 -3.648 
1703469589.308 0.583 -3.555 
1703469589.407 0.646 -3.470 
1703469589.511 0.706 -3.384 
1703469589.615 0.768 -3.295 
1703469589.708 0.822 -3.216 
1703469589.809 0.876 -3.120 
1703469589.908 0.929 -3.030 
1703469590.009 0.985 -2.941 
1703469590.108 1.038 -2.855 
1703469590.209 1.088 -2.764 
1703469590.310 1.129 -2.668 
1703469590.409 1.167 -2.577 
1703469590.509 1.209 -2.487 
1703469590.609 1.253 -2.394 
1703469590.709 1.294 -2.297 
1703469590.809 1.329 -2.197 
1703469590.914 1.364 -2.105 
1703469591.012 1.402 -2.010 
1703469591.110 1.433 -1.913 
1703469591.210 1.457 -1.816 
1703469591.310 1.474 -1.717 
1703469591.410 1.493 -1.619 
1703469591.512 1.510 -1.520 
1703469591.611 1.524 -1.424 
1703469591.711 1.536 -1.328 
1703469591.810 1.538 -1.232 
1703469591.911 1.540 -1.140 
1703469592.011 1.546 -1.046 
1703469592.110 1.553 -0.953 
1703469592.211 1.554 -0.859 
1703469592.311 1.553 -0.766 
1703469592.412 1.551 -0.677 
1703469592.511 1.550 -0.589 
1703469592.611 1.552 -0.494 
1703469592.712 1.550 -0.408 
1703469592.812 1.547 -0.319 
1703469592.912 1.547 -0.226 
1703469593.012 1.544 -0.135 
1703469593.113 1.542 -0.045 
1703469593.212 1.540 0.043 
1703469593.312 1.538 0.132 
1703469593.412 1.541 0.224 
1703469593.513 1.549 0.322 
1703469593.613 1.557 0.415 
1703469593.712 1.562 0.506 
1703469593.813 1.566 0.590 
1703469593.913 1.574 0.676 
1703469594.013 1.608 0.781 
1703469594.114 1.642 0.886 
1703469594.213 1.662 0.971 
1703469594.313 1.676 1.047 
1703469594.413 1.697 1.130 
1703469594.513 1.752 1.224 
1703469594.614 1.799 1.312 
1703469594.713 1.839 1.393 
1703469594.814 1.896 1.472 
1703469594.913 1.947 1.540 
1703469595.014 2.014 1.603 
1703469595.114 2.084 1.671 
1703469595.214 2.143 1.740 
1703469595.314 2.236 1.810 
1703469595.414 2.345 1.873 
1703469595.514 2.441 1.930 
1703469595.615 2.541 1.994 
1703469595.715 2.648 2.066 
1703469595.815 2.755 2.127 
1703469595.914 2.858 2.180 
1703469596.015 2.968 2.231 
1703469596.116 3.084 2.278 
1703469596.216 3.204 2.316 
1703469596.316 3.325 2.350 
1703469596.416 3.458 2.379 
1703469596.516 3.604 2.392 
1703469596.617 3.721 2.396 
1703469596.716 3.811 2.381 
1703469596.817 3.888 2.334 
1703469596.917 4.012 2.256 
1703469597.017 4.127 2.177 
1703469597.117 4.220 2.111 
1703469597.217 4.317 2.041 
1703469597.321 4.415 1.970 
1703469597.419 4.509 1.903 
1703469597.517 4.579 1.851 
1703469597.619 4.654 1.793 
1703469597.719 4.731 1.732 
1703469597.819 4.805 1.678 
1703469597.919 4.875 1.621 
1703469598.019 4.947 1.560 
1703469598.119 5.016 1.501 
1703469598.219 5.079 1.444 
1703469598.320 5.140 1.379 
1703469598.419 5.199 1.312 
1703469598.520 5.255 1.249 
1703469598.619 5.310 1.193 
1703469598.719 5.367 1.134 
1703469598.820 5.422 1.073 
1703469598.920 5.475 1.016 
1703469599.019 5.526 0.960 
1703469599.120 5.579 0.903 
1703469599.220 5.655 0.835 
1703469599.320 5.721 0.754 
1703469599.421 5.779 0.662 
1703469599.521 5.825 0.582 
1703469599.621 5.862 0.527 
1703469599.721 5.899 0.472 
1703469599.821 5.934 0.410 
1703469599.922 5.981 0.334 
1703469600.021 6.029 0.243 
1703469600.121 6.070 0.208 
1703469600.222 6.104 0.202 
1703469604.634 6.041 -0.120 
1703469604.734 6.025 -0.118 
1703469604.835 6.016 -0.084 
1703469604.934 6.036 0.005 
1703469605.035 6.086 0.118 
1703469605.135 6.117 0.236 
1703469605.236 6.146 0.349 
1703469605.336 6.169 0.463 
1703469605.437 6.198 0.574 
1703469605.536 6.231 0.682 
1703469605.636 6.265 0.802 
1703469605.736 6.310 0.919 
1703469605.837 6.354 1.020 
1703469605.937 6.395 1.117 
1703469606.037 6.439 1.225 
1703469606.137 6.499 1.351 
1703469606.237 6.554 1.448 
1703469606.338 6.589 1.529 
1703469606.438 6.655 1.619 
1703469606.537 6.725 1.715 
1703469606.638 6.778 1.796 
1703469606.739 6.828 1.878 
1703469606.839 6.886 1.962 
1703469606.939 6.943 2.047 
1703469607.040 7.000 2.128 
1703469607.140 7.056 2.204 
1703469607.239 7.114 2.281 
1703469607.339 7.179 2.350 
1703469607.441 7.231 2.412 
1703469607.541 7.283 2.475 
1703469607.640 7.335 2.532 
1703469607.740 7.379 2.586 
1703469607.841 7.441 2.663 
1703469607.940 7.493 2.739 
1703469608.041 7.530 2.802 
1703469608.141 7.576 2.858 
1703469608.240 7.583 2.909 
1703469611.948 7.746 2.723 
1703469612.049 7.751 2.709 
1703469612.148 7.725 2.679 
1703469612.250 7.614 2.614 
1703469612.350 7.496 2.542 
1703469612.449 7.368 2.475 
1703469612.549 7.244 2.415 
1703469612.649 7.114 2.359 
1703469612.750 6.961 2.332 
1703469612.850 6.832 2.303 
1703469612.950 6.733 2.308 
1703469613.050 6.649 2.356 
1703469613.150 6.550 2.424 
1703469613.251 6.444 2.482 
1703469613.351 6.340 2.536 
1703469613.451 6.230 2.606 
1703469613.551 6.121 2.684 
1703469613.652 6.030 2.762 
1703469613.752 5.942 2.844 
1703469613.853 5.859 2.930 
1703469613.953 5.780 3.017 
1703469614.054 5.717 3.105 
1703469614.153 5.651 3.203 
1703469614.254 5.583 3.305 
1703469614.353 5.525 3.405 
1703469614.454 5.479 3.516 
1703469614.554 5.443 3.634 
1703469614.653 5.412 3.753 
1703469614.753 5.396 3.872 
1703469614.854 5.391 3.998 
1703469614.954 5.389 4.124 
1703469615.054 5.402 4.247 
1703469615.154 5.423 4.369 
1703469615.253 5.468 4.484 
1703469615.355 5.548 4.595 
1703469615.454 5.613 4.703 
1703469615.555 5.668 4.813 
1703469615.655 5.736 4.910 
1703469615.755 5.824 4.993 
1703469615.854 5.913 5.068 
1703469615.955 6.020 5.137 
1703469616.055 6.111 5.205 
1703469616.155 6.205 5.272 
1703469616.254 6.307 5.333 
1703469616.356 6.421 5.388 
1703469616.456 6.534 5.438 
1703469616.555 6.650 5.487 
1703469616.656 6.768 5.532 
1703469616.757 6.881 5.576 
1703469616.855 6.991 5.623 
1703469616.956 7.101 5.660 
1703469617.056 7.217 5.698 
1703469617.157 7.339 5.746 
1703469617.256 7.463 5.818 
1703469617.357 7.590 5.886 
1703469617.458 7.712 5.974 
1703469618.574 8.091 6.173 
1703469618.666 8.073 6.204 
1703469618.763 7.983 6.286 
1703469618.863 7.919 6.367 
1703469618.962 7.822 6.445 
1703469619.062 7.720 6.519 
1703469619.162 7.621 6.565 
1703469619.262 7.511 6.606 
1703469619.362 7.398 6.653 
1703469619.461 7.294 6.695 
1703469619.564 7.191 6.740 
1703469619.665 7.069 6.787 
1703469619.764 6.951 6.828 
1703469619.863 6.834 6.869 
1703469619.964 6.713 6.906 
1703469620.065 6.597 6.944 
1703469620.164 6.481 6.983 
1703469620.265 6.361 7.026 
1703469620.365 6.241 7.067 
1703469620.465 6.124 7.109 
1703469620.564 6.012 7.153 
1703469620.665 5.902 7.199 
1703469620.765 5.792 7.236 
1703469620.865 5.681 7.263 
1703469620.965 5.575 7.290 
1703469621.065 5.505 7.327 
1703469621.166 5.431 7.353 
1703469621.267 5.352 7.359 
1703469621.366 5.248 7.374 
1703469621.466 5.145 7.389 
1703469621.567 5.067 7.409 
1703469621.666 4.998 7.423 
1703469621.767 4.932 7.424 
1703469621.867 4.845 7.434 
1703469621.968 4.747 7.459 
1703469622.067 4.667 7.473 
1703469622.168 4.592 7.483 
1703469622.268 4.513 7.500 
1703469622.369 4.438 7.507 
1703469622.468 4.365 7.521 
1703469622.569 4.300 7.540 
1703469622.669 4.235 7.563 
1703469622.768 4.168 7.586 
1703469622.869 4.101 7.612 
1703469622.969 4.030 7.634 
1703469623.068 3.922 7.670 
1703469623.169 3.812 7.708 
1703469623.269 3.725 7.743 
1703469623.369 3.628 7.749 
1703469623.469 3.526 7.734 
1703469623.570 3.421 7.714 
1703469623.669 3.320 7.693 
1703469623.770 3.203 7.687 
1703469623.870 3.097 7.682 
1703469623.970 3.002 7.675 
1703469624.071 2.917 7.666 
1703469624.170 2.849 7.628 
1703469624.271 2.779 7.571 
1703469624.371 2.710 7.510 
1703469624.471 2.642 7.443 
1703469624.572 2.571 7.374 
1703469624.671 2.504 7.311 
1703469624.772 2.433 7.251 
1703469624.872 2.385 7.218 
1703469624.971 2.332 7.202 
1703469625.072 2.247 7.206 
1703469625.172 2.171 7.215 
1703469625.271 2.103 7.224 
1703469625.372 2.034 7.226 
1703469625.473 1.970 7.220 
1703469625.572 1.890 7.232 
1703469625.672 1.793 7.257 
1703469625.773 1.709 7.272 
1703469625.873 1.629 7.294 
1703469625.973 1.545 7.321 
1703469626.073 1.465 7.349 
1703469626.173 1.386 7.372 
1703469626.273 1.300 7.391 
1703469626.372 1.214 7.408 
1703469626.473 1.130 7.423 
1703469626.574 1.048 7.434 
1703469626.673 0.977 7.451 
1703469626.774 0.900 7.464 
1703469626.874 0.782 7.458 
1703469626.974 0.626 7.435 
1703469627.074 0.501 7.419 
1703469627.174 0.413 7.409 
1703469627.275 0.333 7.394 
1703469627.375 0.246 7.363 
1703469627.475 0.187 7.351 
1703469627.575 0.139 7.344 
1703469627.675 0.052 7.265 
1703469627.775 -0.042 7.171 
1703469627.876 -0.118 7.109 
1703469627.976 -0.186 7.068 
1703469628.075 -0.231 7.042 
1703469628.175 -0.272 6.996 
1703469628.276 -0.335 6.929 
1703469628.376 -0.379 6.870 
1703469628.476 -0.397 6.834 
1703469628.576 -0.391 6.803 
1703469628.676 -0.406 6.767 
1703469628.776 -0.476 6.722 
1703469628.877 -0.568 6.665 
1703469628.976 -0.656 6.602 
1703469629.076 -0.733 6.551 
1703469632.587 -0.430 6.325 
1703469632.588 -0.430 6.325 
1703469632.688 -0.418 6.333 
1703469632.788 -0.426 6.358 
1703469632.890 -0.498 6.419 
1703469632.991 -0.581 6.495 
1703469633.093 -0.653 6.584 
1703469633.195 -0.729 6.679 
1703469633.295 -0.807 6.771 
1703469633.396 -0.887 6.863 
1703469633.496 -0.968 6.957 
1703469633.595 -1.048 7.050 
1703469633.696 -1.128 7.145 
1703469633.796 -1.207 7.238 
1703469633.896 -1.284 7.324 
1703469633.997 -1.365 7.410 
1703469634.096 -1.447 7.499 
1703469634.197 -1.526 7.588 
1703469634.297 -1.606 7.676 
1703469634.396 -1.688 7.762 
1703469634.497 -1.773 7.846 
1703469634.597 -1.852 7.929 
1703469634.698 -1.932 8.012 
1703469637.604 -1.869 8.249 
1703469637.604 -1.869 8.249 
1703469637.705 -1.820 8.257 
1703469637.805 -1.736 8.303 
1703469637.905 -1.654 8.355 
1703469638.006 -1.573 8.407 
1703469638.106 -1.493 8.456 
1703469638.205 -1.460 8.499 
1703469638.306 -1.414 8.539 
1703469638.406 -1.326 8.571 
1703469638.506 -1.241 8.606 
1703469638.606 -1.173 8.638 
1703469638.706 -1.098 8.665 
1703469638.807 -1.031 8.682 
1703469638.906 -0.954 8.687 
1703469639.006 -0.845 8.682 
1703469639.107 -0.733 8.688 
1703469639.206 -0.637 8.686 
1703469639.306 -0.538 8.680 
1703469639.407 -0.443 8.675 
1703469639.507 -0.347 8.670 
1703469639.607 -0.250 8.665 
1703469639.707 -0.152 8.660 
1703469639.808 -0.056 8.652 
1703469639.907 0.042 8.646 
1703469640.008 0.143 8.645 
1703469640.109 0.243 8.645 
1703469640.211 0.345 8.648 
1703469640.311 0.403 8.650 
1703469640.410 0.464 8.654 
1703469640.509 0.542 8.653 
1703469640.610 0.625 8.651 
1703469640.710 0.703 8.651 
1703469640.809 0.779 8.653 
1703469640.909 0.857 8.653 
1703469641.011 0.938 8.652 
1703469641.110 1.020 8.650 
1703469641.210 1.103 8.643 
1703469641.310 1.187 8.633 
1703469641.410 1.273 8.622 
1703469641.510 1.358 8.619 
1703469641.610 1.447 8.612 
1703469641.710 1.528 8.601 
1703469641.810 1.611 8.588 
1703469641.910 1.703 8.577 
1703469642.011 1.793 8.565 
1703469642.111 1.878 8.553 
1703469642.211 1.960 8.539 
1703469642.311 2.044 8.529 
1703469642.411 2.129 8.518 
1703469642.511 2.214 8.510 
1703469642.611 2.299 8.501 
1703469642.711 2.385 8.491 
1703469642.812 2.461 8.475 
1703469642.912 2.541 8.468 
1703469643.011 2.620 8.460 
1703469643.113 2.703 8.454 
1703469643.213 2.786 8.451 
1703469643.314 2.871 8.448 
1703469643.416 2.955 8.446 
1703469643.513 3.034 8.442 
1703469643.613 3.102 8.427 
1703469643.715 3.173 8.424 
1703469643.814 3.265 8.424 
1703469643.915 3.353 8.428 
1703469644.014 3.432 8.431 
1703469644.114 3.517 8.434 
1703469644.215 3.606 8.437 
1703469644.314 3.688 8.440 
1703469644.414 3.771 8.446 
1703469644.514 3.858 8.459 
1703469644.615 3.949 8.473 
1703469644.715 4.040 8.482 
1703469644.815 4.139 8.494 
1703469644.914 4.233 8.508 
1703469645.016 4.310 8.539 
1703469645.115 4.388 8.563 
1703469645.215 4.477 8.586 
1703469645.315 4.560 8.604 
1703469645.415 4.647 8.622 
1703469645.516 4.736 8.643 
1703469645.616 4.822 8.665 
1703469645.715 4.902 8.689 
1703469645.816 4.989 8.714 
1703469645.916 5.066 8.732 
1703469646.015 5.143 8.748 
1703469646.116 5.223 8.767 
1703469646.217 5.300 8.777 
1703469646.316 5.401 8.784 
1703469646.416 5.533 8.771 
1703469646.519 5.607 8.772 
1703469646.617 5.662 8.778 
1703469646.717 5.743 8.773 
1703469646.818 5.842 8.766 
