1703468517.723 1.148 0.064 
1703468517.724 1.148 0.064 
1703468517.824 1.182 0.035 
1703468517.925 1.251 -0.019 
1703468518.025 1.343 -0.111 
1703468518.125 1.399 -0.196 
1703468518.224 1.445 -0.284 
1703468518.325 1.482 -0.377 
1703468518.425 1.449 -0.426 
1703468520.328 1.467 -0.753 
1703468520.429 1.465 -0.761 
1703468520.529 1.474 -0.720 
1703468520.629 1.459 -0.591 
1703468520.728 1.462 -0.471 
1703468520.829 1.479 -0.350 
1703468520.929 1.494 -0.232 
1703468521.029 1.509 -0.113 
1703468521.129 1.527 0.008 
1703468521.229 1.549 0.125 
1703468521.329 1.566 0.241 
1703468521.430 1.590 0.353 
1703468521.530 1.629 0.468 
1703468521.630 1.665 0.582 
1703468521.731 1.695 0.693 
1703468521.831 1.725 0.802 
1703468521.933 1.778 0.916 
1703468522.031 1.827 1.024 
1703468522.130 1.863 1.127 
1703468522.231 1.899 1.229 
1703468522.331 1.967 1.334 
1703468522.432 2.041 1.436 
1703468522.533 2.122 1.529 
1703468522.633 2.208 1.608 
1703468522.733 2.301 1.686 
1703468522.833 2.362 1.762 
1703468522.933 2.407 1.827 
1703468527.042 2.927 1.621 
1703468527.043 2.927 1.621 
1703468527.143 2.954 1.634 
1703468527.243 3.036 1.670 
1703468527.343 3.103 1.747 
1703468527.446 3.203 1.801 
1703468527.546 3.332 1.823 
1703468527.647 3.444 1.842 
1703468527.746 3.571 1.840 
1703468527.846 3.715 1.835 
1703468527.947 3.810 1.846 
1703468528.046 3.871 1.870 
1703468528.146 3.934 1.861 
1703468528.247 4.001 1.816 
1703468528.347 4.084 1.753 
1703468528.447 4.162 1.695 
1703468528.551 4.237 1.636 
1703468528.651 4.307 1.578 
1703468528.750 4.373 1.518 
1703468528.850 4.436 1.451 
1703468528.951 4.504 1.375 
1703468529.051 4.562 1.296 
1703468529.151 4.625 1.221 
1703468529.250 4.681 1.153 
1703468529.351 4.737 1.095 
1703468529.450 4.796 1.040 
1703468529.551 4.893 0.979 
1703468529.651 4.964 0.903 
1703468529.752 5.039 0.827 
1703468529.852 5.095 0.776 
1703468529.951 5.165 0.736 
1703468530.052 5.291 0.726 
1703468530.152 5.395 0.704 
1703468530.252 5.496 0.681 
1703468530.352 5.621 0.654 
1703468530.452 5.743 0.631 
1703468530.552 5.864 0.636 
1703468530.653 5.983 0.697 
1703468530.752 6.096 0.772 
1703468530.853 6.191 0.855 
1703468530.953 6.266 0.956 
1703468531.053 6.319 1.066 
1703468531.153 6.333 1.171 
1703468531.253 6.295 1.288 
1703468531.353 6.244 1.427 
1703468531.453 6.195 1.528 
1703468531.553 6.170 1.628 
1703468531.654 6.149 1.756 
1703468531.754 6.121 1.895 
1703468531.854 6.087 2.012 
1703468531.953 6.041 2.119 
1703468532.054 5.993 2.228 
1703468532.154 5.951 2.336 
1703468532.255 5.912 2.445 
1703468532.355 5.876 2.559 
1703468532.455 5.835 2.673 
1703468532.555 5.796 2.787 
1703468532.656 5.762 2.903 
1703468532.755 5.734 3.019 
1703468532.855 5.706 3.137 
1703468532.956 5.677 3.255 
1703468533.056 5.652 3.373 
1703468533.156 5.632 3.493 
1703468533.256 5.612 3.612 
1703468533.357 5.593 3.731 
1703468533.459 5.573 3.852 
1703468533.557 5.559 3.960 
1703468533.657 5.549 4.051 
1703468533.759 5.533 4.132 
1703468533.858 5.506 4.214 
1703468533.959 5.452 4.318 
1703468534.059 5.409 4.428 
1703468534.160 5.389 4.536 
1703468534.259 5.360 4.638 
1703468534.360 5.332 4.725 
1703468534.460 5.291 4.808 
1703468534.560 5.199 4.889 
1703468534.660 5.092 4.964 
1703468534.760 4.990 5.029 
1703468534.860 4.869 5.072 
1703468534.961 4.743 5.096 
1703468535.060 4.619 5.095 
1703468535.161 4.495 5.063 
1703468535.261 4.434 5.031 
1703468535.362 4.388 4.975 
1703468535.461 4.281 4.910 
1703468535.562 4.190 4.847 
1703468535.661 4.123 4.781 
1703468535.761 4.093 4.723 
1703468535.861 4.070 4.691 
1703468535.964 4.045 4.687 
1703468536.062 4.028 4.689 
1703468536.163 3.977 4.710 
1703468536.263 3.939 4.716 
1703468536.362 3.902 4.709 
1703468536.463 3.862 4.703 
1703468536.563 3.805 4.722 
1703468536.663 3.733 4.787 
1703468536.763 3.675 4.840 
1703468536.862 3.624 4.880 
1703468536.963 3.608 4.905 
1703468537.066 3.591 4.921 
1703468537.164 3.555 4.949 
1703468537.264 3.481 5.011 
1703468537.365 3.383 5.087 
1703468537.465 3.292 5.154 
1703468537.565 3.231 5.198 
1703468537.665 3.178 5.241 
1703468537.765 3.090 5.280 
1703468537.865 2.977 5.317 
1703468537.965 2.871 5.341 
1703468538.065 2.787 5.367 
1703468538.165 2.702 5.401 
1703468538.265 2.616 5.442 
1703468538.366 2.522 5.466 
1703468538.466 2.422 5.474 
1703468538.567 2.333 5.482 
1703468538.666 2.248 5.494 
1703468538.767 2.159 5.506 
1703468538.866 2.070 5.515 
1703468538.966 1.985 5.523 
1703468539.068 1.909 5.531 
1703468539.166 1.839 5.537 
1703468539.266 1.765 5.544 
1703468539.368 1.662 5.570 
1703468539.468 1.565 5.580 
1703468539.568 1.484 5.597 
1703468539.668 1.409 5.622 
1703468539.769 1.342 5.647 
1703468539.869 1.274 5.684 
1703468539.969 1.222 5.706 
1703468544.580 1.413 5.469 
1703468544.681 1.368 5.512 
1703468544.780 1.302 5.597 
1703468544.881 1.285 5.575 
1703468544.981 1.298 5.489 
1703468545.081 1.324 5.384 
1703468545.182 1.361 5.272 
1703468545.282 1.442 5.158 
1703468545.381 1.531 5.056 
1703468545.482 1.608 5.001 
1703468545.581 1.657 4.934 
1703468545.682 1.688 4.828 
1703468545.782 1.705 4.703 
1703468545.883 1.726 4.593 
1703468545.982 1.752 4.484 
1703468546.082 1.770 4.373 
1703468546.182 1.773 4.256 
1703468546.282 1.754 4.135 
1703468546.382 1.728 4.016 
1703468546.483 1.691 3.898 
1703468546.582 1.640 3.790 
1703468546.683 1.576 3.683 
1703468546.783 1.513 3.580 
1703468546.883 1.443 3.482 
1703468546.983 1.367 3.392 
1703468547.083 1.285 3.306 
1703468547.184 1.201 3.222 
1703468547.283 1.122 3.139 
1703468547.383 1.040 3.056 
1703468547.484 0.955 2.970 
1703468547.585 0.873 2.883 
1703468547.685 0.792 2.795 
1703468547.786 0.709 2.706 
1703468547.886 0.631 2.614 
1703468547.986 0.556 2.526 
1703468548.085 0.487 2.446 
1703468548.186 0.428 2.327 
1703468548.286 0.379 2.170 
1703468548.386 0.321 2.070 
1703468548.487 0.274 1.971 
1703468548.587 0.248 1.866 
1703468548.686 0.207 1.803 
1703468548.787 0.203 1.724 
1703468548.886 0.236 1.645 
1703468548.987 0.301 1.563 
1703468549.086 0.365 1.489 
1703468549.187 0.423 1.452 
1703468549.287 0.482 1.413 
1703468549.387 0.533 1.340 
1703468549.487 0.590 1.237 
1703468549.587 0.655 1.126 
1703468549.688 0.718 1.019 
1703468549.788 0.746 0.943 
1703468549.888 0.781 0.872 
1703468549.988 0.827 0.798 
1703468550.088 0.871 0.732 
1703468550.188 0.914 0.681 
1703468550.288 0.951 0.637 
1703468550.388 0.972 0.570 
1703468550.488 0.999 0.474 
1703468550.589 1.023 0.382 
1703468550.689 1.046 0.294 
1703468550.789 1.071 0.206 
1703468550.889 1.097 0.114 
1703468550.989 1.121 0.026 
1703468551.089 1.148 -0.065 
1703468551.190 1.172 -0.154 
1703468551.289 1.202 -0.244 
1703468551.390 1.235 -0.337 
1703468551.489 1.264 -0.425 
1703468551.590 1.289 -0.508 
1703468551.690 1.320 -0.594 
1703468551.791 1.354 -0.681 
1703468551.890 1.389 -0.769 
1703468551.991 1.423 -0.853 
1703468552.090 1.457 -0.939 
1703468552.190 1.491 -1.026 
1703468552.291 1.526 -1.112 
1703468552.391 1.557 -1.199 
1703468552.491 1.584 -1.289 
1703468552.591 1.605 -1.382 
1703468552.691 1.621 -1.480 
1703468552.791 1.633 -1.580 
1703468552.892 1.647 -1.677 
1703468552.991 1.665 -1.755 
1703468553.091 1.668 -1.834 
1703468553.192 1.654 -1.939 
1703468553.292 1.641 -2.044 
1703468553.392 1.629 -2.146 
1703468553.492 1.619 -2.243 
1703468553.592 1.605 -2.328 
1703468553.692 1.592 -2.407 
1703468553.793 1.579 -2.483 
1703468553.893 1.557 -2.568 
1703468553.992 1.527 -2.659 
1703468554.093 1.497 -2.744 
1703468554.193 1.472 -2.816 
1703468554.294 1.447 -2.892 
1703468554.394 1.421 -2.965 
1703468554.496 1.399 -3.046 
1703468554.596 1.382 -3.122 
1703468554.696 1.370 -3.199 
1703468554.796 1.359 -3.281 
1703468554.897 1.345 -3.356 
1703468554.996 1.328 -3.428 
1703468555.096 1.334 -3.526 
1703468555.197 1.337 -3.635 
1703468555.297 1.343 -3.719 
1703468555.397 1.363 -3.794 
1703468555.497 1.409 -3.893 
1703468555.597 1.452 -3.997 
1703468555.697 1.472 -4.042 
1703468555.797 1.479 -4.076 
1703468555.898 1.535 -4.112 
1703468555.998 1.625 -4.151 
1703468556.098 1.710 -4.190 
1703468556.204 1.791 -4.240 
1703468556.301 1.869 -4.292 
1703468556.401 1.945 -4.345 
1703468556.501 2.024 -4.387 
1703468556.603 2.113 -4.411 
1703468556.701 2.203 -4.426 
1703468556.802 2.287 -4.445 
1703468556.901 2.376 -4.475 
1703468557.004 2.465 -4.500 
1703468557.101 2.537 -4.509 
1703468557.202 2.578 -4.541 
1703468562.211 2.534 -4.525 
1703468562.311 2.469 -4.511 
1703468562.412 2.370 -4.479 
1703468566.231 2.160 -4.615 
1703468566.232 2.160 -4.615 
1703468566.332 2.182 -4.673 
1703468566.432 2.230 -4.770 
1703468566.532 2.300 -4.900 
1703468566.632 2.366 -5.001 
1703468566.733 2.430 -5.087 
1703468566.833 2.510 -5.170 
1703468566.936 2.593 -5.247 
1703468567.034 2.679 -5.330 
1703468567.136 2.763 -5.417 
1703468567.233 2.848 -5.486 
1703468567.332 2.943 -5.535 
1703468567.434 3.051 -5.582 
1703468567.533 3.164 -5.625 
1703468567.633 3.280 -5.661 
1703468567.734 3.399 -5.684 
1703468567.833 3.519 -5.698 
1703468567.934 3.640 -5.706 
1703468568.035 3.755 -5.704 
1703468568.136 3.851 -5.704 
1703468568.236 3.930 -5.704 
1703468568.336 4.001 -5.711 
1703468568.436 4.043 -5.718 
1703468570.041 4.029 -5.529 
1703468570.140 4.013 -5.544 
1703468573.947 4.379 -5.268 
1703468574.047 4.340 -5.272 
1703468574.147 4.243 -5.266 
1703468574.247 4.119 -5.268 
1703468574.348 4.007 -5.286 
1703468574.447 3.906 -5.314 
1703468574.547 3.789 -5.331 
1703468574.647 3.672 -5.348 
1703468574.748 3.554 -5.364 
1703468574.848 3.441 -5.385 
1703468574.948 3.322 -5.407 
1703468575.048 3.196 -5.425 
1703468575.147 3.079 -5.448 
1703468575.249 2.960 -5.463 
1703468575.348 2.840 -5.480 
1703468575.448 2.732 -5.496 
1703468575.550 2.642 -5.510 
1703468575.650 2.565 -5.520 
1703468575.750 2.483 -5.530 
1703468575.850 2.400 -5.541 
1703468575.950 2.317 -5.550 
1703468576.050 2.236 -5.560 
1703468576.151 2.156 -5.569 
1703468576.251 2.079 -5.577 
1703468576.350 2.003 -5.582 
1703468576.451 1.933 -5.588 
1703468576.551 1.832 -5.596 
1703468576.651 1.726 -5.604 
1703468576.752 1.630 -5.611 
1703468576.851 1.540 -5.617 
1703468576.951 1.445 -5.620 
1703468577.052 1.340 -5.622 
1703468577.151 1.230 -5.630 
1703468577.251 1.122 -5.644 
1703468577.352 1.008 -5.665 
1703468577.451 0.890 -5.699 
1703468577.551 0.774 -5.734 
1703468577.653 0.671 -5.783 
1703468577.752 0.568 -5.838 
1703468577.852 0.493 -5.882 
1703468577.953 0.435 -5.905 
1703468578.053 0.370 -5.946 
1703468578.153 0.299 -5.987 
1703468578.252 0.224 -6.030 
1703468578.353 0.145 -6.072 
1703468578.453 0.064 -6.111 
1703468578.553 -0.017 -6.145 
1703468578.653 -0.096 -6.177 
1703468578.753 -0.174 -6.210 
1703468578.853 -0.255 -6.243 
1703468578.955 -0.338 -6.268 
1703468579.054 -0.419 -6.289 
1703468579.154 -0.498 -6.308 
1703468579.254 -0.582 -6.326 
1703468579.356 -0.663 -6.343 
1703468579.454 -0.744 -6.362 
1703468579.554 -0.826 -6.387 
1703468579.654 -0.909 -6.400 
1703468579.756 -0.997 -6.409 
1703468579.855 -1.078 -6.418 
1703468579.956 -1.163 -6.425 
1703468580.055 -1.245 -6.431 
1703468580.155 -1.327 -6.434 
1703468580.256 -1.403 -6.435 
1703468580.355 -1.472 -6.440 
1703468580.455 -1.541 -6.443 
1703468580.555 -1.628 -6.429 
1703468580.656 -1.713 -6.414 
1703468580.755 -1.783 -6.401 
1703468580.856 -1.844 -6.387 
1703468580.956 -1.904 -6.364 
1703468581.057 -1.960 -6.341 
1703468581.156 -2.021 -6.310 
1703468581.257 -2.077 -6.289 
1703468581.358 -2.131 -6.296 
1703468581.459 -2.183 -6.305 
1703468581.559 -2.217 -6.282 
1703468581.660 -2.233 -6.248 
1703468581.760 -2.239 -6.224 
1703468581.860 -2.253 -6.255 
1703468583.863 -2.262 -6.008 
1703468583.963 -2.343 -6.030 
1703468584.064 -2.451 -6.047 
1703468584.164 -2.436 -6.055 
1703468584.263 -2.351 -6.070 
1703468584.364 -2.235 -6.067 
1703468584.465 -2.098 -6.037 
1703468584.564 -1.933 -6.012 
1703468584.665 -1.759 -5.990 
1703468584.764 -1.624 -5.977 
1703468584.865 -1.522 -5.957 
1703468584.966 -1.430 -5.911 
1703468585.064 -1.321 -5.855 
1703468585.165 -1.205 -5.810 
1703468585.265 -1.092 -5.776 
1703468585.365 -0.972 -5.729 
1703468585.468 -0.861 -5.653 
1703468585.567 -0.773 -5.573 
1703468585.670 -0.701 -5.462 
1703468585.769 -0.641 -5.342 
1703468585.870 -0.567 -5.269 
1703468585.970 -0.499 -5.171 
1703468586.070 -0.449 -5.066 
1703468586.172 -0.447 -4.975 
1703468586.270 -0.460 -4.864 
1703468586.370 -0.476 -4.739 
1703468586.470 -0.480 -4.625 
1703468586.570 -0.498 -4.515 
1703468586.670 -0.529 -4.403 
1703468586.771 -0.561 -4.294 
1703468586.871 -0.592 -4.184 
1703468586.971 -0.621 -4.076 
1703468587.071 -0.643 -3.965 
1703468587.171 -0.661 -3.851 
1703468587.271 -0.672 -3.739 
1703468587.371 -0.683 -3.633 
1703468587.471 -0.691 -3.521 
1703468587.572 -0.673 -3.404 
1703468587.672 -0.646 -3.291 
1703468587.780 -0.609 -3.174 
1703468587.876 -0.576 -3.066 
1703468587.976 -0.538 -2.956 
1703468588.077 -0.488 -2.853 
1703468588.176 -0.427 -2.753 
1703468588.277 -0.362 -2.649 
1703468588.378 -0.304 -2.563 
1703468588.480 -0.264 -2.505 
1703468588.579 -0.231 -2.458 
1703468588.679 -0.174 -2.397 
1703468588.778 -0.100 -2.319 
1703468588.879 -0.042 -2.248 
1703468588.979 0.007 -2.199 
1703468589.079 0.049 -2.148 
1703468589.179 0.093 -2.076 
1703468589.279 0.129 -2.015 
1703468589.380 0.165 -1.956 
1703468589.479 0.187 -1.820 
1703468589.579 0.213 -1.678 
1703468589.679 0.229 -1.525 
1703468589.779 0.246 -1.380 
1703468589.880 0.269 -1.267 
1703468589.980 0.251 -1.145 
1703468590.080 0.227 -1.028 
1703468590.181 0.168 -0.925 
1703468590.281 0.082 -0.860 
1703468590.385 -0.017 -0.823 
1703468590.481 -0.107 -0.796 
1703468590.581 -0.222 -0.764 
1703468590.681 -0.340 -0.709 
1703468590.781 -0.400 -0.661 
1703468590.881 -0.515 -0.617 
1703468590.981 -0.641 -0.573 
1703468591.082 -0.740 -0.524 
1703468591.181 -0.825 -0.474 
1703468591.281 -0.889 -0.427 
1703468591.382 -0.984 -0.386 
1703468591.481 -1.079 -0.331 
1703468591.582 -1.160 -0.273 
1703468591.682 -1.242 -0.219 
1703468591.782 -1.334 -0.165 
1703468591.883 -1.419 -0.115 
1703468591.984 -1.507 -0.063 
1703468592.084 -1.593 -0.016 
1703468592.184 -1.684 0.035 
1703468592.284 -1.768 0.078 
1703468592.384 -1.846 0.120 
1703468592.485 -1.932 0.161 
1703468592.585 -2.005 0.197 
1703468592.690 -2.076 0.249 
1703468592.789 -2.135 0.287 
1703468592.887 -2.196 0.326 
1703468592.986 -2.251 0.358 
1703468593.086 -2.309 0.413 
1703468593.186 -2.368 0.485 
1703468593.286 -2.431 0.561 
1703468593.386 -2.493 0.622 
1703468593.485 -2.548 0.666 
1703468593.588 -2.601 0.714 
1703468593.686 -2.642 0.789 
1703468593.787 -2.683 0.859 
1703468593.887 -2.717 0.905 
1703468593.986 -2.743 0.948 
1703468594.086 -2.762 1.008 
1703468594.187 -2.800 1.088 
1703468594.287 -2.838 1.161 
1703468594.390 -2.861 1.212 
1703468594.488 -2.868 1.257 
1703468594.588 -2.836 1.320 
1703468594.688 -2.790 1.436 
1703468594.788 -2.757 1.528 
1703468594.889 -2.747 1.582 
1703468594.987 -2.707 1.635 
1703468595.088 -2.626 1.709 
1703468595.188 -2.529 1.770 
1703468595.287 -2.472 1.818 
1703468595.388 -2.406 1.860 
1703468595.488 -2.337 1.910 
1703468595.588 -2.267 1.967 
1703468595.688 -2.196 2.015 
1703468595.789 -2.111 2.051 
1703468599.198 -1.550 2.064 
1703468599.199 -1.550 2.064 
1703468599.299 -1.533 2.089 
1703468599.399 -1.531 2.118 
1703468599.499 -1.602 2.133 
1703468599.599 -1.721 2.158 
1703468599.700 -1.853 2.190 
1703468599.799 -1.949 2.209 
1703468599.899 -2.034 2.243 
1703468599.999 -2.155 2.258 
1703468600.100 -2.290 2.262 
1703468600.201 -2.409 2.279 
1703468600.300 -2.527 2.298 
1703468600.400 -2.650 2.302 
1703468600.500 -2.771 2.308 
1703468600.600 -2.891 2.316 
1703468600.700 -3.013 2.325 
1703468600.801 -3.132 2.333 
1703468600.900 -3.249 2.343 
1703468601.001 -3.369 2.352 
1703468601.101 -3.488 2.362 
1703468601.201 -3.609 2.369 
1703468601.301 -3.730 2.373 
1703468601.401 -3.851 2.375 
1703468601.506 -3.972 2.377 
1703468601.603 -4.095 2.386 
1703468601.704 -4.205 2.387 
1703468601.804 -4.298 2.363 
1703468601.904 -4.401 2.294 
1703468602.003 -4.487 2.204 
1703468602.103 -4.571 2.116 
1703468602.204 -4.655 2.027 
1703468602.305 -4.732 1.947 
1703468602.406 -4.771 1.905 
1703468602.507 -4.798 1.872 
1703468602.605 -4.840 1.822 
1703468602.706 -4.908 1.751 
1703468602.805 -4.977 1.676 
1703468602.906 -5.049 1.605 
1703468603.006 -5.123 1.537 
1703468603.106 -5.198 1.469 
1703468603.205 -5.272 1.404 
1703468603.306 -5.348 1.339 
1703468603.406 -5.419 1.276 
1703468603.507 -5.486 1.217 
1703468603.607 -5.552 1.160 
1703468603.706 -5.618 1.099 
1703468603.807 -5.688 1.026 
1703468603.907 -5.755 0.962 
1703468604.006 -5.821 0.900 
1703468604.107 -5.886 0.847 
1703468604.208 -5.953 0.798 
1703468604.308 -6.019 0.745 
1703468604.408 -6.073 0.687 
1703468604.507 -6.119 0.633 
1703468604.607 -6.158 0.590 
1703468604.708 -6.191 0.530 
1703468604.807 -6.214 0.463 
1703468604.908 -6.232 0.403 
1703468605.008 -6.239 0.324 
1703468605.108 -6.268 0.299 
1703468605.208 -6.310 0.294 
1703468605.308 -6.346 0.273 
1703468605.409 -6.385 0.275 
1703468606.916 -6.402 0.231 
1703468607.014 -6.443 0.228 
1703468607.116 -6.521 0.232 
1703468607.214 -6.581 0.239 
1703468607.313 -6.584 0.253 
1703468607.413 -6.489 0.308 
1703468607.514 -6.352 0.332 
1703468607.614 -6.232 0.352 
1703468607.714 -6.122 0.364 
1703468607.814 -6.001 0.373 
1703468607.914 -5.879 0.389 
1703468608.014 -5.753 0.410 
1703468608.114 -5.632 0.423 
1703468608.217 -5.509 0.440 
1703468608.317 -5.394 0.472 
1703468608.417 -5.282 0.508 
1703468608.518 -5.166 0.547 
1703468608.618 -5.055 0.591 
1703468608.718 -4.948 0.645 
1703468608.818 -4.847 0.706 
1703468608.918 -4.746 0.761 
1703468609.018 -4.645 0.809 
1703468609.118 -4.537 0.853 
1703468609.218 -4.425 0.893 
1703468609.318 -4.313 0.928 
1703468609.419 -4.206 0.966 
1703468609.518 -4.095 1.000 
1703468609.619 -3.968 1.009 
1703468609.719 -3.847 1.017 
1703468609.820 -3.737 1.037 
1703468609.919 -3.617 1.053 
1703468610.020 -3.491 1.054 
1703468610.119 -3.368 1.046 
1703468610.219 -3.245 1.016 
1703468610.319 -3.123 0.969 
1703468610.420 -3.006 0.938 
1703468610.520 -2.904 0.885 
1703468610.620 -2.812 0.815 
1703468610.720 -2.722 0.730 
1703468610.819 -2.639 0.638 
1703468610.921 -2.583 0.533 
1703468611.023 -2.545 0.420 
1703468611.123 -2.515 0.313 
1703468611.223 -2.485 0.212 
1703468611.324 -2.443 0.101 
1703468611.424 -2.409 -0.019 
1703468611.524 -2.390 -0.134 
1703468611.624 -2.370 -0.255 
1703468611.724 -2.345 -0.381 
1703468611.824 -2.318 -0.512 
1703468611.924 -2.293 -0.631 
1703468612.024 -2.283 -0.749 
1703468612.124 -2.274 -0.871 
1703468612.224 -2.266 -0.997 
1703468612.325 -2.257 -1.122 
1703468612.425 -2.253 -1.243 
1703468612.525 -2.254 -1.357 
1703468612.625 -2.259 -1.471 
1703468612.725 -2.264 -1.586 
1703468612.825 -2.266 -1.692 
1703468612.927 -2.258 -1.784 
1703468613.026 -2.263 -1.874 
1703468613.125 -2.270 -1.985 
1703468613.227 -2.280 -2.102 
1703468613.327 -2.298 -2.187 
1703468613.427 -2.298 -2.256 
1703468613.526 -2.294 -2.334 
1703468613.627 -2.299 -2.414 
1703468613.727 -2.302 -2.521 
1703468613.827 -2.311 -2.654 
1703468618.643 -2.307 -3.475 
1703468618.644 -2.307 -3.475 
1703468618.747 -2.304 -3.500 
1703468618.846 -2.245 -3.542 
1703468618.945 -2.134 -3.588 
1703468619.046 -2.005 -3.653 
1703468619.145 -1.887 -3.700 
1703468619.247 -1.777 -3.743 
1703468619.348 -1.667 -3.795 
1703468619.447 -1.564 -3.850 
1703468619.547 -1.465 -3.917 
1703468619.647 -1.366 -3.991 
1703468619.747 -1.268 -4.053 
1703468619.847 -1.173 -4.125 
1703468619.947 -1.091 -4.201 
1703468620.047 -1.015 -4.300 
1703468620.147 -0.948 -4.423 
1703468620.248 -0.871 -4.501 
1703468620.347 -0.805 -4.564 
1703468620.448 -0.769 -4.627 
1703468620.547 -0.752 -4.671 
1703468620.648 -0.757 -4.707 
1703468620.749 -0.774 -4.747 
1703468620.848 -0.799 -4.802 
1703468620.948 -0.845 -4.878 
1703468621.049 -0.868 -4.935 
1703468621.151 -0.882 -4.968 
1703468621.250 -0.900 -4.989 
1703468621.349 -0.927 -5.017 
1703468621.449 -0.984 -5.071 
1703468621.549 -1.065 -5.138 
1703468621.649 -1.137 -5.194 
1703468621.749 -1.191 -5.247 
1703468621.850 -1.240 -5.302 
1703468621.949 -1.295 -5.370 
1703468622.049 -1.377 -5.431 
1703468622.151 -1.461 -5.474 
1703468622.250 -1.539 -5.514 
1703468622.350 -1.604 -5.562 
1703468622.451 -1.670 -5.616 
1703468622.551 -1.733 -5.669 
1703468622.650 -1.796 -5.711 
1703468622.751 -1.880 -5.745 
1703468622.851 -1.992 -5.769 
1703468622.951 -2.102 -5.790 
1703468623.051 -2.209 -5.807 
1703468623.151 -2.318 -5.828 
1703468623.252 -2.424 -5.855 
1703468623.352 -2.538 -5.878 
1703468623.453 -2.653 -5.899 
1703468623.552 -2.771 -5.919 
1703468623.652 -2.891 -5.939 
1703468623.753 -3.012 -5.957 
1703468623.852 -3.127 -5.975 
1703468623.952 -3.247 -5.984 
1703468624.053 -3.369 -5.997 
1703468624.154 -3.482 -6.008 
1703468624.254 -3.595 -6.021 
1703468624.353 -3.706 -6.033 
1703468624.453 -3.806 -6.044 
1703468624.553 -3.906 -6.057 
1703468624.654 -4.004 -6.071 
1703468624.754 -4.095 -6.079 
1703468624.853 -4.184 -6.086 
1703468624.954 -4.272 -6.092 
1703468625.054 -4.363 -6.090 
1703468625.154 -4.448 -6.093 
1703468625.255 -4.532 -6.099 
1703468625.355 -4.614 -6.101 
1703468625.454 -4.691 -6.100 
1703468625.555 -4.766 -6.098 
1703468625.656 -4.855 -6.088 
1703468625.756 -4.949 -6.077 
1703468625.856 -5.032 -6.075 
1703468625.956 -5.109 -6.069 
1703468626.056 -5.189 -6.060 
1703468626.156 -5.277 -6.053 
1703468626.257 -5.361 -6.047 
1703468626.356 -5.438 -6.057 
1703468626.457 -5.512 -6.069 
1703468626.557 -5.598 -6.080 
1703468626.658 -5.706 -6.104 
1703468626.758 -5.789 -6.111 
1703468626.857 -5.861 -6.128 
1703468626.957 -5.939 -6.148 
1703468627.057 -6.025 -6.170 
1703468627.157 -6.106 -6.204 
1703468627.258 -6.202 -6.267 
1703468627.357 -6.302 -6.317 
1703468627.457 -6.378 -6.352 
1703468627.560 -6.441 -6.381 
1703468627.661 -6.507 -6.423 
1703468627.760 -6.575 -6.494 
1703468627.860 -6.638 -6.513 
1703468627.961 -6.710 -6.562 
1703468628.060 -6.756 -6.673 
1703468628.161 -6.797 -6.779 
1703468628.261 -6.812 -6.902 
1703468628.360 -6.803 -7.027 
1703468628.461 -6.776 -7.132 
1703468628.561 -6.747 -7.198 
1703468628.661 -6.720 -7.274 
1703468628.762 -6.684 -7.379 
1703468628.862 -6.648 -7.472 
1703468628.962 -6.627 -7.545 
1703468629.062 -6.610 -7.604 
1703468629.162 -6.598 -7.653 
1703468629.262 -6.587 -7.698 
1703468629.362 -6.573 -7.760 
1703468629.465 -6.557 -7.844 
1703468629.565 -6.548 -7.934 
1703468629.665 -6.534 -8.019 
1703468629.766 -6.513 -8.097 
1703468629.865 -6.492 -8.174 
1703468629.965 -6.475 -8.249 
1703468630.065 -6.460 -8.323 
1703468630.166 -6.436 -8.414 
1703468631.969 -6.395 -8.606 
1703468631.969 -6.395 -8.606 
1703468632.070 -6.319 -8.604 
1703468632.171 -6.199 -8.588 
1703468632.271 -6.078 -8.578 
1703468632.370 -5.959 -8.578 
1703468632.470 -5.840 -8.576 
1703468632.571 -5.721 -8.574 
1703468632.672 -5.599 -8.571 
1703468632.773 -5.489 -8.569 
1703468632.873 -5.405 -8.567 
1703468632.973 -5.327 -8.568 
1703468633.072 -5.252 -8.566 
1703468633.172 -5.175 -8.565 
1703468633.272 -5.095 -8.564 
1703468633.373 -5.013 -8.565 
1703468633.473 -4.933 -8.564 
1703468633.573 -4.853 -8.562 
1703468633.674 -4.776 -8.562 
1703468633.774 -4.701 -8.566 
1703468633.873 -4.617 -8.565 
1703468633.973 -4.530 -8.562 
1703468634.073 -4.446 -8.569 
1703468634.173 -4.365 -8.579 
1703468634.274 -4.287 -8.593 
1703468634.374 -4.211 -8.610 
1703468634.475 -4.125 -8.625 
1703468634.574 -4.047 -8.635 
1703468634.674 -3.971 -8.650 
1703468634.774 -3.897 -8.667 
1703468634.876 -3.823 -8.686 
1703468634.975 -3.751 -8.707 
1703468635.074 -3.675 -8.727 
1703468635.175 -3.602 -8.748 
1703468635.275 -3.532 -8.767 
1703468635.376 -3.459 -8.787 
1703468635.475 -3.378 -8.802 
1703468635.575 -3.304 -8.822 
1703468635.675 -3.233 -8.839 
1703468635.776 -3.159 -8.854 
1703468635.876 -3.085 -8.868 
1703468635.976 -3.012 -8.881 
1703468636.076 -2.934 -8.893 
1703468636.176 -2.852 -8.897 
1703468636.279 -2.768 -8.904 
1703468636.377 -2.700 -8.920 
1703468636.476 -2.627 -8.927 
1703468636.577 -2.546 -8.924 
1703468636.677 -2.457 -8.926 
1703468636.777 -2.373 -8.926 
1703468636.877 -2.289 -8.928 
1703468636.977 -2.210 -8.926 
1703468637.077 -2.127 -8.930 
1703468637.177 -2.028 -8.927 
1703468637.277 -1.946 -8.926 
1703468637.377 -1.863 -8.933 
1703468637.478 -1.775 -8.940 
1703468637.580 -1.709 -8.962 
1703468637.679 -1.646 -8.981 
1703468637.779 -1.542 -8.956 
1703468637.879 -1.465 -8.960 
1703468637.979 -1.365 -8.921 
1703468638.079 -1.270 -8.863 
1703468638.179 -1.215 -8.865 
1703468638.279 -1.178 -8.858 
1703468638.379 -1.137 -8.813 
1703468638.480 -1.057 -8.725 
1703468638.580 -0.953 -8.623 
1703468638.680 -0.887 -8.555 
1703468638.779 -0.813 -8.492 
1703468638.879 -0.721 -8.428 
1703468638.980 -0.645 -8.372 
1703468640.187 -0.481 -8.269 
1703468640.188 -0.481 -8.269 
1703468640.288 -0.469 -8.259 
1703468640.388 -0.404 -8.203 
1703468640.488 -0.308 -8.117 
1703468640.589 -0.218 -8.019 
1703468640.689 -0.150 -7.921 
1703468640.789 -0.075 -7.826 
1703468640.889 0.006 -7.735 
1703468640.989 0.087 -7.645 
1703468641.089 0.166 -7.558 
1703468641.190 0.249 -7.465 
1703468641.291 0.338 -7.365 
1703468641.391 0.425 -7.277 
1703468641.490 0.512 -7.196 
1703468641.591 0.599 -7.110 
1703468641.692 0.687 -7.025 
1703468641.791 0.774 -6.939 
1703468641.891 0.867 -6.862 
1703468641.992 0.957 -6.784 
1703468642.092 1.048 -6.711 
1703468642.192 1.140 -6.638 
1703468642.292 1.234 -6.565 
1703468642.393 1.327 -6.492 
1703468642.493 1.421 -6.420 
1703468642.592 1.514 -6.350 
1703468642.693 1.609 -6.282 
1703468642.794 1.704 -6.212 
1703468642.892 1.803 -6.147 
1703468642.998 1.892 -6.097 
1703468643.095 1.965 -6.056 
1703468643.194 2.031 -6.014 
1703468643.293 2.096 -5.971 
1703468643.394 2.179 -5.937 
1703468643.494 2.273 -5.885 
1703468643.594 2.360 -5.843 
1703468643.694 2.437 -5.808 
1703468643.794 2.518 -5.779 
1703468643.893 2.606 -5.759 
1703468643.994 2.692 -5.755 
1703468644.098 2.780 -5.763 
1703468644.199 2.872 -5.788 
1703468644.299 2.958 -5.829 
1703468644.398 3.029 -5.883 
1703468644.499 3.095 -5.956 
1703468644.599 3.143 -6.051 
1703468644.698 3.187 -6.135 
1703468644.799 3.228 -6.221 
1703468644.899 3.268 -6.306 
1703468644.999 3.302 -6.407 
1703468645.100 3.323 -6.511 
1703468645.199 3.344 -6.606 
1703468645.300 3.369 -6.698 
1703468645.399 3.391 -6.790 
1703468645.500 3.406 -6.894 
1703468645.599 3.422 -7.000 
1703468645.700 3.438 -7.094 
1703468645.800 3.459 -7.186 
1703468645.901 3.474 -7.283 
1703468646.003 3.490 -7.382 
1703468646.101 3.506 -7.478 
1703468646.201 3.525 -7.573 
1703468646.301 3.538 -7.657 
1703468646.401 3.551 -7.736 
1703468646.502 3.562 -7.807 
1703468646.602 3.603 -7.903 
1703468646.702 3.648 -7.995 
1703468646.802 3.672 -8.053 
1703468646.902 3.680 -8.093 
1703468647.003 3.693 -8.124 
1703468647.102 3.796 -8.169 
1703468647.203 3.885 -8.209 
1703468647.303 3.919 -8.255 
1703468647.403 3.949 -8.280 
1703468647.503 3.996 -8.291 
1703468647.603 4.068 -8.306 
1703468647.705 4.161 -8.319 
1703468648.007 4.257 -8.358 
1703468648.107 4.252 -8.352 
1703468648.206 4.308 -8.348 
1703468648.307 4.426 -8.346 
1703468648.407 4.550 -8.348 
1703468648.506 4.670 -8.353 
1703468648.607 4.787 -8.359 
1703468648.708 4.908 -8.358 
1703468648.808 5.027 -8.359 
1703468648.909 5.146 -8.359 
1703468649.008 5.261 -8.362 
1703468649.108 5.381 -8.362 
1703468649.212 5.505 -8.361 
1703468649.308 5.619 -8.366 
1703468649.409 5.729 -8.377 
1703468649.509 5.817 -8.385 
1703468649.609 5.898 -8.386 
1703468649.709 5.979 -8.394 
1703468649.810 6.063 -8.405 
1703468649.909 6.146 -8.417 
1703468650.010 6.231 -8.428 
1703468650.111 6.318 -8.439 
1703468650.210 6.408 -8.450 
1703468650.310 6.499 -8.460 
1703468650.410 6.589 -8.470 
1703468650.510 6.681 -8.480 
1703468650.611 6.772 -8.495 
1703468650.711 6.864 -8.507 
1703468650.811 6.953 -8.516 
1703468650.911 7.044 -8.522 
1703468651.012 7.132 -8.529 
1703468651.112 7.224 -8.526 
1703468651.212 7.306 -8.535 
1703468651.311 7.383 -8.537 
1703468651.412 7.460 -8.537 
1703468651.512 7.540 -8.530 
1703468651.613 7.624 -8.519 
1703468651.713 7.741 -8.446 
1703468651.813 7.833 -8.401 
1703468651.913 7.895 -8.367 
1703468652.012 7.946 -8.329 
1703468652.113 7.994 -8.263 
1703468652.213 8.026 -8.190 
1703468652.314 8.043 -8.108 
1703468652.413 8.036 -7.990 
1703468652.514 8.016 -7.878 
1703468652.614 7.980 -7.771 
1703468652.715 7.952 -7.671 
1703468652.813 7.916 -7.579 
1703468652.914 7.857 -7.526 
1703468653.014 7.788 -7.476 
1703468653.116 7.715 -7.411 
1703468653.217 7.633 -7.344 
1703468653.317 7.552 -7.293 
1703468653.417 7.479 -7.229 
1703468653.517 7.416 -7.166 
1703468653.618 7.363 -7.097 
1703468653.719 7.322 -7.033 
1703468653.818 7.288 -6.971 
1703468653.917 7.258 -6.911 
1703468654.017 7.239 -6.861 
1703468654.118 7.200 -6.800 
1703468654.220 7.148 -6.727 
1703468654.319 7.096 -6.665 
1703468654.418 7.045 -6.597 
1703468654.519 6.996 -6.528 
1703468654.620 6.952 -6.462 
1703468654.718 6.912 -6.395 
1703468654.819 6.870 -6.322 
1703468654.919 6.826 -6.255 
1703468655.020 6.786 -6.204 
1703468655.120 6.751 -6.141 
1703468655.220 6.708 -6.047 
1703468655.320 6.656 -5.941 
1703468655.420 6.611 -5.856 
1703468655.520 6.579 -5.778 
1703468655.620 6.543 -5.693 
1703468655.721 6.496 -5.615 
1703468655.821 6.457 -5.528 
1703468655.920 6.420 -5.442 
1703468656.021 6.393 -5.374 
1703468658.626 6.079 -5.194 
1703468658.626 6.079 -5.194 
1703468658.727 6.127 -5.168 
1703468658.828 6.257 -5.148 
1703468658.927 6.387 -5.134 
1703468659.027 6.520 -5.124 
1703468659.128 6.633 -5.102 
1703468659.228 6.744 -5.062 
1703468659.327 6.854 -5.025 
1703468659.428 6.958 -4.993 
1703468659.528 7.068 -4.984 
1703468659.629 7.188 -4.971 
1703468659.729 7.303 -4.959 
1703468659.829 7.423 -4.941 
1703468659.928 7.543 -4.930 
1703468660.029 7.665 -4.935 
1703468660.128 7.785 -4.941 
1703468660.230 7.906 -4.946 
1703468660.330 8.027 -4.953 
1703468660.430 8.146 -4.963 
1703468660.530 8.248 -4.979 
1703468660.630 8.349 -4.993 
1703468660.730 8.458 -5.020 
1703468664.741 8.189 -4.742 
1703468664.742 8.189 -4.743 
1703468664.842 8.124 -4.735 
1703468664.943 8.027 -4.721 
1703468665.042 7.913 -4.708 
1703468665.143 7.776 -4.714 
1703468665.243 7.646 -4.741 
1703468665.343 7.530 -4.763 
1703468665.444 7.407 -4.767 
1703468665.543 7.287 -4.778 
1703468665.644 7.162 -4.788 
1703468665.743 7.040 -4.791 
1703468665.844 6.940 -4.797 
1703468665.944 6.859 -4.801 
1703468666.044 6.783 -4.806 
1703468666.148 6.706 -4.811 
1703468666.246 6.625 -4.816 
1703468666.344 6.541 -4.818 
1703468666.445 6.468 -4.813 
1703468666.544 6.390 -4.818 
1703468666.644 6.308 -4.823 
1703468666.745 6.222 -4.828 
1703468666.845 6.139 -4.839 
1703468666.945 6.058 -4.857 
1703468667.044 5.973 -4.880 
1703468667.146 5.900 -4.891 
1703468667.245 5.828 -4.911 
1703468667.346 5.746 -4.939 
1703468667.446 5.677 -4.968 
1703468667.546 5.603 -4.986 
1703468667.646 5.526 -4.995 
1703468667.746 5.449 -5.000 
1703468667.846 5.378 -5.008 
1703468667.946 5.300 -5.015 
1703468668.047 5.221 -5.021 
1703468668.147 5.141 -5.024 
1703468668.247 5.057 -5.031 
1703468668.347 4.971 -5.038 
1703468668.447 4.879 -5.048 
1703468668.549 4.786 -5.056 
1703468668.648 4.699 -5.064 
1703468668.748 4.605 -5.072 
1703468668.848 4.511 -5.079 
1703468668.947 4.416 -5.089 
1703468669.048 4.319 -5.100 
1703468669.149 4.222 -5.109 
1703468669.248 4.131 -5.116 
1703468669.348 4.041 -5.120 
1703468669.449 3.953 -5.126 
1703468669.549 3.867 -5.132 
1703468669.649 3.767 -5.123 
1703468669.748 3.671 -5.116 
1703468669.851 3.579 -5.114 
1703468669.949 3.500 -5.116 
1703468670.048 3.416 -5.113 
1703468670.149 3.321 -5.097 
1703468670.249 3.230 -5.076 
1703468670.349 3.145 -5.057 
1703468670.450 3.065 -5.034 
1703468670.549 2.989 -5.005 
1703468670.650 2.911 -4.976 
1703468670.750 2.828 -4.950 
1703468670.851 2.750 -4.924 
1703468670.950 2.676 -4.903 
1703468671.050 2.600 -4.880 
1703468671.152 2.517 -4.838 
1703468671.253 2.441 -4.810 
1703468671.353 2.368 -4.785 
1703468671.457 2.298 -4.755 
1703468671.555 2.227 -4.727 
1703468671.654 2.157 -4.694 
1703468671.756 2.093 -4.652 
1703468671.855 2.038 -4.595 
1703468671.956 1.989 -4.545 
1703468672.056 1.942 -4.500 
1703468672.156 1.896 -4.453 
1703468672.255 1.854 -4.395 
1703468672.356 1.816 -4.326 
1703468672.456 1.776 -4.273 
1703468672.557 1.755 -4.208 
1703468672.657 1.735 -4.139 
1703468672.757 1.714 -4.066 
1703468672.857 1.680 -3.985 
1703468672.958 1.646 -3.914 
1703468673.059 1.621 -3.844 
1703468673.158 1.602 -3.771 
1703468673.258 1.592 -3.676 
1703468673.357 1.588 -3.579 
1703468673.458 1.589 -3.483 
1703468673.558 1.588 -3.382 
1703468675.262 1.534 -3.376 
1703468675.263 1.535 -3.376 
1703468675.364 1.476 -3.340 
1703468675.463 1.388 -3.264 
1703468675.564 1.290 -3.177 
1703468675.664 1.204 -3.097 
1703468675.764 1.121 -3.019 
1703468675.864 1.038 -2.940 
1703468675.963 0.952 -2.861 
1703468676.065 0.865 -2.782 
1703468676.164 0.779 -2.703 
1703468676.264 0.695 -2.625 
1703468676.365 0.608 -2.550 
1703468676.464 0.524 -2.472 
1703468676.565 0.440 -2.390 
1703468676.667 0.355 -2.311 
1703468676.766 0.272 -2.235 
1703468676.866 0.188 -2.158 
1703468676.965 0.104 -2.078 
1703468677.065 0.017 -1.995 
1703468677.166 -0.068 -1.912 
1703468677.265 -0.152 -1.829 
1703468677.365 -0.238 -1.748 
1703468677.465 -0.324 -1.667 
1703468677.566 -0.409 -1.590 
1703468677.666 -0.494 -1.511 
1703468677.766 -0.578 -1.430 
1703468677.866 -0.665 -1.350 
1703468677.966 -0.748 -1.266 
1703468678.066 -0.832 -1.185 
1703468678.166 -0.915 -1.104 
1703468678.267 -1.000 -1.024 
1703468678.369 -1.084 -0.942 
1703468678.468 -1.167 -0.859 
1703468678.568 -1.253 -0.772 
1703468678.670 -1.340 -0.685 
1703468678.768 -1.422 -0.601 
1703468678.869 -1.506 -0.517 
1703468678.969 -1.594 -0.432 
1703468679.069 -1.680 -0.352 
1703468679.169 -1.768 -0.269 
1703468679.269 -1.855 -0.183 
1703468679.368 -1.938 -0.098 
1703468679.469 -2.020 -0.015 
1703468679.570 -2.099 0.074 
1703468679.670 -2.184 0.162 
1703468679.770 -2.269 0.250 
1703468679.870 -2.352 0.336 
1703468679.970 -2.436 0.423 
1703468680.070 -2.520 0.511 
1703468680.170 -2.599 0.594 
1703468680.270 -2.674 0.671 
1703468680.371 -2.745 0.745 
1703468680.471 -2.815 0.822 
1703468680.571 -2.890 0.899 
1703468680.670 -2.958 0.971 
1703468680.770 -3.025 1.044 
1703468680.872 -3.094 1.116 
1703468680.972 -3.159 1.189 
1703468681.071 -3.223 1.260 
1703468681.172 -3.284 1.329 
1703468681.271 -3.343 1.393 
1703468681.371 -3.401 1.456 
1703468681.471 -3.460 1.528 
1703468681.572 -3.517 1.599 
1703468681.672 -3.564 1.662 
1703468681.778 -3.608 1.722 
1703468681.875 -3.652 1.776 
1703468681.974 -3.698 1.831 
1703468682.074 -3.744 1.898 
1703468686.284 -3.853 2.008 
1703468686.285 -3.853 2.008 
1703468686.385 -3.872 1.993 
1703468686.485 -3.948 1.935 
1703468686.586 -4.036 1.849 
1703468686.687 -4.125 1.765 
1703468686.786 -4.210 1.681 
1703468686.887 -4.300 1.600 
1703468686.986 -4.391 1.522 
1703468687.087 -4.482 1.444 
1703468687.187 -4.571 1.364 
1703468687.286 -4.661 1.287 
1703468687.386 -4.750 1.209 
1703468687.487 -4.838 1.132 
1703468687.587 -4.927 1.054 
1703468687.688 -5.018 0.974 
1703468687.787 -5.107 0.896 
1703468687.887 -5.197 0.817 
1703468687.988 -5.285 0.737 
1703468688.088 -5.373 0.656 
1703468688.187 -5.461 0.576 
1703468688.288 -5.549 0.494 
1703468688.388 -5.636 0.413 
1703468688.488 -5.723 0.333 
1703468688.589 -5.808 0.252 
1703468688.689 -5.899 0.167 
1703468688.788 -5.989 0.084 
1703468688.889 -6.077 -0.001 
1703468688.989 -6.165 -0.085 
1703468689.089 -6.251 -0.172 
1703468689.190 -6.337 -0.257 
1703468689.289 -6.423 -0.342 
1703468689.389 -6.512 -0.425 
1703468689.489 -6.598 -0.512 
1703468689.590 -6.684 -0.600 
1703468689.692 -6.770 -0.693 
1703468689.790 -6.852 -0.781 
1703468689.889 -6.935 -0.868 
1703468689.991 -7.020 -0.957 
1703468690.090 -7.105 -1.050 
1703468690.194 -7.181 -1.133 
1703468690.294 -7.256 -1.226 
1703468690.396 -7.335 -1.324 
1703468690.495 -7.416 -1.424 
1703468690.595 -7.493 -1.529 
1703468690.695 -7.551 -1.635 
1703468690.796 -7.615 -1.739 
1703468690.895 -7.673 -1.838 
1703468690.996 -7.725 -1.955 
1703468691.096 -7.792 -2.081 
1703468691.195 -7.864 -2.163 
1703468691.296 -7.921 -2.261 
1703468691.396 -7.953 -2.377 
1703468691.496 -7.984 -2.506 
1703468691.596 -8.003 -2.629 
1703468696.803 -8.173 -3.470 
1703468696.903 -8.225 -3.405 
1703468697.004 -8.281 -3.322 
1703468697.104 -8.323 -3.222 
1703468697.204 -8.373 -3.134 
1703468697.304 -8.389 -3.025 
1703468697.404 -8.391 -2.904 
1703468697.504 -8.399 -2.792 
1703468697.604 -8.406 -2.682 
1703468697.705 -8.424 -2.568 
1703468697.804 -8.449 -2.451 
1703468697.905 -8.471 -2.339 
1703468698.005 -8.489 -2.231 
1703468698.104 -8.519 -2.122 
1703468698.205 -8.549 -2.009 
1703468698.305 -8.579 -1.895 
1703468698.405 -8.606 -1.787 
1703468698.505 -8.631 -1.682 
1703468698.605 -8.653 -1.568 
1703468698.705 -8.677 -1.448 
1703468698.805 -8.702 -1.336 
1703468698.907 -8.718 -1.220 
1703468699.006 -8.732 -1.101 
1703468699.106 -8.740 -0.979 
1703468699.206 -8.749 -0.858 
1703468699.312 -8.761 -0.735 
1703468699.406 -8.774 -0.630 
1703468699.506 -8.774 -0.511 
1703468699.606 -8.769 -0.389 
1703468699.707 -8.768 -0.272 
1703468699.807 -8.774 -0.159 
1703468699.907 -8.773 -0.039 
1703468700.007 -8.764 0.082 
1703468700.107 -8.752 0.197 
1703468700.206 -8.725 0.316 
1703468700.308 -8.700 0.434 
1703468700.408 -8.656 0.538 
1703468700.507 -8.603 0.625 
1703468700.607 -8.551 0.721 
1703468700.708 -8.483 0.816 
1703468700.807 -8.411 0.905 
1703468700.908 -8.333 0.995 
1703468701.008 -8.266 1.068 
1703468701.109 -8.223 1.122 
1703468701.208 -8.187 1.178 
1703468701.308 -8.149 1.229 
1703468701.408 -8.108 1.275 
1703468701.509 -8.064 1.324 
1703468701.609 -8.021 1.402 
1703468701.710 -7.979 1.474 
1703468701.811 -7.944 1.537 
1703468701.909 -7.923 1.592 
1703468702.010 -7.892 1.653 
1703468702.111 -7.845 1.720 
1703468702.210 -7.801 1.776 
1703468702.310 -7.749 1.836 
1703468702.410 -7.695 1.898 
1703468702.510 -7.641 1.958 
1703468702.610 -7.585 2.016 
1703468702.711 -7.529 2.073 
1703468702.810 -7.474 2.134 
1703468702.910 -7.416 2.212 
1703468703.010 -7.362 2.288 
1703468703.111 -7.310 2.353 
1703468703.217 -7.263 2.408 
1703468703.313 -7.228 2.487 
1703468703.413 -7.188 2.598 
1703468703.513 -7.145 2.672 
1703468703.612 -7.122 2.749 
1703468703.715 -7.128 2.848 
1703468703.813 -7.156 2.950 
1703468703.912 -7.184 3.020 
1703468704.013 -7.219 3.080 
1703468704.113 -7.263 3.156 
1703468704.213 -7.311 3.236 
1703468704.314 -7.350 3.309 
1703468704.414 -7.388 3.378 
1703468704.513 -7.438 3.444 
1703468704.613 -7.479 3.501 
1703468704.714 -7.527 3.554 
1703468704.814 -7.564 3.606 
1703468704.913 -7.574 3.689 
1703468705.014 -7.579 3.806 
1703468705.114 -7.575 3.912 
1703468705.214 -7.558 4.008 
1703468705.314 -7.515 4.084 
1703468705.414 -7.447 4.135 
1703468705.514 -7.340 4.212 
1703468705.614 -7.248 4.264 
1703468705.715 -7.158 4.313 
1703468705.815 -7.048 4.345 
1703468705.915 -6.965 4.379 
1703468706.015 -6.888 4.404 
1703468706.115 -6.807 4.435 
1703468706.216 -6.721 4.467 
1703468706.316 -6.650 4.495 
1703468706.416 -6.572 4.519 
1703468706.516 -6.493 4.539 
1703468706.616 -6.416 4.556 
1703468706.717 -6.317 4.588 
1703468706.816 -6.194 4.619 
1703468706.916 -6.113 4.650 
1703468707.017 -6.064 4.670 
1703468707.116 -6.004 4.670 
1703468707.216 -5.929 4.656 
1703468707.317 -5.795 4.600 
1703468707.416 -5.672 4.544 
1703468710.823 -5.157 4.355 
1703468710.824 -5.157 4.355 
1703468710.925 -5.146 4.350 
1703468711.024 -5.186 4.306 
1703468711.124 -5.309 4.251 
1703468711.224 -5.415 4.202 
1703468711.325 -5.515 4.138 
1703468711.424 -5.608 4.064 
1703468711.524 -5.694 3.994 
1703468711.625 -5.778 3.927 
1703468711.725 -5.879 3.857 
1703468711.825 -5.981 3.788 
1703468711.925 -6.080 3.717 
1703468712.026 -6.171 3.640 
1703468712.126 -6.266 3.563 
1703468712.227 -6.359 3.490 
1703468712.327 -6.450 3.413 
1703468712.426 -6.544 3.336 
1703468712.527 -6.635 3.255 
1703468712.627 -6.733 3.167 
1703468712.730 -6.830 3.070 
1703468712.830 -6.921 2.985 
1703468712.930 -7.018 2.909 
1703468713.030 -7.116 2.830 
1703468713.130 -7.216 2.749 
1703468713.230 -7.305 2.663 
1703468713.330 -7.401 2.596 
1703468713.430 -7.500 2.530 
1703468713.530 -7.613 2.466 
1703468713.631 -7.726 2.395 
1703468713.731 -7.810 2.336 
1703468713.830 -7.909 2.273 
1703468713.931 -8.023 2.223 
1703468714.031 -8.137 2.176 
1703468714.131 -8.261 2.131 
1703468714.230 -8.397 2.104 
1703468714.331 -8.537 2.079 
1703468714.431 -8.678 2.084 
1703468714.531 -8.811 2.089 
1703468714.631 -8.937 2.111 
1703468714.744 -9.031 2.186 
1703468714.836 -9.086 2.272 
1703468714.934 -9.107 2.294 
1703468715.032 -9.111 2.310 
1703468715.132 -9.096 2.354 
1703468715.232 -9.090 2.476 
1703468715.332 -9.099 2.601 
1703468715.433 -9.086 2.740 
1703468715.533 -9.052 2.889 
1703468715.632 -9.017 3.021 
1703468715.733 -8.984 3.134 
1703468715.834 -8.954 3.251 
1703468715.933 -8.918 3.378 
1703468716.033 -8.887 3.500 
1703468716.133 -8.859 3.625 
1703468716.234 -8.839 3.727 
1703468716.335 -8.822 3.808 
1703468716.435 -8.809 3.901 
1703468716.535 -8.796 4.001 
1703468716.635 -8.771 4.079 
1703468716.736 -8.759 4.142 
1703468716.836 -8.753 4.204 
1703468716.936 -8.745 4.289 
1703468717.036 -8.734 4.374 
1703468717.136 -8.728 4.453 
1703468717.237 -8.729 4.527 
1703468717.337 -8.732 4.602 
1703468717.436 -8.731 4.681 
1703468717.536 -8.735 4.761 
1703468717.637 -8.738 4.836 
1703468717.737 -8.737 4.910 
1703468717.838 -8.736 4.985 
1703468717.937 -8.739 5.055 
1703468718.038 -8.743 5.133 
1703468718.137 -8.744 5.212 
1703468718.238 -8.742 5.287 
1703468718.338 -8.741 5.363 
1703468718.438 -8.740 5.439 
1703468718.538 -8.736 5.512 
1703468718.638 -8.733 5.586 
1703468718.739 -8.728 5.666 
1703468718.838 -8.725 5.743 
1703468718.939 -8.729 5.821 
1703468719.039 -8.740 5.899 
1703468719.139 -8.750 5.977 
1703468719.239 -8.752 6.047 
1703468719.349 -8.762 6.127 
1703468719.444 -8.767 6.209 
1703468719.541 -8.771 6.294 
1703468719.640 -8.782 6.377 
1703468719.741 -8.794 6.458 
1703468719.840 -8.799 6.536 
1703468719.941 -8.808 6.622 
1703468720.040 -8.820 6.700 
1703468720.140 -8.833 6.770 
1703468720.240 -8.777 6.876 
1703468720.340 -8.725 6.974 
1703468720.440 -8.680 7.057 
1703468720.542 -8.638 7.124 
1703468720.643 -8.593 7.177 
1703468720.742 -8.546 7.224 
1703468720.842 -8.487 7.286 
1703468720.943 -8.418 7.369 
1703468721.046 -8.344 7.445 
1703468721.147 -8.264 7.506 
1703468721.246 -8.185 7.558 
1703468721.347 -8.097 7.616 
1703468721.446 -8.016 7.677 
1703468721.546 -7.938 7.737 
1703468721.646 -7.859 7.785 
1703468721.745 -7.776 7.827 
1703468721.846 -7.690 7.871 
1703468721.947 -7.612 7.914 
1703468722.047 -7.533 7.957 
1703468722.146 -7.454 8.002 
1703468722.247 -7.377 8.045 
1703468722.347 -7.301 8.087 
1703468722.448 -7.226 8.133 
1703468722.547 -7.155 8.178 
1703468722.650 -7.079 8.230 
1703468722.747 -7.011 8.272 
1703468722.847 -6.936 8.317 
1703468722.947 -6.857 8.358 
1703468723.048 -6.778 8.398 
1703468723.148 -6.706 8.445 
1703468723.248 -6.629 8.500 
1703468723.348 -6.546 8.553 
1703468725.653 -6.294 8.760 
1703468725.654 -6.294 8.760 
1703468725.754 -6.277 8.735 
1703468725.854 -6.245 8.626 
1703468725.954 -6.189 8.516 
1703468726.054 -6.131 8.410 
1703468726.154 -6.071 8.300 
1703468726.254 -6.007 8.205 
1703468726.354 -5.944 8.102 
1703468726.455 -5.897 7.989 
1703468726.554 -5.872 7.866 
1703468726.656 -5.855 7.737 
1703468726.756 -5.832 7.617 
1703468726.856 -5.817 7.500 
1703468726.957 -5.815 7.383 
1703468727.057 -5.817 7.266 
1703468727.156 -5.815 7.148 
1703468727.256 -5.814 7.026 
1703468727.357 -5.815 6.907 
1703468727.457 -5.831 6.790 
1703468727.557 -5.847 6.674 
1703468727.657 -5.855 6.552 
1703468727.757 -5.864 6.452 
1703468727.857 -5.878 6.371 
1703468727.957 -5.897 6.288 
1703468728.058 -5.915 6.203 
1703468728.157 -5.933 6.113 
1703468728.257 -5.952 6.020 
1703468728.358 -5.970 5.925 
1703468728.458 -5.990 5.824 
1703468728.557 -6.011 5.727 
1703468728.658 -6.026 5.624 
1703468728.758 -6.032 5.523 
1703468728.859 -6.037 5.419 
1703468728.959 -6.045 5.309 
1703468729.058 -6.054 5.200 
1703468729.158 -6.058 5.098 
1703468729.259 -6.050 4.997 
1703468729.359 -6.037 4.889 
1703468729.459 -6.028 4.782 
1703468729.560 -6.020 4.671 
1703468729.659 -6.002 4.561 
1703468729.761 -5.958 4.480 
1703468729.860 -5.912 4.408 
1703468729.960 -5.869 4.314 
1703468730.060 -5.819 4.223 
1703468730.160 -5.762 4.140 
1703468730.260 -5.707 4.051 
1703468730.361 -5.654 3.960 
1703468730.460 -5.625 3.877 
1703468730.560 -5.598 3.805 
1703468730.661 -5.548 3.730 
1703468730.760 -5.478 3.630 
1703468730.861 -5.412 3.525 
1703468730.960 -5.375 3.445 
1703468731.060 -5.326 3.368 
1703468731.161 -5.271 3.296 
1703468731.261 -5.222 3.228 
1703468731.361 -5.164 3.156 
1703468731.461 -5.097 3.085 
1703468731.561 -5.024 3.007 
1703468731.662 -4.950 2.926 
1703468731.762 -4.891 2.852 
1703468731.863 -4.841 2.796 
1703468731.963 -4.790 2.743 
1703468732.062 -4.731 2.687 
1703468732.163 -4.723 2.626 
1703468732.262 -4.691 2.559 
1703468732.362 -4.572 2.510 
1703468732.463 -4.471 2.453 
1703468732.563 -4.379 2.432 
1703468732.663 -4.252 2.433 
1703468732.763 -4.128 2.439 
1703468732.863 -4.010 2.447 
1703468732.963 -3.892 2.455 
1703468733.063 -3.773 2.462 
1703468733.163 -3.655 2.469 
1703468733.263 -3.535 2.474 
1703468733.364 -3.417 2.478 
1703468733.464 -3.296 2.483 
1703468733.564 -3.176 2.488 
1703468733.664 -3.056 2.493 
1703468733.763 -2.942 2.501 
1703468733.864 -2.830 2.509 
1703468733.964 -2.728 2.515 
1703468734.064 -2.629 2.518 
1703468734.165 -2.533 2.525 
1703468734.266 -2.434 2.531 
1703468734.365 -2.345 2.537 
1703468734.465 -2.254 2.542 
1703468734.566 -2.164 2.549 
1703468734.665 -2.081 2.555 
1703468734.765 -2.002 2.562 
1703468734.865 -1.926 2.568 
1703468734.965 -1.821 2.571 
1703468735.067 -1.706 2.583 
1703468735.168 -1.609 2.591 
1703468735.267 -1.533 2.594 
1703468735.368 -1.449 2.604 
1703468735.468 -1.353 2.616 
1703468735.568 -1.259 2.631 
1703468735.668 -1.168 2.642 
1703468735.768 -1.079 2.658 
1703468735.869 -0.979 2.663 
1703468735.968 -0.902 2.663 
1703468736.069 -0.850 2.665 
1703468736.170 -0.776 2.662 
1703468736.271 -0.686 2.658 
1703468736.370 -0.598 2.657 
1703468736.469 -0.508 2.653 
1703468736.571 -0.417 2.661 
1703468736.670 -0.321 2.673 
1703468736.770 -0.223 2.683 
1703468736.871 -0.124 2.690 
1703468736.971 -0.025 2.698 
1703468737.070 0.071 2.713 
1703468737.171 0.173 2.740 
1703468737.271 0.269 2.758 
1703468737.372 0.372 2.779 
1703468737.472 0.471 2.801 
1703468737.572 0.558 2.811 
1703468737.672 0.649 2.832 
1703468737.773 0.745 2.862 
1703468737.872 0.836 2.887 
1703468737.973 0.931 2.909 
1703468738.073 1.019 2.930 
1703468738.172 1.110 2.958 
1703468738.272 1.200 2.997 
1703468738.373 1.285 3.048 
1703468738.473 1.354 3.119 
1703468738.574 1.422 3.199 
1703468738.674 1.493 3.279 
1703468738.774 1.560 3.362 
1703468738.875 1.620 3.452 
1703468738.975 1.675 3.551 
1703468739.075 1.726 3.655 
1703468739.175 1.767 3.764 
1703468739.275 1.797 3.872 
1703468739.375 1.837 3.987 
1703468739.475 1.871 4.103 
1703468739.576 1.894 4.222 
1703468739.676 1.909 4.341 
1703468739.775 1.914 4.461 
1703468739.876 1.902 4.586 
1703468739.978 1.906 4.705 
1703468740.075 1.902 4.821 
1703468740.176 1.883 4.945 
1703468740.276 1.854 5.062 
1703468740.376 1.823 5.175 
1703468740.477 1.785 5.289 
1703468740.576 1.738 5.398 
1703468740.677 1.686 5.502 
1703468740.776 1.630 5.601 
1703468740.877 1.556 5.693 
1703468740.977 1.469 5.771 
1703468741.077 1.385 5.843 
1703468741.177 1.297 5.908 
1703468741.277 1.195 5.972 
1703468741.378 1.089 6.027 
1703468741.478 0.985 6.071 
1703468741.579 0.882 6.113 
1703468741.678 0.767 6.136 
1703468741.778 0.654 6.157 
1703468741.878 0.550 6.178 
1703468741.978 0.419 6.170 
1703468742.079 0.302 6.153 
1703468742.179 0.210 6.145 
1703468742.279 0.113 6.139 
1703468742.381 0.006 6.108 
1703468742.479 -0.098 6.071 
1703468742.580 -0.202 6.039 
1703468742.679 -0.313 6.014 
1703468742.779 -0.424 5.998 
1703468742.879 -0.537 5.976 
1703468742.979 -0.654 5.959 
1703468743.079 -0.766 5.947 
1703468743.180 -0.875 5.935 
1703468743.283 -0.979 5.925 
1703468743.384 -1.090 5.911 
1703468743.484 -1.202 5.905 
1703468743.584 -1.316 5.902 
1703468743.683 -1.428 5.901 
1703468743.783 -1.539 5.895 
1703468743.884 -1.655 5.890 
1703468743.984 -1.770 5.894 
1703468744.084 -1.880 5.901 
1703468744.184 -1.987 5.902 
1703468744.284 -2.135 5.942 
1703468744.384 -2.254 5.973 
1703468744.484 -2.343 5.987 
1703468744.585 -2.441 6.028 
1703468744.684 -2.528 6.057 
1703468744.784 -2.587 6.061 
1703468744.885 -2.639 6.081 
1703468744.986 -2.706 6.193 
1703468745.085 -2.768 6.323 
1703468745.185 -2.808 6.458 
1703468745.286 -2.827 6.589 
1703468745.385 -2.839 6.690 
1703468745.488 -2.844 6.774 
1703468745.587 -2.834 6.869 
1703468745.687 -2.797 6.998 
1703468745.788 -2.741 7.118 
1703468745.888 -2.692 7.216 
1703468745.987 -2.658 7.291 
1703468746.087 -2.626 7.363 
1703468746.187 -2.588 7.413 
1703468746.288 -2.543 7.473 
1703468746.387 -2.487 7.558 
1703468746.487 -2.433 7.626 
1703468746.587 -2.397 7.698 
1703468746.688 -2.358 7.774 
1703468746.787 -2.319 7.858 
1703468746.888 -2.281 7.922 
1703468746.988 -2.243 7.978 
1703468747.087 -2.207 8.046 
1703468747.188 -2.171 8.116 
1703468747.288 -2.119 8.207 
1703468747.388 -2.048 8.301 
1703468747.488 -1.981 8.381 
1703468747.588 -1.909 8.453 
1703468747.691 -1.829 8.525 
1703468747.791 -1.739 8.580 
1703468747.891 -1.650 8.627 
1703468747.990 -1.562 8.666 
1703468748.091 -1.476 8.700 
1703468748.191 -1.394 8.731 
1703468748.291 -1.332 8.768 
1703468748.391 -1.287 8.820 
1703468748.491 -1.175 8.834 
1703468748.591 -1.044 8.823 
1703468748.692 -0.980 8.796 
1703468748.792 -0.883 8.778 
1703468748.893 -0.772 8.774 
1703468748.992 -0.689 8.774 
1703468749.091 -0.624 8.775 
1703468749.192 -0.547 8.783 
1703468749.291 -0.472 8.788 
1703468749.392 -0.392 8.791 
1703468749.492 -0.298 8.793 
1703468749.592 -0.197 8.795 
1703468749.693 -0.087 8.799 
1703468749.793 0.024 8.802 
1703468749.892 0.140 8.802 
1703468749.992 0.262 8.804 
1703468750.096 0.388 8.806 
1703468750.193 0.506 8.808 
1703468750.293 0.627 8.810 
1703468750.394 0.747 8.813 
1703468750.493 0.869 8.817 
1703468750.593 0.993 8.820 
1703468750.694 1.121 8.823 
1703468750.795 1.242 8.834 
1703468750.896 1.361 8.847 
1703468750.996 1.463 8.851 
1703468751.096 1.555 8.843 
1703468751.196 1.642 8.833 
1703468751.297 1.704 8.819 
1703468751.396 1.770 8.813 
1703468751.497 1.865 8.804 
1703468751.597 1.973 8.795 
1703468751.697 2.072 8.786 
1703468751.798 2.167 8.779 
1703468751.897 2.241 8.775 
1703468751.997 2.316 8.771 
1703468752.102 2.406 8.770 
1703468752.200 2.481 8.764 
1703468752.300 2.519 8.753 
1703468752.400 2.537 8.752 
1703468752.500 2.581 8.767 
1703468752.600 2.660 8.789 
1703468752.700 2.757 8.800 
1703468752.801 2.886 8.783 
1703468752.901 2.982 8.752 
1703468753.000 3.017 8.723 
1703468753.101 3.067 8.688 
1703468753.201 3.191 8.644 
1703468753.302 3.282 8.603 
1703468753.402 3.360 8.580 
1703468753.501 3.446 8.531 
1703468753.602 3.550 8.455 
1703468753.701 3.618 8.390 
1703468753.802 3.651 8.332 
1703468753.902 3.721 8.289 
1703468754.003 3.798 8.252 
1703468754.103 3.873 8.225 
1703468754.202 3.951 8.219 
1703468754.303 4.036 8.222 
1703468754.402 4.132 8.230 
1703468754.503 4.223 8.238 
1703468754.604 4.307 8.249 
1703468754.703 4.391 8.258 
1703468754.804 4.489 8.263 
1703468754.904 4.597 8.273 
1703468755.004 4.697 8.290 
1703468755.104 4.788 8.300 
1703468755.204 4.856 8.307 
1703468755.305 4.897 8.319 
1703468755.404 4.913 8.342 
1703468755.505 4.936 8.369 
1703468755.604 5.022 8.447 
1703468755.704 5.100 8.545 
1703468755.805 5.167 8.616 
1703468755.905 5.204 8.653 
1703468756.004 5.266 8.675 
1703468756.105 5.346 8.728 
1703468756.206 5.440 8.799 
1703468756.306 5.507 8.872 
1703468756.406 5.601 8.921 
1703468756.506 5.695 8.980 
1703468756.606 5.793 9.037 
1703468756.706 5.901 9.017 
1703468756.806 5.999 8.971 
1703468756.906 6.120 8.903 
1703468757.006 6.235 8.862 
1703468757.106 6.341 8.805 
1703468757.206 6.435 8.704 
1703468757.307 6.469 8.646 
1703468757.406 6.473 8.611 
1703468757.515 6.503 8.541 
1703468757.611 6.586 8.432 
1703468757.709 6.654 8.329 
1703468757.809 6.710 8.230 
1703468757.908 6.781 8.124 
1703468758.008 6.843 8.023 
1703468758.107 6.897 7.942 
1703468758.208 6.949 7.863 
1703468758.308 6.996 7.768 
1703468758.408 7.044 7.673 
1703468758.509 7.094 7.577 
1703468758.608 7.145 7.474 
1703468758.709 7.195 7.372 
1703468758.808 7.239 7.272 
1703468758.909 7.277 7.169 
1703468759.010 7.305 7.066 
1703468759.110 7.333 6.956 
1703468759.209 7.356 6.859 
1703468759.310 7.373 6.759 
1703468759.410 7.367 6.637 
1703468759.510 7.334 6.516 
1703468759.611 7.279 6.409 
1703468759.711 7.219 6.291 
1703468759.811 7.164 6.169 
1703468759.911 7.109 6.066 
1703468760.011 7.044 5.974 
1703468760.110 6.977 5.875 
1703468760.210 6.897 5.782 
1703468760.311 6.798 5.700 
1703468760.411 6.695 5.628 
1703468760.511 6.616 5.566 
1703468760.612 6.550 5.523 
1703468760.712 6.478 5.478 
1703468760.811 6.385 5.432 
1703468760.912 6.287 5.377 
1703468761.013 6.188 5.337 
1703468761.112 6.101 5.293 
1703468761.218 6.007 5.241 
1703468761.315 5.914 5.208 
1703468761.414 5.819 5.169 
1703468761.514 5.721 5.108 
1703468761.614 5.618 5.034 
1703468762.219 5.586 4.970 
1703468762.220 5.586 4.970 
1703468762.321 5.573 4.938 
1703468762.420 5.528 4.858 
1703468762.521 5.476 4.755 
1703468762.621 5.440 4.644 
1703468762.720 5.403 4.530 
1703468762.821 5.375 4.414 
1703468762.921 5.350 4.297 
1703468763.020 5.322 4.179 
1703468763.121 5.293 4.061 
1703468763.221 5.270 3.943 
1703468763.321 5.254 3.825 
1703468763.421 5.238 3.705 
1703468763.527 5.219 3.582 
1703468763.624 5.204 3.464 
1703468763.723 5.196 3.345 
1703468763.822 5.189 3.223 
1703468763.922 5.179 3.101 
1703468764.023 5.169 2.978 
1703468764.122 5.167 2.861 
1703468764.223 5.167 2.739 
1703468764.323 5.163 2.619 
1703468764.422 5.159 2.498 
1703468764.523 5.161 2.378 
1703468764.623 5.160 2.258 
1703468764.722 5.163 2.137 
1703468764.823 5.166 2.016 
1703468764.923 5.163 1.912 
1703468765.023 5.170 1.826 
1703468765.123 5.174 1.737 
1703468765.224 5.177 1.645 
1703468765.324 5.180 1.554 
1703468765.424 5.182 1.462 
1703468765.523 5.185 1.373 
1703468765.624 5.188 1.280 
1703468765.724 5.191 1.191 
1703468765.824 5.194 1.102 
1703468765.924 5.193 1.011 
1703468766.024 5.193 0.921 
1703468766.125 5.194 0.832 
1703468766.224 5.196 0.744 
1703468766.325 5.197 0.657 
1703468766.425 5.197 0.570 
1703468766.525 5.196 0.483 
1703468766.626 5.194 0.396 
1703468766.726 5.188 0.304 
1703468766.826 5.189 0.222 
1703468766.925 5.184 0.140 
1703468767.027 5.178 0.056 
1703468767.127 5.171 -0.026 
1703468767.228 5.161 -0.107 
1703468767.327 5.149 -0.188 
1703468767.428 5.137 -0.269 
1703468767.528 5.125 -0.343 
1703468767.628 5.115 -0.419 
1703468767.728 5.105 -0.495 
1703468767.828 5.094 -0.571 
1703468767.931 5.082 -0.650 
1703468768.028 5.066 -0.728 
1703468768.128 5.046 -0.814 
1703468768.229 5.041 -0.885 
1703468768.331 5.029 -0.961 
1703468768.428 4.997 -1.056 
1703468768.529 4.968 -1.171 
1703468768.629 4.938 -1.267 
1703468768.730 4.920 -1.352 
1703468768.829 4.917 -1.426 
1703468768.929 4.906 -1.502 
1703468769.029 4.874 -1.556 
1703468769.128 4.848 -1.617 
1703468769.230 4.836 -1.698 
1703468769.329 4.793 -1.758 
1703468769.430 4.757 -1.815 
1703468769.530 4.751 -1.891 
1703468769.632 4.774 -1.982 
1703468769.730 4.821 -2.077 
1703468769.830 4.908 -2.167 
1703468769.931 5.017 -2.237 
1703468770.030 5.112 -2.272 
1703468770.131 5.207 -2.274 
1703468770.230 5.317 -2.283 
1703468770.331 5.430 -2.282 
1703468770.431 5.526 -2.269 
1703468770.531 5.626 -2.264 
1703468770.631 5.734 -2.258 
1703468770.731 5.839 -2.251 
1703468770.831 5.945 -2.246 
1703468770.932 6.051 -2.241 
1703468771.031 6.154 -2.237 
1703468771.132 6.250 -2.234 
1703468771.232 6.342 -2.232 
1703468771.332 6.428 -2.231 
1703468771.432 6.502 -2.221 
1703468771.532 6.580 -2.210 
1703468771.633 6.673 -2.178 
1703468771.734 6.781 -2.107 
1703468771.834 6.871 -2.048 
1703468771.933 6.943 -1.962 
1703468772.033 6.996 -1.875 
1703468772.133 7.029 -1.790 
1703468772.234 7.053 -1.721 
1703468772.334 7.073 -1.676 
1703468772.434 7.106 -1.621 
1703468772.534 7.211 -1.533 
1703468772.634 7.316 -1.458 
1703468772.734 7.389 -1.385 
1703468772.834 7.453 -1.331 
1703468772.935 7.523 -1.288 
1703468773.035 7.576 -1.254 
1703468773.135 7.621 -1.226 
1703468773.234 7.681 -1.210 
1703468773.334 7.781 -1.198 
