1704872360.834 274
1704872361.115 274
1704872361.380 274
1704872361.648 275
1704872361.953 275
1704872362.479 276
1704872362.775 301
1704872363.130 304
1704872363.393 305
1704872363.709 305
1704872364.026 306
1704872364.308 306
1704872364.598 307
1704872364.912 309
1704872365.217 353
1704872365.502 382
1704872365.791 423
1704872366.077 439
1704872366.334 453
1704872366.653 486
1704872366.945 505
1704872367.234 544
1704872367.537 594
1704872367.824 623
1704872368.169 657
1704872368.474 690
1704872368.845 721
1704872369.165 752
1704872369.511 767
1704872369.803 776
1704872370.085 787
1704872370.385 794
1704872370.662 798
1704872370.960 804
1704872371.250 805
1704872371.546 805
1704872371.841 807
1704872372.138 813
1704872372.432 821
1704872372.762 833
1704872373.062 855
1704872373.361 876
1704872373.662 887
1704872373.947 893
1704872374.237 899
1704872374.545 913
1704872374.851 921
1704872375.169 926
1704872375.466 927
1704872375.735 941
1704872376.022 953
1704872376.290 954
1704872376.566 955
1704872376.871 968
1704872377.172 985
1704872377.439 992
1704872377.706 993
1704872377.972 1007
1704872378.255 1022
1704872378.560 1040
1704872378.816 1057
1704872379.105 1102
1704872379.427 1137
1704872379.704 1157
1704872379.987 1181
1704872380.272 1181
1704872380.575 1188
1704872380.863 1196
1704872381.157 1196
1704872381.453 1217
1704872381.755 1224
1704872382.048 1266
1704872382.346 1283
1704872382.651 1360
1704872382.954 1440
1704872383.262 1476
1704872383.548 1514
1704872383.835 1527
1704872384.131 1529
1704872384.418 1531
1704872384.705 1534
1704872384.981 1538
1704872385.287 1540
1704872385.567 1541
1704872385.889 1542
1704872386.184 1542
1704872386.477 1545
1704872386.760 1561
1704872387.065 1584
1704872387.353 1625
1704872387.630 1691
1704872387.910 1720
1704872388.188 1721
1704872388.452 1721
1704872388.719 1721
1704872388.999 1721
1704872389.255 1724
1704872389.515 1734
1704872389.774 1742
1704872390.035 1758
1704872390.381 1780
1704872390.628 1790
1704872390.898 1809
1704872391.175 1820
1704872391.470 1831
1704872391.738 1840
1704872392.029 1844
1704872392.313 1849
1704872392.577 1866
1704872392.873 1885
1704872393.157 1909
1704872393.446 1931
1704872393.742 1946
1704872394.020 1970
1704872394.296 2003
1704872394.604 2071
1704872394.874 2114
1704872395.214 2162
1704872395.502 2184
1704872395.803 2203
1704872396.090 2254
1704872396.358 2279
1704872396.643 2282
1704872396.956 2285
1704872397.228 2288
1704872397.603 2309
1704872397.920 2325
1704872398.205 2348
1704872398.495 2355
1704872398.799 2369
1704872399.085 2370
1704872399.386 2370
1704872399.664 2370
1704872399.945 2377
1704872400.283 2436
1704872400.582 2495
1704872400.850 2571
1704872401.154 2596
1704872401.423 2636
1704872401.709 2735
1704872401.993 2808
1704872402.285 2832
1704872402.606 2860
1704872402.881 2876
1704872403.241 2917
1704872403.562 2968
1704872403.854 3010
1704872404.132 3031
1704872404.413 3031
1704872404.692 3037
1704872404.972 3039
1704872405.257 3042
1704872405.546 3060
1704872405.849 3072
1704872406.133 3094
1704872406.401 3121
1704872406.696 3147
1704872406.985 3178
1704872407.264 3197
1704872407.553 3221
1704872407.855 3243
1704872408.220 3265
1704872408.540 3293
1704872408.823 3302
1704872409.112 3311
1704872409.461 3331
1704872409.747 3369
1704872410.027 3372
1704872410.352 3382
1704872410.657 3386
1704872410.929 3387
1704872411.226 3388
1704872411.508 3388
1704872411.801 3388
1704872412.083 3388
1704872412.367 3388
1704872412.657 3388
1704872412.966 3388
1704872413.250 3388
1704872413.548 3388
1704872413.841 3388
1704872414.143 3388
1704872414.440 3388
1704872414.743 3388
1704872415.062 3388
1704872415.360 3388
1704872415.696 3389
1704872415.986 3400
1704872416.261 3402
1704872416.548 3408
1704872416.833 3414
1704872417.117 3414
1704872417.396 3416
1704872417.723 3419
1704872418.080 3424
1704872418.362 3424
1704872418.644 3424
1704872418.931 3426
1704872419.229 3446
1704872419.514 3499
1704872419.804 3508
1704872420.086 3509
1704872420.365 3511
1704872420.643 3516
1704872420.941 3520
1704872421.233 3522
1704872421.530 3525
1704872421.815 3529
1704872422.096 3532
1704872422.393 3544
1704872422.670 3551
1704872422.955 3551
1704872423.251 3563
1704872423.540 3569
1704872423.849 3577
1704872424.179 3587
1704872424.436 3590
1704872424.705 3598
1704872425.013 3600
1704872425.278 3605
1704872425.536 3611
1704872425.799 3615
1704872426.057 3616
1704872426.358 3616
1704872426.674 3616
1704872426.957 3634
1704872427.263 3638
1704872427.529 3645
1704872427.787 3647
1704872428.060 3647
1704872428.338 3647
1704872428.618 3647
1704872428.894 3647
1704872429.191 3647
1704872429.465 3660
1704872429.738 3660
1704872430.030 3660
1704872430.293 3660
1704872430.587 3660
1704872430.853 3662
1704872431.108 3663
1704872431.373 3663
1704872431.693 3663
1704872431.957 3663
1704872432.230 3663
1704872432.552 3663
1704872432.825 3663
1704872433.108 3663
1704872433.420 3663
1704872433.710 3663
1704872433.997 3663
1704872434.279 3664
1704872434.558 3665
1704872434.838 3668
1704872435.117 3668
1704872435.403 3670
1704872435.691 3671
1704872435.972 3671
1704872436.258 3671
1704872436.565 3671
1704872436.838 3671
1704872437.128 3671
1704872437.409 3671
1704872437.711 3671
1704872437.997 3677
1704872438.287 3718
1704872438.562 3741
1704872438.854 3760
1704872439.126 3763
1704872439.409 3767
1704872439.689 3773
1704872439.992 3806
1704872440.275 3857
1704872440.562 3891
1704872440.859 3946
1704872441.182 3990
1704872441.469 4009
1704872441.747 4026
1704872442.017 4074
1704872442.303 4123
1704872442.580 4150
1704872442.875 4167
1704872443.180 4186
1704872443.481 4198
1704872443.765 4198
1704872444.049 4198
1704872444.383 4199
1704872444.721 4200
1704872445.015 4219
1704872445.308 4240
1704872445.617 4241
1704872445.916 4242
1704872446.193 4242
1704872446.493 4242
1704872446.785 4242
1704872447.136 4242
1704872447.427 4331
1704872447.699 4335
1704872447.979 4335
1704872448.272 4335
1704872448.538 4335
1704872448.818 4335
1704872449.107 4343
1704872449.385 4350
1704872449.669 4404
1704872449.943 4416
1704872450.224 4429
1704872450.551 4434
1704872450.855 4434
1704872451.214 4434
1704872451.534 4434
1704872451.811 4434
1704872452.138 4434
1704872452.444 4435
1704872452.725 4435
1704872452.995 4435
1704872453.264 4435
1704872453.549 4437
1704872453.822 4437
1704872454.103 4441
1704872454.409 4443
1704872454.679 4444
1704872454.951 4450
1704872455.248 4459
1704872455.555 4484
1704872455.836 4524
1704872456.116 4599
1704872456.449 4651
1704872456.731 4721
1704872457.011 4781
1704872457.299 4819
1704872457.596 4856
1704872457.877 4879
1704872458.155 4888
1704872458.450 4921
1704872458.735 4950
1704872459.015 4977
1704872459.313 4980
1704872459.586 4980
1704872459.870 4988
1704872460.150 5004
1704872460.427 5017
1704872460.711 5020
1704872460.982 5046
1704872461.260 5057
1704872461.526 5065
1704872461.800 5072
1704872462.085 5087
1704872462.355 5128
1704872462.623 5131
1704872462.905 5131
1704872463.191 5146
1704872463.471 5146
1704872463.739 5146
1704872464.020 5146
1704872464.294 5150
1704872464.577 5152
1704872464.837 5154
1704872465.112 5156
1704872465.406 5158
1704872465.716 5158
1704872466.005 5158
1704872466.267 5158
1704872466.560 5191
1704872466.829 5250
1704872467.173 5269
1704872467.469 5271
1704872467.745 5274
1704872468.043 5296
1704872468.318 5302
1704872468.607 5308
1704872468.897 5332
1704872469.177 5334
1704872469.458 5334
1704872469.737 5334
1704872470.023 5334
1704872470.350 5334
1704872470.617 5334
1704872470.917 5340
1704872471.223 5343
1704872471.520 5437
1704872471.797 5458
1704872472.065 5459
1704872472.350 5460
1704872472.626 5461
1704872472.891 5461
1704872473.182 5461
1704872473.464 5461
1704872473.740 5461
1704872474.033 5461
1704872474.300 5461
1704872474.579 5461
1704872474.858 5465
1704872475.136 5465
1704872475.413 5465
1704872475.689 5465
1704872475.989 5465
1704872476.283 5465
1704872476.569 5465
1704872476.884 5465
1704872477.222 5465
1704872477.529 5465
1704872477.815 5465
1704872478.140 5472
1704872478.461 5475
1704872478.754 5482
1704872479.041 5493
1704872479.328 5500
1704872479.609 5511
1704872479.898 5518
1704872480.188 5531
1704872480.470 5542
1704872480.762 5554
1704872481.039 5572
1704872481.321 5585
1704872481.604 5597
1704872481.891 5602
1704872482.173 5615
1704872482.456 5632
1704872482.744 5642
1704872483.040 5646
1704872483.385 5648
1704872483.702 5650
1704872483.969 5650
1704872484.259 5650
1704872484.533 5650
1704872484.843 5650
1704872485.130 5653
1704872485.396 5653
1704872485.663 5654
1704872485.915 5654
1704872486.199 5658
1704872486.470 5665
1704872486.756 5668
1704872487.074 5669
1704872487.446 5673
1704872487.762 5673
1704872488.043 5673
1704872488.338 5673
1704872488.631 5673
1704872488.900 5673
1704872489.185 5673
1704872489.475 5673
1704872489.738 5673
1704872490.012 5674
1704872490.279 5674
1704872490.548 5674
1704872490.818 5674
1704872491.098 5674
1704872491.382 5675
1704872491.699 5676
1704872491.968 5676
1704872492.256 5676
1704872492.534 5676
1704872492.843 5676
1704872493.177 5676
1704872493.443 5676
1704872493.705 5676
1704872493.983 5676
1704872494.240 5678
1704872494.507 5679
1704872494.767 5679
1704872495.035 5682
1704872495.331 5700
1704872495.606 5713
1704872495.887 5721
1704872496.161 5725
1704872496.426 5725
1704872496.706 5726
1704872496.985 5726
1704872497.262 5726
1704872497.534 5726
1704872497.815 5726
1704872498.088 5727
1704872498.360 5727
1704872498.647 5727
1704872498.941 5727
1704872499.206 5727
1704872499.457 5727
1704872499.729 5727
1704872500.001 5727
1704872500.274 5727
1704872500.546 5727
1704872500.826 5730
1704872501.113 5753
1704872501.387 5761
1704872501.668 5790
1704872501.947 5806
1704872502.223 5825
1704872502.494 5831
1704872502.843 5832
1704872503.187 5835
1704872503.500 5843
1704872503.764 5843
1704872504.043 5843
1704872504.313 5852
1704872504.591 5862
1704872504.855 5872
1704872505.149 5880
1704872505.475 5890
1704872505.753 5890
1704872506.038 5890
1704872506.306 5890
1704872506.616 5890
1704872506.895 5890
1704872507.167 5890
1704872507.443 5890
1704872507.725 5890
1704872508.015 5890
1704872508.320 5890
1704872508.604 5890
1704872508.926 5890
1704872509.218 5890
1704872509.476 5890
1704872509.749 5890
1704872510.058 5890
1704872510.350 5891
1704872510.628 5894
1704872510.913 5901
1704872511.201 5901
1704872511.480 5901
1704872511.761 5904
1704872512.041 5906
1704872512.323 5907
1704872512.611 5907
1704872512.916 5907
1704872513.177 5908
1704872513.447 5911
1704872513.713 5912
1704872513.996 5913
1704872514.262 5913
1704872514.563 5913
1704872514.866 5913
1704872515.143 5913
1704872515.524 5913
1704872515.844 5913
1704872516.120 5913
1704872516.456 5913
1704872516.760 5913
1704872517.035 5914
1704872517.313 5914
1704872517.633 5915
1704872517.915 5915
1704872518.177 5916
1704872518.438 5916
1704872518.742 5916
1704872519.038 5916
1704872519.322 5920
1704872519.599 5939
1704872519.879 5955
1704872520.170 5974
1704872520.444 5982
1704872520.721 5982
1704872521.035 5994
1704872521.313 5994
1704872521.587 5994
1704872521.867 5999
1704872522.144 5999
1704872522.422 6000
1704872522.704 6004
1704872522.982 6009
1704872523.305 6013
1704872523.599 6020
1704872523.879 6029
1704872524.160 6035
1704872524.459 6037
1704872524.825 6041
1704872525.131 6042
1704872525.418 6042
1704872525.689 6043
1704872525.975 6045
1704872526.256 6045
1704872526.538 6045
1704872526.816 6046
1704872527.097 6046
1704872527.380 6046
1704872527.666 6046
1704872527.937 6046
1704872528.225 6046
1704872528.486 6046
1704872528.769 6046
1704872529.057 6046
1704872529.352 6047
1704872529.662 6047
1704872529.946 6048
1704872530.228 6048
1704872530.510 6050
1704872530.791 6053
1704872531.064 6054
1704872531.401 6055
1704872531.676 6057
1704872531.953 6060
1704872532.233 6063
1704872532.551 6069
1704872532.825 6076
1704872533.118 6076
1704872533.396 6076
1704872533.660 6076
1704872533.960 6076
1704872534.227 6080
1704872534.497 6080
1704872534.772 6080
1704872535.058 6083
1704872535.335 6086
1704872535.636 6088
1704872535.972 6088
1704872536.261 6088
1704872536.535 6088
1704872536.821 6098
1704872537.091 6110
1704872537.370 6125
1704872537.631 6125
1704872537.926 6125
1704872538.210 6125
1704872538.521 6125
1704872538.799 6125
1704872539.109 6125
1704872539.401 6125
1704872539.687 6125
1704872539.968 6125
1704872540.252 6125
1704872540.525 6125
1704872540.800 6125
1704872541.095 6125
1704872541.374 6125
1704872541.645 6125
1704872541.935 6127
1704872542.217 6127
1704872542.497 6127
1704872542.782 6127
1704872543.055 6127
1704872543.339 6128
1704872543.610 6128
1704872543.881 6128
1704872544.150 6128
1704872544.430 6128
1704872544.706 6128
1704872544.992 6128
1704872545.276 6133
1704872545.539 6133
1704872545.798 6133
1704872546.074 6133
1704872546.358 6133
1704872546.623 6133
1704872546.891 6133
1704872547.160 6133
1704872547.441 6133
1704872547.712 6133
1704872547.999 6133
1704872548.280 6133
1704872548.563 6133
1704872548.860 6133
1704872549.141 6133
1704872549.429 6133
1704872549.720 6133
1704872550.000 6133
1704872550.287 6133
1704872550.563 6137
1704872550.843 6137
1704872551.125 6137
1704872551.406 6137
1704872551.678 6137
1704872551.988 6137
1704872552.262 6137
1704872552.568 6137
1704872552.837 6137
1704872553.116 6137
1704872553.398 6137
1704872553.659 6137
1704872553.935 6137
1704872554.212 6137
1704872554.550 6138
1704872554.829 6145
1704872555.150 6157
1704872555.423 6166
1704872555.716 6176
1704872555.999 6202
1704872556.280 6216
1704872556.555 6236
1704872556.841 6249
1704872557.158 6272
1704872557.450 6285
1704872557.724 6300
1704872558.010 6309
1704872558.293 6319
1704872558.575 6327
1704872558.853 6336
1704872559.132 6338
1704872559.405 6341
1704872559.680 6352
1704872559.952 6352
1704872560.241 6353
1704872560.512 6353
1704872560.792 6355
1704872561.072 6359
1704872561.347 6362
1704872561.626 6363
1704872561.902 6365
1704872562.173 6366
1704872562.499 6368
1704872562.827 6373
1704872563.123 6373
1704872563.400 6375
1704872563.684 6376
1704872563.956 6378
1704872564.257 6383
1704872564.555 6385
1704872564.891 6386
1704872565.243 6388
1704872565.529 6389
1704872565.874 6396
1704872566.180 6396
1704872566.467 6397
1704872566.751 6399
1704872567.051 6415
1704872567.306 6421
1704872567.606 6429
1704872567.881 6435
1704872568.155 6440
1704872568.430 6441
1704872568.681 6441
1704872568.941 6441
1704872569.213 6441
1704872569.498 6441
1704872569.795 6441
1704872570.067 6441
1704872570.345 6441
1704872570.613 6441
1704872570.895 6441
1704872571.176 6441
1704872571.464 6441
1704872571.739 6441
1704872572.012 6441
1704872572.283 6441
1704872572.552 6441
1704872572.826 6441
1704872573.110 6441
1704872573.380 6441
1704872573.637 6441
1704872573.925 6468
1704872574.223 6471
1704872574.485 6471
1704872574.769 6472
1704872575.053 6472
1704872575.321 6492
1704872575.566 6492
1704872575.837 6492
1704872576.109 6492
1704872576.375 6492
1704872576.646 6492
1704872576.926 6492
1704872577.206 6492
1704872577.482 6492
1704872577.770 6492
1704872578.026 6492
1704872578.300 6492
1704872578.577 6492
1704872578.856 6492
1704872579.133 6496
1704872579.415 6496
1704872579.713 6496
1704872580.000 6497
1704872580.307 6499
1704872580.569 6500
1704872580.851 6501
1704872581.132 6507
1704872581.402 6512
1704872581.688 6513
1704872582.045 6519
1704872582.378 6519
1704872582.666 6520
1704872582.974 6520
1704872583.256 6521
1704872583.536 6521
1704872583.810 6523
1704872584.093 6526
1704872584.376 6528
1704872584.650 6531
1704872584.946 6533
1704872585.228 6536
1704872585.503 6536
1704872585.776 6536
1704872586.051 6536
1704872586.351 6537
1704872586.605 6537
1704872586.884 6537
1704872587.178 6537
1704872587.457 6537
1704872587.729 6537
1704872588.031 6537
1704872588.285 6537
1704872588.551 6537
1704872588.814 6537
1704872589.074 6537
1704872589.365 6537
1704872589.647 6537
1704872589.920 6537
1704872590.190 6537
1704872590.454 6537
1704872590.716 6537
1704872591.025 6608
1704872591.310 6608
1704872591.607 6608
1704872591.892 6610
1704872592.147 6610
1704872592.435 6610
1704872592.713 6610
1704872592.996 6611
1704872593.288 6611
1704872593.560 6611
1704872593.851 6612
1704872594.147 6620
1704872594.411 6624
1704872594.703 6627
1704872594.976 6631
1704872595.270 6633
1704872595.549 6633
1704872595.831 6633
1704872596.133 6634
1704872596.398 6634
1704872596.674 6634
1704872596.952 6636
1704872597.229 6640
1704872597.506 6647
1704872597.794 6660
1704872598.083 6675
1704872598.363 6678
1704872598.657 6682
1704872598.986 6686
1704872599.280 6686
1704872599.555 6687
1704872599.843 6687
1704872600.111 6687
1704872600.392 6687
1704872600.651 6687
1704872600.933 6697
1704872601.230 6699
1704872601.572 6699
1704872601.827 6699
1704872602.178 6699
1704872602.441 6700
1704872602.719 6700
1704872602.991 6701
1704872603.270 6704
1704872603.546 6706
1704872603.824 6708
1704872604.105 6709
1704872604.382 6710
1704872604.665 6711
1704872604.951 6711
1704872605.224 6712
1704872605.511 6719
1704872605.791 6722
1704872606.061 6723
1704872606.344 6725
1704872606.632 6728
1704872606.893 6735
1704872607.179 6742
1704872607.478 6743
1704872607.751 6747
1704872608.028 6747
1704872608.309 6750
1704872608.583 6754
1704872608.876 6764
1704872609.206 6770
1704872609.502 6782
1704872609.825 6797
1704872610.108 6811
1704872610.403 6818
1704872610.694 6822
1704872610.987 6824
1704872611.260 6824
1704872611.527 6824
1704872611.805 6824
1704872612.100 6824
1704872612.383 6824
1704872612.665 6824
1704872612.944 6824
1704872613.229 6824
1704872613.485 6825
1704872613.768 6828
1704872614.047 6834
1704872614.335 6837
1704872614.616 6844
1704872614.903 6848
1704872615.185 6849
1704872615.452 6849
1704872615.716 6849
1704872616.001 6849
1704872616.276 6849
1704872616.551 6849
1704872616.840 6849
1704872617.119 6849
1704872617.404 6849
1704872617.686 6849
1704872617.974 6849
1704872618.239 6849
1704872618.579 6849
1704872618.830 6849
1704872619.091 6857
1704872619.350 6857
1704872619.621 6857
1704872619.895 6857
1704872620.154 6857
1704872620.422 6857
1704872620.704 6857
1704872620.980 6857
1704872621.257 6857
1704872621.532 6857
1704872621.807 6857
1704872622.090 6857
1704872622.350 6857
1704872622.624 6857
1704872622.917 6858
1704872623.217 6858
1704872623.482 6858
1704872623.746 6858
1704872624.032 6858
1704872624.301 6858
1704872624.573 6858
1704872624.844 6858
1704872625.120 6858
1704872625.391 6858
1704872625.666 6858
1704872625.941 6858
1704872626.210 6858
1704872626.486 6858
1704872626.776 6858
1704872627.116 6858
1704872627.426 6858
1704872627.752 6858
1704872628.027 6858
1704872628.298 6858
1704872628.582 6858
1704872628.856 6858
1704872629.150 6858
1704872629.407 6858
1704872629.702 6858
1704872629.989 6858
1704872630.277 6858
1704872630.588 6858
1704872630.890 6858
1704872631.215 6858
1704872631.499 6858
1704872631.775 6858
1704872632.054 6858
1704872632.351 6860
1704872632.637 6860
1704872632.933 6860
1704872633.197 6860
1704872633.452 6860
1704872633.715 6860
1704872633.989 6860
1704872634.257 6860
1704872634.523 6860
1704872634.789 6860
1704872635.058 6860
1704872635.321 6860
1704872635.604 6860
1704872635.890 6860
1704872636.178 6860
1704872636.464 6860
1704872636.754 6860
1704872637.041 6860
1704872637.312 6860
1704872637.604 6860
1704872637.895 6860
1704872638.174 6860
1704872638.463 6866
1704872638.745 6866
1704872639.024 6866
1704872639.304 6866
1704872639.601 6866
1704872639.885 6866
1704872640.154 6866
1704872640.430 6866
1704872640.727 6866
1704872641.005 6866
1704872641.272 6866
1704872641.548 6866
1704872641.824 6866
1704872642.127 6866
1704872642.428 6866
1704872642.711 6866
1704872642.985 6866
1704872643.249 6866
1704872643.569 6866
1704872643.854 6885
1704872644.147 6890
1704872644.429 6890
1704872644.711 6890
1704872645.017 6890
