1704871940.818 274
1704871941.155 274
1704871941.409 274
1704871941.693 275
1704871942.165 275
1704871942.521 298
1704871942.941 309
1704871943.224 309
1704871943.526 310
1704871943.811 311
1704871944.105 311
1704871944.392 312
1704871944.700 346
1704871944.996 388
1704871945.284 426
1704871945.575 455
1704871945.862 462
1704871946.168 478
1704871946.452 533
1704871946.775 572
1704871947.055 587
1704871947.353 625
1704871947.638 646
1704871947.929 652
1704871948.233 690
1704871948.526 727
1704871948.827 775
1704871949.151 799
1704871949.461 799
1704871949.772 800
1704871950.037 804
1704871950.323 807
1704871950.616 809
1704871950.909 819
1704871951.199 824
1704871951.473 826
1704871951.775 827
1704871952.060 830
1704871952.350 833
1704871952.633 833
1704871952.924 834
1704871953.215 834
1704871953.515 834
1704871953.818 836
1704871954.125 839
1704871954.423 842
1704871954.718 862
1704871955.007 892
1704871955.304 978
1704871955.632 1049
1704871955.939 1244
1704871956.210 1343
1704871956.491 1401
1704871956.751 1440
1704871957.016 1480
1704871957.304 1507
1704871957.606 1531
1704871957.874 1548
1704871958.166 1569
1704871958.437 1593
1704871958.710 1626
1704871958.996 1649
1704871959.305 1659
1704871959.585 1659
1704871959.874 1659
1704871960.163 1659
1704871960.450 1659
1704871960.755 1659
1704871961.115 1659
1704871961.400 1659
1704871961.673 1666
1704871961.969 1687
1704871962.263 1713
1704871962.563 1745
1704871962.854 1798
1704871963.150 1860
1704871963.439 1873
1704871963.718 1904
1704871964.053 1904
1704871964.339 1904
1704871964.611 1904
1704871964.903 1905
1704871965.228 1905
1704871965.507 1909
1704871965.784 1909
1704871966.112 1909
1704871966.409 1909
1704871966.698 1909
1704871967.075 1914
1704871967.357 1914
1704871967.631 1914
1704871967.928 1914
1704871968.227 1914
1704871968.591 1914
1704871968.878 1914
1704871969.169 1914
1704871969.474 1914
1704871969.835 1914
1704871970.132 1914
1704871970.426 1914
1704871970.715 1914
1704871971.001 1914
1704871971.313 1914
1704871971.593 1915
1704871971.897 1915
1704871972.182 1917
1704871972.492 1919
1704871972.776 1920
1704871973.064 1922
1704871973.352 1926
1704871973.639 1942
1704871973.925 1962
1704871974.234 1981
1704871974.518 1985
1704871974.795 1985
1704871975.079 1986
1704871975.400 1986
1704871975.689 1986
1704871975.983 1986
1704871976.285 1986
1704871976.566 1986
1704871976.851 1986
1704871977.168 1987
1704871977.455 1987
1704871977.741 1987
1704871978.033 1987
1704871978.336 1997
1704871978.612 1998
1704871978.900 1998
1704871979.187 1998
1704871979.491 2023
1704871979.759 2023
1704871980.038 2024
1704871980.315 2026
1704871980.584 2026
1704871980.850 2026
1704871981.110 2026
1704871981.383 2027
1704871981.661 2027
1704871981.907 2027
1704871982.176 2028
1704871982.435 2028
1704871982.716 2028
1704871982.997 2028
1704871983.271 2028
1704871983.561 2028
1704871983.821 2028
1704871984.104 2028
1704871984.424 2030
1704871984.720 2030
1704871984.980 2030
1704871985.273 2044
1704871985.585 2044
1704871985.872 2047
1704871986.176 2050
1704871986.424 2050
1704871986.696 2052
1704871986.986 2055
1704871987.267 2056
1704871987.559 2072
1704871987.841 2093
1704871988.120 2142
1704871988.405 2196
1704871988.693 2284
1704871988.970 2330
1704871989.236 2382
1704871989.498 2443
1704871989.776 2468
1704871990.051 2492
1704871990.334 2495
1704871990.613 2515
1704871990.897 2545
1704871991.184 2597
1704871991.468 2610
1704871991.758 2631
1704871992.054 2657
1704871992.340 2678
1704871992.665 2748
1704871992.957 2795
1704871993.271 2800
1704871993.565 2813
1704871993.857 2826
1704871994.156 2858
1704871994.438 2941
1704871994.723 2972
1704871995.022 2977
1704871995.312 2979
1704871995.606 3110
1704871995.881 3196
1704871996.172 3225
1704871996.464 3240
1704871996.739 3244
1704871997.013 3251
1704871997.300 3253
1704871997.605 3257
1704871997.882 3268
1704871998.168 3269
1704871998.457 3276
1704871998.751 3291
1704871999.034 3303
1704871999.316 3316
1704871999.590 3322
1704871999.879 3355
1704872000.154 3370
1704872000.436 3387
1704872000.715 3397
1704872000.992 3418
1704872001.290 3428
1704872001.582 3468
1704872001.870 3469
1704872002.161 3472
1704872002.479 3496
1704872002.765 3514
1704872003.053 3532
1704872003.371 3591
1704872003.650 3624
1704872003.927 3677
1704872004.215 3728
1704872004.495 3736
1704872004.830 3770
1704872005.136 3784
1704872005.428 3795
1704872005.722 3801
1704872006.029 3835
1704872006.329 3936
1704872006.614 3967
1704872006.897 3993
1704872007.183 4032
1704872007.471 4062
1704872007.752 4090
1704872008.036 4130
1704872008.317 4197
1704872008.596 4226
1704872008.888 4272
1704872009.163 4290
1704872009.438 4324
1704872009.734 4369
1704872010.008 4375
1704872010.290 4381
1704872010.564 4389
1704872010.844 4392
1704872011.122 4392
1704872011.413 4396
1704872011.713 4396
1704872012.068 4398
1704872012.368 4399
1704872012.663 4401
1704872012.939 4404
1704872013.249 4406
1704872013.514 4406
1704872013.795 4407
1704872014.072 4408
1704872014.374 4410
1704872014.628 4412
1704872014.906 4414
1704872015.190 4415
1704872015.491 4419
1704872015.733 4428
1704872016.016 4429
1704872016.283 4430
1704872016.546 4431
1704872016.815 4431
1704872017.075 4432
1704872017.348 4436
1704872017.622 4436
1704872017.908 4436
1704872018.176 4436
1704872018.444 4436
1704872018.729 4438
1704872019.017 4442
1704872019.290 4445
1704872019.576 4445
1704872019.910 4446
1704872020.189 4446
1704872020.471 4447
1704872020.777 4447
1704872021.088 4447
1704872021.432 4447
1704872021.732 4447
1704872022.028 4447
1704872022.312 4447
1704872022.597 4447
1704872022.872 4449
1704872023.155 4451
1704872023.435 4452
1704872023.726 4452
1704872024.013 4453
1704872024.300 4454
1704872024.585 4487
1704872024.876 4495
1704872025.171 4533
1704872025.466 4586
1704872025.774 4658
1704872026.042 4719
1704872026.327 4753
1704872026.606 4784
1704872026.876 4808
1704872027.163 4846
1704872027.444 4871
1704872027.753 4884
1704872028.057 4902
1704872028.369 4915
1704872028.687 4940
1704872028.969 4965
1704872029.266 4972
1704872029.555 4972
1704872029.843 4973
1704872030.172 4975
1704872030.458 4978
1704872030.755 4979
1704872031.038 4979
1704872031.335 4979
1704872031.614 4979
1704872031.919 4979
1704872032.215 5045
1704872032.485 5045
1704872032.772 5045
1704872033.080 5045
1704872033.361 5045
1704872033.636 5045
1704872033.925 5045
1704872034.203 5045
1704872034.502 5045
1704872034.807 5045
1704872035.085 5045
1704872035.400 5045
1704872035.680 5045
1704872035.965 5045
1704872036.267 5045
1704872036.572 5045
1704872036.861 5045
1704872037.141 5045
1704872037.441 5045
1704872037.722 5046
1704872038.005 5054
1704872038.293 5082
1704872038.590 5109
1704872038.871 5116
1704872039.173 5122
1704872039.450 5125
1704872039.736 5126
1704872040.013 5126
1704872040.300 5126
1704872040.593 5126
1704872040.891 5126
1704872041.183 5126
1704872041.497 5126
1704872041.772 5126
1704872042.050 5126
1704872042.351 5126
1704872042.605 5126
1704872042.880 5127
1704872043.152 5127
1704872043.440 5127
1704872043.714 5129
1704872043.999 5130
1704872044.349 5132
1704872044.622 5132
1704872044.922 5138
1704872045.248 5150
1704872045.553 5158
1704872045.839 5163
1704872046.145 5167
1704872046.473 5167
1704872046.753 5167
1704872047.038 5167
1704872047.351 5167
1704872047.628 5167
1704872047.897 5167
1704872048.190 5178
1704872048.472 5190
1704872048.754 5207
1704872049.043 5223
1704872049.329 5246
1704872049.623 5258
1704872049.940 5274
1704872050.253 5280
1704872050.535 5281
1704872050.828 5283
1704872051.130 5283
1704872051.414 5292
1704872051.704 5295
1704872051.969 5297
1704872052.257 5299
1704872052.595 5299
1704872052.860 5299
1704872053.135 5299
1704872053.432 5299
1704872053.719 5305
1704872054.004 5307
1704872054.300 5307
1704872054.571 5317
1704872054.833 5317
1704872055.114 5323
1704872055.385 5324
1704872055.654 5324
1704872055.962 5324
1704872056.309 5328
1704872056.563 5329
1704872056.851 5330
1704872057.159 5334
1704872057.434 5341
1704872057.715 5349
1704872058.004 5366
1704872058.281 5387
1704872058.555 5398
1704872058.840 5449
1704872059.124 5454
1704872059.408 5460
1704872059.695 5463
1704872059.969 5464
1704872060.265 5466
1704872060.553 5466
1704872060.805 5466
1704872061.103 5466
1704872061.354 5466
1704872061.621 5466
1704872061.906 5466
1704872062.189 5466
1704872062.459 5466
1704872062.745 5466
1704872063.026 5469
1704872063.307 5477
1704872063.587 5483
1704872063.865 5489
1704872064.164 5502
1704872064.453 5518
1704872064.724 5522
1704872065.018 5530
1704872065.301 5532
1704872065.587 5539
1704872065.853 5543
1704872066.136 5543
1704872066.413 5554
1704872066.690 5559
1704872066.984 5559
1704872067.270 5564
1704872067.554 5568
1704872067.846 5629
1704872068.137 5678
1704872068.411 5685
1704872068.685 5696
1704872068.962 5706
1704872069.243 5714
1704872069.524 5715
1704872069.800 5719
1704872070.096 5726
1704872070.394 5731
1704872070.666 5732
1704872070.943 5732
1704872071.263 5732
1704872071.536 5732
1704872071.819 5732
1704872072.102 5732
1704872072.462 5733
1704872072.797 5744
1704872073.066 5744
1704872073.379 5744
1704872073.680 5744
1704872073.963 5744
1704872074.253 5744
1704872074.563 5744
1704872074.860 5744
1704872075.129 5744
1704872075.396 5744
1704872075.725 5744
1704872076.035 5793
1704872076.330 5879
1704872076.583 5879
1704872076.868 5879
1704872077.186 5879
1704872077.474 5879
1704872077.794 5881
1704872078.065 5884
1704872078.354 5886
1704872078.660 5888
1704872078.951 5888
1704872079.241 5889
1704872079.535 5896
1704872079.825 5899
1704872080.140 5905
1704872080.431 5910
1704872080.730 5918
1704872081.030 5938
1704872081.304 5941
1704872081.586 5944
1704872081.879 5946
1704872082.182 5946
1704872082.490 5946
1704872082.772 5946
1704872083.093 5963
1704872083.371 5969
1704872083.648 5970
1704872083.928 5976
1704872084.198 5976
1704872084.500 5976
1704872084.802 5976
1704872085.081 5976
1704872085.375 5976
1704872085.664 5976
1704872085.940 5976
1704872086.220 5976
1704872086.504 5977
1704872086.812 5983
1704872087.088 5988
1704872087.376 5994
1704872087.648 5999
1704872087.933 6002
1704872088.214 6003
1704872088.496 6003
1704872088.794 6004
1704872089.079 6004
1704872089.355 6004
1704872089.648 6004
1704872089.971 6005
1704872090.250 6011
1704872090.529 6014
1704872090.835 6018
1704872091.132 6026
1704872091.437 6033
1704872091.703 6039
1704872092.000 6045
1704872092.305 6050
1704872092.578 6055
1704872092.862 6060
1704872093.144 6065
1704872093.426 6070
1704872093.712 6075
1704872094.005 6082
1704872094.306 6095
1704872094.586 6110
1704872094.858 6117
1704872095.144 6120
1704872095.443 6127
1704872095.728 6131
1704872096.015 6136
1704872096.289 6139
1704872096.607 6143
1704872096.887 6147
1704872097.177 6147
1704872097.444 6147
1704872097.730 6148
1704872098.010 6160
1704872098.336 6162
1704872098.641 6164
1704872098.914 6165
1704872099.189 6167
1704872099.443 6169
1704872099.706 6169
1704872099.983 6172
1704872100.249 6173
1704872100.521 6173
1704872100.831 6173
1704872101.102 6173
1704872101.393 6173
1704872101.675 6173
1704872101.951 6173
1704872102.247 6173
1704872102.547 6173
1704872102.827 6173
1704872103.151 6173
1704872103.434 6180
1704872103.716 6190
1704872104.016 6199
1704872104.273 6205
1704872104.546 6215
1704872104.841 6221
1704872105.129 6230
1704872105.413 6245
1704872105.688 6267
1704872105.980 6303
1704872106.267 6320
1704872106.565 6335
1704872106.859 6335
1704872107.147 6335
1704872107.436 6336
1704872107.713 6338
1704872107.991 6351
1704872108.267 6355
1704872108.540 6360
1704872108.832 6366
1704872109.130 6370
1704872109.454 6375
1704872109.758 6376
1704872110.032 6384
1704872110.323 6407
1704872110.607 6423
1704872110.877 6425
1704872111.180 6427
1704872111.476 6430
1704872111.751 6431
1704872112.001 6431
1704872112.279 6431
1704872112.560 6431
1704872112.837 6431
1704872113.153 6432
1704872113.479 6432
1704872113.762 6436
1704872114.051 6442
1704872114.348 6448
1704872114.665 6455
1704872114.958 6462
1704872115.243 6466
1704872115.522 6475
1704872115.805 6475
1704872116.100 6476
1704872116.382 6477
1704872116.677 6477
1704872116.973 6478
1704872117.257 6478
1704872117.589 6479
1704872117.871 6479
1704872118.175 6479
1704872118.468 6479
1704872118.755 6479
1704872119.044 6479
1704872119.327 6479
1704872119.609 6479
1704872119.912 6479
1704872120.182 6479
1704872120.467 6479
1704872120.744 6479
1704872121.024 6479
1704872121.297 6479
1704872121.588 6486
1704872121.865 6487
1704872122.148 6487
1704872122.422 6487
1704872122.703 6487
1704872123.041 6487
1704872123.328 6488
1704872123.613 6488
1704872123.890 6489
1704872124.181 6495
1704872124.455 6498
1704872124.817 6498
1704872125.097 6500
1704872125.379 6502
1704872125.716 6505
1704872126.016 6512
1704872126.310 6516
1704872126.588 6525
1704872126.890 6532
1704872127.171 6536
1704872127.463 6546
1704872127.740 6553
1704872128.019 6556
1704872128.336 6562
1704872128.641 6566
1704872128.951 6577
1704872129.236 6578
1704872129.512 6580
1704872129.798 6580
1704872130.078 6581
1704872130.367 6583
1704872130.648 6584
1704872130.928 6585
1704872131.210 6585
1704872131.494 6588
1704872131.785 6611
1704872132.071 6617
1704872132.383 6621
1704872132.639 6621
1704872132.932 6626
1704872133.195 6626
1704872133.474 6626
1704872133.788 6626
1704872134.066 6626
1704872134.345 6626
1704872134.622 6626
1704872134.925 6627
1704872135.188 6627
1704872135.459 6627
1704872135.743 6627
1704872136.040 6627
1704872136.330 6629
1704872136.615 6633
1704872136.902 6640
1704872137.191 6642
1704872137.499 6642
1704872137.825 6642
1704872138.075 6642
1704872138.358 6642
1704872138.652 6642
1704872138.912 6643
1704872139.189 6645
1704872139.477 6646
1704872139.752 6647
1704872140.045 6647
1704872140.330 6648
1704872140.619 6655
1704872140.910 6656
1704872141.225 6660
1704872141.502 6664
1704872141.784 6667
1704872142.094 6667
1704872142.355 6667
1704872142.637 6667
1704872142.946 6667
1704872143.249 6667
1704872143.520 6667
1704872143.796 6668
1704872144.078 6668
1704872144.352 6668
1704872144.628 6668
1704872144.935 6668
1704872145.228 6668
1704872145.509 6673
1704872145.764 6673
1704872146.045 6673
1704872146.300 6674
1704872146.589 6675
1704872146.887 6675
1704872147.171 6675
1704872147.445 6675
1704872147.716 6675
1704872147.980 6675
1704872148.258 6675
1704872148.539 6675
1704872148.826 6675
1704872149.113 6678
1704872149.404 6680
1704872149.682 6681
1704872150.022 6682
1704872150.287 6682
1704872150.556 6707
1704872150.853 6707
1704872151.151 6714
1704872151.452 6714
1704872151.723 6714
1704872151.994 6714
1704872152.273 6714
1704872152.557 6714
1704872152.848 6714
1704872153.193 6714
1704872153.475 6714
1704872153.750 6714
1704872154.020 6714
1704872154.313 6714
1704872154.639 6714
1704872154.918 6714
1704872155.204 6714
1704872155.478 6714
1704872155.761 6714
1704872156.042 6714
1704872156.329 6714
1704872156.580 6714
1704872156.868 6714
1704872157.154 6714
1704872157.444 6714
1704872157.741 6714
1704872158.030 6714
1704872158.301 6714
1704872158.592 6714
1704872158.880 6714
1704872159.156 6714
1704872159.455 6714
1704872159.727 6714
1704872160.013 6714
1704872160.282 6714
1704872160.563 6714
1704872160.846 6714
1704872161.128 6714
1704872161.416 6714
1704872161.699 6714
1704872161.980 6714
1704872162.275 6714
1704872162.544 6715
1704872162.827 6718
1704872163.112 6721
1704872163.450 6724
1704872163.730 6731
1704872164.067 6739
1704872164.362 6747
1704872164.650 6753
1704872164.933 6765
1704872165.228 6770
1704872165.562 6773
1704872165.845 6776
1704872166.132 6776
1704872166.423 6777
1704872166.709 6777
1704872166.994 6777
1704872167.277 6777
1704872167.566 6779
1704872167.859 6779
1704872168.144 6779
1704872168.433 6779
1704872168.740 6779
1704872169.044 6779
1704872169.321 6779
1704872169.601 6779
1704872169.884 6779
1704872170.168 6779
1704872170.448 6779
1704872170.731 6779
1704872171.009 6779
1704872171.292 6779
1704872171.616 6779
1704872171.878 6779
1704872172.150 6779
1704872172.424 6779
1704872172.700 6779
1704872172.984 6785
1704872173.265 6786
1704872173.568 6786
1704872173.866 6786
1704872174.163 6786
1704872174.439 6786
1704872174.722 6786
1704872175.025 6786
1704872175.323 6786
1704872175.663 6787
1704872175.973 6787
1704872176.265 6787
1704872176.533 6787
1704872176.826 6787
1704872177.102 6787
1704872177.383 6787
1704872177.652 6787
1704872177.932 6787
1704872178.211 6788
1704872178.487 6788
1704872178.769 6788
1704872179.046 6788
1704872179.309 6788
1704872179.613 6790
1704872179.879 6790
1704872180.157 6790
1704872180.425 6790
1704872180.734 6794
1704872181.010 6794
1704872181.283 6794
1704872181.551 6794
1704872181.844 6794
1704872182.119 6794
1704872182.394 6794
1704872182.667 6794
1704872182.952 6794
1704872183.233 6794
1704872183.510 6794
1704872183.819 6794
1704872184.099 6794
1704872184.424 6794
1704872184.711 6794
1704872184.998 6794
1704872185.289 6794
1704872185.569 6794
1704872185.846 6794
1704872186.127 6794
1704872186.412 6794
1704872186.690 6794
1704872186.983 6794
1704872187.270 6794
1704872187.565 6795
1704872187.855 6795
1704872188.147 6795
1704872188.427 6795
1704872188.714 6796
1704872188.992 6797
1704872189.268 6804
1704872189.548 6810
1704872189.814 6823
1704872190.084 6828
1704872190.352 6854
1704872190.630 6873
1704872190.917 6882
1704872191.190 6889
1704872191.479 6891
1704872191.772 6892
1704872192.058 6895
1704872192.343 6895
1704872192.641 6895
1704872192.930 6895
1704872193.230 6895
1704872193.516 6895
1704872193.796 6895
1704872194.084 6895
1704872194.367 6895
1704872194.651 6895
1704872194.958 6895
1704872195.251 6895
1704872195.600 6895
1704872195.888 6895
1704872196.160 6895
1704872196.444 6895
1704872196.722 6895
1704872196.996 6895
1704872197.278 6895
1704872197.560 6895
1704872197.851 6895
1704872198.139 6895
1704872198.429 6895
1704872198.688 6895
1704872198.966 6895
1704872199.261 6895
1704872199.539 6895
1704872199.822 6895
1704872200.105 6895
1704872200.398 6895
1704872200.672 6895
1704872200.958 6895
1704872201.229 6895
1704872201.486 6895
1704872201.763 6895
1704872202.050 6897
1704872202.321 6897
1704872202.599 6897
1704872202.873 6897
1704872203.159 6897
1704872203.429 6897
1704872203.702 6897
1704872203.989 6897
1704872204.274 6897
1704872204.569 6897
1704872204.863 6897
1704872205.161 6897
1704872205.450 6897
1704872205.731 6897
1704872206.012 6897
1704872206.295 6897
1704872206.572 6897
1704872206.848 6897
1704872207.174 6897
1704872207.490 6897
1704872207.783 6901
1704872208.073 6910
1704872208.359 6910
1704872208.634 6919
1704872208.926 6921
1704872209.203 6921
1704872209.536 6921
1704872209.821 6921
1704872210.105 6921
1704872210.380 6921
1704872210.667 6921
1704872210.980 6921
1704872211.330 6921
1704872211.593 6921
1704872211.881 6921
1704872212.147 6921
1704872212.446 6921
1704872212.708 6921
1704872212.983 6925
1704872213.274 6925
1704872213.560 6927
1704872213.860 6927
1704872214.153 6927
1704872214.457 6927
1704872214.800 6928
1704872215.071 6928
1704872215.355 6928
1704872215.629 6928
1704872215.919 6928
1704872216.206 6928
1704872216.510 6929
1704872216.798 6929
1704872217.081 6929
1704872217.351 6929
1704872217.621 6929
1704872217.907 6929
1704872218.186 6929
1704872218.452 6929
1704872218.752 6929
1704872219.015 6930
1704872219.292 6930
1704872219.572 6932
1704872219.849 6932
1704872220.124 6934
1704872220.400 6934
1704872220.682 6934
1704872220.951 6934
1704872221.247 6941
1704872221.572 6941
1704872221.895 6941
1704872222.187 6941
1704872222.459 6941
1704872222.732 6941
1704872223.060 6941
1704872223.341 6941
1704872223.631 6941
1704872223.960 6941
1704872224.270 6950
1704872224.628 6951
1704872224.919 6953
1704872225.185 6953
1704872225.462 6954
1704872225.765 6954
1704872226.050 6954
