1704870692.319 275
1704870692.630 275
1704870692.903 275
1704870693.185 275
1704870693.507 275
1704870694.017 276
1704870694.412 286
1704870694.697 287
1704870695.057 288
1704870695.383 289
1704870695.683 289
1704870695.978 293
1704870696.270 299
1704870696.584 358
1704870696.851 372
1704870697.189 392
1704870697.490 461
1704870697.804 510
1704870698.113 528
1704870698.409 545
1704870698.736 577
1704870699.065 590
1704870699.380 595
1704870699.670 608
1704870699.975 619
1704870700.232 667
1704870700.526 712
1704870700.795 776
1704870701.097 892
1704870701.401 983
1704870701.693 1104
1704870702.010 1184
1704870702.309 1231
1704870702.593 1289
1704870702.874 1344
1704870703.150 1388
1704870703.423 1418
1704870703.712 1434
1704870704.011 1522
1704870704.289 1550
1704870704.576 1566
1704870704.863 1568
1704870705.199 1568
1704870705.534 1570
1704870705.819 1572
1704870706.115 1574
1704870706.418 1575
1704870706.713 1576
1704870707.001 1576
1704870707.291 1580
1704870707.583 1581
1704870707.876 1582
1704870708.177 1583
1704870708.452 1583
1704870708.734 1584
1704870709.025 1585
1704870709.329 1585
1704870709.625 1585
1704870709.927 1585
1704870710.247 1585
1704870710.529 1585
1704870710.824 1585
1704870711.111 1585
1704870711.409 1585
1704870711.681 1588
1704870711.946 1591
1704870712.216 1597
1704870712.501 1622
1704870712.807 1626
1704870713.096 1646
1704870713.378 1659
1704870713.695 1678
1704870714.004 1698
1704870714.321 1715
1704870714.602 1749
1704870714.905 1777
1704870715.200 1792
1704870715.545 1809
1704870715.843 1809
1704870716.138 1809
1704870716.448 1810
1704870716.714 1813
1704870717.017 1813
1704870717.325 1813
1704870717.615 1813
1704870717.921 1813
1704870718.268 1813
1704870718.553 1818
1704870718.859 1829
1704870719.106 1832
1704870719.392 1832
1704870719.684 1833
1704870719.996 1840
1704870720.290 1862
1704870720.583 1925
1704870720.869 1934
1704870721.159 1946
1704870721.446 1949
1704870721.731 1953
1704870722.027 1957
1704870722.310 1960
1704870722.580 1969
1704870722.868 1970
1704870723.156 1977
1704870723.500 1985
1704870723.767 1985
1704870724.052 1988
1704870724.349 1993
1704870724.625 1996
1704870724.903 1996
1704870725.210 1996
1704870725.480 1996
1704870725.776 1996
1704870726.069 1996
1704870726.346 1996
1704870726.632 2006
1704870726.904 2006
1704870727.184 2006
1704870727.427 2006
1704870727.700 2008
1704870727.974 2010
1704870728.242 2010
1704870728.515 2010
1704870728.800 2011
1704870729.088 2012
1704870729.390 2014
1704870729.701 2021
1704870729.987 2034
1704870730.292 2059
1704870730.568 2123
1704870730.837 2207
1704870731.112 2258
1704870731.387 2292
1704870731.665 2327
1704870731.981 2365
1704870732.231 2388
1704870732.521 2409
1704870732.808 2416
1704870733.095 2428
1704870733.392 2448
1704870733.679 2493
1704870733.977 2527
1704870734.266 2554
1704870734.556 2568
1704870734.868 2573
1704870735.159 2629
1704870735.459 2643
1704870735.784 2675
1704870736.066 2708
1704870736.356 2723
1704870736.670 2737
1704870737.028 2800
1704870737.387 2844
1704870737.695 2926
1704870737.978 3027
1704870738.262 3119
1704870738.547 3136
1704870738.801 3141
1704870739.069 3141
1704870739.347 3141
1704870739.620 3141
1704870739.913 3141
1704870740.187 3164
1704870740.468 3173
1704870740.763 3188
1704870741.053 3208
1704870741.336 3235
1704870741.607 3261
1704870741.902 3264
1704870742.206 3285
1704870742.492 3328
1704870742.769 3344
1704870743.080 3347
1704870743.367 3373
1704870743.652 3399
1704870743.947 3418
1704870744.227 3429
1704870744.516 3430
1704870744.821 3444
1704870745.152 3457
1704870745.462 3464
1704870745.753 3480
1704870746.037 3490
1704870746.324 3533
1704870746.634 3570
1704870746.923 3592
1704870747.215 3626
1704870747.496 3630
1704870747.786 3651
1704870748.070 3677
1704870748.375 3691
1704870748.683 3695
1704870748.979 3698
1704870749.265 3708
1704870749.557 3717
1704870749.870 3726
1704870750.227 3740
1704870750.535 3754
1704870750.809 3756
1704870751.091 3767
1704870751.409 3821
1704870751.731 3826
1704870752.046 3831
1704870752.377 3835
1704870752.654 3840
1704870752.942 3847
1704870753.237 3851
1704870753.535 3853
1704870753.831 3857
1704870754.122 3870
1704870754.413 3906
1704870754.721 3918
1704870754.983 3945
1704870755.261 3958
1704870755.543 3991
1704870755.815 4022
1704870756.087 4047
1704870756.372 4083
1704870756.609 4117
1704870756.886 4136
1704870757.166 4163
1704870757.463 4204
1704870757.758 4269
1704870758.028 4318
1704870758.323 4333
1704870758.600 4353
1704870758.878 4361
1704870759.181 4363
1704870759.489 4364
1704870759.757 4374
1704870760.045 4377
1704870760.361 4394
1704870760.657 4408
1704870760.945 4415
1704870761.235 4416
1704870761.507 4418
1704870761.791 4436
1704870762.082 4462
1704870762.361 4478
1704870762.643 4489
1704870762.940 4513
1704870763.217 4533
1704870763.512 4551
1704870763.847 4577
1704870764.136 4584
1704870764.441 4595
1704870764.699 4596
1704870764.991 4604
1704870765.279 4604
1704870765.568 4604
1704870765.845 4604
1704870766.150 4604
1704870766.471 4604
1704870766.792 4604
1704870767.118 4604
1704870767.399 4604
1704870767.688 4604
1704870767.976 4604
1704870768.265 4604
1704870768.556 4604
1704870768.849 4604
1704870769.163 4604
1704870769.454 4604
1704870769.755 4604
1704870770.047 4604
1704870770.326 4604
1704870770.615 4604
1704870770.901 4604
1704870771.199 4647
1704870771.481 4680
1704870771.787 4683
1704870772.080 4686
1704870772.367 4686
1704870772.647 4686
1704870772.937 4691
1704870773.221 4700
1704870773.510 4705
1704870773.811 4705
1704870774.108 4706
1704870774.372 4710
1704870774.646 4715
1704870775.011 4729
1704870775.316 4734
1704870775.600 4742
1704870775.888 4750
1704870776.180 4759
1704870776.470 4765
1704870776.760 4774
1704870777.064 4782
1704870777.358 4783
1704870777.643 4783
1704870777.922 4785
1704870778.220 4786
1704870778.492 4798
1704870778.782 4810
1704870779.074 4823
1704870779.370 4825
1704870779.657 4831
1704870779.978 4837
1704870780.260 4838
1704870780.561 4840
1704870780.910 4846
1704870781.198 4853
1704870781.501 4856
1704870781.845 4863
1704870782.120 4870
1704870782.442 4874
1704870782.729 4879
1704870783.068 4879
1704870783.355 4884
1704870783.670 4895
1704870783.946 4901
1704870784.237 4906
1704870784.566 4912
1704870784.893 4915
1704870785.183 4915
1704870785.482 4915
1704870785.773 4915
1704870786.069 4915
1704870786.350 4915
1704870786.639 4915
1704870786.933 4915
1704870787.257 4915
1704870787.529 4915
1704870787.813 4915
1704870788.091 4918
1704870788.391 4926
1704870788.680 4933
1704870788.999 4948
1704870789.294 4963
1704870789.575 4963
1704870789.910 4964
1704870790.165 4964
1704870790.445 4964
1704870790.735 4964
1704870791.024 4965
1704870791.309 4965
1704870791.589 4965
1704870791.879 4965
1704870792.162 4965
1704870792.453 4969
1704870792.735 4970
1704870792.997 4972
1704870793.266 4972
1704870793.548 4972
1704870793.826 4972
1704870794.122 4979
1704870794.408 4979
1704870794.693 4979
1704870794.976 4980
1704870795.259 4982
1704870795.566 4986
1704870795.867 4990
1704870796.171 5021
1704870796.466 5041
1704870796.759 5067
1704870797.064 5099
1704870797.333 5107
1704870797.649 5125
1704870797.929 5137
1704870798.221 5157
1704870798.511 5164
1704870798.814 5165
1704870799.115 5167
1704870799.417 5180
1704870799.694 5180
1704870799.980 5180
1704870800.273 5180
1704870800.555 5180
1704870800.840 5180
1704870801.161 5181
1704870801.444 5181
1704870801.719 5181
1704870802.007 5190
1704870802.309 5268
1704870802.606 5274
1704870802.912 5287
1704870803.185 5298
1704870803.486 5301
1704870803.751 5301
1704870804.057 5302
1704870804.325 5311
1704870804.613 5322
1704870804.892 5324
1704870805.175 5324
1704870805.453 5324
1704870805.735 5324
1704870806.013 5324
1704870806.287 5324
1704870806.567 5325
1704870806.866 5325
1704870807.134 5325
1704870807.393 5325
1704870807.682 5327
1704870807.969 5342
1704870808.239 5342
1704870808.531 5342
1704870808.792 5342
1704870809.067 5342
1704870809.411 5342
1704870809.694 5342
1704870809.985 5342
1704870810.257 5358
1704870810.526 5364
1704870810.797 5364
1704870811.101 5364
1704870811.385 5364
1704870811.684 5364
1704870811.972 5364
1704870812.349 5365
1704870812.654 5382
1704870812.951 5460
1704870813.243 5554
1704870813.514 5563
1704870813.808 5576
1704870814.091 5603
1704870814.381 5613
1704870814.661 5615
1704870814.959 5615
1704870815.248 5615
1704870815.521 5616
1704870815.810 5616
1704870816.089 5616
1704870816.401 5616
1704870816.691 5616
1704870816.977 5616
1704870817.284 5616
1704870817.575 5617
1704870817.858 5618
1704870818.169 5638
1704870818.472 5648
1704870818.756 5659
1704870819.061 5675
1704870819.350 5689
1704870819.679 5696
1704870819.951 5703
1704870820.243 5703
1704870820.521 5706
1704870820.810 5708
1704870821.098 5709
1704870821.419 5711
1704870821.681 5714
1704870821.954 5714
1704870822.234 5714
1704870822.521 5714
1704870822.798 5714
1704870823.104 5714
1704870823.381 5715
1704870823.680 5717
1704870823.949 5723
1704870824.229 5726
1704870824.529 5730
1704870824.826 5734
1704870825.112 5739
1704870825.403 5743
1704870825.709 5745
1704870825.991 5745
1704870826.285 5745
1704870826.574 5747
1704870826.898 5748
1704870827.186 5749
1704870827.486 5751
1704870827.799 5753
1704870828.066 5754
1704870828.342 5756
1704870828.628 5758
1704870828.914 5772
1704870829.216 5773
1704870829.503 5773
1704870829.807 5773
1704870830.100 5773
1704870830.406 5773
1704870830.698 5773
1704870830.977 5774
1704870831.262 5776
1704870831.553 5776
1704870831.839 5776
1704870832.131 5776
1704870832.433 5777
1704870832.718 5779
1704870832.996 5781
1704870833.277 5784
1704870833.571 5787
1704870833.853 5789
1704870834.136 5795
1704870834.422 5799
1704870834.725 5800
1704870835.013 5800
1704870835.295 5801
1704870835.574 5801
1704870835.853 5801
1704870836.150 5802
1704870836.433 5805
1704870836.722 5811
1704870837.028 5811
1704870837.316 5818
1704870837.614 5823
1704870837.938 5838
1704870838.263 5845
1704870838.569 5858
1704870838.855 5865
1704870839.146 5869
1704870839.419 5872
1704870839.704 5873
1704870839.985 5878
1704870840.275 5881
1704870840.571 5888
1704870840.921 5904
1704870841.221 5916
1704870841.511 5923
1704870841.806 5929
1704870842.095 5934
1704870842.377 5939
1704870842.664 5942
1704870842.961 5944
1704870843.253 5945
1704870843.538 5945
1704870843.817 5948
1704870844.097 5951
1704870844.373 5952
1704870844.654 5953
1704870844.933 5953
1704870845.206 5954
1704870845.497 5955
1704870845.777 5957
1704870846.084 5965
1704870846.367 5967
1704870846.661 5970
1704870846.946 5973
1704870847.238 5973
1704870847.511 5975
1704870847.778 5976
1704870848.038 5977
1704870848.294 5977
1704870848.569 5978
1704870848.882 5978
1704870849.167 5978
1704870849.452 5978
1704870849.723 5978
1704870850.003 5978
1704870850.299 5981
1704870850.560 5981
1704870850.840 5981
1704870851.116 5981
1704870851.418 5981
1704870851.726 5983
1704870852.016 5990
1704870852.306 5993
1704870852.582 6002
1704870852.929 6009
1704870853.241 6016
1704870853.518 6035
1704870853.842 6059
1704870854.134 6075
1704870854.472 6102
1704870854.757 6133
1704870855.037 6133
1704870855.335 6133
1704870855.611 6133
1704870855.891 6133
1704870856.190 6133
1704870856.475 6133
1704870856.843 6133
1704870857.189 6133
1704870857.459 6133
1704870857.760 6133
1704870858.033 6133
1704870858.312 6133
1704870858.595 6135
1704870858.931 6139
1704870859.205 6139
1704870859.476 6139
1704870859.749 6139
1704870860.011 6142
1704870860.265 6142
1704870860.547 6142
1704870860.863 6142
1704870861.154 6143
1704870861.466 6151
1704870861.788 6155
1704870862.122 6155
1704870862.410 6155
1704870862.694 6155
1704870862.979 6155
1704870863.271 6155
1704870863.565 6155
1704870863.906 6155
1704870864.190 6155
1704870864.479 6155
1704870864.758 6155
1704870865.054 6156
1704870865.339 6157
1704870865.616 6157
1704870865.898 6157
1704870866.173 6157
1704870866.445 6157
1704870866.734 6160
1704870866.996 6162
1704870867.296 6165
1704870867.562 6165
1704870867.827 6165
1704870868.113 6165
1704870868.395 6165
1704870868.675 6165
1704870868.975 6166
1704870869.295 6168
1704870869.594 6169
1704870869.887 6169
1704870870.156 6169
1704870870.441 6169
1704870870.724 6169
1704870871.027 6169
1704870871.339 6169
1704870871.636 6169
1704870871.924 6169
1704870872.217 6169
1704870872.499 6170
1704870872.789 6170
1704870873.072 6170
1704870873.391 6170
1704870873.675 6170
1704870873.959 6170
1704870874.252 6170
1704870874.542 6170
1704870874.817 6170
1704870875.091 6170
1704870875.374 6170
1704870875.648 6170
1704870875.952 6170
1704870876.254 6170
1704870876.559 6170
1704870876.836 6170
1704870877.128 6170
1704870877.418 6170
1704870877.734 6170
1704870878.025 6170
1704870878.304 6170
1704870878.591 6170
1704870878.874 6170
1704870879.153 6170
1704870879.482 6171
1704870879.769 6171
1704870880.073 6172
1704870880.354 6172
1704870880.646 6173
1704870880.949 6173
1704870881.228 6173
1704870881.517 6173
1704870881.850 6173
1704870882.126 6173
1704870882.418 6173
1704870882.709 6173
1704870882.998 6173
1704870883.297 6173
1704870883.594 6173
1704870883.910 6173
1704870884.198 6173
1704870884.493 6173
1704870884.796 6173
1704870885.077 6173
1704870885.382 6173
1704870885.642 6173
1704870885.914 6173
1704870886.202 6173
1704870886.506 6173
1704870886.801 6173
1704870887.047 6173
1704870887.313 6173
1704870887.598 6173
1704870887.865 6173
1704870888.141 6173
1704870888.429 6173
1704870888.701 6173
1704870888.969 6173
1704870889.238 6173
1704870889.509 6173
1704870889.784 6173
1704870890.068 6173
1704870890.327 6173
1704870890.594 6173
1704870890.861 6173
1704870891.125 6173
1704870891.399 6173
1704870891.672 6173
1704870891.948 6173
1704870892.234 6173
1704870892.515 6174
1704870892.796 6174
1704870893.092 6175
1704870893.371 6175
1704870893.648 6175
1704870893.933 6175
1704870894.208 6175
1704870894.480 6175
1704870894.759 6175
1704870895.031 6175
1704870895.315 6175
1704870895.602 6175
1704870895.895 6175
1704870896.182 6175
1704870896.459 6175
1704870896.768 6175
1704870897.047 6175
1704870897.333 6175
1704870897.610 6175
1704870897.888 6175
1704870898.182 6175
1704870898.458 6175
1704870898.734 6175
1704870899.009 6175
1704870899.299 6175
1704870899.587 6175
1704870899.877 6175
1704870900.160 6177
1704870900.442 6184
1704870900.754 6185
1704870901.040 6187
1704870901.330 6187
1704870901.615 6187
1704870901.898 6187
1704870902.188 6187
1704870902.490 6187
1704870902.786 6187
1704870903.123 6189
1704870903.401 6189
1704870903.686 6189
1704870903.959 6189
1704870904.238 6189
1704870904.516 6189
1704870904.829 6189
1704870905.112 6189
1704870905.399 6189
1704870905.700 6189
1704870906.006 6189
1704870906.279 6189
1704870906.562 6189
1704870906.890 6189
1704870907.144 6189
1704870907.407 6189
1704870907.678 6189
1704870907.990 6190
1704870908.267 6191
1704870908.542 6193
1704870908.829 6193
1704870909.105 6194
1704870909.406 6194
1704870909.653 6195
1704870909.955 6196
1704870910.244 6198
1704870910.532 6198
1704870910.826 6198
1704870911.143 6198
1704870911.423 6198
1704870911.707 6198
1704870911.977 6198
1704870912.265 6198
1704870912.556 6198
1704870912.837 6198
1704870913.114 6198
1704870913.419 6198
1704870913.705 6198
1704870914.018 6198
1704870914.308 6198
1704870914.605 6198
1704870914.910 6198
1704870915.217 6198
1704870915.497 6198
1704870915.782 6198
1704870916.074 6199
1704870916.383 6199
1704870916.676 6199
1704870916.964 6199
1704870917.252 6199
1704870917.535 6199
1704870917.821 6199
1704870918.097 6199
1704870918.396 6199
1704870918.690 6199
1704870918.968 6201
1704870919.244 6202
1704870919.530 6202
1704870919.809 6202
1704870920.076 6202
1704870920.342 6202
1704870920.614 6202
1704870920.893 6202
1704870921.169 6202
1704870921.460 6202
1704870921.736 6202
1704870922.030 6202
1704870922.310 6202
1704870922.596 6202
1704870922.892 6205
1704870923.173 6207
1704870923.465 6223
1704870923.740 6227
1704870924.034 6232
1704870924.320 6235
1704870924.660 6240
1704870924.970 6240
1704870925.267 6242
1704870925.579 6243
1704870925.864 6243
1704870926.158 6243
1704870926.424 6243
1704870926.699 6243
1704870926.995 6243
1704870927.283 6243
1704870927.561 6243
1704870927.843 6247
1704870928.125 6259
1704870928.405 6272
1704870928.691 6298
1704870928.979 6320
1704870929.258 6338
1704870929.560 6340
1704870929.850 6343
1704870930.155 6346
1704870930.466 6349
1704870930.737 6349
1704870931.022 6349
1704870931.322 6349
1704870931.584 6350
1704870931.884 6351
1704870932.173 6352
1704870932.458 6360
1704870932.746 6364
1704870933.019 6382
1704870933.295 6396
1704870933.574 6401
1704870933.870 6405
1704870934.139 6410
1704870934.424 6415
1704870934.705 6421
1704870934.991 6422
1704870935.271 6425
1704870935.549 6428
1704870935.831 6432
1704870936.122 6433
1704870936.408 6433
1704870936.691 6438
1704870936.986 6481
1704870937.263 6503
1704870937.561 6506
1704870937.860 6532
1704870938.175 6533
1704870938.453 6533
1704870938.734 6533
1704870939.012 6533
1704870939.293 6533
1704870939.581 6533
1704870939.857 6533
1704870940.131 6534
1704870940.422 6535
1704870940.763 6535
1704870941.041 6535
1704870941.320 6535
1704870941.611 6535
1704870941.973 6535
1704870942.352 6535
1704870942.707 6535
1704870943.019 6535
1704870943.299 6535
1704870943.577 6535
1704870943.891 6535
1704870944.182 6535
1704870944.452 6535
1704870944.741 6535
1704870945.023 6535
1704870945.356 6535
1704870945.650 6535
1704870945.933 6535
1704870946.216 6535
1704870946.510 6535
1704870946.778 6535
1704870947.070 6535
1704870947.357 6535
1704870947.639 6535
1704870947.926 6537
1704870948.211 6537
1704870948.489 6537
1704870948.769 6537
1704870949.061 6537
1704870949.324 6537
1704870949.636 6548
1704870949.947 6556
1704870950.248 6565
1704870950.550 6576
1704870950.825 6583
1704870951.123 6587
1704870951.428 6587
1704870951.718 6588
1704870952.010 6588
1704870952.300 6590
1704870952.590 6590
1704870952.877 6590
1704870953.174 6590
1704870953.465 6591
1704870953.752 6591
1704870954.048 6591
1704870954.355 6591
1704870954.651 6591
1704870954.988 6591
1704870955.277 6591
1704870955.562 6591
1704870955.848 6591
1704870956.130 6591
1704870956.419 6591
1704870956.697 6591
1704870956.988 6592
1704870957.288 6592
1704870957.569 6592
1704870957.845 6592
1704870958.127 6592
1704870958.407 6592
1704870958.686 6592
1704870958.964 6592
1704870959.241 6592
1704870959.525 6592
1704870959.803 6593
1704870960.089 6593
1704870960.377 6593
1704870960.677 6593
1704870960.968 6593
1704870961.254 6593
1704870961.545 6593
1704870961.835 6593
1704870962.132 6593
1704870962.432 6593
1704870962.713 6593
1704870962.990 6593
1704870963.338 6593
1704870963.652 6593
1704870963.937 6593
1704870964.221 6594
1704870964.502 6594
1704870964.776 6594
1704870965.047 6594
1704870965.306 6594
1704870965.608 6594
1704870965.892 6594
1704870966.154 6594
1704870966.435 6594
1704870966.712 6594
1704870966.993 6594
1704870967.298 6594
1704870967.579 6594
1704870967.858 6594
1704870968.133 6594
1704870968.419 6594
1704870968.712 6594
1704870968.996 6594
1704870969.279 6597
1704870969.564 6597
1704870969.857 6597
1704870970.162 6597
1704870970.450 6597
1704870970.737 6597
1704870971.023 6597
1704870971.330 6601
1704870971.620 6601
1704870971.948 6602
1704870972.292 6602
1704870972.576 6602
1704870972.856 6602
1704870973.149 6602
1704870973.434 6602
1704870973.707 6605
1704870973.979 6607
1704870974.260 6616
1704870974.537 6626
1704870974.810 6635
1704870975.107 6646
1704870975.369 6649
1704870975.646 6651
1704870975.931 6653
1704870976.199 6653
1704870976.480 6654
1704870976.759 6654
1704870977.036 6654
1704870977.310 6654
1704870977.595 6654
1704870977.879 6654
1704870978.208 6654
1704870978.512 6654
1704870978.789 6654
1704870979.070 6655
1704870979.358 6655
1704870979.649 6655
1704870979.953 6655
1704870980.224 6655
1704870980.515 6656
1704870980.867 6656
1704870981.155 6656
1704870981.438 6657
1704870981.720 6658
1704870982.029 6658
1704870982.322 6658
1704870982.605 6658
1704870982.888 6658
1704870983.198 6659
1704870983.528 6659
1704870983.858 6659
1704870984.139 6659
1704870984.435 6659
1704870984.722 6663
1704870984.998 6663
1704870985.303 6666
1704870985.578 6666
1704870985.867 6666
1704870986.211 6666
1704870986.496 6667
1704870986.808 6670
1704870987.106 6673
1704870987.391 6673
1704870987.682 6674
1704870987.971 6674
1704870988.269 6674
1704870988.559 6674
1704870988.857 6674
1704870989.135 6674
1704870989.428 6674
1704870989.714 6674
1704870990.009 6674
1704870990.292 6674
1704870990.574 6674
1704870990.856 6674
1704870991.131 6674
1704870991.414 6674
1704870991.703 6674
1704870991.986 6674
1704870992.257 6674
1704870992.538 6674
1704870992.825 6674
1704870993.138 6674
1704870993.414 6674
1704870993.701 6674
1704870993.990 6675
1704870994.270 6676
1704870994.550 6676
1704870994.839 6676
1704870995.122 6676
1704870995.418 6676
1704870995.741 6676
1704870996.043 6677
1704870996.340 6677
1704870996.628 6677
1704870996.932 6677
1704870997.255 6677
1704870997.561 6677
1704870997.862 6677
1704870998.146 6677
1704870998.445 6677
1704870998.745 6677
1704870999.039 6677
1704870999.325 6677
1704870999.669 6677
1704870999.942 6677
1704871000.228 6677
1704871000.519 6677
1704871000.804 6679
1704871001.088 6684
1704871001.366 6689
1704871001.656 6697
1704871001.926 6705
1704871002.213 6705
1704871002.483 6707
1704871002.767 6711
1704871003.054 6711
1704871003.333 6711
1704871003.621 6711
1704871003.912 6711
1704871004.179 6714
1704871004.476 6714
1704871004.750 6714
1704871005.048 6714
1704871005.306 6714
1704871005.599 6714
1704871005.917 6714
1704871006.199 6714
1704871006.487 6714
1704871006.774 6714
1704871007.045 6714
1704871007.315 6714
1704871007.585 6714
1704871007.876 6714
1704871008.154 6714
1704871008.435 6714
1704871008.689 6714
1704871008.961 6714
1704871009.235 6714
1704871009.540 6714
1704871009.820 6715
1704871010.125 6715
1704871010.384 6715
1704871010.658 6715
1704871010.939 6715
1704871011.223 6715
1704871011.533 6715
1704871011.869 6715
1704871012.165 6715
1704871012.443 6715
1704871012.718 6715
1704871012.990 6715
1704871013.273 6715
1704871013.549 6715
1704871013.819 6715
1704871014.104 6715
1704871014.382 6719
1704871014.664 6728
1704871014.958 6731
1704871015.233 6731
1704871015.517 6731
1704871015.801 6731
1704871016.080 6731
1704871016.367 6733
1704871016.671 6734
1704871016.987 6734
1704871017.269 6734
1704871017.534 6734
1704871017.820 6734
1704871018.105 6734
1704871018.370 6735
1704871018.628 6735
1704871018.909 6735
1704871019.189 6735
