1704872703.433 275
1704872703.721 275
1704872704.028 275
1704872704.315 275
1704872704.646 275
1704872705.143 276
1704872705.534 284
1704872705.820 286
1704872706.129 286
1704872706.424 287
1704872706.741 288
1704872707.038 289
1704872707.335 291
1704872707.646 292
1704872707.966 375
1704872708.284 394
1704872708.574 426
1704872708.889 496
1704872709.235 531
1704872709.546 542
1704872709.849 555
1704872710.145 590
1704872710.456 605
1704872710.771 611
1704872711.062 618
1704872711.352 674
1704872711.692 743
1704872712.047 989
1704872712.351 1120
1704872712.641 1184
1704872712.978 1223
1704872713.282 1305
1704872713.575 1354
1704872713.865 1383
1704872714.162 1408
1704872714.499 1422
1704872714.845 1428
1704872715.158 1449
1704872715.446 1450
1704872715.738 1450
1704872716.029 1450
1704872716.351 1451
1704872716.659 1454
1704872716.960 1454
1704872717.273 1454
1704872717.570 1454
1704872717.859 1454
1704872718.154 1454
1704872718.457 1454
1704872718.778 1460
1704872719.075 1460
1704872719.372 1462
1704872719.661 1473
1704872719.955 1489
1704872720.227 1511
1704872720.517 1521
1704872720.812 1538
1704872721.152 1555
1704872721.461 1574
1704872721.760 1592
1704872722.056 1603
1704872722.341 1613
1704872722.635 1626
1704872722.931 1680
1704872723.222 1715
1704872723.521 1720
1704872723.773 1735
1704872724.091 1746
1704872724.371 1766
1704872724.676 1774
1704872724.976 1779
1704872725.252 1785
1704872725.527 1794
1704872725.815 1801
1704872726.105 1809
1704872726.370 1822
1704872726.645 1826
1704872726.902 1833
1704872727.184 1838
1704872727.452 1842
1704872727.745 1850
1704872728.014 1861
1704872728.285 1871
1704872728.566 1874
1704872728.851 1875
1704872729.150 1876
1704872729.430 1896
1704872729.720 1951
1704872730.041 2051
1704872730.289 2080
1704872730.557 2120
1704872730.858 2151
1704872731.111 2179
1704872731.404 2195
1704872731.695 2210
1704872732.010 2253
1704872732.273 2273
1704872732.548 2305
1704872732.826 2359
1704872733.109 2448
1704872733.415 2512
1704872733.684 2549
1704872733.974 2579
1704872734.257 2608
1704872734.538 2608
1704872734.831 2608
1704872735.121 2608
1704872735.410 2608
1704872735.696 2608
1704872735.980 2608
1704872736.273 2608
1704872736.582 2609
1704872736.887 2609
1704872737.197 2609
1704872737.461 2609
1704872737.778 2609
1704872738.084 2609
1704872738.369 2609
1704872738.657 2609
1704872738.957 2609
1704872739.292 2609
1704872739.663 2609
1704872739.959 2609
1704872740.270 2611
1704872740.577 2611
1704872740.868 2611
1704872741.163 2612
1704872741.449 2612
1704872741.807 2612
1704872742.102 2612
1704872742.412 2612
1704872742.679 2612
1704872742.973 2613
1704872743.258 2622
1704872743.542 2644
1704872743.850 2679
1704872744.140 2702
1704872744.445 2706
1704872744.720 2708
1704872745.032 2711
1704872745.306 2711
1704872745.632 2711
1704872745.950 2711
1704872746.239 2711
1704872746.538 2712
1704872746.830 2727
1704872747.123 2769
1704872747.421 2793
1704872747.698 2797
1704872748.002 2798
1704872748.306 2798
1704872748.594 2798
1704872748.880 2798
1704872749.169 2798
1704872749.509 2798
1704872749.811 2798
1704872750.128 2798
1704872750.429 2798
1704872750.700 2798
1704872750.984 2798
1704872751.277 2798
1704872751.555 2798
1704872751.841 2798
1704872752.130 2798
1704872752.431 2798
1704872752.735 2798
1704872753.018 2798
1704872753.302 2798
1704872753.587 2798
1704872753.873 2798
1704872754.182 2798
1704872754.455 2798
1704872754.734 2799
1704872755.023 2799
1704872755.312 2799
1704872755.611 2799
1704872755.906 2799
1704872756.210 2801
1704872756.480 2803
1704872756.754 2829
1704872757.034 2843
1704872757.378 2899
1704872757.641 2932
1704872757.919 2934
1704872758.200 2961
1704872758.464 2965
1704872758.733 2975
1704872759.022 2983
1704872759.294 2987
1704872759.628 2994
1704872759.917 2996
1704872760.208 3003
1704872760.501 3009
1704872760.806 3015
1704872761.090 3021
1704872761.420 3038
1704872761.699 3051
1704872761.982 3089
1704872762.282 3142
1704872762.562 3173
1704872762.861 3198
1704872763.148 3217
1704872763.429 3244
1704872763.727 3287
1704872764.031 3315
1704872764.303 3317
1704872764.607 3324
1704872764.875 3342
1704872765.175 3383
1704872765.520 3430
1704872765.814 3445
1704872766.100 3464
1704872766.383 3464
1704872766.689 3467
1704872766.967 3467
1704872767.252 3468
1704872767.561 3468
1704872767.906 3471
1704872768.194 3477
1704872768.478 3485
1704872768.791 3496
1704872769.080 3511
1704872769.374 3533
1704872769.671 3536
1704872769.974 3541
1704872770.264 3545
1704872770.548 3554
1704872770.837 3561
1704872771.141 3573
1704872771.434 3582
1704872771.718 3593
1704872772.029 3593
1704872772.314 3593
1704872772.668 3664
1704872772.932 3693
1704872773.233 3713
1704872773.531 3744
1704872773.816 3764
1704872774.077 3790
1704872774.361 3800
1704872774.646 3810
1704872774.947 3815
1704872775.240 3825
1704872775.592 3843
1704872775.893 3853
1704872776.183 3860
1704872776.473 3868
1704872776.769 3883
1704872777.056 3894
1704872777.335 3902
1704872777.706 3914
1704872778.014 3931
1704872778.338 3948
1704872778.658 3963
1704872778.958 3974
1704872779.251 3980
1704872779.529 3981
1704872779.815 3981
1704872780.088 3981
1704872780.383 3981
1704872780.671 3981
1704872780.956 3982
1704872781.243 3989
1704872781.509 3992
1704872781.802 3992
1704872782.085 3994
1704872782.355 3997
1704872782.635 3999
1704872782.902 4002
1704872783.166 4007
1704872783.439 4009
1704872783.707 4011
1704872783.976 4013
1704872784.259 4016
1704872784.533 4031
1704872784.806 4052
1704872785.094 4069
1704872785.379 4110
1704872785.672 4149
1704872785.953 4178
1704872786.251 4207
1704872786.560 4223
1704872786.860 4239
1704872787.144 4257
1704872787.416 4273
1704872787.693 4286
1704872787.991 4302
1704872788.267 4314
1704872788.582 4371
1704872788.879 4407
1704872789.215 4414
1704872789.508 4439
1704872789.795 4488
1704872790.086 4503
1704872790.382 4506
1704872790.675 4509
1704872791.007 4512
1704872791.291 4512
1704872791.596 4512
1704872791.906 4512
1704872792.262 4512
1704872792.561 4512
1704872792.854 4512
1704872793.145 4512
1704872793.431 4512
1704872793.724 4512
1704872794.011 4512
1704872794.298 4513
1704872794.600 4513
1704872794.891 4513
1704872795.176 4513
1704872795.495 4513
1704872795.789 4513
1704872796.091 4513
1704872796.406 4520
1704872796.687 4520
1704872796.970 4520
1704872797.249 4520
1704872797.539 4520
1704872797.824 4520
1704872798.114 4520
1704872798.392 4520
1704872798.682 4520
1704872799.021 4520
1704872799.310 4520
1704872799.597 4520
1704872799.888 4520
1704872800.177 4520
1704872800.471 4520
1704872800.756 4520
1704872801.096 4530
1704872801.387 4537
1704872801.670 4537
1704872801.959 4538
1704872802.253 4541
1704872802.597 4549
1704872802.883 4557
1704872803.182 4560
1704872803.469 4560
1704872803.744 4560
1704872804.004 4560
1704872804.281 4560
1704872804.568 4560
1704872804.855 4560
1704872805.142 4560
1704872805.428 4560
1704872805.716 4560
1704872806.010 4560
1704872806.296 4568
1704872806.590 4569
1704872806.880 4575
1704872807.190 4588
1704872807.486 4616
1704872807.780 4641
1704872808.067 4653
1704872808.351 4676
1704872808.654 4695
1704872808.926 4707
1704872809.205 4712
1704872809.479 4715
1704872809.748 4715
1704872810.031 4720
1704872810.302 4728
1704872810.564 4728
1704872810.828 4728
1704872811.140 4728
1704872811.412 4729
1704872811.679 4729
1704872811.964 4729
1704872812.237 4729
1704872812.526 4729
1704872812.809 4729
1704872813.106 4729
1704872813.392 4729
1704872813.683 4729
1704872814.032 4729
1704872814.317 4729
1704872814.606 4729
1704872814.892 4729
1704872815.179 4729
1704872815.473 4729
1704872815.779 4729
1704872816.064 4729
1704872816.349 4729
1704872816.660 4729
1704872817.011 4729
1704872817.271 4730
1704872817.543 4730
1704872817.803 4730
1704872818.082 4730
1704872818.355 4730
1704872818.619 4730
1704872818.881 4730
1704872819.160 4730
1704872819.443 4730
1704872819.716 4730
1704872820.021 4730
1704872820.401 4730
1704872820.656 4730
1704872820.948 4730
1704872821.229 4730
1704872821.507 4730
1704872821.810 4730
1704872822.116 4730
1704872822.402 4730
1704872822.673 4730
1704872822.970 4730
1704872823.254 4730
1704872823.562 4730
1704872823.822 4730
1704872824.105 4730
1704872824.380 4730
1704872824.662 4730
1704872824.952 4730
1704872825.233 4730
1704872825.513 4733
1704872825.797 4733
1704872826.068 4733
1704872826.356 4733
1704872826.638 4733
1704872826.953 4733
1704872827.247 4733
1704872827.550 4736
1704872827.837 4736
1704872828.132 4736
1704872828.416 4736
1704872828.702 4737
1704872828.987 4737
1704872829.270 4737
1704872829.554 4738
1704872829.851 4738
1704872830.139 4738
1704872830.434 4738
1704872830.695 4738
1704872830.987 4738
1704872831.319 4738
1704872831.574 4741
1704872831.855 4744
1704872832.146 4755
1704872832.436 4756
1704872832.789 4756
1704872833.144 4756
1704872833.433 4756
1704872833.732 4758
1704872834.033 4759
1704872834.365 4761
1704872834.647 4762
1704872834.926 4765
1704872835.196 4769
1704872835.470 4773
1704872835.749 4775
1704872836.020 4775
1704872836.295 4776
1704872836.583 4776
1704872836.851 4776
1704872837.119 4776
1704872837.408 4776
1704872837.677 4776
1704872837.997 4776
1704872838.338 4776
1704872838.655 4776
1704872838.946 4776
1704872839.229 4776
1704872839.547 4784
1704872839.819 4785
1704872840.109 4787
1704872840.394 4787
1704872840.707 4787
1704872840.993 4787
1704872841.282 4787
1704872841.572 4787
1704872841.855 4790
1704872842.147 4793
1704872842.438 4796
1704872842.705 4799
1704872843.027 4801
1704872843.363 4802
1704872843.661 4821
1704872843.961 4859
1704872844.243 4891
1704872844.534 4931
1704872844.849 4973
1704872845.162 5026
1704872845.473 5041
1704872845.762 5050
1704872846.049 5058
1704872846.331 5073
1704872846.614 5076
1704872846.902 5081
1704872847.213 5122
1704872847.493 5150
1704872847.781 5168
1704872848.076 5185
1704872848.363 5207
1704872848.685 5222
1704872849.042 5326
1704872849.355 5359
1704872849.687 5380
1704872849.962 5388
1704872850.245 5389
1704872850.533 5390
1704872850.817 5390
1704872851.114 5390
1704872851.404 5390
1704872851.765 5390
1704872852.048 5390
1704872852.328 5390
1704872852.628 5390
1704872852.929 5391
1704872853.180 5391
1704872853.542 5391
1704872853.829 5391
1704872854.108 5391
1704872854.390 5393
1704872854.665 5397
1704872854.954 5397
1704872855.229 5399
1704872855.531 5399
1704872855.808 5401
1704872856.096 5401
1704872856.370 5401
1704872856.716 5401
1704872856.991 5401
1704872857.275 5401
1704872857.559 5401
1704872857.853 5401
1704872858.144 5401
1704872858.433 5401
1704872858.724 5401
1704872859.025 5401
1704872859.361 5401
1704872859.662 5401
1704872860.010 5401
1704872860.364 5402
1704872860.681 5402
1704872860.958 5402
1704872861.243 5416
1704872861.534 5417
1704872861.826 5417
1704872862.110 5417
1704872862.411 5417
1704872862.727 5417
1704872863.005 5417
1704872863.293 5417
1704872863.648 5417
1704872864.030 5417
1704872864.322 5417
1704872864.598 5417
1704872864.880 5417
1704872865.172 5417
1704872865.473 5438
1704872865.740 5438
1704872866.010 5441
1704872866.301 5441
1704872866.588 5441
1704872866.887 5441
1704872867.229 5441
1704872867.539 5441
1704872867.892 5441
1704872868.189 5441
1704872868.508 5441
1704872868.795 5441
1704872869.082 5441
1704872869.372 5441
1704872869.651 5441
1704872869.929 5441
1704872870.221 5441
1704872870.520 5441
1704872870.860 5441
1704872871.136 5441
1704872871.414 5441
1704872871.695 5441
1704872871.989 5441
1704872872.280 5441
1704872872.565 5441
1704872872.851 5441
1704872873.145 5441
1704872873.437 5441
1704872873.712 5441
1704872873.998 5441
1704872874.283 5441
1704872874.559 5441
1704872874.857 5441
1704872875.190 5441
1704872875.492 5441
1704872875.783 5441
1704872876.069 5443
1704872876.347 5443
1704872876.636 5443
1704872876.926 5443
1704872877.212 5443
1704872877.504 5443
1704872877.803 5443
1704872878.096 5443
1704872878.395 5443
1704872878.675 5443
1704872878.958 5443
1704872879.239 5443
1704872879.507 5443
1704872879.775 5444
1704872880.047 5444
1704872880.320 5444
1704872880.643 5444
1704872880.909 5447
1704872881.177 5447
1704872881.505 5447
1704872881.772 5447
1704872882.055 5453
1704872882.371 5453
1704872882.634 5454
1704872882.904 5454
1704872883.183 5454
1704872883.458 5454
1704872883.749 5454
1704872884.098 5454
1704872884.373 5454
1704872884.633 5454
1704872884.893 5454
1704872885.171 5454
1704872885.440 5454
1704872885.703 5454
1704872885.971 5454
1704872886.241 5454
1704872886.504 5454
1704872886.779 5454
1704872887.047 5454
1704872887.326 5454
1704872887.595 5454
1704872887.862 5454
1704872888.133 5454
1704872888.409 5454
1704872888.671 5454
1704872888.954 5457
1704872889.236 5459
1704872889.523 5469
1704872889.816 5472
1704872890.109 5476
1704872890.414 5486
1704872890.693 5488
1704872890.982 5488
1704872891.278 5488
1704872891.565 5488
1704872891.938 5488
1704872892.262 5488
1704872892.553 5488
1704872892.843 5493
1704872893.128 5506
1704872893.425 5520
1704872893.707 5547
1704872893.984 5555
1704872894.267 5565
1704872894.552 5570
1704872894.836 5571
1704872895.128 5575
1704872895.461 5581
1704872895.749 5588
1704872896.074 5593
1704872896.379 5595
1704872896.676 5596
1704872896.979 5596
1704872897.282 5596
1704872897.583 5600
1704872897.877 5607
1704872898.199 5614
1704872898.486 5623
1704872898.788 5631
1704872899.068 5636
1704872899.366 5644
1704872899.645 5661
1704872899.944 5687
1704872900.203 5710
1704872900.507 5724
1704872900.794 5755
1704872901.078 5755
1704872901.355 5755
1704872901.651 5768
1704872901.931 5769
1704872902.247 5770
1704872902.533 5776
1704872902.831 5776
1704872903.128 5776
1704872903.414 5777
1704872903.669 5777
1704872904.000 5780
1704872904.305 5780
1704872904.589 5780
1704872904.880 5780
1704872905.164 5781
1704872905.464 5782
1704872905.740 5782
1704872906.037 5782
1704872906.323 5782
1704872906.634 5805
1704872906.920 5836
1704872907.251 5843
1704872907.574 5862
1704872907.863 5870
1704872908.143 5882
1704872908.433 5887
1704872908.724 5887
1704872909.011 5887
1704872909.290 5887
1704872909.577 5887
1704872909.858 5888
1704872910.143 5893
1704872910.423 5894
1704872910.726 5894
1704872911.028 5894
1704872911.404 5895
1704872911.720 5895
1704872912.010 5895
1704872912.291 5895
1704872912.573 5895
1704872912.871 5895
1704872913.183 5895
1704872913.471 5895
1704872913.751 5895
1704872914.061 5895
1704872914.345 5895
1704872914.654 5895
1704872914.994 5895
1704872915.321 5895
1704872915.614 5895
1704872915.902 5895
1704872916.198 5895
1704872916.519 5895
1704872916.793 5895
1704872917.077 5895
1704872917.348 5895
1704872917.633 5895
1704872917.923 5901
1704872918.202 5901
1704872918.486 5911
1704872918.773 5915
1704872919.057 5915
1704872919.347 5915
1704872919.633 5915
1704872919.939 5915
1704872920.257 5915
1704872920.561 5917
1704872920.894 5917
1704872921.172 5917
1704872921.458 5917
1704872921.736 5917
1704872922.019 5917
1704872922.299 5917
1704872922.579 5917
1704872922.851 5917
1704872923.128 5917
1704872923.435 5917
1704872923.712 5918
1704872923.983 5918
1704872924.263 5918
1704872924.533 5918
1704872924.804 5918
1704872925.067 5918
1704872925.355 5918
1704872925.637 5918
1704872925.977 5920
1704872926.264 5920
1704872926.582 5920
1704872926.886 5924
1704872927.170 5943
1704872927.450 5963
1704872927.740 5982
1704872928.085 5991
1704872928.376 5991
1704872928.651 5996
1704872928.969 5996
1704872929.244 5996
1704872929.543 5996
1704872929.855 5996
1704872930.161 6003
1704872930.516 6018
1704872930.873 6020
1704872931.157 6092
1704872931.438 6095
1704872931.726 6095
1704872932.002 6095
1704872932.303 6099
1704872932.599 6099
1704872932.899 6099
1704872933.174 6099
1704872933.450 6099
1704872933.770 6103
1704872934.105 6125
1704872934.421 6149
1704872934.711 6173
1704872934.991 6188
1704872935.282 6213
1704872935.588 6220
1704872935.879 6227
1704872936.165 6240
1704872936.451 6244
1704872936.739 6248
1704872937.034 6251
1704872937.320 6255
1704872937.597 6255
1704872937.880 6256
1704872938.178 6256
1704872938.456 6256
1704872938.729 6256
1704872939.013 6258
1704872939.291 6258
1704872939.565 6262
1704872939.848 6265
1704872940.129 6267
1704872940.416 6271
1704872940.716 6275
1704872940.975 6280
1704872941.257 6283
1704872941.539 6289
1704872941.819 6290
1704872942.094 6291
1704872942.373 6292
1704872942.658 6298
1704872942.927 6299
1704872943.240 6299
1704872943.540 6300
1704872943.834 6303
1704872944.131 6305
1704872944.432 6308
1704872944.705 6309
1704872944.989 6311
1704872945.276 6312
1704872945.601 6314
1704872945.913 6317
1704872946.184 6321
1704872946.476 6323
1704872946.790 6326
1704872947.078 6329
1704872947.353 6329
1704872947.641 6329
1704872947.921 6329
1704872948.216 6329
1704872948.504 6329
1704872948.800 6329
1704872949.118 6329
1704872949.392 6329
1704872949.694 6329
1704872949.975 6329
1704872950.259 6329
1704872950.636 6329
1704872950.940 6329
1704872951.214 6329
1704872951.507 6329
1704872951.796 6329
1704872952.093 6329
1704872952.351 6329
1704872952.634 6348
1704872952.914 6360
1704872953.205 6373
1704872953.511 6384
1704872953.888 6389
1704872954.146 6391
1704872954.442 6394
1704872954.762 6439
1704872955.060 6445
1704872955.328 6448
1704872955.614 6450
1704872955.897 6450
1704872956.162 6452
1704872956.412 6453
1704872956.674 6453
1704872956.932 6463
1704872957.225 6463
1704872957.502 6464
1704872957.785 6464
1704872958.087 6464
1704872958.436 6464
1704872958.775 6465
1704872959.056 6465
1704872959.343 6465
1704872959.628 6465
1704872959.900 6465
1704872960.185 6465
1704872960.455 6466
1704872960.749 6467
1704872961.027 6468
1704872961.316 6480
1704872961.592 6490
1704872961.883 6501
1704872962.164 6518
1704872962.463 6530
1704872962.785 6548
1704872963.068 6566
1704872963.345 6583
1704872963.643 6608
1704872963.938 6629
1704872964.212 6641
1704872964.493 6643
1704872964.774 6646
1704872965.053 6648
1704872965.334 6649
1704872965.607 6649
1704872965.892 6649
1704872966.184 6649
1704872966.460 6649
1704872966.737 6649
1704872967.021 6653
1704872967.306 6662
1704872967.590 6665
1704872967.879 6669
1704872968.166 6669
1704872968.446 6669
1704872968.714 6669
1704872968.993 6669
1704872969.273 6669
1704872969.567 6669
1704872969.853 6669
1704872970.174 6669
1704872970.462 6669
1704872970.775 6673
1704872971.071 6690
1704872971.385 6702
1704872971.707 6714
1704872971.996 6732
1704872972.298 6738
1704872972.592 6738
1704872972.939 6745
1704872973.227 6745
1704872973.514 6745
1704872973.797 6745
1704872974.073 6745
1704872974.372 6748
1704872974.647 6753
1704872974.933 6756
1704872975.239 6760
1704872975.498 6761
1704872975.803 6766
1704872976.082 6771
1704872976.374 6775
1704872976.694 6782
1704872977.019 6786
1704872977.306 6792
1704872977.594 6805
1704872977.921 6805
1704872978.206 6805
1704872978.491 6807
1704872978.776 6810
1704872979.070 6811
1704872979.366 6815
1704872979.629 6816
1704872979.909 6821
1704872980.192 6823
1704872980.490 6825
1704872980.774 6827
1704872981.055 6834
1704872981.333 6835
1704872981.620 6835
1704872981.911 6835
1704872982.185 6836
1704872982.466 6837
1704872982.773 6837
1704872983.066 6837
1704872983.354 6837
1704872983.641 6842
1704872983.930 6847
1704872984.225 6848
1704872984.494 6848
1704872984.773 6848
1704872985.100 6853
1704872985.472 6862
1704872985.750 6864
1704872986.031 6864
1704872986.318 6865
1704872986.617 6867
1704872986.905 6867
1704872987.204 6867
1704872987.462 6867
1704872987.760 6868
1704872988.017 6869
1704872988.311 6869
1704872988.596 6871
1704872988.867 6871
1704872989.176 6873
1704872989.536 6876
1704872989.792 6877
1704872990.071 6881
1704872990.350 6885
1704872990.629 6885
1704872990.947 6885
1704872991.241 6886
1704872991.539 6886
1704872991.861 6888
1704872992.139 6888
1704872992.428 6888
1704872992.737 6888
1704872993.008 6888
1704872993.301 6888
1704872993.593 6888
1704872993.902 6888
1704872994.232 6888
1704872994.512 6888
1704872994.816 6888
1704872995.098 6888
1704872995.375 6888
1704872995.668 6888
1704872995.951 6888
1704872996.263 6888
1704872996.524 6888
1704872996.885 6888
1704872997.158 6888
1704872997.446 6888
1704872997.728 6888
1704872998.018 6922
1704872998.315 6964
1704872998.605 6964
1704872998.879 6964
1704872999.194 6964
1704872999.477 6964
1704872999.755 6964
1704873000.109 6964
1704873000.408 6964
1704873000.694 6964
1704873000.988 6966
1704873001.270 6966
1704873001.564 6966
1704873001.848 6967
1704873002.164 6967
1704873002.426 6970
1704873002.704 6970
1704873002.989 6970
1704873003.280 6970
1704873003.563 6970
1704873003.842 6971
1704873004.126 6971
1704873004.405 6971
1704873004.680 6971
1704873004.972 6971
1704873005.254 6971
1704873005.536 6971
1704873005.846 6971
1704873006.141 6971
1704873006.454 6973
1704873006.746 6973
1704873007.049 6975
1704873007.304 6975
1704873007.578 6975
1704873007.900 6975
1704873008.202 6975
1704873008.504 6975
1704873008.794 6975
1704873009.086 6975
1704873009.367 6975
1704873009.650 6975
1704873009.960 6975
1704873010.225 6975
1704873010.513 6975
1704873010.797 6976
1704873011.100 6979
1704873011.383 6983
1704873011.686 6989
1704873011.959 6994
1704873012.275 6999
1704873012.576 7007
1704873012.884 7015
1704873013.171 7026
1704873013.473 7037
1704873013.749 7047
1704873014.080 7056
1704873014.382 7060
1704873014.659 7061
1704873014.947 7061
1704873015.237 7062
1704873015.523 7062
1704873015.809 7064
1704873016.118 7064
1704873016.420 7064
1704873016.706 7064
1704873017.004 7065
1704873017.292 7065
1704873017.583 7065
1704873017.881 7065
1704873018.200 7068
1704873018.495 7071
1704873018.783 7082
1704873019.073 7083
1704873019.365 7088
1704873019.646 7089
1704873019.921 7089
1704873020.203 7089
1704873020.494 7089
1704873020.792 7089
1704873021.089 7089
1704873021.456 7089
1704873021.705 7089
