1704871084.376 275
1704871084.672 275
1704871084.946 275
1704871085.213 275
1704871085.516 275
1704871086.067 276
1704871086.451 286
1704871086.759 288
1704871087.038 289
1704871087.325 289
1704871087.650 290
1704871087.923 291
1704871088.236 303
1704871088.558 327
1704871088.887 394
1704871089.175 394
1704871089.461 412
1704871089.776 450
1704871090.067 478
1704871090.355 521
1704871090.650 560
1704871090.953 592
1704871091.248 631
1704871091.541 637
1704871091.825 655
1704871092.118 715
1704871092.419 830
1704871092.727 984
1704871093.018 1089
1704871093.335 1282
1704871093.640 1388
1704871093.915 1438
1704871094.219 1466
1704871094.474 1514
1704871094.752 1565
1704871095.045 1612
1704871095.335 1648
1704871095.612 1663
1704871095.897 1684
1704871096.179 1708
1704871096.481 1747
1704871096.790 1778
1704871097.071 1782
1704871097.360 1793
1704871097.639 1804
1704871097.941 1883
1704871098.219 1889
1704871098.512 1889
1704871098.810 1889
1704871099.097 1889
1704871099.378 1890
1704871099.678 1902
1704871099.991 1929
1704871100.274 1945
1704871100.569 1968
1704871100.913 2009
1704871101.224 2051
1704871101.531 2070
1704871101.812 2090
1704871102.094 2096
1704871102.374 2096
1704871102.660 2096
1704871102.991 2096
1704871103.293 2096
1704871103.576 2098
1704871103.857 2100
1704871104.148 2100
1704871104.453 2105
1704871104.771 2107
1704871105.076 2107
1704871105.372 2107
1704871105.652 2107
1704871105.933 2107
1704871106.214 2109
1704871106.536 2114
1704871106.840 2122
1704871107.127 2130
1704871107.430 2132
1704871107.777 2135
1704871108.089 2137
1704871108.342 2138
1704871108.627 2138
1704871108.901 2139
1704871109.174 2139
1704871109.452 2139
1704871109.723 2139
1704871109.989 2139
1704871110.252 2139
1704871110.519 2139
1704871110.788 2139
1704871111.050 2139
1704871111.319 2139
1704871111.582 2139
1704871111.873 2145
1704871112.174 2145
1704871112.461 2145
1704871112.722 2145
1704871112.995 2145
1704871113.306 2146
1704871113.598 2148
1704871113.893 2150
1704871114.178 2160
1704871114.469 2166
1704871114.728 2167
1704871115.001 2167
1704871115.258 2167
1704871115.533 2168
1704871115.803 2170
1704871116.088 2174
1704871116.368 2176
1704871116.642 2185
1704871116.917 2195
1704871117.196 2215
1704871117.458 2236
1704871117.732 2267
1704871118.046 2317
1704871118.325 2365
1704871118.593 2387
1704871118.891 2419
1704871119.145 2446
1704871119.406 2478
1704871119.705 2492
1704871119.984 2526
1704871120.255 2541
1704871120.558 2547
1704871120.844 2550
1704871121.140 2599
1704871121.444 2629
1704871121.724 2690
1704871122.023 2731
1704871122.362 2793
1704871122.661 2879
1704871122.987 2900
1704871123.277 2940
1704871123.573 2978
1704871123.882 3003
1704871124.179 3020
1704871124.452 3029
1704871124.744 3053
1704871125.036 3088
1704871125.314 3098
1704871125.598 3106
1704871125.888 3126
1704871126.199 3161
1704871126.494 3218
1704871126.805 3245
1704871127.066 3272
1704871127.358 3304
1704871127.681 3305
1704871127.983 3305
1704871128.272 3306
1704871128.586 3314
1704871128.863 3327
1704871129.152 3341
1704871129.438 3368
1704871129.717 3410
1704871130.003 3468
1704871130.293 3558
1704871130.559 3630
1704871130.892 3649
1704871131.173 3654
1704871131.444 3661
1704871131.724 3662
1704871132.013 3664
1704871132.317 3664
1704871132.636 3664
1704871132.944 3679
1704871133.226 3698
1704871133.518 3703
1704871133.799 3703
1704871134.087 3705
1704871134.383 3708
1704871134.669 3712
1704871134.945 3726
1704871135.230 3727
1704871135.537 3728
1704871135.841 3729
1704871136.111 3735
1704871136.417 3740
1704871136.702 3745
1704871137.024 3747
1704871137.315 3752
1704871137.614 3776
1704871137.948 3801
1704871138.226 3809
1704871138.515 3824
1704871138.815 3886
1704871139.135 3912
1704871139.425 3918
1704871139.729 3929
1704871140.002 3969
1704871140.289 4014
1704871140.564 4080
1704871140.882 4134
1704871141.168 4158
1704871141.456 4187
1704871141.743 4200
1704871142.029 4214
1704871142.310 4244
1704871142.599 4281
1704871142.882 4304
1704871143.166 4329
1704871143.447 4345
1704871143.730 4367
1704871144.003 4377
1704871144.283 4385
1704871144.561 4392
1704871144.843 4397
1704871145.134 4406
1704871145.413 4412
1704871145.693 4422
1704871146.020 4426
1704871146.329 4434
1704871146.616 4436
1704871146.906 4437
1704871147.203 4439
1704871147.500 4440
1704871147.772 4443
1704871148.080 4456
1704871148.346 4473
1704871148.621 4478
1704871148.920 4486
1704871149.211 4493
1704871149.552 4503
1704871149.862 4592
1704871150.153 4651
1704871150.458 4674
1704871150.749 4685
1704871151.068 4694
1704871151.366 4703
1704871151.668 4735
1704871151.963 4770
1704871152.239 4797
1704871152.532 4819
1704871152.826 4824
1704871153.105 4826
1704871153.393 4826
1704871153.679 4826
1704871153.984 4826
1704871154.259 4828
1704871154.550 4832
1704871154.828 4836
1704871155.103 4838
1704871155.394 4838
1704871155.683 4839
1704871155.966 4841
1704871156.243 4841
1704871156.576 4843
1704871156.877 4844
1704871157.165 4844
1704871157.440 4845
1704871157.731 4852
1704871158.037 4857
1704871158.334 4861
1704871158.618 4870
1704871158.901 4880
1704871159.182 4895
1704871159.464 4903
1704871159.746 4911
1704871160.025 4924
1704871160.318 4927
1704871160.595 4927
1704871160.885 4927
1704871161.174 4928
1704871161.462 4941
1704871161.755 4942
1704871162.048 4942
1704871162.359 4943
1704871162.664 4944
1704871162.960 4947
1704871163.228 4955
1704871163.518 4973
1704871163.803 4982
1704871164.086 4983
1704871164.385 5033
1704871164.660 5057
1704871164.957 5061
1704871165.243 5062
1704871165.503 5062
1704871165.797 5065
1704871166.089 5074
1704871166.376 5078
1704871166.655 5078
1704871166.938 5084
1704871167.217 5089
1704871167.511 5114
1704871167.794 5125
1704871168.092 5129
1704871168.390 5139
1704871168.676 5140
1704871168.969 5146
1704871169.248 5152
1704871169.535 5159
1704871169.813 5165
1704871170.129 5166
1704871170.429 5166
1704871170.705 5168
1704871170.993 5168
1704871171.268 5169
1704871171.553 5177
1704871171.852 5180
1704871172.133 5182
1704871172.434 5190
1704871172.727 5205
1704871173.023 5210
1704871173.308 5210
1704871173.582 5210
1704871173.895 5211
1704871174.168 5212
1704871174.460 5215
1704871174.737 5217
1704871175.024 5217
1704871175.305 5219
1704871175.624 5226
1704871175.888 5230
1704871176.165 5239
1704871176.457 5241
1704871176.738 5245
1704871177.084 5246
1704871177.383 5246
1704871177.671 5246
1704871177.953 5247
1704871178.226 5247
1704871178.508 5247
1704871178.815 5247
1704871179.100 5247
1704871179.381 5247
1704871179.658 5253
1704871179.935 5253
1704871180.214 5253
1704871180.507 5253
1704871180.788 5253
1704871181.069 5253
1704871181.358 5253
1704871181.685 5253
1704871181.976 5253
1704871182.265 5255
1704871182.611 5256
1704871182.902 5256
1704871183.176 5256
1704871183.478 5256
1704871183.815 5256
1704871184.061 5256
1704871184.336 5256
1704871184.609 5267
1704871184.908 5267
1704871185.194 5267
1704871185.480 5267
1704871185.754 5267
1704871186.050 5267
1704871186.316 5268
1704871186.590 5268
1704871186.879 5268
1704871187.181 5268
1704871187.452 5268
1704871187.736 5268
1704871188.017 5268
1704871188.301 5268
1704871188.577 5268
1704871188.939 5268
1704871189.223 5268
1704871189.499 5268
1704871189.786 5268
1704871190.072 5275
1704871190.362 5302
1704871190.706 5344
1704871191.017 5381
1704871191.337 5435
1704871191.633 5508
1704871191.914 5528
1704871192.203 5534
1704871192.489 5554
1704871192.772 5570
1704871193.035 5573
1704871193.334 5576
1704871193.608 5576
1704871193.931 5576
1704871194.216 5577
1704871194.507 5581
1704871194.816 5581
1704871195.095 5581
1704871195.411 5583
1704871195.685 5584
1704871195.970 5584
1704871196.269 5584
1704871196.552 5584
1704871196.845 5584
1704871197.194 5584
1704871197.478 5586
1704871197.817 5589
1704871198.103 5589
1704871198.386 5591
1704871198.677 5596
1704871198.986 5614
1704871199.267 5621
1704871199.576 5634
1704871199.863 5650
1704871200.189 5650
1704871200.451 5650
1704871200.729 5650
1704871201.004 5650
1704871201.303 5650
1704871201.597 5650
1704871201.897 5650
1704871202.175 5650
1704871202.451 5650
1704871202.741 5650
1704871203.018 5650
1704871203.312 5650
1704871203.591 5650
1704871203.869 5656
1704871204.149 5658
1704871204.431 5661
1704871204.716 5667
1704871205.002 5671
1704871205.302 5680
1704871205.565 5685
1704871205.855 5692
1704871206.134 5695
1704871206.419 5702
1704871206.706 5708
1704871206.999 5709
1704871207.281 5711
1704871207.567 5717
1704871207.868 5721
1704871208.150 5725
1704871208.400 5742
1704871208.686 5745
1704871208.967 5747
1704871209.268 5757
1704871209.578 5758
1704871209.866 5761
1704871210.155 5761
1704871210.420 5769
1704871210.704 5769
1704871210.975 5772
1704871211.255 5772
1704871211.531 5772
1704871211.823 5772
1704871212.091 5774
1704871212.372 5774
1704871212.655 5774
1704871212.932 5774
1704871213.219 5774
1704871213.508 5774
1704871213.791 5774
1704871214.090 5775
1704871214.375 5775
1704871214.654 5775
1704871214.948 5775
1704871215.225 5775
1704871215.507 5792
1704871215.792 5792
1704871216.081 5793
1704871216.386 5800
1704871216.671 5802
1704871216.963 5803
1704871217.249 5808
1704871217.522 5809
1704871217.815 5811
1704871218.062 5811
1704871218.345 5812
1704871218.624 5813
1704871218.898 5813
1704871219.193 5815
1704871219.483 5820
1704871219.761 5825
1704871220.040 5831
1704871220.322 5839
1704871220.627 5849
1704871220.893 5857
1704871221.172 5861
1704871221.458 5883
1704871221.741 5889
1704871222.014 5890
1704871222.311 5892
1704871222.600 5896
1704871222.889 5896
1704871223.179 5896
1704871223.454 5897
1704871223.745 5898
1704871224.029 5898
1704871224.323 5898
1704871224.590 5898
1704871224.890 5899
1704871225.178 5899
1704871225.465 5899
1704871225.760 5910
1704871226.033 5910
1704871226.323 5910
1704871226.587 5910
1704871226.865 5910
1704871227.135 5911
1704871227.407 5911
1704871227.667 5924
1704871227.958 5925
1704871228.229 5925
1704871228.496 5925
1704871228.780 5925
1704871229.054 5925
1704871229.341 5926
1704871229.627 5926
1704871229.901 5926
1704871230.190 5931
1704871230.481 5952
1704871230.769 5988
1704871231.058 5992
1704871231.359 6025
1704871231.624 6057
1704871231.912 6057
1704871232.194 6059
1704871232.479 6062
1704871232.749 6062
1704871233.038 6063
1704871233.324 6064
1704871233.601 6064
1704871233.898 6064
1704871234.182 6064
1704871234.461 6064
1704871234.749 6066
1704871235.019 6071
1704871235.306 6072
1704871235.586 6072
1704871235.870 6077
1704871236.145 6090
1704871236.445 6102
1704871236.728 6137
1704871237.011 6155
1704871237.294 6234
1704871237.572 6234
1704871237.859 6234
1704871238.134 6234
1704871238.415 6235
1704871238.751 6236
1704871239.076 6237
1704871239.381 6238
1704871239.644 6244
1704871239.916 6247
1704871240.214 6247
1704871240.507 6252
1704871240.771 6259
1704871241.054 6259
1704871241.338 6259
1704871241.615 6259
1704871241.911 6259
1704871242.176 6259
1704871242.460 6259
1704871242.741 6259
1704871243.031 6259
1704871243.318 6259
1704871243.613 6259
1704871243.918 6259
1704871244.207 6260
1704871244.486 6271
1704871244.784 6273
1704871245.063 6273
1704871245.346 6273
1704871245.625 6273
1704871245.916 6274
1704871246.223 6275
1704871246.523 6279
1704871246.788 6279
1704871247.063 6279
1704871247.337 6279
1704871247.628 6280
1704871247.926 6280
1704871248.210 6280
1704871248.562 6280
1704871248.829 6280
1704871249.131 6280
1704871249.418 6280
1704871249.745 6280
1704871250.027 6280
1704871250.305 6280
1704871250.590 6280
1704871250.893 6280
1704871251.210 6280
1704871251.506 6280
1704871251.781 6280
1704871252.066 6280
1704871252.342 6280
1704871252.617 6280
1704871252.895 6280
1704871253.201 6280
1704871253.474 6280
1704871253.771 6280
1704871254.054 6280
1704871254.337 6280
1704871254.655 6284
1704871254.950 6302
1704871255.227 6313
1704871255.557 6327
1704871255.856 6339
1704871256.138 6342
1704871256.431 6342
1704871256.703 6342
1704871256.990 6342
1704871257.284 6342
1704871257.565 6342
1704871257.836 6342
1704871258.159 6347
1704871258.417 6347
1704871258.686 6347
1704871258.968 6347
1704871259.246 6347
1704871259.533 6347
1704871259.812 6347
1704871260.103 6350
1704871260.402 6354
1704871260.740 6354
1704871261.031 6354
1704871261.307 6354
1704871261.589 6354
1704871261.880 6354
1704871262.161 6354
1704871262.441 6354
1704871262.738 6354
1704871263.027 6354
1704871263.303 6354
1704871263.578 6354
1704871263.902 6354
1704871264.175 6354
1704871264.494 6354
1704871264.788 6354
1704871265.069 6354
1704871265.409 6354
1704871265.683 6355
1704871265.991 6357
1704871266.266 6357
1704871266.546 6357
1704871266.833 6357
1704871267.111 6357
1704871267.402 6359
1704871267.707 6360
1704871267.983 6360
1704871268.265 6360
1704871268.549 6360
1704871268.831 6360
1704871269.115 6360
1704871269.409 6360
1704871269.695 6360
1704871269.976 6360
1704871270.267 6360
1704871270.543 6360
1704871270.817 6361
1704871271.104 6361
1704871271.371 6361
1704871271.654 6361
1704871271.930 6361
1704871272.214 6361
1704871272.492 6361
1704871272.778 6361
1704871273.060 6362
1704871273.415 6362
1704871273.721 6362
1704871274.003 6362
1704871274.291 6362
1704871274.655 6362
1704871274.922 6362
1704871275.219 6362
1704871275.480 6362
1704871275.752 6362
1704871276.013 6362
1704871276.271 6362
1704871276.539 6362
1704871276.816 6362
1704871277.092 6362
1704871277.374 6362
1704871277.655 6362
1704871277.945 6362
1704871278.241 6362
1704871278.547 6364
1704871278.822 6364
1704871279.109 6364
1704871279.385 6364
1704871279.668 6364
1704871279.952 6364
1704871280.234 6364
1704871280.576 6364
1704871280.892 6364
1704871281.174 6364
1704871281.458 6364
1704871281.741 6364
1704871282.018 6364
1704871282.321 6364
1704871282.635 6364
1704871282.973 6366
1704871283.238 6366
1704871283.534 6366
1704871283.813 6366
1704871284.086 6366
1704871284.352 6366
1704871284.655 6366
1704871284.932 6366
1704871285.211 6366
1704871285.497 6366
1704871285.780 6366
1704871286.068 6366
1704871286.339 6366
1704871286.615 6366
1704871286.899 6366
1704871287.180 6366
1704871287.456 6366
1704871287.745 6366
1704871288.056 6366
1704871288.320 6366
1704871288.598 6366
1704871288.879 6366
1704871289.165 6366
1704871289.440 6366
1704871289.717 6366
1704871289.999 6366
1704871290.301 6366
1704871290.565 6366
1704871290.834 6366
1704871291.128 6366
1704871291.421 6367
1704871291.709 6367
1704871291.995 6367
1704871292.275 6367
1704871292.569 6371
1704871292.853 6380
1704871293.146 6387
1704871293.429 6401
1704871293.711 6413
1704871294.007 6427
1704871294.292 6437
1704871294.572 6458
1704871294.874 6466
1704871295.155 6478
1704871295.439 6480
1704871295.723 6483
1704871296.057 6486
1704871296.352 6488
1704871296.643 6489
1704871296.926 6493
1704871297.206 6496
1704871297.504 6496
1704871297.779 6496
1704871298.087 6496
1704871298.372 6496
1704871298.648 6496
1704871298.941 6496
1704871299.270 6496
1704871299.582 6496
1704871299.873 6497
1704871300.157 6497
1704871300.477 6497
1704871300.760 6497
1704871301.044 6498
1704871301.331 6499
1704871301.616 6499
1704871301.896 6499
1704871302.180 6499
1704871302.469 6500
1704871302.748 6500
1704871303.030 6500
1704871303.317 6500
1704871303.673 6500
1704871303.972 6500
1704871304.268 6500
1704871304.555 6500
1704871304.845 6500
1704871305.123 6500
1704871305.406 6500
1704871305.686 6500
1704871305.967 6500
1704871306.269 6500
1704871306.535 6500
1704871306.810 6500
1704871307.086 6500
1704871307.358 6500
1704871307.633 6500
1704871307.906 6500
1704871308.183 6500
1704871308.470 6500
1704871308.750 6500
1704871309.056 6500
1704871309.335 6500
1704871309.628 6500
1704871309.945 6500
1704871310.236 6500
1704871310.516 6500
1704871310.800 6500
1704871311.090 6500
1704871311.376 6500
1704871311.687 6500
1704871311.971 6500
1704871312.254 6500
1704871312.536 6503
1704871312.817 6506
1704871313.096 6509
1704871313.376 6509
1704871313.657 6509
1704871313.947 6509
1704871314.228 6509
1704871314.508 6509
1704871314.785 6513
1704871315.066 6521
1704871315.357 6526
1704871315.634 6535
1704871315.936 6545
1704871316.225 6558
1704871316.505 6566
1704871316.799 6572
1704871317.066 6574
1704871317.354 6575
1704871317.630 6576
1704871317.911 6577
1704871318.188 6578
1704871318.475 6582
1704871318.761 6588
1704871319.075 6588
1704871319.385 6588
1704871319.675 6588
1704871319.981 6590
1704871320.259 6590
1704871320.548 6590
1704871320.856 6590
1704871321.139 6590
1704871321.413 6590
1704871321.712 6590
1704871322.010 6590
1704871322.290 6590
1704871322.566 6590
1704871322.871 6590
1704871323.136 6594
1704871323.422 6594
1704871323.728 6595
1704871324.011 6606
1704871324.293 6614
1704871324.567 6618
1704871324.863 6626
1704871325.161 6640
1704871325.455 6656
1704871325.732 6659
1704871326.013 6659
1704871326.296 6659
1704871326.580 6659
1704871326.863 6659
1704871327.140 6659
1704871327.419 6659
1704871327.703 6659
1704871327.986 6659
1704871328.268 6659
1704871328.550 6659
1704871328.828 6659
1704871329.110 6659
1704871329.388 6659
1704871329.676 6659
1704871329.961 6659
1704871330.247 6659
1704871330.555 6661
1704871330.831 6661
1704871331.114 6661
1704871331.388 6661
1704871331.667 6661
1704871331.947 6661
1704871332.225 6661
1704871332.509 6661
1704871332.796 6661
1704871333.135 6661
1704871333.415 6661
1704871333.687 6661
1704871333.965 6661
1704871334.234 6661
1704871334.496 6661
1704871334.792 6661
1704871335.071 6661
1704871335.338 6661
1704871335.641 6661
1704871335.903 6661
1704871336.185 6661
1704871336.467 6661
1704871336.755 6661
1704871337.029 6661
1704871337.296 6661
1704871337.570 6661
1704871337.849 6661
1704871338.127 6661
1704871338.413 6661
1704871338.712 6661
1704871339.019 6661
1704871339.284 6661
1704871339.564 6662
1704871339.851 6662
1704871340.133 6662
1704871340.443 6662
1704871340.754 6662
1704871341.039 6662
1704871341.316 6662
1704871341.609 6662
1704871341.919 6662
1704871342.200 6662
1704871342.479 6662
1704871342.766 6662
1704871343.018 6662
1704871343.293 6662
1704871343.551 6662
1704871343.830 6662
1704871344.104 6662
1704871344.407 6667
1704871344.669 6667
1704871344.946 6667
1704871345.239 6667
1704871345.538 6667
1704871345.824 6667
1704871346.126 6668
1704871346.412 6668
1704871346.686 6668
1704871346.978 6668
1704871347.257 6668
1704871347.537 6668
1704871347.819 6668
1704871348.102 6670
1704871348.401 6753
1704871348.665 6753
1704871348.969 6753
1704871349.266 6753
1704871349.541 6757
1704871349.822 6757
1704871350.105 6757
1704871350.402 6757
1704871350.691 6757
1704871350.971 6757
1704871351.253 6757
1704871351.549 6757
1704871351.817 6757
1704871352.171 6757
1704871352.448 6763
1704871352.750 6815
1704871353.073 6829
1704871353.353 6834
1704871353.647 6838
1704871353.945 6849
1704871354.197 6869
1704871354.471 6871
1704871354.741 6871
1704871355.019 6871
1704871355.310 6871
1704871355.591 6871
1704871355.892 6878
1704871356.194 6918
1704871356.481 6920
1704871356.761 6922
1704871357.039 6922
1704871357.317 6923
1704871357.592 6923
1704871357.873 6923
1704871358.160 6924
1704871358.439 6925
1704871358.719 6925
1704871358.998 6925
1704871359.296 6925
1704871359.567 6925
1704871359.852 6925
1704871360.129 6926
1704871360.402 6926
1704871360.717 6926
1704871360.995 6926
1704871361.285 6926
1704871361.606 6926
1704871361.916 6935
1704871362.226 6935
1704871362.487 6935
1704871362.744 6935
1704871363.016 6935
1704871363.290 6935
1704871363.550 6935
1704871363.811 6935
1704871364.112 6935
1704871364.391 6935
1704871364.643 6935
1704871364.898 6935
1704871365.182 6935
1704871365.461 6935
1704871365.726 6935
1704871366.027 6935
1704871366.387 6935
1704871366.666 6935
1704871366.944 6935
1704871367.231 6935
1704871367.539 6935
1704871367.821 6935
1704871368.102 6935
1704871368.383 6935
1704871368.656 6938
1704871368.930 6938
1704871369.198 6938
1704871369.478 6938
1704871369.745 6938
1704871370.027 6938
1704871370.308 6938
1704871370.605 6938
1704871370.875 6938
1704871371.148 6938
1704871371.423 6938
1704871371.703 6938
1704871371.990 6939
1704871372.289 6942
1704871372.602 6946
1704871372.885 6950
1704871373.180 6950
1704871373.501 6953
1704871373.745 6953
1704871374.029 6953
1704871374.304 6953
1704871374.646 6953
1704871374.980 6953
1704871375.311 6970
1704871375.589 6983
1704871375.866 6993
1704871376.146 6994
1704871376.430 6999
1704871376.710 7004
1704871376.996 7004
1704871377.293 7006
1704871377.565 7006
1704871377.855 7006
1704871378.138 7006
1704871378.419 7006
1704871378.703 7006
1704871379.001 7006
1704871379.299 7006
1704871379.605 7006
1704871379.909 7006
1704871380.212 7006
1704871380.508 7006
1704871380.785 7006
1704871381.078 7007
1704871381.396 7007
1704871381.682 7007
1704871381.957 7007
1704871382.259 7008
1704871382.518 7008
1704871382.754 7008
1704871383.019 7008
1704871383.279 7008
1704871383.550 7008
1704871383.821 7008
1704871384.071 7008
1704871384.334 7008
