1704870696.377 4.147 0.073 
1704870696.378 4.147 0.072 
1704870696.479 4.199 0.097 
1704870696.578 4.285 0.173 
1704870696.679 4.375 0.265 
1704870696.778 4.464 0.351 
1704870696.878 4.553 0.381 
1704870696.988 4.659 0.406 
1704870697.083 4.771 0.470 
1704870697.180 4.869 0.537 
1704870697.279 4.977 0.593 
1704870697.379 5.086 0.642 
1704870697.480 5.196 0.697 
1704870697.580 5.300 0.755 
1704870697.680 5.407 0.807 
1704870697.781 5.517 0.857 
1704870697.881 5.626 0.910 
1704870697.981 5.736 0.961 
1704870698.082 5.839 1.009 
1704870698.182 5.910 1.042 
1704870698.283 5.968 1.062 
1704870698.383 6.031 1.085 
1704870698.483 6.127 1.098 
1704870698.583 6.219 1.115 
1704870698.684 6.290 1.152 
1704870699.686 6.412 1.308 
1704870699.786 6.416 1.197 
1704870699.885 6.398 1.075 
1704870699.987 6.395 0.950 
1704870700.086 6.419 0.853 
1704870700.187 6.406 0.751 
1704870700.286 6.340 0.646 
1704870700.386 6.271 0.542 
1704870700.488 6.214 0.455 
1704870700.586 6.176 0.390 
1704870700.686 6.144 0.329 
1704870700.788 6.107 0.262 
1704870700.887 6.053 0.185 
1704870700.989 6.003 0.116 
1704870701.089 5.962 0.051 
1704870701.189 5.931 0.003 
1704870701.290 5.895 -0.051 
1704870701.389 5.854 -0.112 
1704870701.490 5.814 -0.175 
1704870703.093 5.817 -0.528 
1704870703.094 5.817 -0.528 
1704870703.194 5.741 -0.485 
1704870703.294 5.630 -0.414 
1704870703.394 5.504 -0.351 
1704870703.494 5.382 -0.303 
1704870703.595 5.300 -0.284 
1704870703.695 5.177 -0.220 
1704870703.796 5.083 -0.144 
1704870703.895 4.987 -0.068 
1704870703.998 4.906 0.017 
1704870704.097 4.847 0.100 
1704870704.198 4.791 0.133 
1704870704.298 4.754 0.107 
1704870705.604 4.902 0.084 
1704870705.701 4.923 0.078 
1704870705.802 4.947 0.072 
1704870705.901 4.978 0.070 
1704870706.002 5.031 0.072 
1704870706.102 5.086 0.074 
1704870706.202 5.141 0.084 
1704870706.303 5.200 0.094 
1704870706.404 5.267 0.100 
1704870706.505 5.346 0.098 
1704870706.605 5.426 0.096 
1704870706.706 5.510 0.097 
1704870706.805 5.567 0.111 
1704870706.905 5.618 0.107 
1704870707.004 5.691 0.091 
1704870707.106 5.770 0.083 
1704870707.206 5.845 0.073 
1704870707.305 5.917 0.056 
1704870707.405 5.993 0.036 
1704870707.506 6.074 0.013 
1704870707.606 6.155 -0.008 
1704870707.706 6.239 -0.028 
1704870707.807 6.321 -0.047 
1704870707.907 6.405 -0.069 
1704870708.008 6.489 -0.090 
1704870708.107 6.570 -0.108 
1704870708.209 6.657 -0.124 
1704870708.308 6.746 -0.137 
1704870708.409 6.836 -0.153 
1704870708.509 6.923 -0.170 
1704870708.610 6.992 -0.188 
1704870708.710 7.063 -0.192 
1704870708.811 7.149 -0.191 
1704870708.911 7.237 -0.182 
1704870709.012 7.312 -0.177 
1704870709.111 7.385 -0.167 
1704870709.212 7.460 -0.150 
1704870709.314 7.541 -0.125 
1704870709.413 7.640 -0.084 
1704870709.513 7.733 -0.048 
1704870709.615 7.802 -0.026 
1704870709.714 7.855 -0.012 
1704870711.017 7.915 0.043 
1704870711.117 7.936 0.078 
1704870711.218 7.958 0.155 
1704870711.318 7.966 0.252 
1704870711.418 7.985 0.366 
1704870711.518 8.005 0.487 
1704870711.618 8.004 0.620 
1704870711.718 7.958 0.753 
1704870711.820 7.909 0.876 
1704870711.919 7.848 0.997 
1704870712.020 7.770 1.110 
1704870712.120 7.706 1.205 
1704870712.220 7.658 1.282 
1704870712.323 7.634 1.319 
1704870712.421 7.608 1.343 
1704870712.521 7.541 1.398 
1704870712.622 7.437 1.469 
1704870712.721 7.355 1.511 
1704870712.822 7.301 1.548 
1704870712.922 7.240 1.602 
1704870713.021 7.179 1.646 
1704870713.122 7.124 1.695 
1704870713.221 7.073 1.739 
1704870713.321 7.028 1.782 
1704870713.423 6.990 1.824 
1704870713.522 6.954 1.869 
1704870713.622 6.915 1.912 
1704870713.721 6.879 1.956 
1704870713.822 6.845 1.995 
1704870713.922 6.814 2.019 
1704870714.023 6.790 2.023 
1704870714.123 6.773 2.023 
1704870714.223 6.760 2.045 
1704870714.324 6.764 2.092 
1704870714.424 6.807 2.163 
1704870714.523 6.825 2.224 
1704870714.625 6.838 2.249 
1704870714.724 6.851 2.273 
1704870714.823 6.872 2.303 
1704870714.924 6.946 2.353 
1704870715.025 7.037 2.413 
1704870715.125 7.090 2.448 
1704870715.225 7.139 2.484 
1704870715.325 7.202 2.530 
1704870715.425 7.278 2.582 
1704870715.525 7.353 2.640 
1704870715.625 7.426 2.699 
1704870715.731 7.504 2.761 
1704870715.832 7.570 2.806 
1704870715.931 7.631 2.856 
1704870716.031 7.696 2.908 
1704870716.132 7.757 2.959 
1704870716.235 7.815 3.010 
1704870716.333 7.863 3.052 
1704870716.434 7.901 3.093 
1704870716.534 7.945 3.128 
1704870716.634 8.008 3.171 
1704870716.734 8.101 3.236 
1704870718.740 8.311 3.545 
1704870718.741 8.311 3.545 
1704870718.840 8.328 3.596 
1704870718.942 8.327 3.723 
1704870719.041 8.319 3.852 
1704870719.141 8.305 3.979 
1704870719.242 8.325 4.101 
1704870719.342 8.353 4.209 
1704870719.442 8.364 4.299 
1704870719.545 8.377 4.387 
1704870719.645 8.391 4.476 
1704870719.744 8.403 4.565 
1704870719.845 8.417 4.648 
1704870719.960 8.423 4.730 
1704870720.051 8.426 4.815 
1704870720.147 8.431 4.901 
1704870720.246 8.439 4.981 
1704870720.346 8.448 5.056 
1704870720.446 8.454 5.133 
1704870720.546 8.455 5.219 
1704870720.645 8.449 5.318 
1704870720.745 8.433 5.432 
1704870720.846 8.412 5.552 
1704870720.946 8.398 5.639 
1704870721.046 8.397 5.705 
1704870721.146 8.389 5.784 
1704870721.245 8.377 5.862 
1704870721.346 8.366 5.933 
1704870721.446 8.345 6.015 
1704870721.547 8.335 6.092 
1704870721.647 8.310 6.172 
1704870721.747 8.249 6.254 
1704870721.848 8.185 6.326 
1704870721.947 8.136 6.383 
1704870722.046 8.096 6.438 
1704870722.950 8.087 6.460 
1704870723.050 8.030 6.426 
1704870723.150 7.963 6.386 
1704870723.252 7.889 6.365 
1704870723.350 7.826 6.337 
1704870723.451 7.766 6.297 
1704870723.551 7.690 6.247 
1704870723.652 7.616 6.168 
1704870723.750 7.560 6.070 
1704870723.851 7.519 5.979 
1704870723.951 7.483 5.906 
1704870724.051 7.450 5.847 
1704870724.152 7.411 5.770 
1704870724.251 7.367 5.667 
1704870724.351 7.330 5.563 
1704870724.452 7.293 5.478 
1704870724.552 7.262 5.433 
1704870724.652 7.241 5.384 
1704870724.752 7.210 5.303 
1704870724.852 7.178 5.219 
1704870724.952 7.147 5.143 
1704870725.052 7.119 5.070 
1704870725.153 7.086 4.990 
1704870725.252 7.051 4.909 
1704870725.353 7.015 4.833 
1704870725.455 6.980 4.749 
1704870725.554 6.946 4.668 
1704870725.654 6.912 4.592 
1704870725.753 6.877 4.511 
1704870725.853 6.841 4.432 
1704870725.954 6.804 4.354 
1704870726.053 6.768 4.277 
1704870726.153 6.734 4.202 
1704870726.254 6.701 4.129 
1704870726.354 6.660 4.056 
1704870726.456 6.606 3.979 
1704870726.557 6.560 3.898 
1704870726.655 6.527 3.822 
1704870726.755 6.493 3.756 
1704870726.854 6.453 3.692 
1704870726.955 6.413 3.627 
1704870727.055 6.369 3.551 
1704870727.155 6.332 3.487 
1704870727.257 6.292 3.426 
1704870727.356 6.244 3.362 
1704870727.455 6.199 3.298 
1704870727.556 6.145 3.233 
1704870727.656 6.087 3.178 
1704870727.756 6.027 3.129 
1704870727.856 5.967 3.081 
1704870727.956 5.900 3.034 
1704870728.057 5.828 2.991 
1704870728.157 5.754 2.955 
1704870728.258 5.670 2.936 
1704870728.357 5.594 2.937 
1704870728.457 5.513 2.944 
1704870728.559 5.429 2.954 
1704870728.659 5.351 2.961 
1704870728.760 5.275 2.969 
1704870728.861 5.200 2.974 
1704870728.961 5.121 2.977 
1704870729.060 5.041 2.981 
1704870729.161 4.960 2.984 
1704870729.260 4.877 2.986 
1704870729.360 4.794 2.990 
1704870729.461 4.707 2.988 
1704870729.561 4.623 2.985 
1704870729.661 4.532 2.981 
1704870729.761 4.441 2.977 
1704870729.862 4.346 2.969 
1704870729.961 4.255 2.964 
1704870730.061 4.169 2.961 
1704870730.162 4.085 2.960 
1704870730.262 3.993 2.952 
1704870730.362 3.902 2.937 
1704870730.462 3.819 2.928 
1704870730.562 3.742 2.920 
1704870730.663 3.661 2.903 
1704870730.763 3.576 2.863 
1704870730.863 3.506 2.830 
1704870730.964 3.443 2.795 
1704870731.064 3.382 2.766 
1704870731.164 3.320 2.741 
1704870731.264 3.252 2.703 
1704870731.364 3.168 2.623 
1704870731.464 3.097 2.564 
1704870731.564 3.040 2.514 
1704870731.665 2.971 2.449 
1704870731.765 2.898 2.389 
1704870731.865 2.829 2.326 
1704870731.966 2.760 2.266 
1704870732.066 2.691 2.208 
1704870732.166 2.631 2.140 
1704870732.266 2.591 2.066 
1704870732.366 2.563 1.980 
1704870732.466 2.529 1.919 
1704870732.567 2.493 1.848 
1704870732.668 2.465 1.757 
1704870732.767 2.438 1.682 
1704870732.868 2.416 1.606 
1704870732.968 2.396 1.531 
1704870733.068 2.378 1.454 
1704870733.168 2.375 1.370 
1704870733.269 2.374 1.279 
1704870733.369 2.355 1.206 
1704870733.469 2.336 1.141 
1704870733.572 2.337 1.077 
1704870733.672 2.360 0.995 
1704870733.772 2.389 0.894 
1704870733.872 2.422 0.789 
1704870733.973 2.456 0.686 
1704870734.073 2.490 0.588 
1704870734.174 2.526 0.501 
1704870734.273 2.561 0.432 
1704870734.373 2.604 0.370 
1704870734.473 2.653 0.307 
1704870734.574 2.685 0.264 
1704870734.673 2.728 0.234 
1704870734.774 2.776 0.179 
1704870734.873 2.837 0.093 
1704870734.974 2.908 0.005 
1704870735.075 2.952 -0.066 
1704870735.174 2.987 -0.134 
1704870735.275 3.055 -0.205 
1704870735.375 3.138 -0.279 
1704870735.474 3.209 -0.347 
1704870735.575 3.261 -0.396 
1704870735.675 3.312 -0.452 
1704870735.775 3.364 -0.509 
1704870735.876 3.411 -0.546 
1704870735.976 3.457 -0.578 
1704870736.075 3.519 -0.624 
1704870740.085 3.991 -0.722 
1704870740.086 3.991 -0.722 
1704870740.186 3.928 -0.718 
1704870740.287 3.816 -0.698 
1704870740.387 3.688 -0.679 
1704870740.487 3.567 -0.664 
1704870740.587 3.441 -0.654 
1704870740.687 3.318 -0.640 
1704870740.787 3.198 -0.627 
1704870740.888 3.077 -0.617 
1704870740.987 2.957 -0.604 
1704870741.087 2.834 -0.586 
1704870741.189 2.709 -0.568 
1704870741.288 2.591 -0.553 
1704870741.387 2.470 -0.537 
1704870741.487 2.345 -0.517 
1704870741.589 2.223 -0.498 
1704870741.689 2.101 -0.477 
1704870741.789 1.981 -0.451 
1704870741.889 1.856 -0.423 
1704870741.989 1.732 -0.399 
1704870742.089 1.614 -0.378 
1704870742.190 1.503 -0.343 
1704870742.290 1.385 -0.308 
1704870742.391 1.265 -0.274 
1704870742.492 1.152 -0.227 
1704870742.591 1.052 -0.178 
1704870742.692 0.944 -0.130 
1704870742.792 0.841 -0.087 
1704870742.892 0.745 -0.043 
1704870742.993 0.679 -0.005 
1704870743.092 0.630 0.031 
1704870743.192 0.565 0.070 
1704870743.296 0.489 0.119 
1704870743.392 0.420 0.163 
1704870743.496 0.356 0.207 
1704870743.593 0.290 0.257 
1704870743.694 0.222 0.308 
1704870743.795 0.160 0.364 
1704870743.893 0.101 0.421 
1704870743.994 0.043 0.488 
1704870744.093 -0.007 0.544 
1704870744.194 -0.055 0.609 
1704870744.294 -0.112 0.689 
1704870744.394 -0.163 0.756 
1704870744.496 -0.218 0.825 
1704870744.595 -0.264 0.886 
1704870744.695 -0.311 0.942 
1704870744.795 -0.356 1.020 
1704870744.895 -0.401 1.107 
1704870744.995 -0.442 1.176 
1704870745.095 -0.483 1.247 
1704870745.198 -0.525 1.328 
1704870745.297 -0.563 1.413 
1704870745.398 -0.596 1.496 
1704870745.497 -0.629 1.576 
1704870745.597 -0.659 1.660 
1704870745.697 -0.682 1.749 
1704870745.798 -0.713 1.843 
1704870745.898 -0.737 1.935 
1704870745.998 -0.759 2.022 
1704870746.098 -0.778 2.113 
1704870746.200 -0.794 2.204 
1704870746.298 -0.812 2.298 
1704870746.398 -0.833 2.399 
1704870746.499 -0.849 2.496 
1704870746.599 -0.860 2.592 
1704870746.699 -0.868 2.691 
1704870746.811 -0.877 2.791 
1704870746.907 -0.887 2.891 
1704870747.002 -0.899 2.988 
1704870747.103 -0.916 3.054 
1704870747.203 -0.923 3.119 
1704870747.302 -0.929 3.192 
1704870747.402 -0.932 3.262 
1704870747.502 -0.939 3.337 
1704870747.603 -0.946 3.416 
1704870747.703 -0.953 3.502 
1704870748.005 -0.963 3.566 
1704870748.104 -0.932 3.639 
1704870748.205 -0.899 3.740 
1704870748.306 -0.866 3.855 
1704870748.406 -0.851 3.976 
1704870748.506 -0.845 4.097 
1704870748.606 -0.825 4.217 
1704870748.706 -0.806 4.339 
1704870748.809 -0.787 4.462 
1704870748.908 -0.768 4.581 
1704870749.007 -0.740 4.693 
1704870749.107 -0.706 4.806 
1704870749.206 -0.669 4.923 
1704870749.306 -0.632 5.043 
1704870749.407 -0.593 5.157 
1704870749.507 -0.557 5.268 
1704870749.607 -0.521 5.380 
1704870749.706 -0.485 5.496 
1704870749.807 -0.447 5.611 
1704870749.907 -0.408 5.723 
1704870750.007 -0.371 5.835 
1704870750.106 -0.337 5.946 
1704870750.207 -0.295 6.058 
1704870750.307 -0.253 6.173 
1704870750.409 -0.225 6.250 
1704870750.511 -0.177 6.343 
1704870750.608 -0.132 6.430 
1704870750.707 -0.092 6.499 
1704870750.808 -0.055 6.567 
1704870750.908 -0.027 6.631 
1704870751.008 -0.003 6.686 
1704870751.108 0.030 6.741 
1704870751.209 0.081 6.806 
1704870751.309 0.143 6.878 
1704870751.409 0.193 6.991 
1704870751.509 0.229 7.107 
1704870751.608 0.275 7.181 
1704870754.014 0.245 7.264 
1704870754.115 0.167 7.260 
1704870754.215 0.048 7.264 
1704870754.314 -0.075 7.287 
1704870754.418 -0.197 7.333 
1704870754.516 -0.312 7.356 
1704870754.615 -0.437 7.347 
1704870754.716 -0.552 7.308 
1704870754.816 -0.655 7.230 
1704870754.915 -0.736 7.155 
1704870755.015 -0.792 7.102 
1704870755.116 -0.823 7.069 
1704870755.216 -0.856 7.045 
1704870755.316 -0.904 7.008 
1704870755.416 -0.968 6.932 
1704870755.517 -1.026 6.876 
1704870755.617 -1.078 6.820 
1704870755.718 -1.130 6.762 
1704870755.817 -1.178 6.706 
1704870755.922 -1.235 6.644 
1704870756.017 -1.286 6.591 
1704870756.118 -1.342 6.534 
1704870756.218 -1.397 6.473 
1704870756.318 -1.454 6.384 
1704870756.418 -1.512 6.295 
1704870756.519 -1.567 6.215 
1704870756.618 -1.607 6.152 
1704870756.719 -1.655 6.087 
1704870756.818 -1.705 6.004 
1704870756.919 -1.751 5.913 
1704870757.018 -1.794 5.826 
1704870757.120 -1.835 5.746 
1704870757.227 -1.876 5.666 
1704870757.324 -1.912 5.573 
1704870757.423 -1.947 5.477 
1704870757.524 -1.983 5.386 
1704870757.624 -2.018 5.294 
1704870757.724 -2.052 5.209 
1704870757.823 -2.078 5.113 
1704870757.924 -2.103 5.020 
1704870758.026 -2.129 4.935 
1704870758.124 -2.146 4.842 
1704870758.225 -2.157 4.754 
1704870758.325 -2.165 4.688 
1704870758.425 -2.167 4.621 
1704870758.525 -2.166 4.557 
1704870758.627 -2.168 4.482 
1704870758.728 -2.172 4.399 
1704870758.826 -2.179 4.317 
1704870758.926 -2.185 4.238 
1704870759.027 -2.193 4.164 
1704870759.126 -2.200 4.088 
1704870759.226 -2.207 4.011 
1704870759.327 -2.218 3.932 
1704870759.427 -2.227 3.857 
1704870759.528 -2.235 3.780 
1704870759.627 -2.243 3.702 
1704870759.730 -2.249 3.624 
1704870759.830 -2.253 3.547 
1704870759.930 -2.261 3.472 
1704870760.030 -2.270 3.397 
1704870760.130 -2.276 3.309 
1704870760.230 -2.278 3.220 
1704870760.330 -2.276 3.139 
1704870760.433 -2.275 3.054 
1704870760.532 -2.274 2.972 
1704870760.631 -2.274 2.889 
1704870760.731 -2.275 2.805 
1704870760.832 -2.276 2.721 
1704870760.931 -2.275 2.641 
1704870761.032 -2.274 2.560 
1704870761.132 -2.274 2.485 
1704870761.233 -2.275 2.411 
1704870761.332 -2.278 2.335 
1704870761.433 -2.281 2.258 
1704870761.532 -2.281 2.183 
1704870761.633 -2.274 2.078 
1704870761.732 -2.277 1.959 
1704870761.833 -2.286 1.856 
1704870761.934 -2.295 1.767 
1704870762.033 -2.308 1.673 
1704870762.133 -2.327 1.578 
1704870762.233 -2.346 1.485 
1704870762.334 -2.361 1.399 
1704870762.434 -2.375 1.314 
1704870762.535 -2.389 1.224 
1704870762.634 -2.393 1.132 
1704870762.734 -2.398 1.043 
1704870762.834 -2.413 0.976 
1704870762.934 -2.428 0.902 
1704870763.035 -2.437 0.810 
1704870763.135 -2.440 0.724 
1704870763.235 -2.435 0.643 
1704870763.335 -2.425 0.564 
1704870763.435 -2.412 0.486 
1704870763.535 -2.385 0.407 
1704870763.636 -2.367 0.334 
1704870763.738 -2.346 0.257 
1704870763.837 -2.320 0.184 
1704870763.937 -2.286 0.117 
1704870764.038 -2.252 0.061 
1704870764.139 -2.205 0.008 
1704870764.239 -2.118 -0.059 
1704870764.340 -2.045 -0.117 
1704870764.438 -1.999 -0.156 
1704870764.539 -1.953 -0.191 
1704870764.639 -1.896 -0.229 
1704870764.738 -1.819 -0.274 
1704870764.839 -1.731 -0.323 
1704870764.939 -1.658 -0.378 
1704870765.039 -1.584 -0.428 
1704870765.139 -1.503 -0.466 
1704870765.239 -1.415 -0.497 
1704870765.338 -1.341 -0.535 
1704870765.439 -1.277 -0.570 
1704870765.539 -1.192 -0.596 
1704870765.639 -1.098 -0.617 
1704870765.739 -1.002 -0.639 
1704870765.839 -0.916 -0.659 
1704870765.940 -0.832 -0.677 
1704870766.040 -0.740 -0.691 
1704870766.140 -0.646 -0.702 
1704870766.240 -0.551 -0.713 
1704870771.359 -0.667 -0.749 
1704870771.360 -0.667 -0.749 
1704870771.460 -0.717 -0.737 
1704870771.560 -0.831 -0.704 
1704870771.660 -0.959 -0.671 
1704870771.763 -1.073 -0.638 
1704870771.863 -1.184 -0.608 
1704870771.963 -1.302 -0.577 
1704870772.063 -1.421 -0.547 
1704870772.164 -1.536 -0.519 
1704870772.264 -1.651 -0.490 
1704870772.364 -1.766 -0.459 
1704870772.464 -1.885 -0.432 
1704870772.565 -1.992 -0.406 
1704870772.664 -2.071 -0.384 
1704870772.765 -2.135 -0.369 
1704870772.864 -2.218 -0.350 
1704870772.964 -2.314 -0.329 
1704870773.064 -2.404 -0.309 
1704870773.165 -2.490 -0.290 
1704870773.267 -2.569 -0.271 
1704870773.365 -2.650 -0.256 
1704870773.465 -2.732 -0.241 
1704870773.565 -2.818 -0.229 
1704870773.666 -2.903 -0.217 
1704870773.765 -2.984 -0.206 
1704870773.865 -3.063 -0.194 
1704870773.966 -3.144 -0.181 
1704870774.066 -3.222 -0.171 
1704870774.166 -3.304 -0.162 
1704870774.268 -3.382 -0.153 
1704870774.367 -3.460 -0.144 
1704870774.467 -3.537 -0.135 
1704870774.567 -3.614 -0.127 
1704870774.666 -3.689 -0.119 
1704870774.767 -3.765 -0.110 
1704870774.867 -3.839 -0.103 
1704870774.967 -3.953 -0.083 
1704870775.068 -4.063 -0.067 
1704870775.167 -4.152 -0.059 
1704870775.268 -4.242 -0.052 
1704870775.369 -4.330 -0.035 
1704870775.469 -4.420 -0.018 
1704870775.569 -4.502 -0.002 
1704870775.668 -4.585 0.017 
1704870775.768 -4.668 0.039 
1704870775.868 -4.748 0.061 
1704870775.969 -4.825 0.088 
1704870776.068 -4.890 0.116 
1704870776.168 -4.952 0.156 
1704870776.268 -5.018 0.202 
1704870776.369 -5.085 0.240 
1704870776.469 -5.148 0.271 
1704870776.569 -5.234 0.306 
1704870776.669 -5.318 0.348 
1704870776.769 -5.384 0.396 
1704870776.871 -5.448 0.446 
1704870776.970 -5.510 0.498 
1704870777.069 -5.560 0.554 
1704870777.172 -5.599 0.623 
1704870777.270 -5.632 0.702 
1704870777.372 -5.656 0.792 
1704870777.471 -5.680 0.877 
1704870777.572 -5.693 0.966 
1704870777.672 -5.687 1.059 
1704870777.771 -5.687 1.146 
1704870777.871 -5.675 1.234 
1704870777.972 -5.643 1.321 
1704870778.072 -5.606 1.412 
1704870778.172 -5.577 1.481 
1704870778.274 -5.538 1.539 
1704870778.373 -5.491 1.606 
1704870778.474 -5.449 1.674 
1704870778.573 -5.407 1.746 
1704870778.673 -5.367 1.819 
1704870778.773 -5.322 1.897 
1704870778.873 -5.272 1.968 
1704870778.974 -5.222 2.042 
1704870779.074 -5.174 2.115 
1704870779.174 -5.120 2.195 
1704870779.274 -5.068 2.277 
1704870779.374 -5.016 2.352 
1704870779.473 -4.962 2.430 
1704870779.574 -4.911 2.511 
1704870779.674 -4.860 2.589 
1704870779.775 -4.812 2.673 
1704870779.875 -4.776 2.736 
1704870779.974 -4.748 2.793 
1704870780.074 -4.715 2.856 
1704870780.175 -4.683 2.919 
1704870780.275 -4.652 2.986 
1704870780.379 -4.619 3.062 
1704870780.479 -4.584 3.132 
1704870780.580 -4.551 3.203 
1704870780.679 -4.517 3.272 
1704870780.780 -4.482 3.342 
1704870780.880 -4.450 3.411 
1704870780.981 -4.418 3.488 
1704870781.080 -4.386 3.561 
1704870781.181 -4.354 3.635 
1704870781.281 -4.322 3.708 
1704870781.381 -4.291 3.781 
1704870781.480 -4.260 3.854 
1704870781.581 -4.230 3.929 
1704870781.682 -4.200 4.001 
1704870781.782 -4.169 4.077 
1704870781.882 -4.138 4.152 
1704870781.982 -4.106 4.229 
1704870782.083 -4.074 4.311 
1704870783.485 -4.207 4.295 
1704870783.486 -4.207 4.295 
1704870783.588 -4.151 4.328 
1704870783.687 -4.047 4.380 
1704870783.788 -3.944 4.428 
1704870783.888 -3.835 4.482 
1704870783.987 -3.727 4.556 
1704870784.088 -3.652 4.639 
1704870784.188 -3.572 4.719 
1704870784.289 -3.484 4.783 
1704870784.388 -3.392 4.859 
1704870784.488 -3.293 4.935 
1704870784.589 -3.190 5.004 
1704870784.691 -3.082 5.074 
1704870784.790 -2.987 5.144 
1704870784.891 -2.887 5.215 
1704870784.989 -2.787 5.282 
1704870785.090 -2.688 5.351 
1704870785.191 -2.583 5.420 
1704870785.290 -2.482 5.489 
1704870785.390 -2.378 5.557 
1704870785.491 -2.279 5.621 
1704870785.591 -2.178 5.686 
1704870785.691 -2.076 5.753 
1704870785.790 -1.980 5.812 
1704870785.891 -1.908 5.859 
1704870785.991 -1.826 5.907 
1704870786.091 -1.741 5.959 
1704870786.191 -1.658 6.009 
1704870786.292 -1.573 6.061 
1704870786.391 -1.494 6.113 
1704870786.491 -1.415 6.157 
1704870786.591 -1.333 6.202 
1704870786.693 -1.249 6.247 
1704870786.792 -1.168 6.293 
1704870786.893 -1.082 6.339 
1704870786.993 -1.003 6.383 
1704870787.093 -0.920 6.427 
1704870787.194 -0.838 6.470 
1704870787.292 -0.757 6.512 
1704870787.396 -0.671 6.557 
1704870787.494 -0.591 6.600 
1704870787.595 -0.513 6.642 
1704870787.694 -0.435 6.684 
1704870787.794 -0.356 6.725 
1704870787.896 -0.277 6.766 
1704870787.995 -0.200 6.804 
1704870788.095 -0.119 6.845 
1704870788.199 -0.047 6.882 
1704870788.297 0.025 6.923 
1704870788.396 0.100 6.963 
1704870788.500 0.179 7.006 
1704870788.595 0.246 7.046 
1704870788.696 0.315 7.084 
1704870788.796 0.386 7.118 
1704870788.896 0.457 7.153 
1704870788.996 0.528 7.188 
1704870789.096 0.597 7.220 
1704870789.198 0.666 7.254 
1704870789.297 0.763 7.308 
1704870789.397 0.866 7.358 
1704870789.497 0.957 7.397 
1704870789.596 1.028 7.436 
1704870789.697 1.097 7.482 
1704870789.797 1.175 7.527 
1704870789.897 1.253 7.569 
1704870789.997 1.323 7.598 
1704870790.097 1.388 7.630 
1704870790.197 1.449 7.665 
1704870790.297 1.501 7.711 
1704870790.398 1.556 7.780 
1704870790.498 1.616 7.830 
1704870790.599 1.671 7.882 
1704870790.698 1.709 7.956 
1704870790.798 1.740 8.040 
1704870790.898 1.763 8.120 
1704870790.999 1.786 8.173 
1704870791.099 1.806 8.221 
1704870792.100 1.739 8.189 
1704870792.201 1.731 8.185 
1704870792.300 1.692 8.202 
1704870792.400 1.579 8.250 
1704870792.501 1.449 8.275 
1704870792.602 1.365 8.293 
1704870792.701 1.317 8.323 
1704870792.801 1.265 8.350 
1704870792.902 1.175 8.373 
1704870793.003 1.093 8.381 
1704870793.104 1.032 8.392 
1704870793.204 0.971 8.413 
1704870793.304 0.903 8.436 
1704870793.405 0.833 8.456 
1704870793.505 0.758 8.469 
1704870793.604 0.678 8.469 
1704870793.704 0.589 8.467 
1704870793.807 0.511 8.470 
1704870793.905 0.431 8.473 
1704870794.006 0.336 8.473 
1704870794.105 0.249 8.475 
1704870794.206 0.165 8.476 
1704870794.305 0.079 8.475 
1704870794.406 -0.028 8.464 
1704870794.506 -0.125 8.457 
1704870794.606 -0.212 8.448 
1704870794.706 -0.287 8.440 
1704870794.811 -0.369 8.432 
1704870794.909 -0.464 8.416 
1704870795.007 -0.564 8.396 
1704870795.107 -0.660 8.380 
1704870795.207 -0.749 8.367 
1704870795.306 -0.838 8.355 
1704870795.406 -0.929 8.339 
1704870795.507 -1.021 8.313 
1704870795.606 -1.113 8.289 
1704870795.707 -1.196 8.267 
1704870795.806 -1.284 8.240 
1704870795.918 -1.379 8.205 
1704870796.016 -1.470 8.178 
1704870796.115 -1.559 8.156 
1704870796.214 -1.636 8.134 
1704870796.314 -1.713 8.104 
1704870796.413 -1.809 8.067 
1704870796.515 -1.900 8.033 
1704870796.614 -1.985 7.998 
1704870796.714 -2.076 7.963 
1704870796.814 -2.167 7.928 
1704870796.921 -2.264 7.882 
1704870797.017 -2.335 7.858 
1704870797.116 -2.376 7.838 
1704870797.215 -2.441 7.803 
1704870797.316 -2.513 7.772 
1704870797.415 -2.574 7.747 
1704870797.515 -2.656 7.701 
1704870797.615 -2.768 7.637 
1704870797.716 -2.869 7.584 
1704870797.815 -2.953 7.531 
1704870797.916 -3.023 7.483 
1704870798.016 -3.104 7.442 
1704870798.116 -3.198 7.390 
1704870798.216 -3.270 7.359 
1704870798.317 -3.318 7.334 
1704870798.416 -3.376 7.299 
1704870798.516 -3.452 7.262 
1704870798.617 -3.532 7.232 
1704870798.717 -3.613 7.193 
1704870798.817 -3.687 7.148 
1704870798.918 -3.762 7.098 
1704870799.017 -3.835 7.054 
1704870799.122 -3.917 7.004 
1704870799.218 -3.994 6.953 
1704870799.317 -4.078 6.885 
1704870799.418 -4.171 6.822 
1704870799.518 -4.251 6.761 
1704870799.617 -4.319 6.708 
1704870799.718 -4.398 6.642 
1704870799.820 -4.481 6.571 
1704870799.921 -4.568 6.503 
1704870800.020 -4.651 6.436 
1704870800.120 -4.723 6.375 
1704870800.220 -4.799 6.310 
1704870800.320 -4.873 6.241 
1704870800.420 -4.946 6.172 
1704870800.521 -5.020 6.102 
1704870800.622 -5.083 6.035 
1704870800.722 -5.147 5.974 
1704870800.822 -5.213 5.913 
1704870800.922 -5.283 5.858 
1704870801.021 -5.357 5.809 
1704870801.126 -5.433 5.759 
1704870801.225 -5.481 5.705 
1704870801.326 -5.539 5.652 
1704870801.426 -5.636 5.606 
1704870801.526 -5.737 5.551 
1704870801.626 -5.824 5.502 
1704870801.726 -5.903 5.471 
1704870801.827 -5.996 5.460 
1704870801.927 -6.105 5.469 
1704870802.027 -6.177 5.443 
1704870802.126 -6.260 5.415 
1704870802.226 -6.358 5.396 
1704870802.327 -6.452 5.406 
1704870802.427 -6.552 5.462 
1704870802.527 -6.659 5.541 
1704870802.628 -6.754 5.612 
1704870802.727 -6.810 5.670 
1704870802.827 -6.861 5.729 
1704870802.927 -6.914 5.780 
1704870803.027 -6.977 5.840 
1704870803.127 -7.035 5.905 
1704870803.228 -7.092 5.969 
1704870803.328 -7.120 6.016 
1704870803.428 -7.149 6.056 
1704870807.542 -7.076 5.779 
1704870807.638 -7.144 5.834 
1704870807.738 -7.221 5.903 
1704870807.838 -7.231 5.865 
1704870807.938 -7.228 5.791 
1704870808.038 -7.205 5.709 
1704870808.138 -7.111 5.581 
1704870808.239 -7.078 5.459 
1704870808.338 -7.036 5.366 
1704870808.438 -6.961 5.289 
1704870808.538 -6.876 5.235 
1704870808.638 -6.799 5.191 
1704870808.738 -6.726 5.131 
1704870808.839 -6.667 5.076 
1704870808.939 -6.613 5.028 
1704870809.039 -6.559 4.983 
1704870809.139 -6.503 4.925 
1704870809.239 -6.441 4.863 
1704870809.339 -6.373 4.789 
1704870809.440 -6.308 4.690 
1704870809.539 -6.253 4.595 
1704870809.640 -6.211 4.507 
1704870809.740 -6.171 4.439 
1704870809.841 -6.112 4.364 
1704870809.943 -6.054 4.267 
1704870810.040 -6.011 4.163 
1704870810.141 -5.965 4.083 
1704870810.240 -5.918 3.992 
1704870810.341 -5.866 3.880 
1704870810.441 -5.817 3.797 
1704870810.541 -5.781 3.708 
1704870810.642 -5.750 3.604 
1704870810.741 -5.726 3.496 
1704870810.841 -5.704 3.400 
1704870810.943 -5.680 3.303 
1704870811.043 -5.668 3.205 
1704870811.143 -5.661 3.100 
1704870811.244 -5.656 2.999 
1704870811.344 -5.656 2.899 
1704870811.444 -5.660 2.799 
1704870811.544 -5.668 2.698 
1704870811.644 -5.679 2.602 
1704870811.744 -5.697 2.504 
1704870811.845 -5.718 2.411 
1704870811.945 -5.730 2.322 
1704870812.044 -5.757 2.227 
1704870812.145 -5.800 2.133 
1704870812.245 -5.843 2.052 
1704870812.345 -5.880 1.971 
1704870812.446 -5.911 1.890 
1704870812.545 -5.962 1.806 
1704870812.646 -6.045 1.711 
1704870812.747 -6.106 1.618 
1704870812.846 -6.164 1.528 
1704870812.946 -6.227 1.436 
1704870813.046 -6.293 1.342 
1704870813.147 -6.360 1.244 
1704870813.247 -6.428 1.144 
1704870813.347 -6.496 1.043 
1704870813.447 -6.561 0.949 
1704870813.547 -6.627 0.855 
1704870813.647 -6.687 0.763 
1704870813.747 -6.740 0.673 
1704870813.847 -6.793 0.577 
1704870813.947 -6.849 0.475 
1704870814.048 -6.900 0.378 
1704870814.149 -6.948 0.305 
1704870814.250 -6.991 0.229 
1704870814.350 -7.026 0.133 
1704870814.450 -7.062 0.045 
1704870814.550 -7.089 -0.035 
1704870814.650 -7.107 -0.128 
1704870814.751 -7.132 -0.220 
1704870814.851 -7.162 -0.293 
1704870814.951 -7.187 -0.371 
1704870815.051 -7.202 -0.453 
1704870815.151 -7.207 -0.536 
1704870815.251 -7.210 -0.617 
1704870815.351 -7.219 -0.698 
1704870815.452 -7.230 -0.782 
1704870815.551 -7.243 -0.862 
1704870815.651 -7.255 -0.937 
1704870815.751 -7.257 -1.027 
1704870815.852 -7.260 -1.132 
1704870815.952 -7.247 -1.253 
1704870816.052 -7.228 -1.382 
1704870816.152 -7.201 -1.485 
1704870816.252 -7.186 -1.583 
1704870816.352 -7.161 -1.685 
1704870816.453 -7.133 -1.782 
1704870816.552 -7.100 -1.874 
1704870816.653 -7.057 -1.973 
1704870816.753 -7.013 -2.071 
1704870816.853 -6.977 -2.157 
1704870816.953 -6.931 -2.241 
1704870817.053 -6.880 -2.329 
1704870817.153 -6.819 -2.425 
1704870817.253 -6.766 -2.510 
1704870817.353 -6.719 -2.591 
1704870817.453 -6.662 -2.671 
1704870817.554 -6.597 -2.751 
1704870817.654 -6.534 -2.832 
1704870817.754 -6.472 -2.912 
1704870817.854 -6.417 -2.985 
1704870817.954 -6.363 -3.049 
1704870818.054 -6.296 -3.115 
1704870818.154 -6.227 -3.181 
1704870818.255 -6.161 -3.244 
1704870818.354 -6.095 -3.299 
1704870818.455 -6.030 -3.357 
1704870818.555 -5.976 -3.411 
1704870818.655 -5.918 -3.461 
1704870818.758 -5.864 -3.509 
1704870818.855 -5.807 -3.549 
1704870818.956 -5.747 -3.584 
1704870819.056 -5.684 -3.615 
1704870819.156 -5.614 -3.657 
1704870819.256 -5.534 -3.709 
1704870819.356 -5.491 -3.755 
1704870819.459 -5.405 -3.753 
1704870819.557 -5.355 -3.769 
1704870819.656 -5.292 -3.783 
1704870819.757 -5.210 -3.780 
1704870819.857 -5.116 -3.782 
1704870819.956 -5.009 -3.765 
1704870820.057 -4.891 -3.692 
1704870820.157 -4.800 -3.623 
1704870820.257 -4.753 -3.598 
1704870820.357 -4.743 -3.589 
1704870820.457 -4.693 -3.506 
1704870820.557 -4.651 -3.440 
1704870820.658 -4.627 -3.401 
1704870820.758 -4.604 -3.377 
1704870820.858 -4.581 -3.367 
1704870820.958 -4.553 -3.372 
1704870821.058 -4.519 -3.383 
1704870821.159 -4.490 -3.402 
1704870821.259 -4.477 -3.412 
1704870821.359 -4.455 -3.419 
1704870821.460 -4.423 -3.422 
1704870821.559 -4.379 -3.431 
1704870821.660 -4.329 -3.446 
1704870821.760 -4.277 -3.449 
1704870821.860 -4.244 -3.454 
1704870821.960 -4.199 -3.461 
1704870822.062 -4.140 -3.474 
1704870822.161 -4.073 -3.489 
1704870822.261 -4.016 -3.494 
1704870822.362 -3.939 -3.502 
1704870822.462 -3.853 -3.515 
1704870822.562 -3.771 -3.525 
1704870822.666 -3.680 -3.537 
1704870822.766 -3.586 -3.551 
1704870822.867 -3.489 -3.565 
1704870822.966 -3.392 -3.575 
1704870823.066 -3.326 -3.574 
1704870823.167 -3.254 -3.585 
1704870823.267 -3.171 -3.599 
1704870823.366 -3.089 -3.610 
1704870823.467 -3.005 -3.618 
1704870823.566 -2.927 -3.626 
1704870823.667 -2.844 -3.634 
1704870823.767 -2.758 -3.643 
1704870823.867 -2.671 -3.650 
1704870823.968 -2.581 -3.657 
1704870824.067 -2.493 -3.662 
1704870824.168 -2.404 -3.666 
1704870824.268 -2.315 -3.670 
1704870824.368 -2.227 -3.674 
1704870824.467 -2.141 -3.677 
1704870824.568 -2.050 -3.682 
1704870824.668 -1.960 -3.685 
1704870824.769 -1.869 -3.687 
1704870824.869 -1.775 -3.689 
1704870824.969 -1.685 -3.692 
1704870825.069 -1.595 -3.695 
1704870825.169 -1.503 -3.698 
1704870825.269 -1.411 -3.701 
1704870825.370 -1.319 -3.705 
1704870825.470 -1.222 -3.708 
1704870825.569 -1.132 -3.710 
1704870825.672 -1.045 -3.709 
1704870825.772 -0.950 -3.709 
1704870825.870 -0.860 -3.710 
1704870825.970 -0.768 -3.711 
1704870826.070 -0.675 -3.714 
1704870826.170 -0.577 -3.713 
1704870826.270 -0.480 -3.712 
1704870826.371 -0.390 -3.711 
1704870826.475 -0.303 -3.709 
1704870826.572 -0.211 -3.705 
1704870826.671 -0.116 -3.698 
1704870826.771 -0.028 -3.695 
1704870826.872 0.059 -3.691 
1704870826.972 0.143 -3.687 
1704870827.072 0.231 -3.684 
1704870827.171 0.323 -3.672 
1704870827.273 0.413 -3.663 
1704870827.374 0.498 -3.654 
1704870827.474 0.581 -3.646 
1704870827.573 0.660 -3.639 
1704870827.673 0.747 -3.629 
1704870827.773 0.836 -3.612 
1704870827.874 0.918 -3.596 
1704870827.974 0.999 -3.581 
1704870828.074 1.074 -3.569 
1704870828.174 1.149 -3.559 
1704870828.274 1.232 -3.544 
1704870828.375 1.317 -3.519 
1704870828.474 1.393 -3.495 
1704870828.574 1.466 -3.476 
1704870828.675 1.545 -3.452 
1704870828.775 1.643 -3.422 
1704870828.875 1.757 -3.363 
1704870828.975 1.864 -3.315 
1704870829.076 1.960 -3.268 
1704870829.176 2.059 -3.213 
1704870830.681 2.511 -3.336 
1704870830.682 2.511 -3.336 
1704870830.782 2.527 -3.335 
1704870830.883 2.596 -3.303 
1704870830.982 2.703 -3.245 
1704870831.085 2.791 -3.203 
1704870831.182 2.814 -3.173 
1704870831.283 2.856 -3.137 
1704870831.385 2.948 -3.113 
1704870831.485 3.063 -3.086 
1704870831.585 3.166 -3.064 
1704870831.686 3.243 -3.043 
1704870831.785 3.319 -3.020 
1704870831.887 3.427 -2.994 
1704870831.987 3.533 -2.967 
1704870832.086 3.629 -2.946 
1704870832.187 3.720 -2.932 
1704870832.287 3.804 -2.919 
1704870832.387 3.886 -2.914 
1704870832.486 3.967 -2.916 
1704870832.588 4.030 -2.920 
1704870832.687 4.091 -2.936 
1704870832.788 4.176 -2.947 
1704870832.887 4.278 -2.953 
1704870832.988 4.383 -2.960 
1704870833.088 4.446 -2.958 
1704870833.187 4.507 -2.960 
1704870833.288 4.605 -2.956 
1704870833.388 4.697 -2.957 
1704870833.490 4.759 -2.965 
1704870833.588 4.823 -2.973 
1704870833.689 4.910 -2.974 
1704870833.789 4.990 -2.971 
1704870833.889 5.065 -2.967 
1704870833.989 5.183 -2.958 
1704870834.088 5.294 -2.959 
1704870834.189 5.371 -2.950 
1704870834.293 5.464 -2.946 
1704870834.391 5.561 -2.943 
1704870834.491 5.650 -2.941 
1704870834.591 5.729 -2.948 
1704870834.691 5.800 -2.964 
1704870834.791 5.876 -2.980 
1704870834.891 5.951 -2.983 
1704870834.994 6.026 -2.988 
1704870835.092 6.102 -3.005 
1704870835.191 6.182 -3.019 
1704870835.292 6.265 -3.033 
1704870835.392 6.348 -3.049 
1704870835.493 6.431 -3.062 
1704870835.593 6.513 -3.075 
1704870835.693 6.604 -3.095 
1704870835.794 6.692 -3.111 
1704870835.894 6.778 -3.121 
1704870835.993 6.863 -3.136 
1704870836.093 6.934 -3.149 
1704870836.195 7.001 -3.173 
1704870836.294 7.063 -3.199 
1704870836.394 7.113 -3.210 
1704870836.495 7.141 -3.202 
1704870836.595 7.182 -3.226 
1704870836.695 7.246 -3.314 
1704870836.795 7.287 -3.364 
1704870836.894 7.310 -3.396 
1704870836.996 7.321 -3.429 
1704870837.096 7.332 -3.480 
1704870837.195 7.347 -3.546 
1704870837.295 7.356 -3.621 
1704870837.397 7.364 -3.701 
1704870837.497 7.378 -3.779 
1704870837.597 7.397 -3.865 
1704870837.696 7.422 -3.942 
1704870837.796 7.434 -4.028 
1704870837.895 7.443 -4.126 
1704870837.996 7.451 -4.222 
1704870838.097 7.459 -4.320 
1704870838.196 7.471 -4.418 
1704870838.296 7.483 -4.505 
1704870838.397 7.475 -4.594 
1704870838.497 7.463 -4.687 
1704870838.598 7.452 -4.773 
1704870838.698 7.435 -4.855 
1704870838.799 7.411 -4.942 
1704870838.900 7.387 -5.029 
1704870838.999 7.372 -5.116 
1704870839.099 7.368 -5.169 
1704870839.200 7.347 -5.227 
1704870839.299 7.318 -5.291 
1704870839.399 7.289 -5.358 
1704870839.499 7.263 -5.427 
1704870839.602 7.234 -5.500 
1704870839.700 7.206 -5.571 
1704870839.800 7.177 -5.644 
1704870839.900 7.146 -5.722 
1704870840.001 7.115 -5.799 
1704870840.100 7.085 -5.875 
1704870840.199 7.054 -5.952 
1704870840.301 7.024 -6.034 
1704870840.400 6.995 -6.114 
1704870840.501 6.963 -6.192 
1704870840.601 6.929 -6.271 
1704870840.706 6.893 -6.352 
1704870840.801 6.863 -6.423 
1704870840.902 6.829 -6.506 
1704870841.001 6.801 -6.584 
1704870841.101 6.761 -6.658 
1704870841.201 6.718 -6.727 
1704870841.301 6.671 -6.795 
1704870841.402 6.620 -6.863 
1704870841.502 6.571 -6.933 
1704870841.602 6.533 -7.003 
1704870841.703 6.497 -7.069 
1704870841.803 6.450 -7.131 
1704870841.902 6.393 -7.194 
1704870842.002 6.330 -7.252 
1704870842.102 6.271 -7.308 
1704870842.203 6.212 -7.362 
1704870842.303 6.149 -7.414 
1704870842.403 6.088 -7.465 
1704870842.503 6.032 -7.517 
1704870842.604 5.969 -7.566 
1704870842.706 5.899 -7.614 
1704870842.806 5.837 -7.660 
1704870842.906 5.775 -7.701 
1704870843.006 5.714 -7.735 
1704870843.106 5.650 -7.770 
1704870843.206 5.588 -7.807 
1704870843.307 5.527 -7.840 
1704870843.406 5.435 -7.884 
1704870843.507 5.349 -7.933 
1704870843.607 5.269 -7.967 
1704870843.707 5.190 -7.988 
1704870843.809 5.119 -7.996 
1704870843.908 5.060 -7.993 
1704870844.008 5.002 -7.988 
1704870844.107 4.939 -7.990 
1704870844.208 4.891 -8.001 
1704870844.308 4.847 -8.007 
1704870844.408 4.757 -7.998 
1704870844.508 4.649 -7.974 
1704870844.609 4.563 -7.955 
1704870844.708 4.507 -7.936 
1704870844.808 4.451 -7.930 
1704870844.909 4.368 -7.932 
1704870845.009 4.248 -7.915 
1704870845.109 4.137 -7.903 
1704870845.210 4.069 -7.879 
1704870845.309 4.008 -7.868 
1704870845.409 3.935 -7.861 
1704870845.510 3.826 -7.828 
1704870845.609 3.740 -7.810 
1704870845.709 3.680 -7.803 
1704870845.810 3.618 -7.785 
1704870845.913 3.551 -7.750 
1704870846.011 3.498 -7.716 
1704870846.111 3.452 -7.681 
1704870846.210 3.411 -7.641 
1704870846.310 3.378 -7.606 
1704870846.410 3.342 -7.573 
1704870846.511 3.299 -7.538 
1704870846.614 3.248 -7.494 
1704870846.712 3.194 -7.445 
1704870846.812 3.139 -7.392 
1704870846.911 3.080 -7.341 
1704870847.011 3.013 -7.282 
1704870847.111 2.955 -7.242 
1704870847.211 2.904 -7.198 
1704870847.312 2.853 -7.147 
1704870847.413 2.793 -7.084 
1704870847.512 2.723 -7.020 
1704870847.613 2.641 -6.960 
1704870847.713 2.564 -6.909 
1704870847.813 2.493 -6.858 
1704870847.913 2.418 -6.793 
1704870848.014 2.322 -6.725 
1704870848.116 2.236 -6.674 
1704870848.216 2.156 -6.633 
1704870848.317 2.072 -6.580 
1704870848.418 1.987 -6.521 
1704870848.516 1.907 -6.470 
1704870848.617 1.828 -6.418 
1704870848.717 1.752 -6.371 
1704870848.817 1.666 -6.322 
1704870848.918 1.581 -6.275 
1704870849.018 1.503 -6.225 
1704870849.118 1.429 -6.177 
1704870849.218 1.350 -6.132 
1704870849.318 1.267 -6.090 
1704870849.419 1.185 -6.054 
1704870849.520 1.106 -6.017 
1704870849.619 1.019 -5.992 
1704870849.720 0.940 -5.970 
1704870849.820 0.857 -5.950 
1704870849.922 0.767 -5.939 
1704870850.020 0.654 -5.943 
1704870850.120 0.535 -5.935 
1704870850.221 0.417 -5.917 
1704870850.321 0.328 -5.914 
1704870850.421 0.250 -5.924 
1704870850.523 0.164 -5.944 
1704870850.622 0.083 -5.963 
1704870850.722 0.005 -5.974 
1704870850.821 -0.083 -5.987 
1704870850.922 -0.177 -6.000 
1704870851.022 -0.273 -6.019 
1704870851.122 -0.368 -6.037 
1704870851.223 -0.456 -6.056 
1704870851.322 -0.544 -6.072 
1704870851.422 -0.634 -6.093 
1704870851.527 -0.727 -6.119 
1704870851.622 -0.815 -6.142 
1704870851.722 -0.909 -6.161 
1704870851.823 -1.003 -6.182 
1704870851.923 -1.097 -6.205 
1704870852.023 -1.194 -6.229 
1704870852.123 -1.285 -6.252 
1704870852.223 -1.381 -6.270 
1704870852.322 -1.472 -6.288 
1704870852.422 -1.561 -6.304 
1704870852.523 -1.649 -6.322 
1704870852.624 -1.737 -6.345 
1704870852.724 -1.821 -6.367 
1704870852.824 -1.903 -6.384 
1704870852.923 -1.989 -6.409 
1704870853.025 -2.070 -6.428 
1704870853.124 -2.149 -6.451 
1704870853.224 -2.228 -6.476 
1704870853.324 -2.305 -6.503 
1704870853.426 -2.388 -6.548 
1704870853.525 -2.481 -6.611 
1704870853.625 -2.571 -6.691 
1704870853.724 -2.627 -6.760 
1704870853.825 -2.672 -6.825 
1704870853.925 -2.724 -6.874 
1704870854.025 -2.816 -6.908 
1704870854.125 -2.879 -6.942 
1704870854.225 -2.935 -6.975 
1704870854.325 -3.014 -6.984 
1704870854.426 -3.096 -6.962 
1704870854.525 -3.149 -6.936 
1704870854.626 -3.178 -6.906 
1704870854.725 -3.195 -6.868 
1704870854.825 -3.194 -6.824 
1704870854.926 -3.173 -6.779 
1704870855.026 -3.148 -6.732 
1704870855.126 -3.111 -6.692 
1704870855.226 -3.088 -6.659 
1704870855.326 -3.073 -6.621 
1704870855.427 -3.055 -6.564 
1704870855.528 -3.043 -6.522 
1704870855.629 -3.038 -6.481 
1704870855.728 -3.037 -6.427 
1704870855.830 -3.012 -6.355 
1704870855.930 -2.977 -6.280 
1704870856.030 -2.941 -6.212 
1704870856.131 -2.895 -6.146 
1704870856.231 -2.845 -6.078 
1704870856.330 -2.795 -6.008 
1704870856.432 -2.748 -5.934 
1704870856.532 -2.729 -5.878 
1704870856.631 -2.696 -5.834 
1704870856.732 -2.646 -5.786 
1704870856.834 -2.594 -5.718 
1704870856.933 -2.544 -5.648 
1704870857.033 -2.495 -5.595 
1704870857.134 -2.443 -5.537 
1704870857.234 -2.384 -5.461 
1704870857.334 -2.321 -5.385 
1704870857.435 -2.266 -5.309 
1704870857.535 -2.217 -5.236 
1704870857.635 -2.164 -5.160 
1704870857.735 -2.109 -5.078 
1704870857.835 -2.055 -4.996 
1704870857.936 -2.004 -4.916 
1704870858.036 -1.951 -4.843 
1704870858.136 -1.897 -4.764 
1704870858.235 -1.845 -4.685 
1704870858.335 -1.787 -4.607 
1704870858.436 -1.727 -4.528 
1704870858.536 -1.669 -4.451 
1704870858.636 -1.604 -4.370 
1704870858.736 -1.544 -4.290 
1704870858.836 -1.482 -4.211 
1704870858.936 -1.421 -4.135 
1704870859.036 -1.358 -4.058 
1704870859.137 -1.300 -3.984 
1704870859.237 -1.243 -3.910 
1704870859.337 -1.186 -3.839 
1704870859.438 -1.129 -3.769 
1704870859.537 -1.076 -3.704 
1704870859.637 -1.027 -3.641 
1704870859.738 -0.982 -3.579 
1704870859.837 -0.929 -3.506 
1704870859.939 -0.878 -3.415 
1704870860.038 -0.843 -3.300 
1704870860.138 -0.828 -3.200 
1704870860.238 -0.831 -3.103 
1704870860.338 -0.844 -3.026 
1704870860.438 -0.871 -2.960 
1704870860.541 -0.905 -2.907 
1704870860.646 -0.940 -2.863 
1704870860.751 -1.000 -2.820 
1704870860.847 -1.091 -2.791 
1704870860.945 -1.161 -2.776 
1704870861.045 -1.219 -2.762 
1704870861.144 -1.298 -2.761 
1704870861.246 -1.378 -2.748 
1704870861.345 -1.452 -2.746 
1704870861.445 -1.539 -2.762 
1704870861.544 -1.625 -2.812 
1704870861.645 -1.721 -2.882 
1704870861.746 -1.801 -2.951 
1704870861.846 -1.871 -2.998 
1704870861.946 -1.960 -3.040 
1704870862.046 -2.051 -3.089 
1704870862.149 -2.118 -3.136 
1704870862.247 -2.165 -3.175 
1704870862.346 -2.194 -3.206 
1704870862.446 -2.254 -3.238 
1704870862.548 -2.379 -3.242 
1704870862.647 -2.505 -3.258 
1704870862.747 -2.622 -3.281 
1704870862.848 -2.736 -3.300 
1704870862.948 -2.855 -3.306 
1704870863.048 -2.969 -3.306 
1704870863.149 -3.087 -3.307 
1704870863.249 -3.201 -3.305 
1704870863.349 -3.316 -3.292 
1704870863.449 -3.423 -3.272 
1704870863.549 -3.530 -3.247 
1704870863.649 -3.649 -3.220 
1704870863.748 -3.761 -3.185 
1704870863.849 -3.872 -3.153 
1704870863.949 -3.982 -3.120 
1704870864.049 -4.090 -3.060 
1704870864.149 -4.195 -3.001 
1704870864.249 -4.293 -2.962 
1704870864.351 -4.395 -2.910 
1704870864.450 -4.498 -2.843 
1704870864.550 -4.595 -2.768 
1704870864.652 -4.678 -2.677 
1704870864.751 -4.744 -2.575 
1704870864.850 -4.808 -2.474 
1704870864.950 -4.868 -2.369 
1704870865.050 -4.914 -2.258 
1704870865.151 -4.951 -2.147 
1704870865.250 -4.979 -2.034 
1704870865.351 -4.988 -1.919 
1704870865.451 -4.979 -1.805 
1704870865.551 -4.974 -1.695 
1704870865.651 -4.981 -1.601 
1704870865.752 -4.970 -1.498 
1704870865.851 -4.940 -1.405 
1704870865.952 -4.915 -1.319 
1704870866.052 -4.886 -1.241 
1704870866.153 -4.838 -1.173 
1704870866.252 -4.771 -1.111 
1704870866.354 -4.714 -1.048 
1704870866.453 -4.672 -0.995 
1704870866.553 -4.613 -0.945 
1704870866.653 -4.498 -0.883 
1704870866.754 -4.404 -0.825 
1704870866.854 -4.333 -0.770 
1704870866.953 -4.266 -0.725 
1704870867.053 -4.170 -0.688 
1704870867.154 -4.083 -0.641 
1704870867.254 -4.010 -0.597 
1704870867.354 -3.918 -0.567 
1704870867.455 -3.813 -0.546 
1704870867.555 -3.711 -0.521 
1704870867.654 -3.622 -0.494 
1704870867.754 -3.540 -0.470 
1704870867.855 -3.428 -0.461 
1704870867.955 -3.294 -0.463 
1704870868.055 -3.204 -0.452 
1704870868.156 -3.119 -0.447 
1704870868.257 -3.030 -0.454 
1704870868.357 -2.931 -0.455 
1704870868.456 -2.832 -0.472 
1704870868.556 -2.730 -0.491 
1704870868.658 -2.622 -0.504 
1704870868.757 -2.530 -0.527 
1704870868.857 -2.462 -0.559 
1704870868.957 -2.386 -0.584 
1704870869.057 -2.296 -0.613 
1704870869.156 -2.205 -0.647 
1704870869.258 -2.122 -0.675 
1704870869.358 -2.047 -0.702 
1704870869.458 -1.974 -0.731 
1704870869.557 -1.901 -0.760 
1704870869.658 -1.823 -0.785 
1704870869.759 -1.717 -0.792 
1704870869.859 -1.621 -0.801 
1704870869.960 -1.508 -0.799 
1704870870.061 -1.404 -0.804 
1704870870.161 -1.343 -0.808 
1704870870.267 -1.258 -0.808 
1704870870.361 -1.180 -0.808 
1704870870.461 -1.087 -0.808 
1704870870.562 -0.987 -0.806 
1704870870.662 -0.895 -0.804 
1704870870.762 -0.802 -0.800 
1704870870.861 -0.707 -0.798 
1704870870.963 -0.610 -0.797 
1704870871.062 -0.517 -0.795 
1704870871.162 -0.424 -0.795 
1704870871.262 -0.334 -0.796 
1704870871.362 -0.247 -0.796 
1704870871.467 -0.160 -0.794 
1704870871.562 -0.084 -0.794 
1704870871.663 0.000 -0.793 
1704870871.767 0.085 -0.793 
1704870871.867 0.163 -0.794 
1704870871.967 0.235 -0.794 
1704870872.067 0.333 -0.787 
1704870872.167 0.446 -0.784 
1704870872.268 0.553 -0.780 
1704870872.367 0.640 -0.775 
1704870872.467 0.722 -0.767 
1704870872.567 0.812 -0.761 
1704870872.669 0.907 -0.758 
1704870872.768 1.006 -0.755 
1704870872.868 1.103 -0.747 
1704870872.969 1.201 -0.734 
1704870873.068 1.299 -0.721 
1704870873.169 1.359 -0.712 
1704870873.268 1.424 -0.703 
1704870873.368 1.504 -0.695 
1704870873.469 1.581 -0.689 
1704870873.570 1.658 -0.681 
1704870873.669 1.731 -0.673 
1704870873.770 1.810 -0.665 
1704870873.869 1.891 -0.654 
1704870873.969 1.969 -0.646 
1704870874.070 2.047 -0.635 
1704870874.170 2.124 -0.630 
1704870874.271 2.199 -0.625 
1704870874.371 2.270 -0.619 
1704870874.471 2.340 -0.613 
1704870874.571 2.410 -0.609 
1704870874.671 2.503 -0.619 
1704870874.773 2.597 -0.624 
1704870874.872 2.670 -0.624 
1704870874.972 2.737 -0.626 
1704870875.075 2.814 -0.630 
1704870875.174 2.891 -0.630 
1704870875.274 2.967 -0.631 
1704870875.375 3.042 -0.632 
1704870875.476 3.150 -0.629 
1704870875.583 3.276 -0.625 
1704870875.675 3.360 -0.625 
1704870875.775 3.457 -0.621 
1704870875.875 3.556 -0.615 
1704870875.988 3.660 -0.598 
1704870876.083 3.764 -0.580 
1704870876.178 3.843 -0.584 
1704870876.277 3.903 -0.573 
1704870876.376 3.974 -0.558 
1704870876.477 4.059 -0.548 
1704870876.576 4.145 -0.540 
1704870876.677 4.226 -0.532 
1704870876.777 4.311 -0.525 
1704870876.877 4.368 -0.502 
1704870876.978 4.442 -0.488 
1704870877.077 4.519 -0.488 
1704870877.179 4.609 -0.488 
1704870877.277 4.692 -0.488 
1704870877.379 4.775 -0.486 
1704870877.478 4.856 -0.485 
1704870877.578 4.927 -0.479 
1704870877.677 4.997 -0.481 
1704870877.777 5.068 -0.483 
1704870877.878 5.155 -0.494 
1704870877.979 5.246 -0.500 
1704870878.079 5.332 -0.502 
1704870878.179 5.391 -0.493 
1704870878.278 5.453 -0.490 
1704870878.379 5.549 -0.485 
1704870878.479 5.674 -0.475 
1704870878.579 5.787 -0.466 
1704870878.680 5.883 -0.459 
1704870878.780 5.935 -0.460 
1704870878.880 5.967 -0.464 
1704870878.982 6.012 -0.468 
1704870879.080 6.089 -0.483 
1704870879.186 6.209 -0.509 
1704870879.281 6.285 -0.505 
1704870879.380 6.346 -0.514 
1704870879.480 6.415 -0.525 
1704870879.580 6.516 -0.547 
1704870879.681 6.641 -0.571 
1704870879.781 6.745 -0.579 
1704870879.881 6.809 -0.597 
1704870879.981 6.899 -0.623 
1704870880.082 7.011 -0.644 
1704870880.184 7.119 -0.655 
1704870880.282 7.200 -0.670 
1704870880.382 7.289 -0.688 
1704870880.483 7.384 -0.703 
1704870880.583 7.491 -0.721 
1704870880.683 7.587 -0.739 
1704870880.782 7.677 -0.761 
1704870880.883 7.773 -0.782 
1704870880.983 7.874 -0.802 
1704870881.083 7.942 -0.818 
1704870881.183 7.998 -0.837 
1704870886.200 8.854 -0.803 
1704870886.201 8.855 -0.803 
1704870886.301 8.845 -0.778 
1704870886.401 8.760 -0.721 
1704870886.502 8.638 -0.656 
1704870886.601 8.522 -0.583 
1704870886.701 8.426 -0.522 
1704870886.802 8.340 -0.443 
1704870886.903 8.246 -0.353 
1704870887.002 8.154 -0.268 
1704870887.101 8.064 -0.194 
1704870887.204 7.968 -0.114 
1704870887.303 7.870 -0.038 
1704870887.404 7.774 0.039 
1704870887.504 7.678 0.113 
1704870887.604 7.582 0.188 
1704870887.704 7.489 0.265 
1704870887.805 7.397 0.342 
1704870887.905 7.307 0.418 
1704870888.007 7.218 0.495 
1704870888.105 7.131 0.569 
1704870888.206 7.042 0.643 
1704870888.305 6.954 0.720 
1704870888.405 6.864 0.797 
1704870888.506 6.774 0.874 
1704870888.607 6.685 0.951 
1704870888.709 6.598 1.027 
1704870888.807 6.509 1.104 
1704870888.907 6.417 1.180 
1704870889.007 6.325 1.253 
1704870889.108 6.232 1.328 
1704870889.209 6.139 1.405 
1704870889.307 6.043 1.479 
1704870889.407 5.950 1.554 
1704870889.508 5.861 1.628 
1704870889.608 5.770 1.702 
1704870889.708 5.675 1.777 
1704870889.808 5.580 1.847 
1704870889.908 5.481 1.915 
1704870890.008 5.383 1.984 
1704870890.109 5.287 2.056 
1704870890.209 5.191 2.126 
1704870890.310 5.089 2.189 
1704870890.409 4.988 2.250 
1704870890.508 4.889 2.316 
1704870890.611 4.784 2.381 
1704870890.708 4.683 2.433 
1704870890.809 4.578 2.483 
1704870890.910 4.474 2.537 
1704870891.009 4.371 2.592 
1704870891.109 4.261 2.636 
1704870891.209 4.155 2.677 
1704870891.311 4.047 2.719 
1704870891.410 3.931 2.749 
1704870891.510 3.818 2.778 
1704870891.610 3.711 2.811 
1704870891.710 3.609 2.846 
1704870891.812 3.524 2.867 
1704870891.912 3.448 2.875 
1704870892.011 3.367 2.882 
1704870892.111 3.289 2.894 
1704870892.212 3.212 2.908 
1704870892.311 3.128 2.924 
1704870892.411 3.046 2.935 
1704870892.511 2.963 2.937 
1704870892.612 2.879 2.940 
1704870892.711 2.793 2.940 
1704870892.812 2.707 2.936 
1704870892.913 2.622 2.935 
1704870893.013 2.535 2.931 
1704870893.114 2.447 2.926 
1704870893.213 2.359 2.913 
1704870893.314 2.265 2.893 
1704870893.415 2.171 2.874 
1704870893.514 2.078 2.856 
1704870893.615 1.983 2.835 
1704870893.715 1.887 2.813 
1704870893.815 1.789 2.791 
1704870893.915 1.688 2.778 
1704870894.016 1.584 2.767 
1704870894.115 1.482 2.752 
1704870894.216 1.378 2.736 
1704870894.315 1.275 2.720 
1704870894.415 1.175 2.705 
1704870894.519 1.069 2.699 
1704870894.616 0.961 2.700 
1704870894.717 0.844 2.705 
1704870894.817 0.735 2.705 
1704870894.917 0.657 2.686 
1704870895.017 0.567 2.683 
1704870895.117 0.467 2.708 
1704870895.217 0.348 2.746 
1704870895.319 0.226 2.790 
1704870895.417 0.121 2.827 
1704870895.517 0.006 2.866 
1704870895.618 -0.104 2.911 
1704870895.718 -0.208 2.959 
1704870895.818 -0.304 3.007 
1704870895.918 -0.392 3.046 
1704870896.019 -0.482 3.076 
1704870896.118 -0.575 3.117 
1704870896.218 -0.654 3.174 
1704870896.318 -0.735 3.219 
1704870896.419 -0.830 3.279 
1704870896.519 -0.895 3.379 
1704870896.619 -0.943 3.488 
1704870896.720 -0.989 3.599 
1704870896.819 -1.019 3.713 
1704870896.922 -1.035 3.834 
1704870897.022 -1.055 3.956 
1704870897.122 -1.081 4.073 
1704870897.221 -1.102 4.180 
1704870897.322 -1.110 4.290 
1704870897.422 -1.114 4.401 
1704870897.523 -1.118 4.516 
1704870897.624 -1.117 4.629 
1704870897.723 -1.111 4.742 
1704870897.823 -1.107 4.847 
1704870897.924 -1.097 4.956 
1704870898.024 -1.076 5.063 
1704870898.124 -1.048 5.171 
1704870898.225 -1.024 5.284 
1704870898.324 -1.002 5.389 
1704870898.424 -0.977 5.480 
1704870898.524 -0.933 5.580 
1704870898.624 -0.882 5.684 
1704870898.724 -0.843 5.788 
1704870898.824 -0.824 5.879 
1704870898.924 -0.788 5.969 
1704870899.025 -0.725 6.060 
1704870899.125 -0.669 6.145 
1704870899.224 -0.597 6.223 
1704870899.325 -0.518 6.295 
1704870899.426 -0.455 6.373 
1704870899.525 -0.389 6.450 
1704870899.625 -0.315 6.526 
1704870899.726 -0.242 6.593 
1704870899.826 -0.163 6.650 
1704870899.927 -0.065 6.702 
1704870900.026 0.018 6.762 
1704870900.126 0.107 6.820 
1704870900.226 0.192 6.870 
1704870900.326 0.278 6.913 
1704870900.426 0.372 6.947 
1704870900.527 0.468 6.980 
1704870900.626 0.560 7.014 
1704870900.726 0.652 7.047 
1704870900.826 0.751 7.081 
1704870900.928 0.841 7.113 
1704870901.028 0.928 7.144 
1704870901.127 1.011 7.174 
1704870901.231 1.095 7.202 
1704870901.330 1.175 7.228 
1704870901.429 1.254 7.254 
1704870901.530 1.328 7.282 
1704870901.630 1.398 7.309 
1704870901.730 1.467 7.334 
1704870901.830 1.561 7.362 
1704870901.931 1.657 7.384 
1704870902.031 1.749 7.403 
1704870902.131 1.826 7.424 
1704870902.231 1.881 7.439 
1704870902.331 1.929 7.449 
1704870902.434 1.983 7.495 
1704870902.535 2.027 7.570 
1704870902.635 2.077 7.638 
1704870902.734 2.125 7.722 
1704870902.834 2.144 7.843 
1704870902.935 2.157 7.969 
1704870903.035 2.159 8.091 
1704870903.135 2.138 8.205 
1704870903.236 2.083 8.315 
1704870903.335 2.006 8.394 
1704870903.434 1.920 8.443 
1704870903.536 1.826 8.484 
1704870903.636 1.725 8.527 
1704870903.736 1.626 8.562 
1704870903.835 1.508 8.585 
1704870903.935 1.385 8.610 
1704870904.036 1.303 8.616 
1704870904.138 1.227 8.630 
1704870904.236 1.146 8.650 
1704870904.337 1.067 8.662 
1704870904.436 0.984 8.668 
1704870904.537 0.887 8.680 
1704870904.637 0.787 8.699 
1704870904.737 0.692 8.717 
1704870904.837 0.611 8.740 
1704870904.938 0.553 8.762 
1704870905.037 0.482 8.771 
1704870905.139 0.384 8.788 
1704870905.239 0.293 8.802 
1704870905.338 0.208 8.816 
1704870905.439 0.120 8.829 
1704870905.539 0.032 8.846 
1704870905.640 -0.051 8.863 
1704870905.739 -0.136 8.868 
1704870905.840 -0.225 8.873 
1704870905.942 -0.312 8.878 
1704870906.042 -0.390 8.883 
1704870906.143 -0.468 8.890 
1704870906.242 -0.545 8.896 
1704870906.343 -0.637 8.892 
1704870906.443 -0.721 8.893 
1704870906.543 -0.800 8.895 
1704870906.644 -0.874 8.897 
1704870906.743 -0.955 8.893 
1704870906.844 -1.044 8.888 
1704870906.944 -1.127 8.887 
1704870907.044 -1.207 8.881 
1704870907.146 -1.288 8.878 
1704870907.246 -1.370 8.876 
1704870907.345 -1.453 8.870 
1704870907.444 -1.536 8.869 
1704870907.545 -1.622 8.868 
1704870907.645 -1.704 8.865 
1704870907.745 -1.785 8.862 
1704870907.845 -1.864 8.857 
1704870907.946 -1.945 8.849 
1704870908.045 -2.024 8.842 
1704870908.145 -2.109 8.840 
1704870908.246 -2.198 8.839 
1704870908.346 -2.277 8.837 
1704870908.447 -2.353 8.832 
1704870908.547 -2.431 8.827 
1704870908.646 -2.510 8.823 
1704870908.747 -2.593 8.823 
1704870908.846 -2.674 8.823 
1704870908.946 -2.754 8.825 
1704870909.046 -2.828 8.822 
1704870909.146 -2.905 8.818 
1704870909.247 -2.984 8.817 
1704870909.347 -3.064 8.816 
1704870909.447 -3.142 8.815 
1704870909.548 -3.219 8.814 
1704870909.647 -3.296 8.812 
1704870909.751 -3.370 8.810 
1704870909.850 -3.445 8.807 
1704870909.950 -3.520 8.805 
1704870910.050 -3.596 8.803 
1704870910.150 -3.702 8.797 
1704870910.250 -3.826 8.785 
1704870910.351 -3.927 8.776 
1704870910.451 -4.022 8.774 
1704870910.550 -4.090 8.765 
1704870910.650 -4.143 8.769 
1704870910.750 -4.217 8.768 
1704870910.851 -4.306 8.752 
1704870910.951 -4.384 8.738 
1704870911.051 -4.453 8.730 
1704870911.152 -4.536 8.719 
1704870911.253 -4.617 8.707 
1704870911.352 -4.695 8.698 
1704870911.452 -4.774 8.684 
1704870911.552 -4.856 8.668 
1704870911.654 -4.936 8.653 
1704870911.754 -5.014 8.638 
1704870911.854 -5.095 8.624 
1704870911.954 -5.177 8.610 
1704870912.054 -5.259 8.597 
1704870912.155 -5.341 8.579 
1704870912.254 -5.422 8.560 
1704870912.354 -5.505 8.540 
1704870912.454 -5.590 8.518 
1704870912.554 -5.672 8.497 
1704870912.655 -5.749 8.482 
1704870912.756 -5.826 8.461 
1704870912.856 -5.907 8.436 
1704870912.955 -5.987 8.410 
1704870913.056 -6.071 8.384 
1704870913.156 -6.149 8.358 
1704870913.257 -6.231 8.333 
1704870913.357 -6.297 8.304 
1704870913.457 -6.367 8.273 
1704870913.556 -6.440 8.240 
1704870913.656 -6.513 8.206 
1704870913.757 -6.588 8.176 
1704870913.859 -6.662 8.144 
1704870913.965 -6.729 8.115 
1704870914.061 -6.789 8.089 
1704870914.159 -6.852 8.055 
1704870914.263 -6.915 8.020 
1704870914.359 -6.999 7.947 
1704870914.459 -7.085 7.860 
1704870914.559 -7.163 7.790 
1704870914.659 -7.235 7.732 
1704870914.759 -7.304 7.676 
1704870914.860 -7.373 7.615 
1704870914.960 -7.435 7.557 
1704870915.060 -7.492 7.493 
1704870915.160 -7.536 7.407 
1704870915.261 -7.573 7.322 
1704870915.361 -7.601 7.238 
1704870915.460 -7.620 7.160 
1704870915.561 -7.640 7.102 
1704870915.661 -7.672 7.042 
1704870915.761 -7.689 6.963 
1704870915.861 -7.685 6.893 
1704870915.962 -7.669 6.824 
1704870916.062 -7.644 6.747 
1704870916.162 -7.601 6.641 
1704870916.263 -7.565 6.548 
1704870916.362 -7.547 6.490 
1704870916.471 -7.527 6.421 
1704870916.566 -7.491 6.328 
1704870916.665 -7.438 6.233 
1704870916.764 -7.412 6.188 
1704870916.866 -7.396 6.150 
1704870916.964 -7.346 6.091 
1704870917.064 -7.294 6.015 
1704870917.164 -7.239 5.939 
1704870917.267 -7.184 5.866 
1704870917.366 -7.143 5.800 
1704870917.466 -7.105 5.735 
1704870917.567 -7.046 5.664 
1704870917.667 -6.981 5.593 
1704870917.767 -6.913 5.524 
1704870917.867 -6.847 5.454 
1704870917.967 -6.781 5.388 
1704870918.069 -6.720 5.321 
1704870918.168 -6.650 5.253 
1704870918.268 -6.576 5.183 
1704870918.368 -6.501 5.111 
1704870918.468 -6.428 5.036 
1704870918.569 -6.355 4.957 
1704870918.668 -6.283 4.873 
1704870918.768 -6.211 4.793 
1704870918.870 -6.139 4.709 
1704870918.971 -6.078 4.624 
1704870919.071 -6.016 4.550 
1704870919.171 -5.952 4.473 
1704870919.272 -5.881 4.372 
1704870919.372 -5.816 4.277 
1704870919.471 -5.760 4.211 
1704870919.571 -5.710 4.122 
1704870919.671 -5.657 4.013 
1704870919.771 -5.616 3.919 
1704870919.872 -5.587 3.832 
1704870919.972 -5.551 3.737 
1704870920.072 -5.519 3.637 
1704870920.173 -5.487 3.551 
1704870920.272 -5.467 3.456 
1704870920.373 -5.452 3.355 
1704870920.472 -5.436 3.262 
1704870920.573 -5.423 3.169 
1704870920.672 -5.422 3.081 
1704870920.773 -5.420 2.995 
1704870920.873 -5.410 2.916 
1704870920.974 -5.406 2.832 
1704870921.074 -5.430 2.728 
1704870921.173 -5.458 2.626 
1704870921.275 -5.482 2.540 
1704870921.374 -5.486 2.481 
1704870921.473 -5.501 2.408 
1704870921.573 -5.546 2.317 
1704870921.674 -5.579 2.233 
1704870921.774 -5.598 2.163 
1704870921.874 -5.638 2.089 
1704870921.974 -5.696 2.010 
1704870922.075 -5.752 1.938 
1704870922.175 -5.801 1.871 
1704870922.275 -5.849 1.800 
1704870922.375 -5.896 1.730 
1704870922.475 -5.958 1.652 
1704870922.576 -6.029 1.547 
1704870922.676 -6.086 1.465 
1704870922.776 -6.153 1.387 
1704870922.876 -6.228 1.310 
1704870922.976 -6.307 1.230 
1704870923.076 -6.383 1.151 
1704870923.177 -6.459 1.073 
1704870923.276 -6.536 1.002 
1704870923.376 -6.616 0.932 
1704870923.476 -6.701 0.849 
1704870923.577 -6.786 0.760 
1704870923.677 -6.863 0.684 
1704870923.778 -6.942 0.612 
1704870923.877 -7.023 0.542 
1704870923.979 -7.107 0.461 
1704870924.078 -7.186 0.377 
1704870924.177 -7.257 0.302 
1704870924.278 -7.328 0.237 
1704870924.379 -7.407 0.158 
1704870924.479 -7.484 0.078 
1704870924.579 -7.549 0.010 
1704870924.679 -7.619 -0.062 
1704870924.779 -7.688 -0.140 
1704870924.879 -7.757 -0.214 
1704870924.979 -7.823 -0.284 
1704870925.079 -7.882 -0.353 
1704870925.179 -7.936 -0.429 
1704870925.280 -7.993 -0.511 
1704870925.380 -8.046 -0.581 
1704870925.479 -8.100 -0.654 
1704870925.581 -8.148 -0.730 
1704870925.680 -8.192 -0.804 
1704870925.780 -8.229 -0.880 
1704870925.882 -8.267 -0.958 
1704870925.981 -8.299 -1.038 
1704870926.081 -8.323 -1.120 
1704870926.181 -8.347 -1.188 
1704870926.281 -8.371 -1.261 
1704870926.381 -8.402 -1.343 
1704870926.481 -8.432 -1.429 
1704870926.581 -8.458 -1.484 
1704870926.681 -8.488 -1.531 
1704870926.782 -8.498 -1.613 
1704870926.882 -8.513 -1.687 
1704870926.983 -8.512 -1.764 
1704870927.082 -8.512 -1.836 
1704870927.182 -8.507 -1.911 
1704870927.282 -8.500 -1.988 
1704870927.382 -8.499 -2.050 
1704870927.483 -8.495 -2.122 
1704870927.584 -8.481 -2.192 
1704870927.684 -8.463 -2.263 
1704870927.784 -8.443 -2.333 
1704870927.884 -8.421 -2.403 
1704870927.985 -8.399 -2.472 
1704870928.085 -8.375 -2.543 
1704870928.185 -8.355 -2.619 
1704870928.285 -8.342 -2.690 
1704870928.385 -8.326 -2.760 
1704870928.485 -8.301 -2.827 
1704870928.585 -8.271 -2.897 
1704870928.685 -8.233 -2.969 
1704870928.787 -8.199 -3.040 
1704870928.886 -8.167 -3.112 
1704870928.987 -8.132 -3.189 
1704870929.087 -8.093 -3.250 
1704870929.187 -8.052 -3.307 
1704870929.286 -8.013 -3.372 
1704870929.386 -7.970 -3.440 
1704870929.487 -7.926 -3.507 
1704870929.587 -7.885 -3.576 
1704870929.687 -7.842 -3.644 
1704870929.788 -7.800 -3.702 
1704870929.889 -7.750 -3.761 
1704870929.989 -7.696 -3.825 
1704870930.089 -7.645 -3.888 
1704870930.190 -7.594 -3.948 
1704870930.290 -7.542 -4.007 
1704870930.389 -7.492 -4.064 
1704870930.490 -7.438 -4.124 
1704870930.591 -7.382 -4.181 
1704870930.691 -7.330 -4.235 
1704870930.790 -7.277 -4.288 
1704870930.890 -7.220 -4.344 
1704870930.991 -7.166 -4.396 
1704870931.090 -7.110 -4.445 
1704870931.190 -7.052 -4.496 
1704870931.291 -6.998 -4.548 
1704870931.392 -6.942 -4.599 
1704870931.491 -6.887 -4.650 
1704870931.593 -6.833 -4.701 
1704870931.692 -6.760 -4.783 
1704870931.792 -6.683 -4.860 
1704870931.892 -6.611 -4.930 
1704870931.993 -6.539 -4.995 
1704870932.093 -6.472 -5.058 
1704870932.192 -6.407 -5.119 
1704870932.293 -6.343 -5.184 
1704870932.392 -6.292 -5.249 
1704870932.492 -6.241 -5.314 
1704870932.594 -6.168 -5.371 
1704870932.693 -6.088 -5.443 
1704870932.793 -6.025 -5.520 
1704870932.894 -5.973 -5.593 
1704870932.994 -5.921 -5.676 
1704870933.094 -5.876 -5.768 
1704870933.194 -5.849 -5.863 
1704870933.294 -5.834 -5.962 
1704870933.394 -5.831 -6.053 
1704870933.495 -5.828 -6.141 
1704870933.595 -5.824 -6.228 
1704870933.695 -5.818 -6.315 
1704870933.795 -5.812 -6.403 
1704870933.896 -5.805 -6.488 
1704870933.996 -5.797 -6.574 
1704870934.096 -5.787 -6.659 
1704870934.196 -5.774 -6.744 
1704870934.297 -5.766 -6.830 
1704870934.397 -5.753 -6.910 
1704870934.497 -5.737 -6.990 
1704870934.601 -5.723 -7.069 
1704870934.701 -5.706 -7.145 
1704870934.803 -5.685 -7.228 
1704870934.901 -5.668 -7.305 
1704870935.002 -5.656 -7.385 
1704870935.102 -5.643 -7.459 
1704870935.203 -5.628 -7.529 
1704870935.303 -5.615 -7.594 
1704870935.403 -5.601 -7.654 
1704870935.503 -5.578 -7.713 
1704870935.605 -5.524 -7.787 
1704870935.705 -5.471 -7.852 
1704870935.805 -5.426 -7.904 
1704870935.906 -5.386 -7.948 
1704870936.005 -5.344 -7.988 
1704870936.105 -5.279 -8.036 
1704870936.207 -5.210 -8.083 
1704870936.306 -5.155 -8.121 
1704870936.405 -5.111 -8.150 
1704870936.506 -5.076 -8.180 
1704870936.606 -5.108 -8.200 
1704870936.706 -5.124 -8.218 
1704870936.806 -5.062 -8.244 
1704870936.906 -4.920 -8.224 
1704870937.006 -4.806 -8.213 
1704870937.107 -4.732 -8.221 
1704870937.207 -4.684 -8.224 
1704870937.307 -4.613 -8.215 
1704870937.407 -4.515 -8.192 
1704870937.508 -4.434 -8.182 
1704870937.608 -4.378 -8.186 
1704870937.707 -4.305 -8.172 
1704870937.808 -4.206 -8.126 
1704870937.908 -4.125 -8.092 
1704870938.008 -4.066 -8.066 
1704870938.109 -3.998 -8.038 
1704870938.210 -3.914 -8.000 
1704870938.309 -3.835 -7.956 
1704870938.409 -3.756 -7.909 
1704870938.511 -3.682 -7.872 
1704870938.610 -3.606 -7.836 
1704870938.709 -3.522 -7.795 
1704870938.809 -3.431 -7.744 
1704870938.910 -3.336 -7.686 
1704870939.010 -3.266 -7.660 
1704870939.109 -3.211 -7.644 
1704870939.210 -3.149 -7.619 
1704870939.310 -3.072 -7.578 
1704870939.410 -3.006 -7.530 
1704870939.510 -2.947 -7.497 
1704870939.610 -2.881 -7.462 
1704870939.711 -2.808 -7.424 
1704870939.811 -2.737 -7.389 
1704870939.911 -2.672 -7.356 
1704870940.011 -2.605 -7.320 
1704870940.110 -2.539 -7.282 
1704870940.211 -2.472 -7.247 
1704870940.311 -2.385 -7.197 
1704870940.411 -2.280 -7.143 
1704870940.512 -2.184 -7.094 
1704870940.612 -2.102 -7.048 
1704870940.712 -2.025 -7.008 
1704870940.812 -1.947 -6.968 
1704870940.914 -1.864 -6.918 
1704870941.014 -1.779 -6.868 
1704870941.114 -1.695 -6.821 
1704870941.213 -1.622 -6.775 
1704870941.314 -1.544 -6.724 
1704870941.414 -1.455 -6.674 
1704870941.514 -1.366 -6.618 
1704870941.614 -1.283 -6.567 
1704870941.719 -1.224 -6.522 
1704870941.815 -1.168 -6.492 
1704870941.914 -1.105 -6.464 
1704870942.015 -1.040 -6.429 
1704870942.115 -0.968 -6.391 
1704870942.216 -0.888 -6.360 
1704870942.316 -0.808 -6.331 
1704870942.416 -0.736 -6.300 
1704870942.516 -0.666 -6.269 
1704870942.616 -0.591 -6.241 
1704870942.716 -0.507 -6.220 
1704870942.816 -0.430 -6.196 
1704870942.916 -0.352 -6.174 
1704870943.017 -0.275 -6.162 
1704870943.117 -0.194 -6.144 
1704870943.217 -0.116 -6.128 
1704870943.316 -0.037 -6.116 
1704870943.416 0.045 -6.107 
1704870943.517 0.119 -6.106 
1704870943.619 0.194 -6.108 
1704870943.717 0.276 -6.112 
1704870943.818 0.361 -6.109 
1704870943.918 0.437 -6.106 
1704870944.018 0.515 -6.118 
1704870944.117 0.587 -6.134 
1704870944.220 0.662 -6.155 
1704870944.321 0.741 -6.184 
1704870944.420 0.818 -6.213 
1704870944.521 0.898 -6.247 
1704870944.621 0.979 -6.282 
1704870944.720 1.048 -6.301 
1704870944.821 1.112 -6.307 
1704870944.921 1.191 -6.338 
1704870945.021 1.274 -6.392 
1704870945.121 1.358 -6.443 
1704870945.222 1.439 -6.491 
1704870945.321 1.514 -6.550 
1704870945.422 1.593 -6.619 
1704870945.522 1.679 -6.688 
1704870945.622 1.767 -6.762 
1704870945.723 1.855 -6.833 
1704870945.824 1.947 -6.896 
1704870945.924 2.039 -6.956 
1704870946.024 2.119 -7.015 
1704870946.123 2.198 -7.078 
1704870946.225 2.282 -7.143 
1704870946.325 2.369 -7.213 
1704870946.423 2.456 -7.276 
1704870946.524 2.542 -7.337 
1704870946.624 2.621 -7.399 
1704870946.725 2.690 -7.460 
1704870946.825 2.763 -7.522 
1704870946.927 2.837 -7.585 
1704870947.026 2.911 -7.644 
1704870947.125 2.982 -7.703 
1704870947.224 3.051 -7.761 
1704870947.324 3.122 -7.815 
1704870947.427 3.196 -7.869 
1704870947.526 3.261 -7.919 
1704870947.626 3.325 -7.968 
1704870947.726 3.398 -8.014 
1704870947.827 3.464 -8.055 
1704870947.928 3.532 -8.101 
1704870948.027 3.599 -8.150 
1704870948.127 3.659 -8.195 
1704870948.227 3.719 -8.237 
1704870948.328 3.792 -8.276 
1704870948.427 3.864 -8.311 
1704870948.528 3.930 -8.345 
1704870948.627 4.000 -8.385 
1704870948.728 4.062 -8.426 
1704870948.828 4.120 -8.464 
1704870948.929 4.195 -8.496 
1704870949.029 4.269 -8.526 
1704870949.129 4.337 -8.553 
1704870949.229 4.404 -8.578 
1704870949.331 4.479 -8.607 
1704870949.430 4.569 -8.645 
1704870949.531 4.696 -8.672 
1704870949.631 4.814 -8.695 
1704870949.731 4.883 -8.705 
1704870949.831 4.935 -8.715 
1704870949.934 5.002 -8.725 
1704870950.032 5.111 -8.717 
1704870950.132 5.212 -8.718 
1704870950.232 5.288 -8.720 
1704870950.333 5.369 -8.713 
1704870950.434 5.458 -8.701 
1704870950.533 5.541 -8.690 
1704870950.633 5.598 -8.689 
1704870950.733 5.657 -8.686 
1704870950.834 5.735 -8.672 
1704870950.934 5.821 -8.653 
1704870951.034 5.907 -8.625 
1704870951.133 5.998 -8.589 
1704870951.233 6.086 -8.556 
1704870951.333 6.169 -8.535 
1704870951.435 6.249 -8.513 
1704870951.534 6.328 -8.474 
1704870951.635 6.406 -8.431 
1704870951.735 6.479 -8.387 
1704870951.835 6.559 -8.344 
1704870951.936 6.643 -8.302 
1704870952.036 6.725 -8.253 
1704870952.137 6.775 -8.223 
1704870952.237 6.827 -8.195 
1704870952.338 6.901 -8.124 
1704870952.437 6.976 -8.039 
1704870952.536 7.044 -7.963 
1704870952.638 7.115 -7.896 
1704870952.738 7.189 -7.830 
1704870952.837 7.257 -7.770 
1704870952.938 7.312 -7.714 
1704870953.038 7.371 -7.637 
1704870953.138 7.435 -7.557 
1704870953.238 7.479 -7.494 
1704870953.339 7.528 -7.441 
1704870953.441 7.580 -7.386 
1704870953.541 7.626 -7.330 
1704870953.642 7.664 -7.273 
1704870953.743 7.706 -7.218 
1704870953.842 7.747 -7.170 
1704870953.943 7.793 -7.097 
1704870959.357 7.483 -6.620 
1704870959.357 7.483 -6.620 
1704870959.457 7.460 -6.617 
1704870959.558 7.386 -6.672 
1704870959.659 7.289 -6.740 
1704870959.758 7.215 -6.806 
1704870959.858 7.128 -6.865 
1704870959.959 7.012 -6.925 
1704870960.059 6.905 -6.986 
1704870960.158 6.805 -7.047 
1704870960.260 6.695 -7.105 
1704870960.359 6.591 -7.162 
1704870960.459 6.491 -7.220 
1704870960.559 6.389 -7.281 
1704870960.660 6.284 -7.334 
1704870960.761 6.180 -7.383 
1704870960.860 6.079 -7.433 
1704870960.961 5.962 -7.477 
1704870961.061 5.875 -7.515 
1704870961.161 5.804 -7.543 
1704870961.262 5.738 -7.569 
1704870961.362 5.675 -7.593 
1704870961.462 5.599 -7.609 
1704870961.562 5.501 -7.613 
1704870961.662 5.397 -7.612 
1704870961.762 5.302 -7.611 
1704870961.863 5.224 -7.620 
1704870961.963 5.161 -7.624 
1704870962.065 5.109 -7.624 
1704870962.163 5.058 -7.627 
1704870962.264 5.001 -7.632 
1704870962.363 4.929 -7.629 
1704870962.465 4.825 -7.614 
1704870962.564 4.728 -7.605 
1704870962.663 4.668 -7.587 
1704870962.764 4.614 -7.565 
1704870962.865 4.567 -7.558 
1704870962.965 4.501 -7.543 
1704870963.065 4.382 -7.485 
1704870963.166 4.298 -7.438 
1704870963.266 4.274 -7.421 
1704870963.366 4.250 -7.402 
1704870963.466 4.200 -7.384 
1704870963.566 4.127 -7.356 
1704870963.667 4.055 -7.317 
1704870963.767 3.983 -7.285 
1704870963.866 3.914 -7.259 
1704870963.967 3.842 -7.223 
1704870964.067 3.770 -7.185 
1704870964.167 3.696 -7.148 
1704870964.267 3.619 -7.117 
1704870964.367 3.541 -7.083 
1704870964.467 3.465 -7.049 
1704870964.568 3.381 -6.996 
1704870964.668 3.291 -6.945 
1704870964.770 3.206 -6.895 
1704870964.868 3.117 -6.844 
1704870964.968 3.022 -6.791 
1704870965.068 2.923 -6.738 
1704870965.170 2.821 -6.686 
1704870965.269 2.719 -6.634 
1704870965.371 2.613 -6.582 
1704870965.471 2.506 -6.533 
1704870965.571 2.401 -6.481 
1704870965.672 2.297 -6.431 
1704870965.771 2.191 -6.380 
1704870965.872 2.074 -6.333 
1704870965.971 1.956 -6.293 
1704870966.072 1.837 -6.259 
1704870966.172 1.726 -6.215 
1704870966.271 1.620 -6.173 
1704870966.373 1.505 -6.135 
1704870966.472 1.401 -6.104 
1704870966.572 1.291 -6.080 
1704870966.675 1.167 -6.064 
1704870966.772 1.056 -6.048 
1704870966.872 0.949 -6.029 
1704870966.972 0.843 -6.012 
1704870967.072 0.725 -6.005 
1704870967.173 0.615 -6.002 
1704870967.273 0.511 -5.994 
1704870967.374 0.402 -5.986 
1704870967.473 0.295 -5.980 
1704870967.573 0.184 -5.988 
1704870967.674 0.076 -6.001 
1704870967.773 -0.010 -5.994 
1704870967.874 -0.113 -6.000 
1704870967.974 -0.226 -6.017 
1704870968.075 -0.337 -6.041 
1704870968.175 -0.441 -6.066 
1704870968.275 -0.543 -6.094 
1704870968.375 -0.636 -6.119 
1704870968.475 -0.721 -6.139 
1704870968.578 -0.810 -6.169 
1704870968.676 -0.894 -6.218 
1704870968.777 -0.982 -6.280 
1704870968.876 -1.080 -6.339 
1704870968.976 -1.167 -6.398 
1704870969.076 -1.232 -6.455 
1704870969.177 -1.305 -6.526 
1704870969.277 -1.381 -6.603 
1704870969.378 -1.450 -6.680 
1704870969.477 -1.514 -6.752 
1704870969.577 -1.580 -6.821 
1704870969.677 -1.645 -6.893 
1704870969.778 -1.711 -6.972 
1704870969.877 -1.775 -7.048 
1704870969.977 -1.836 -7.121 
1704870970.077 -1.899 -7.192 
1704870970.177 -1.959 -7.263 
1704870970.278 -2.019 -7.333 
1704870970.378 -2.082 -7.403 
1704870970.478 -2.144 -7.472 
1704870970.578 -2.202 -7.533 
1704870970.678 -2.258 -7.594 
1704870970.778 -2.325 -7.657 
1704870970.879 -2.399 -7.718 
1704870970.978 -2.465 -7.770 
1704870971.078 -2.518 -7.814 
1704870971.179 -2.571 -7.864 
1704870971.279 -2.616 -7.905 
1704870971.379 -2.666 -7.943 
1704870971.479 -2.749 -7.996 
1704870971.579 -2.823 -8.044 
1704870971.679 -2.894 -8.111 
1704870971.780 -2.968 -8.183 
1704870971.880 -3.019 -8.250 
1704870971.980 -3.084 -8.307 
1704870972.081 -3.158 -8.352 
1704870972.180 -3.226 -8.390 
1704870972.280 -3.297 -8.422 
1704870972.379 -3.383 -8.445 
1704870972.480 -3.463 -8.467 
1704870972.581 -3.538 -8.491 
1704870972.680 -3.595 -8.521 
1704870972.781 -3.654 -8.549 
1704870972.881 -3.727 -8.575 
1704870972.982 -3.818 -8.596 
1704870973.081 -3.903 -8.623 
1704870973.182 -3.978 -8.649 
1704870973.282 -4.044 -8.655 
1704870973.383 -4.118 -8.644 
1704870973.483 -4.197 -8.628 
1704870973.582 -4.281 -8.617 
1704870973.683 -4.361 -8.618 
1704870973.783 -4.436 -8.614 
1704870973.889 -4.519 -8.601 
1704870973.982 -4.597 -8.595 
1704870974.083 -4.707 -8.584 
1704870974.183 -4.803 -8.569 
1704870974.284 -4.876 -8.557 
1704870974.383 -4.955 -8.537 
1704870974.483 -5.046 -8.505 
1704870974.583 -5.141 -8.463 
1704870974.685 -5.230 -8.428 
1704870974.784 -5.316 -8.395 
1704870974.883 -5.402 -8.366 
1704870974.984 -5.488 -8.334 
1704870975.084 -5.581 -8.281 
1704870975.185 -5.681 -8.231 
1704870975.285 -5.737 -8.199 
1704870975.384 -5.778 -8.176 
1704870975.485 -5.834 -8.146 
1704870975.584 -5.909 -8.101 
1704870975.685 -5.985 -8.059 
1704870975.786 -6.054 -8.024 
1704870975.885 -6.120 -7.992 
1704870975.985 -6.185 -7.959 
1704870976.085 -6.258 -7.918 
1704870976.185 -6.327 -7.881 
1704870976.286 -6.394 -7.844 
1704870976.386 -6.461 -7.805 
1704870976.486 -6.531 -7.768 
1704870976.586 -6.599 -7.731 
1704870976.686 -6.670 -7.694 
1704870976.787 -6.740 -7.655 
1704870976.886 -6.809 -7.616 
1704870976.986 -6.878 -7.577 
1704870977.087 -6.946 -7.536 
1704870977.187 -7.016 -7.495 
1704870977.287 -7.085 -7.455 
1704870977.387 -7.155 -7.415 
1704870977.487 -7.224 -7.375 
1704870977.588 -7.293 -7.335 
1704870977.687 -7.361 -7.296 
1704870977.788 -7.435 -7.254 
1704870977.891 -7.518 -7.207 
1704870983.202 -7.876 -7.455 
1704870983.203 -7.876 -7.455 
1704870983.303 -7.871 -7.465 
1704870983.403 -7.800 -7.505 
1704870983.503 -7.688 -7.573 
1704870983.603 -7.590 -7.650 
1704870983.703 -7.492 -7.723 
1704870983.804 -7.412 -7.805 
1704870983.904 -7.319 -7.886 
1704870984.005 -7.227 -7.970 
1704870984.104 -7.140 -8.052 
1704870984.205 -7.060 -8.134 
1704870984.306 -6.953 -8.217 
1704870984.406 -6.878 -8.302 
1704870984.507 -6.796 -8.387 
1704870984.609 -6.673 -8.457 
1704870984.708 -6.561 -8.491 
1704870984.808 -6.435 -8.493 
1704870984.909 -6.303 -8.496 
1704870985.009 -6.176 -8.500 
1704870985.108 -6.064 -8.501 
1704870985.208 -5.946 -8.508 
1704870985.309 -5.831 -8.510 
1704870985.411 -5.704 -8.508 
1704870985.509 -5.584 -8.507 
1704870985.613 -5.464 -8.506 
1704870985.711 -5.345 -8.504 
1704870985.811 -5.223 -8.501 
1704870985.912 -5.102 -8.498 
1704870986.012 -4.979 -8.495 
1704870986.113 -4.868 -8.488 
1704870986.212 -4.777 -8.489 
1704870986.313 -4.684 -8.493 
1704870986.413 -4.579 -8.491 
1704870986.513 -4.478 -8.487 
1704870986.614 -4.377 -8.485 
1704870986.713 -4.281 -8.486 
1704870986.813 -4.182 -8.489 
1704870986.916 -4.080 -8.487 
1704870987.014 -3.978 -8.483 
1704870987.114 -3.875 -8.477 
1704870987.215 -3.775 -8.473 
1704870987.314 -3.676 -8.469 
1704870987.414 -3.576 -8.466 
1704870987.514 -3.479 -8.465 
1704870987.615 -3.381 -8.465 
1704870987.714 -3.282 -8.466 
1704870987.815 -3.182 -8.467 
1704870987.915 -3.079 -8.467 
1704870988.015 -2.974 -8.463 
1704870988.115 -2.874 -8.459 
1704870988.215 -2.774 -8.458 
1704870988.315 -2.677 -8.456 
1704870988.416 -2.578 -8.455 
1704870988.516 -2.479 -8.455 
1704870988.618 -2.379 -8.456 
1704870988.719 -2.277 -8.456 
1704870988.820 -2.175 -8.456 
1704870988.920 -2.104 -8.454 
1704870989.020 -2.047 -8.458 
1704870993.229 -1.717 -7.827 
1704870993.230 -1.716 -7.827 
1704870993.330 -1.731 -7.792 
1704870993.430 -1.774 -7.719 
1704870993.530 -1.834 -7.611 
1704870993.631 -1.902 -7.543 
1704870993.731 -1.973 -7.503 
1704870993.831 -2.065 -7.424 
1704870993.931 -2.175 -7.349 
1704870994.031 -2.280 -7.297 
1704870994.131 -2.384 -7.240 
1704870994.232 -2.475 -7.178 
1704870994.331 -2.573 -7.117 
1704870994.431 -2.676 -7.054 
1704870994.532 -2.777 -6.993 
1704870994.632 -2.874 -6.927 
1704870994.731 -2.970 -6.862 
1704870994.832 -3.067 -6.795 
1704870994.932 -3.163 -6.728 
1704870995.032 -3.257 -6.658 
1704870995.133 -3.351 -6.588 
1704870995.235 -3.445 -6.516 
1704870995.334 -3.538 -6.451 
1704870995.434 -3.630 -6.387 
1704870995.534 -3.725 -6.313 
1704870995.634 -3.818 -6.244 
1704870995.735 -3.911 -6.170 
1704870995.845 -4.007 -6.095 
1704870995.940 -4.105 -6.022 
1704870996.038 -4.200 -5.951 
1704870996.138 -4.292 -5.875 
1704870996.237 -4.386 -5.800 
1704870996.338 -4.477 -5.722 
1704870996.437 -4.568 -5.645 
1704870996.539 -4.661 -5.563 
1704870996.638 -4.754 -5.487 
1704870996.739 -4.846 -5.409 
1704870996.839 -4.935 -5.329 
1704870996.939 -5.026 -5.249 
1704870997.039 -5.118 -5.167 
1704870997.139 -5.209 -5.082 
1704870997.239 -5.296 -4.998 
1704870997.342 -5.387 -4.913 
1704870997.439 -5.474 -4.830 
1704870997.539 -5.564 -4.744 
1704870997.643 -5.648 -4.660 
1704870997.742 -5.730 -4.579 
1704870997.843 -5.816 -4.495 
1704870997.943 -5.905 -4.408 
1704870998.043 -5.996 -4.322 
1704870998.144 -6.080 -4.239 
1704870998.244 -6.162 -4.154 
1704870998.348 -6.246 -4.063 
1704870998.443 -6.321 -3.980 
1704870998.545 -6.396 -3.906 
1704870998.645 -6.460 -3.841 
1704870998.745 -6.516 -3.774 
1704870998.845 -6.578 -3.703 
1704870998.952 -6.638 -3.634 
1704870999.048 -6.696 -3.571 
1704870999.146 -6.752 -3.506 
1704870999.246 -6.806 -3.439 
1704870999.346 -6.857 -3.370 
1704870999.446 -6.910 -3.299 
1704870999.546 -6.963 -3.228 
1704870999.646 -7.015 -3.165 
1704870999.746 -7.064 -3.104 
1704870999.846 -7.114 -3.040 
1704870999.946 -7.160 -2.974 
1704871000.046 -7.202 -2.907 
1704871000.147 -7.240 -2.840 
1704871000.247 -7.275 -2.776 
1704871000.347 -7.311 -2.714 
1704871000.447 -7.351 -2.654 
1704871000.547 -7.393 -2.589 
1704871000.647 -7.439 -2.489 
1704871000.747 -7.489 -2.396 
1704871000.848 -7.533 -2.316 
1704871000.948 -7.574 -2.244 
1704871001.050 -7.606 -2.166 
1704871001.150 -7.634 -2.079 
1704871001.250 -7.659 -1.997 
1704871001.352 -7.691 -1.923 
1704871001.451 -7.713 -1.848 
1704871001.552 -7.742 -1.774 
1704871001.652 -7.766 -1.706 
1704871001.752 -7.776 -1.628 
1704871001.851 -7.783 -1.554 
1704871001.954 -7.782 -1.480 
1704871002.053 -7.773 -1.406 
1704871002.153 -7.767 -1.335 
1704871002.252 -7.757 -1.268 
1704871002.355 -7.743 -1.202 
1704871002.455 -7.732 -1.141 
1704871002.553 -7.728 -1.088 
1704871002.653 -7.723 -1.038 
1704871002.755 -7.691 -0.965 
1704871002.854 -7.649 -0.883 
1704871002.954 -7.629 -0.820 
1704871003.053 -7.612 -0.770 
1704871003.155 -7.580 -0.720 
1704871003.254 -7.541 -0.663 
1704871003.354 -7.507 -0.606 
1704871003.454 -7.472 -0.555 
1704871003.556 -7.438 -0.505 
1704871003.655 -7.413 -0.458 
1704871003.755 -7.388 -0.412 
1704871003.855 -7.345 -0.362 
1704871003.956 -7.269 -0.300 
1704871004.055 -7.200 -0.234 
1704871004.156 -7.160 -0.182 
1704871004.255 -7.119 -0.147 
1704871004.356 -7.080 -0.112 
1704871004.456 -7.015 -0.060 
1704871004.556 -6.943 -0.001 
1704871004.659 -6.884 0.057 
1704871004.758 -6.830 0.112 
1704871004.857 -6.772 0.167 
1704871004.957 -6.704 0.221 
1704871005.057 -6.634 0.276 
1704871005.157 -6.561 0.338 
1704871005.257 -6.492 0.405 
1704871005.357 -6.421 0.473 
1704871005.457 -6.348 0.529 
1704871005.557 -6.292 0.573 
1704871005.659 -6.239 0.612 
1704871005.759 -6.182 0.647 
1704871005.858 -6.122 0.686 
1704871005.958 -6.053 0.734 
1704871006.058 -5.986 0.786 
1704871006.158 -5.920 0.835 
1704871006.258 -5.853 0.884 
1704871006.361 -5.786 0.934 
1704871006.461 -5.716 0.986 
1704871006.562 -5.644 1.039 
1704871006.661 -5.575 1.093 
1704871006.760 -5.505 1.149 
1704871006.861 -5.436 1.207 
1704871006.962 -5.365 1.264 
1704871007.062 -5.294 1.321 
1704871007.161 -5.221 1.380 
1704871007.261 -5.146 1.442 
1704871007.361 -5.071 1.505 
1704871007.462 -4.999 1.566 
1704871007.563 -4.929 1.627 
1704871007.662 -4.854 1.696 
1704871007.762 -4.777 1.762 
1704871007.862 -4.702 1.830 
1704871007.963 -4.627 1.895 
1704871008.062 -4.550 1.963 
1704871008.163 -4.471 2.035 
1704871008.262 -4.391 2.102 
1704871008.363 -4.317 2.172 
1704871008.463 -4.239 2.241 
1704871008.563 -4.165 2.312 
1704871008.663 -4.089 2.387 
1704871008.764 -4.010 2.461 
1704871008.863 -3.927 2.536 
1704871008.964 -3.844 2.608 
1704871009.064 -3.767 2.681 
1704871009.164 -3.688 2.753 
1704871009.264 -3.606 2.832 
1704871009.363 -3.530 2.906 
1704871009.465 -3.454 2.982 
1704871009.566 -3.376 3.064 
1704871009.666 -3.293 3.145 
1704871009.766 -3.208 3.223 
1704871009.865 -3.132 3.297 
1704871009.966 -3.050 3.377 
1704871010.066 -2.971 3.457 
1704871010.166 -2.893 3.536 
1704871010.267 -2.815 3.617 
1704871010.367 -2.736 3.698 
1704871010.467 -2.656 3.780 
1704871010.568 -2.575 3.861 
1704871010.668 -2.497 3.941 
1704871010.768 -2.420 4.021 
1704871010.871 -2.339 4.105 
1704871010.971 -2.261 4.186 
1704871011.071 -2.183 4.267 
1704871011.171 -2.105 4.349 
1704871011.271 -2.026 4.430 
1704871011.371 -1.948 4.512 
1704871011.471 -1.873 4.593 
1704871011.572 -1.794 4.676 
1704871011.671 -1.720 4.756 
1704871011.771 -1.642 4.841 
1704871011.871 -1.567 4.921 
1704871011.974 -1.488 5.005 
1704871012.072 -1.413 5.083 
1704871012.172 -1.336 5.165 
1704871012.272 -1.263 5.245 
1704871012.373 -1.188 5.329 
1704871012.472 -1.116 5.407 
1704871012.572 -1.042 5.488 
1704871012.673 -0.968 5.570 
1704871012.774 -0.894 5.652 
1704871012.874 -0.823 5.732 
1704871012.973 -0.748 5.809 
1704871013.075 -0.675 5.889 
1704871013.175 -0.612 5.964 
1704871013.275 -0.542 6.044 
1704871013.375 -0.473 6.124 
1704871013.477 -0.401 6.204 
1704871013.577 -0.332 6.282 
1704871013.676 -0.270 6.360 
1704871013.777 -0.206 6.439 
1704871013.876 -0.149 6.508 
1704871013.976 -0.093 6.574 
1704871014.076 -0.021 6.632 
1704871014.177 0.063 6.677 
1704871014.276 0.128 6.720 
1704871014.377 0.167 6.770 
1704871014.477 0.237 6.819 
1704871014.577 0.337 6.860 
1704871014.678 0.448 6.887 
1704871014.778 0.552 6.879 
1704871014.877 0.665 6.858 
1704871014.977 0.783 6.836 
1704871015.081 0.887 6.823 
1704871015.179 0.978 6.819 
1704871015.278 1.069 6.821 
1704871015.378 1.163 6.837 
1704871015.481 1.255 6.870 
1704871015.581 1.321 6.887 
1704871015.680 1.375 6.907 
1704871015.781 1.447 6.930 
1704871015.882 1.521 6.951 
1704871015.980 1.597 6.972 
1704871016.086 1.693 7.006 
1704871016.182 1.777 7.033 
1704871016.282 1.873 7.056 
1704871016.382 1.974 7.072 
1704871016.484 2.089 7.082 
