1704871088.729 4.189 0.038 
1704871088.730 4.189 0.038 
1704871088.829 4.277 0.106 
1704871088.932 4.383 0.204 
1704871089.031 4.480 0.299 
1704871089.130 4.560 0.370 
1704871089.230 4.639 0.425 
1704871089.330 4.716 0.482 
1704871089.431 4.778 0.532 
1704871089.530 4.840 0.578 
1704871089.630 4.906 0.629 
1704871089.731 4.969 0.674 
1704871089.830 5.033 0.716 
1704871089.931 5.096 0.758 
1704871090.031 5.161 0.798 
1704871090.132 5.218 0.837 
1704871090.231 5.268 0.874 
1704871090.331 5.352 0.906 
1704871090.432 5.424 0.946 
1704871090.531 5.488 0.972 
1704871090.632 5.550 0.986 
1704871090.733 5.612 1.006 
1704871090.832 5.696 1.010 
1704871090.933 5.779 1.014 
1704871091.032 5.838 1.044 
1704871091.132 5.909 1.054 
1704871091.232 5.999 0.978 
1704871091.333 6.090 0.904 
1704871091.435 6.159 0.868 
1704871091.534 6.202 0.810 
1704871091.634 6.200 0.705 
1704871091.734 6.208 0.588 
1704871091.834 6.206 0.519 
1704871091.934 6.210 0.452 
1704871092.033 6.191 0.367 
1704871092.135 6.140 0.269 
1704871092.234 6.094 0.184 
1704871092.334 6.070 0.123 
1704871092.434 6.053 0.061 
1704871092.535 6.009 -0.019 
1704871092.636 5.974 -0.094 
1704871092.736 5.938 -0.163 
1704871092.837 5.902 -0.233 
1704871092.937 5.866 -0.304 
1704871093.036 5.811 -0.393 
1704871097.851 5.420 -0.502 
1704871097.852 5.420 -0.502 
1704871097.953 5.400 -0.437 
1704871098.052 5.396 -0.332 
1704871098.151 5.415 -0.197 
1704871098.252 5.418 -0.076 
1704871098.351 5.416 0.043 
1704871098.451 5.417 0.170 
1704871098.552 5.412 0.279 
1704871098.652 5.419 0.366 
1704871098.752 5.427 0.458 
1704871098.852 5.438 0.553 
1704871098.952 5.442 0.648 
1704871099.055 5.449 0.744 
1704871099.155 5.456 0.836 
1704871099.256 5.477 0.923 
1704871099.356 5.503 1.013 
1704871099.456 5.527 1.102 
1704871099.557 5.545 1.189 
1704871099.667 5.572 1.280 
1704871099.756 5.596 1.356 
1704871099.857 5.630 1.431 
1704871099.957 5.673 1.511 
1704871100.056 5.716 1.589 
1704871100.157 5.760 1.660 
1704871100.257 5.803 1.729 
1704871100.357 5.844 1.802 
1704871100.457 5.884 1.878 
1704871100.557 5.916 1.951 
1704871100.657 5.948 2.015 
1704871100.758 5.995 2.071 
1704871100.859 6.051 2.127 
1704871100.959 6.110 2.180 
1704871101.059 6.164 2.238 
1704871101.160 6.213 2.297 
1704871101.263 6.264 2.353 
1704871101.362 6.321 2.409 
1704871101.460 6.368 2.458 
1704871101.561 6.404 2.506 
1704871101.661 6.466 2.545 
1704871101.761 6.522 2.583 
1704871101.861 6.584 2.608 
1704871101.961 6.638 2.635 
1704871102.061 6.689 2.667 
1704871102.162 6.779 2.690 
1704871102.262 6.896 2.703 
1704871102.362 7.004 2.715 
1704871102.461 7.067 2.727 
1704871102.562 7.123 2.739 
1704871102.663 7.217 2.728 
1704871102.762 7.307 2.715 
1704871102.862 7.391 2.706 
1704871102.963 7.465 2.702 
1704871103.063 7.527 2.705 
1704871103.163 7.574 2.719 
1704871103.263 7.624 2.733 
1704871103.364 7.710 2.690 
1704871103.465 7.774 2.708 
1704871103.568 7.848 2.696 
1704871103.670 7.906 2.642 
1704871103.768 7.988 2.550 
1704871103.867 8.067 2.473 
1704871103.967 8.134 2.441 
1704871104.067 8.197 2.381 
1704871104.167 8.231 2.304 
1704871104.268 8.251 2.189 
1704871104.368 8.279 2.070 
1704871104.468 8.300 2.025 
1704871104.570 8.320 1.989 
1704871104.670 8.328 1.909 
1704871104.770 8.337 1.808 
1704871104.870 8.349 1.714 
1704871104.972 8.364 1.637 
1704871105.073 8.374 1.555 
1704871105.172 8.373 1.468 
1704871105.272 8.375 1.379 
1704871105.372 8.374 1.291 
1704871105.472 8.372 1.202 
1704871105.573 8.367 1.114 
1704871105.673 8.361 1.024 
1704871105.774 8.355 0.922 
1704871105.873 8.345 0.832 
1704871105.975 8.332 0.738 
1704871106.074 8.319 0.648 
1704871106.175 8.307 0.555 
1704871106.275 8.299 0.451 
1704871106.375 8.284 0.353 
1704871106.475 8.267 0.257 
1704871106.575 8.251 0.162 
1704871106.675 8.234 0.063 
1704871106.775 8.222 -0.014 
1704871111.487 8.532 0.256 
1704871111.488 8.532 0.256 
1704871111.591 8.543 0.308 
1704871111.691 8.526 0.378 
1704871111.792 8.430 0.487 
1704871111.893 8.338 0.583 
1704871111.992 8.257 0.677 
1704871112.092 8.195 0.781 
1704871112.193 8.137 0.882 
1704871112.293 8.075 0.971 
1704871112.392 8.007 1.060 
1704871112.494 7.935 1.162 
1704871112.592 7.859 1.259 
1704871112.695 7.798 1.341 
1704871112.796 7.751 1.403 
1704871112.895 7.704 1.471 
1704871112.999 7.643 1.550 
1704871113.096 7.585 1.615 
1704871113.196 7.537 1.681 
1704871113.296 7.491 1.746 
1704871113.397 7.438 1.811 
1704871113.497 7.380 1.879 
1704871113.597 7.326 1.947 
1704871113.696 7.274 2.011 
1704871113.799 7.219 2.078 
1704871113.897 7.175 2.137 
1704871113.999 7.117 2.205 
1704871114.099 7.033 2.284 
1704871114.199 6.949 2.368 
1704871114.299 6.865 2.448 
1704871114.399 6.787 2.522 
1704871114.500 6.724 2.592 
1704871114.603 6.654 2.656 
1704871114.699 6.581 2.705 
1704871114.799 6.509 2.753 
1704871114.900 6.441 2.805 
1704871115.000 6.358 2.878 
1704871115.100 6.266 2.943 
1704871115.200 6.199 2.973 
1704871115.301 6.125 2.996 
1704871115.401 6.032 3.023 
1704871115.502 5.942 3.045 
1704871115.601 5.858 3.049 
1704871115.701 5.767 3.048 
1704871115.801 5.674 3.060 
1704871115.903 5.563 3.070 
1704871116.003 5.474 3.074 
1704871116.102 5.414 3.065 
1704871116.202 5.352 3.058 
1704871116.302 5.276 3.038 
1704871116.403 5.185 3.006 
1704871116.502 5.102 2.978 
1704871116.603 5.029 2.958 
1704871116.703 4.965 2.942 
1704871116.804 4.893 2.924 
1704871116.904 4.817 2.902 
1704871117.004 4.742 2.878 
1704871117.104 4.669 2.854 
1704871117.205 4.596 2.829 
1704871117.304 4.525 2.804 
1704871117.404 4.448 2.778 
1704871117.506 4.372 2.755 
1704871117.607 4.297 2.725 
1704871117.707 4.225 2.693 
1704871117.806 4.153 2.663 
1704871117.906 4.083 2.633 
1704871118.007 4.011 2.593 
1704871118.108 3.940 2.554 
1704871118.208 3.869 2.516 
1704871118.309 3.800 2.475 
1704871118.408 3.735 2.441 
1704871118.508 3.672 2.406 
1704871118.608 3.604 2.355 
1704871118.709 3.532 2.296 
1704871118.808 3.467 2.251 
1704871118.911 3.408 2.213 
1704871119.012 3.354 2.174 
1704871119.111 3.301 2.134 
1704871119.211 3.231 2.061 
1704871119.312 3.162 1.985 
1704871119.411 3.103 1.925 
1704871119.514 3.062 1.887 
1704871119.612 3.026 1.849 
1704871119.714 2.986 1.802 
1704871119.813 2.945 1.728 
1704871119.912 2.899 1.639 
1704871120.013 2.852 1.574 
1704871120.113 2.813 1.518 
1704871120.214 2.777 1.451 
1704871120.318 2.748 1.376 
1704871120.415 2.723 1.308 
1704871120.515 2.696 1.240 
1704871120.614 2.668 1.176 
1704871120.714 2.637 1.106 
1704871120.813 2.606 1.035 
1704871120.915 2.582 0.937 
1704871121.016 2.559 0.849 
1704871121.114 2.538 0.786 
1704871121.214 2.519 0.722 
1704871121.314 2.498 0.649 
1704871121.417 2.473 0.571 
1704871121.514 2.454 0.480 
1704871121.623 2.432 0.388 
1704871121.717 2.417 0.308 
1704871121.817 2.401 0.231 
1704871121.915 2.383 0.150 
1704871122.016 2.364 0.062 
1704871122.119 2.350 -0.024 
1704871122.216 2.339 -0.105 
1704871122.316 2.326 -0.190 
1704871122.416 2.311 -0.280 
1704871124.925 2.046 -0.448 
1704871124.925 2.046 -0.449 
1704871125.025 2.006 -0.449 
1704871125.126 1.887 -0.435 
1704871125.226 1.756 -0.423 
1704871125.326 1.639 -0.416 
1704871125.426 1.521 -0.406 
1704871125.525 1.403 -0.385 
1704871125.626 1.273 -0.362 
1704871125.726 1.173 -0.358 
1704871125.826 1.094 -0.354 
1704871125.925 1.013 -0.330 
1704871126.026 0.921 -0.296 
1704871126.128 0.825 -0.264 
1704871126.227 0.735 -0.235 
1704871126.327 0.650 -0.206 
1704871126.427 0.569 -0.165 
1704871126.527 0.487 -0.118 
1704871126.627 0.408 -0.060 
1704871126.727 0.338 0.007 
1704871126.827 0.262 0.075 
1704871126.927 0.183 0.141 
1704871127.028 0.121 0.201 
1704871127.127 0.079 0.234 
1704871127.227 0.033 0.269 
1704871127.328 -0.025 0.322 
1704871127.428 -0.078 0.389 
1704871127.529 -0.144 0.463 
1704871127.627 -0.207 0.526 
1704871127.728 -0.261 0.593 
1704871127.831 -0.313 0.662 
1704871127.929 -0.362 0.726 
1704871128.029 -0.413 0.795 
1704871128.130 -0.469 0.865 
1704871128.230 -0.523 0.933 
1704871128.329 -0.577 1.004 
1704871128.431 -0.628 1.077 
1704871128.530 -0.679 1.149 
1704871128.630 -0.731 1.218 
1704871128.731 -0.784 1.289 
1704871128.831 -0.837 1.362 
1704871128.932 -0.890 1.436 
1704871129.032 -0.939 1.502 
1704871129.131 -0.985 1.570 
1704871129.233 -1.033 1.640 
1704871129.333 -1.080 1.708 
1704871129.432 -1.124 1.773 
1704871129.532 -1.168 1.839 
1704871129.632 -1.209 1.904 
1704871129.733 -1.257 1.988 
1704871129.833 -1.311 2.093 
1704871129.934 -1.361 2.179 
1704871130.033 -1.394 2.252 
1704871130.134 -1.427 2.322 
1704871130.234 -1.467 2.394 
1704871130.334 -1.502 2.459 
1704871130.435 -1.550 2.532 
1704871130.535 -1.590 2.601 
1704871130.635 -1.616 2.687 
1704871130.736 -1.598 2.806 
1704871130.836 -1.578 2.931 
1704871130.936 -1.533 3.054 
1704871131.036 -1.458 3.171 
1704871131.137 -1.373 3.268 
1704871131.236 -1.271 3.338 
1704871131.336 -1.134 3.376 
1704871131.436 -1.008 3.401 
1704871131.537 -0.902 3.393 
1704871131.638 -0.813 3.368 
1704871134.444 -0.634 3.206 
1704871134.445 -0.634 3.206 
1704871134.544 -0.625 3.261 
1704871134.646 -0.610 3.363 
1704871134.745 -0.599 3.484 
1704871134.846 -0.608 3.598 
1704871134.946 -0.619 3.718 
1704871135.047 -0.625 3.845 
1704871135.146 -0.631 3.971 
1704871135.246 -0.635 4.094 
1704871135.346 -0.640 4.221 
1704871135.446 -0.648 4.333 
1704871135.546 -0.648 4.446 
1704871135.647 -0.646 4.570 
1704871135.747 -0.645 4.690 
1704871135.848 -0.647 4.806 
1704871135.949 -0.628 4.918 
1704871136.047 -0.594 5.029 
1704871136.147 -0.563 5.152 
1704871136.248 -0.534 5.269 
1704871136.347 -0.490 5.377 
1704871136.448 -0.439 5.486 
1704871136.548 -0.391 5.598 
1704871136.648 -0.340 5.711 
1704871136.747 -0.293 5.820 
1704871136.848 -0.238 5.928 
1704871136.948 -0.185 6.021 
1704871137.048 -0.119 6.109 
1704871137.149 -0.065 6.192 
1704871137.250 -0.034 6.257 
1704871137.350 0.008 6.318 
1704871137.451 0.052 6.383 
1704871137.551 0.097 6.445 
1704871137.651 0.146 6.506 
1704871137.751 0.209 6.580 
1704871137.852 0.274 6.663 
1704871137.951 0.336 6.768 
1704871138.054 0.392 6.883 
1704871138.152 0.428 6.991 
1704871138.252 0.450 7.120 
1704871138.354 0.437 7.254 
1704871138.453 0.406 7.373 
1704871138.554 0.341 7.485 
1704871138.653 0.231 7.554 
1704871138.753 0.135 7.614 
1704871138.854 0.036 7.650 
1704871138.954 -0.068 7.663 
1704871139.053 -0.180 7.651 
1704871139.153 -0.285 7.613 
1704871139.254 -0.394 7.570 
1704871139.353 -0.498 7.534 
1704871139.453 -0.603 7.482 
1704871139.554 -0.710 7.428 
1704871139.655 -0.816 7.379 
1704871139.754 -0.915 7.336 
1704871139.854 -1.016 7.275 
1704871139.954 -1.119 7.215 
1704871140.054 -1.218 7.155 
1704871140.155 -1.317 7.098 
1704871140.254 -1.413 7.030 
1704871140.355 -1.511 6.962 
1704871140.455 -1.610 6.895 
1704871140.554 -1.707 6.828 
1704871140.655 -1.806 6.756 
1704871140.755 -1.900 6.683 
1704871140.855 -1.992 6.612 
1704871140.956 -2.084 6.538 
1704871141.056 -2.178 6.462 
1704871141.159 -2.276 6.382 
1704871141.257 -2.358 6.320 
1704871141.356 -2.398 6.283 
1704871141.458 -2.451 6.236 
1704871141.556 -2.506 6.177 
1704871141.656 -2.562 6.120 
1704871141.757 -2.618 6.063 
1704871141.857 -2.673 6.007 
1704871141.958 -2.725 5.955 
1704871142.058 -2.778 5.902 
1704871142.159 -2.836 5.830 
1704871142.258 -2.889 5.769 
1704871142.358 -2.937 5.713 
1704871142.458 -2.988 5.655 
1704871142.559 -3.040 5.599 
1704871142.658 -3.093 5.542 
1704871142.759 -3.143 5.477 
1704871142.859 -3.186 5.413 
1704871142.959 -3.225 5.315 
1704871143.059 -3.274 5.210 
1704871143.159 -3.337 5.120 
1704871143.259 -3.398 5.031 
1704871143.362 -3.443 4.943 
1704871143.462 -3.480 4.848 
1704871143.560 -3.517 4.755 
1704871143.660 -3.561 4.679 
1704871143.760 -3.605 4.607 
1704871143.860 -3.636 4.526 
1704871143.961 -3.663 4.430 
1704871144.061 -3.694 4.341 
1704871144.160 -3.726 4.246 
1704871144.261 -3.747 4.146 
1704871144.361 -3.777 4.063 
1704871144.461 -3.807 3.977 
1704871144.561 -3.820 3.885 
1704871144.661 -3.825 3.786 
1704871144.762 -3.828 3.679 
1704871144.863 -3.831 3.568 
1704871144.962 -3.839 3.462 
1704871145.061 -3.862 3.397 
1704871145.162 -3.880 3.319 
1704871145.262 -3.879 3.227 
1704871145.362 -3.860 3.122 
1704871145.462 -3.848 3.001 
1704871145.563 -3.836 2.877 
1704871145.663 -3.823 2.754 
1704871145.763 -3.837 2.672 
1704871145.863 -3.867 2.607 
1704871145.963 -3.890 2.537 
1704871146.062 -3.886 2.474 
1704871146.164 -3.868 2.355 
1704871146.264 -3.847 2.263 
1704871146.364 -3.827 2.162 
1704871146.464 -3.811 2.050 
1704871146.564 -3.770 1.958 
1704871146.664 -3.717 1.876 
1704871146.764 -3.681 1.802 
1704871146.865 -3.645 1.731 
1704871146.964 -3.608 1.662 
1704871147.064 -3.570 1.589 
1704871147.165 -3.531 1.512 
1704871147.264 -3.489 1.434 
1704871147.365 -3.443 1.360 
1704871147.465 -3.397 1.288 
1704871147.565 -3.355 1.219 
1704871147.666 -3.308 1.148 
1704871147.765 -3.260 1.071 
1704871147.866 -3.213 0.992 
1704871147.965 -3.168 0.921 
1704871148.065 -3.123 0.848 
1704871148.165 -3.074 0.775 
1704871148.266 -3.023 0.704 
1704871148.366 -2.970 0.623 
1704871148.466 -2.919 0.552 
1704871148.567 -2.867 0.480 
1704871148.666 -2.816 0.408 
1704871148.766 -2.763 0.334 
1704871148.866 -2.711 0.260 
1704871148.966 -2.658 0.187 
1704871149.066 -2.607 0.114 
1704871149.166 -2.553 0.040 
1704871149.267 -2.501 -0.033 
1704871149.366 -2.449 -0.106 
1704871149.467 -2.392 -0.182 
1704871149.567 -2.336 -0.257 
1704871149.667 -2.273 -0.339 
1704871155.881 -2.205 -0.622 
1704871155.881 -2.205 -0.622 
1704871155.981 -2.225 -0.611 
1704871156.082 -2.318 -0.557 
1704871156.182 -2.425 -0.503 
1704871156.282 -2.525 -0.451 
1704871156.382 -2.628 -0.396 
1704871156.483 -2.731 -0.332 
1704871156.582 -2.839 -0.275 
1704871156.683 -2.948 -0.217 
1704871156.782 -3.057 -0.160 
1704871156.886 -3.170 -0.103 
1704871156.983 -3.276 -0.055 
1704871157.084 -3.387 -0.010 
1704871157.183 -3.501 0.034 
1704871157.283 -3.612 0.078 
1704871157.384 -3.724 0.116 
1704871157.484 -3.832 0.149 
1704871157.584 -3.950 0.185 
1704871157.684 -4.066 0.225 
1704871157.784 -4.180 0.256 
1704871157.884 -4.297 0.281 
1704871157.984 -4.398 0.304 
1704871158.085 -4.484 0.323 
1704871158.184 -4.558 0.346 
1704871158.284 -4.623 0.367 
1704871158.384 -4.698 0.383 
1704871158.485 -4.775 0.396 
1704871158.585 -4.846 0.410 
1704871158.684 -4.952 0.430 
1704871158.784 -5.063 0.454 
1704871158.885 -5.152 0.474 
1704871158.985 -5.240 0.489 
1704871159.085 -5.326 0.510 
1704871159.186 -5.409 0.529 
1704871159.290 -5.491 0.550 
1704871159.386 -5.560 0.575 
1704871159.486 -5.633 0.603 
1704871159.586 -5.709 0.623 
1704871159.687 -5.785 0.643 
1704871159.787 -5.873 0.656 
1704871159.887 -5.961 0.664 
1704871159.987 -6.045 0.679 
1704871160.087 -6.131 0.736 
1704871160.190 -6.200 0.835 
1704871160.288 -6.271 0.921 
1704871160.388 -6.325 1.042 
1704871160.487 -6.353 1.172 
1704871160.587 -6.369 1.284 
1704871160.687 -6.343 1.397 
1704871160.787 -6.286 1.509 
1704871160.890 -6.241 1.557 
1704871160.989 -6.197 1.608 
1704871161.088 -6.137 1.692 
1704871161.188 -6.064 1.789 
1704871161.289 -5.999 1.883 
1704871161.388 -5.954 1.921 
1704871161.489 -5.924 1.964 
1704871161.589 -5.876 2.047 
1704871161.689 -5.819 2.152 
1704871161.791 -5.771 2.245 
1704871161.890 -5.737 2.327 
1704871161.991 -5.700 2.409 
1704871162.091 -5.667 2.493 
1704871162.191 -5.645 2.581 
1704871162.291 -5.638 2.686 
1704871162.391 -5.631 2.783 
1704871162.491 -5.628 2.880 
1704871162.591 -5.618 2.981 
1704871162.691 -5.613 3.074 
1704871162.792 -5.626 3.170 
1704871162.891 -5.644 3.267 
1704871162.992 -5.667 3.363 
1704871163.092 -5.695 3.455 
1704871163.192 -5.726 3.546 
1704871163.292 -5.742 3.627 
1704871163.392 -5.762 3.715 
1704871163.492 -5.798 3.806 
1704871163.592 -5.831 3.892 
1704871163.693 -5.862 3.976 
1704871163.793 -5.909 4.057 
1704871163.893 -5.978 4.125 
1704871163.994 -6.024 4.197 
1704871164.093 -6.068 4.263 
1704871164.194 -6.121 4.333 
1704871164.293 -6.197 4.396 
1704871164.394 -6.286 4.447 
1704871164.494 -6.362 4.502 
1704871164.594 -6.440 4.555 
1704871164.694 -6.541 4.584 
1704871164.794 -6.621 4.619 
1704871164.894 -6.717 4.639 
1704871164.994 -6.822 4.658 
1704871167.401 -7.001 4.476 
1704871167.401 -7.001 4.476 
1704871167.502 -7.045 4.547 
1704871167.602 -7.112 4.634 
1704871167.705 -7.188 4.734 
1704871167.803 -7.263 4.823 
1704871167.904 -7.346 4.913 
1704871168.003 -7.420 4.996 
1704871168.103 -7.501 5.086 
1704871168.204 -7.584 5.171 
1704871168.304 -7.669 5.265 
1704871168.405 -7.749 5.360 
1704871168.503 -7.828 5.447 
1704871168.603 -7.905 5.527 
1704871168.704 -7.973 5.629 
1704871168.804 -8.022 5.723 
1704871168.903 -8.059 5.792 
1704871169.004 -8.086 5.856 
1704871169.104 -8.107 5.922 
1704871169.205 -8.126 6.003 
1704871169.304 -8.145 6.083 
1704871169.404 -8.165 6.156 
1704871169.504 -8.192 6.208 
1704871169.604 -8.214 6.258 
1704871169.704 -8.203 6.356 
1704871169.805 -8.174 6.475 
1704871169.905 -8.165 6.550 
1704871170.005 -8.152 6.610 
1704871170.105 -8.135 6.672 
1704871170.205 -8.117 6.737 
1704871170.306 -8.119 6.796 
1704871170.407 -8.116 6.833 
1704871170.505 -8.091 6.844 
1704871170.605 -8.022 6.868 
1704871170.706 -7.914 6.912 
1704871170.806 -7.805 6.959 
1704871170.906 -7.718 7.001 
1704871171.005 -7.634 7.065 
1704871171.106 -7.533 7.150 
1704871171.206 -7.425 7.221 
1704871171.306 -7.348 7.247 
1704871171.407 -7.303 7.271 
1704871171.506 -7.276 7.279 
1704871171.609 -7.226 7.268 
1704871171.708 -7.119 7.260 
1704871171.807 -6.979 7.265 
1704871171.907 -6.850 7.284 
1704871172.008 -6.726 7.296 
1704871172.107 -6.653 7.320 
1704871172.207 -6.624 7.324 
1704871172.309 -6.636 7.288 
1704871172.408 -6.625 7.259 
1704871172.508 -6.573 7.260 
1704871172.609 -6.460 7.291 
1704871172.709 -6.317 7.314 
1704871172.809 -6.219 7.334 
1704871172.909 -6.159 7.341 
1704871173.008 -6.096 7.342 
1704871173.109 -6.053 7.330 
1704871173.211 -6.029 7.305 
1704871173.310 -6.046 7.297 
1704871173.412 -6.065 7.296 
1704871173.509 -6.057 7.279 
1704871173.609 -6.012 7.217 
1704871173.710 -5.944 7.137 
1704871173.810 -5.888 7.068 
1704871173.911 -5.855 7.020 
1704871174.010 -5.828 6.979 
1704871174.110 -5.781 6.940 
1704871174.210 -5.715 6.899 
1704871174.311 -5.671 6.856 
1704871174.413 -5.614 6.800 
1704871174.513 -5.498 6.764 
1704871174.613 -5.387 6.730 
1704871174.713 -5.280 6.698 
1704871174.813 -5.182 6.684 
1704871174.915 -5.080 6.697 
1704871175.017 -4.966 6.708 
1704871175.116 -4.843 6.721 
1704871175.216 -4.726 6.733 
1704871175.315 -4.611 6.758 
1704871175.416 -4.496 6.789 
1704871175.516 -4.377 6.828 
1704871175.616 -4.261 6.868 
1704871175.717 -4.149 6.906 
1704871175.817 -4.042 6.941 
1704871175.916 -3.939 6.974 
1704871176.017 -3.842 7.009 
1704871176.117 -3.753 7.038 
1704871176.220 -3.668 7.071 
1704871176.317 -3.581 7.102 
1704871176.419 -3.492 7.136 
1704871176.518 -3.404 7.173 
1704871176.618 -3.312 7.213 
1704871176.717 -3.223 7.248 
1704871176.819 -3.133 7.280 
1704871176.919 -3.052 7.316 
1704871177.019 -2.961 7.354 
1704871177.122 -2.876 7.393 
1704871177.221 -2.789 7.435 
1704871177.320 -2.702 7.473 
1704871177.421 -2.617 7.508 
1704871177.521 -2.530 7.544 
1704871177.621 -2.441 7.586 
1704871177.721 -2.362 7.628 
1704871177.830 -2.274 7.677 
1704871177.921 -2.207 7.714 
1704871178.021 -2.129 7.761 
1704871178.121 -2.048 7.804 
1704871178.222 -1.968 7.846 
1704871178.322 -1.899 7.887 
1704871178.424 -1.820 7.931 
1704871178.524 -1.744 7.961 
1704871178.623 -1.685 7.988 
1704871178.724 -1.612 8.009 
1704871178.824 -1.531 8.027 
1704871178.924 -1.454 8.039 
1704871179.024 -1.388 8.043 
1704871179.125 -1.296 8.064 
1704871179.227 -1.198 8.084 
1704871179.325 -1.114 8.100 
1704871179.425 -1.080 8.128 
1704871179.526 -1.018 8.145 
1704871179.627 -0.925 8.137 
1704871179.726 -0.855 8.150 
1704871179.825 -0.815 8.178 
1704871179.928 -0.781 8.218 
1704871180.026 -0.725 8.200 
1704871181.734 -0.455 8.068 
1704871181.834 -0.421 8.084 
1704871181.935 -0.394 8.078 
1704871182.035 -0.383 8.014 
1704871182.136 -0.444 7.906 
1704871182.235 -0.506 7.821 
1704871182.335 -0.585 7.734 
1704871182.436 -0.669 7.644 
1704871182.536 -0.745 7.557 
1704871182.635 -0.818 7.481 
1704871182.737 -0.898 7.401 
1704871182.839 -0.984 7.319 
1704871182.939 -1.073 7.241 
1704871183.038 -1.151 7.187 
1704871183.138 -1.223 7.134 
1704871183.239 -1.287 7.078 
1704871183.351 -1.355 7.019 
1704871183.442 -1.420 6.962 
1704871183.542 -1.490 6.902 
1704871183.640 -1.562 6.843 
1704871183.740 -1.639 6.780 
1704871183.840 -1.715 6.717 
1704871183.941 -1.788 6.654 
1704871184.040 -1.865 6.589 
1704871184.140 -1.940 6.523 
1704871184.246 -2.025 6.450 
1704871184.340 -2.095 6.389 
1704871184.443 -2.180 6.313 
1704871184.541 -2.261 6.245 
1704871184.641 -2.335 6.179 
1704871184.741 -2.412 6.107 
1704871184.841 -2.488 6.035 
1704871184.942 -2.563 5.960 
1704871185.042 -2.639 5.885 
1704871185.142 -2.716 5.808 
1704871185.242 -2.796 5.732 
1704871185.343 -2.880 5.654 
1704871185.443 -2.958 5.579 
1704871185.542 -3.036 5.501 
1704871185.642 -3.117 5.424 
1704871185.742 -3.195 5.349 
1704871185.842 -3.267 5.268 
1704871185.945 -3.342 5.188 
1704871186.042 -3.418 5.105 
1704871186.143 -3.497 5.021 
1704871186.245 -3.570 4.943 
1704871186.345 -3.634 4.866 
1704871186.445 -3.706 4.783 
1704871186.545 -3.781 4.693 
1704871186.645 -3.851 4.622 
1704871186.745 -3.917 4.539 
1704871186.845 -3.984 4.455 
1704871186.945 -4.047 4.374 
1704871187.046 -4.108 4.288 
1704871187.145 -4.168 4.203 
1704871187.246 -4.225 4.119 
1704871187.346 -4.283 4.034 
1704871187.446 -4.341 3.951 
1704871187.546 -4.399 3.871 
1704871187.647 -4.457 3.791 
1704871187.747 -4.516 3.713 
1704871187.848 -4.575 3.634 
1704871187.946 -4.629 3.555 
1704871188.047 -4.686 3.471 
1704871188.147 -4.744 3.386 
1704871188.247 -4.803 3.307 
1704871188.347 -4.857 3.222 
1704871188.447 -4.910 3.138 
1704871188.547 -4.962 3.055 
1704871188.649 -5.016 2.968 
1704871188.748 -5.067 2.885 
1704871188.849 -5.117 2.805 
1704871188.948 -5.168 2.725 
1704871189.048 -5.219 2.643 
1704871189.148 -5.267 2.560 
1704871189.248 -5.313 2.482 
1704871189.349 -5.361 2.409 
1704871189.448 -5.407 2.334 
1704871189.549 -5.453 2.255 
1704871189.648 -5.497 2.181 
1704871189.748 -5.541 2.109 
1704871189.850 -5.586 2.031 
1704871189.949 -5.628 1.956 
1704871190.051 -5.673 1.882 
1704871190.150 -5.713 1.813 
1704871190.251 -5.760 1.742 
1704871190.351 -5.804 1.673 
1704871190.451 -5.849 1.603 
1704871190.550 -5.896 1.529 
1704871190.651 -5.947 1.458 
1704871190.751 -6.001 1.387 
1704871190.851 -6.034 1.326 
1704871190.952 -6.078 1.268 
1704871191.052 -6.134 1.209 
1704871191.152 -6.193 1.150 
1704871191.252 -6.267 1.092 
1704871191.353 -6.331 1.032 
1704871191.452 -6.390 0.982 
1704871191.552 -6.453 0.935 
1704871191.652 -6.514 0.884 
1704871191.752 -6.580 0.811 
1704871191.853 -6.639 0.739 
1704871191.953 -6.690 0.685 
1704871192.053 -6.737 0.634 
1704871192.153 -6.790 0.575 
1704871192.253 -6.863 0.502 
1704871192.353 -6.929 0.407 
1704871192.454 -6.969 0.320 
1704871192.554 -7.006 0.271 
1704871192.654 -7.033 0.227 
1704871192.755 -7.048 0.143 
1704871192.855 -7.068 0.072 
1704871192.954 -7.093 -0.007 
1704871193.055 -7.109 -0.089 
1704871193.157 -7.132 -0.157 
1704871193.255 -7.145 -0.219 
1704871193.357 -7.144 -0.282 
1704871193.456 -7.148 -0.337 
1704871193.556 -7.142 -0.398 
1704871193.655 -7.125 -0.469 
1704871193.757 -7.071 -0.555 
1704871193.859 -7.027 -0.632 
1704871193.958 -6.993 -0.695 
1704871194.057 -6.962 -0.706 
1704871194.157 -6.912 -0.714 
1704871194.257 -6.850 -0.750 
1704871194.357 -6.772 -0.824 
1704871194.457 -6.712 -0.918 
1704871194.558 -6.677 -0.982 
1704871194.657 -6.643 -1.025 
1704871194.758 -6.591 -1.073 
1704871194.858 -6.547 -1.128 
1704871194.957 -6.506 -1.191 
1704871195.057 -6.466 -1.232 
1704871195.158 -6.423 -1.278 
1704871195.257 -6.366 -1.341 
1704871195.358 -6.319 -1.414 
1704871195.459 -6.272 -1.476 
1704871195.563 -6.216 -1.534 
1704871195.660 -6.168 -1.593 
1704871195.760 -6.116 -1.655 
1704871195.861 -6.059 -1.718 
1704871195.962 -6.000 -1.787 
1704871196.061 -5.948 -1.844 
1704871196.161 -5.884 -1.908 
1704871196.261 -5.820 -1.973 
1704871196.363 -5.757 -2.029 
1704871196.463 -5.697 -2.090 
1704871196.565 -5.638 -2.153 
1704871196.665 -5.576 -2.220 
1704871196.765 -5.517 -2.291 
1704871196.865 -5.459 -2.360 
1704871196.964 -5.400 -2.430 
1704871197.064 -5.340 -2.501 
1704871197.164 -5.277 -2.571 
1704871197.264 -5.214 -2.648 
1704871197.365 -5.153 -2.725 
1704871197.465 -5.094 -2.796 
1704871197.565 -5.040 -2.862 
1704871197.665 -4.988 -2.933 
1704871197.764 -4.935 -3.005 
1704871197.865 -4.881 -3.080 
1704871197.966 -4.827 -3.154 
1704871198.069 -4.773 -3.225 
1704871198.169 -4.718 -3.294 
1704871198.269 -4.671 -3.363 
1704871198.370 -4.626 -3.431 
1704871198.469 -4.578 -3.505 
1704871198.569 -4.529 -3.580 
1704871198.670 -4.475 -3.648 
1704871198.770 -4.429 -3.704 
1704871198.870 -4.385 -3.768 
1704871198.970 -4.344 -3.843 
1704871199.070 -4.302 -3.916 
1704871199.170 -4.258 -3.986 
1704871199.271 -4.219 -4.047 
1704871199.371 -4.181 -4.112 
1704871203.585 -3.763 -4.256 
1704871203.586 -3.763 -4.256 
1704871203.685 -3.738 -4.242 
1704871203.785 -3.676 -4.159 
1704871203.886 -3.582 -4.043 
1704871203.988 -3.516 -3.944 
1704871204.088 -3.456 -3.849 
1704871204.189 -3.367 -3.768 
1704871204.288 -3.297 -3.708 
1704871204.389 -3.241 -3.667 
1704871204.489 -3.177 -3.628 
1704871204.589 -3.105 -3.584 
1704871204.689 -3.033 -3.545 
1704871204.789 -2.963 -3.509 
1704871204.889 -2.886 -3.470 
1704871204.989 -2.814 -3.435 
1704871205.089 -2.743 -3.401 
1704871205.190 -2.673 -3.368 
1704871205.290 -2.578 -3.318 
1704871205.391 -2.488 -3.270 
1704871205.491 -2.431 -3.230 
1704871205.590 -2.364 -3.198 
1704871205.692 -2.288 -3.172 
1704871205.790 -2.208 -3.165 
1704871205.891 -2.128 -3.168 
1704871205.992 -2.052 -3.176 
1704871206.092 -1.982 -3.176 
1704871206.192 -1.907 -3.174 
1704871206.292 -1.806 -3.167 
1704871206.395 -1.691 -3.164 
1704871206.492 -1.593 -3.157 
1704871206.594 -1.502 -3.147 
1704871206.693 -1.409 -3.138 
1704871206.793 -1.315 -3.126 
1704871206.893 -1.229 -3.127 
1704871206.993 -1.158 -3.127 
1704871207.092 -1.093 -3.127 
1704871207.193 -1.018 -3.142 
1704871207.293 -0.951 -3.165 
1704871207.393 -0.884 -3.184 
1704871207.493 -0.799 -3.208 
1704871207.594 -0.690 -3.240 
1704871207.693 -0.588 -3.267 
1704871207.794 -0.506 -3.284 
1704871207.894 -0.441 -3.299 
1704871207.994 -0.378 -3.315 
1704871208.093 -0.252 -3.292 
1704871208.194 -0.115 -3.268 
1704871208.294 -0.053 -3.237 
1704871208.394 0.002 -3.214 
1704871208.494 0.073 -3.239 
1704871208.594 0.190 -3.252 
1704871208.695 0.305 -3.265 
1704871208.795 0.413 -3.280 
1704871208.895 0.516 -3.294 
1704871208.996 0.603 -3.308 
1704871209.096 0.679 -3.321 
1704871209.195 0.742 -3.343 
1704871209.295 0.817 -3.366 
1704871209.396 0.893 -3.392 
1704871209.497 0.968 -3.418 
1704871209.597 1.102 -3.425 
1704871209.697 1.228 -3.433 
1704871209.798 1.318 -3.437 
1704871209.899 1.402 -3.439 
1704871209.998 1.492 -3.435 
1704871210.098 1.586 -3.433 
1704871210.199 1.671 -3.434 
1704871210.298 1.742 -3.435 
1704871210.399 1.816 -3.434 
1704871210.499 1.895 -3.423 
1704871210.599 1.972 -3.413 
1704871210.698 2.048 -3.407 
1704871210.798 2.123 -3.403 
1704871210.898 2.219 -3.392 
1704871211.000 2.341 -3.386 
1704871211.098 2.453 -3.376 
1704871211.200 2.524 -3.376 
1704871211.299 2.595 -3.370 
1704871211.400 2.682 -3.356 
1704871211.500 2.771 -3.354 
1704871211.601 2.854 -3.362 
1704871211.700 2.925 -3.363 
1704871211.799 2.996 -3.366 
1704871211.900 3.085 -3.367 
1704871212.006 3.177 -3.373 
1704871212.105 3.278 -3.374 
1704871212.205 3.383 -3.377 
1704871215.310 3.864 -3.488 
1704871215.410 3.850 -3.524 
1704871215.512 3.751 -3.611 
1704871215.610 3.693 -3.715 
1704871215.710 3.632 -3.804 
1704871215.811 3.545 -3.923 
1704871215.911 3.475 -4.024 
1704871216.012 3.400 -4.123 
1704871216.111 3.337 -4.182 
1704871216.211 3.307 -4.225 
1704871216.312 3.291 -4.270 
1704871216.413 3.262 -4.329 
1704871216.513 3.230 -4.396 
1704871216.612 3.195 -4.467 
1704871216.713 3.159 -4.544 
1704871216.813 3.123 -4.622 
1704871216.914 3.076 -4.707 
1704871217.014 3.025 -4.793 
1704871217.114 2.975 -4.881 
1704871217.214 2.934 -4.973 
1704871217.313 2.906 -5.033 
1704871217.414 2.896 -5.064 
1704871217.514 2.905 -5.104 
1704871217.613 2.918 -5.144 
1704871217.714 2.920 -5.198 
1704871217.814 2.912 -5.260 
1704871217.915 2.906 -5.316 
1704871218.015 2.914 -5.391 
1704871218.115 2.922 -5.455 
1704871218.216 2.934 -5.482 
1704871218.315 2.958 -5.507 
1704871218.416 2.986 -5.561 
1704871218.515 3.011 -5.626 
1704871218.615 3.029 -5.690 
1704871218.716 3.048 -5.760 
1704871218.816 3.071 -5.826 
1704871218.917 3.101 -5.879 
1704871219.016 3.129 -5.920 
1704871219.116 3.155 -5.977 
1704871219.216 3.186 -6.045 
1704871219.316 3.218 -6.116 
1704871219.417 3.253 -6.191 
1704871219.517 3.288 -6.268 
1704871219.616 3.325 -6.340 
1704871219.718 3.360 -6.407 
1704871219.817 3.392 -6.475 
1704871219.917 3.421 -6.540 
1704871220.017 3.458 -6.603 
1704871220.117 3.494 -6.666 
1704871220.217 3.529 -6.726 
1704871220.318 3.562 -6.786 
1704871220.418 3.601 -6.846 
1704871220.518 3.655 -6.937 
1704871220.618 3.714 -7.029 
1704871220.718 3.752 -7.079 
1704871220.818 3.758 -7.101 
1704871220.918 3.786 -7.116 
1704871221.018 3.840 -7.163 
1704871221.118 3.924 -7.239 
1704871221.218 4.009 -7.316 
1704871221.318 4.081 -7.401 
1704871221.418 4.149 -7.493 
1704871221.519 4.197 -7.561 
1704871221.619 4.251 -7.628 
1704871221.719 4.296 -7.718 
1704871221.819 4.357 -7.797 
1704871224.425 4.380 -7.609 
1704871224.526 4.333 -7.593 
1704871224.626 4.247 -7.580 
1704871224.726 4.129 -7.550 
1704871224.826 3.994 -7.532 
1704871224.927 3.917 -7.545 
1704871225.026 3.830 -7.514 
1704871225.127 3.782 -7.501 
1704871225.226 3.761 -7.534 
1704871225.327 3.740 -7.551 
1704871225.427 3.714 -7.514 
1704871225.527 3.616 -7.441 
1704871225.627 3.537 -7.358 
1704871225.727 3.453 -7.286 
1704871225.828 3.351 -7.223 
1704871225.927 3.262 -7.164 
1704871226.028 3.184 -7.121 
1704871226.129 3.114 -7.074 
1704871226.229 3.032 -7.018 
1704871226.329 2.924 -6.979 
1704871226.429 2.807 -6.943 
1704871226.528 2.704 -6.919 
1704871226.629 2.609 -6.876 
1704871226.729 2.528 -6.819 
1704871226.829 2.466 -6.765 
1704871226.930 2.418 -6.710 
1704871227.029 2.390 -6.674 
1704871227.130 2.378 -6.642 
1704871227.230 2.338 -6.601 
1704871227.331 2.266 -6.546 
1704871227.431 2.198 -6.477 
1704871227.531 2.121 -6.376 
1704871227.631 2.027 -6.282 
1704871227.730 1.940 -6.223 
1704871227.831 1.842 -6.200 
1704871227.931 1.725 -6.199 
1704871228.030 1.607 -6.184 
1704871228.131 1.489 -6.162 
1704871228.233 1.369 -6.140 
1704871228.333 1.250 -6.123 
1704871228.433 1.130 -6.108 
1704871228.533 1.005 -6.096 
1704871228.633 0.887 -6.086 
1704871228.733 0.755 -6.091 
1704871228.834 0.636 -6.081 
1704871228.933 0.507 -6.083 
1704871229.033 0.371 -6.105 
1704871229.133 0.251 -6.111 
1704871229.233 0.133 -6.137 
1704871229.334 0.020 -6.177 
1704871229.434 -0.092 -6.227 
1704871229.534 -0.205 -6.274 
1704871229.634 -0.318 -6.311 
1704871229.734 -0.435 -6.353 
1704871229.835 -0.554 -6.397 
1704871229.934 -0.666 -6.443 
1704871230.034 -0.773 -6.478 
1704871230.135 -0.882 -6.512 
1704871230.235 -0.986 -6.552 
1704871230.339 -1.074 -6.603 
1704871230.437 -1.173 -6.659 
1704871230.536 -1.281 -6.741 
1704871230.635 -1.382 -6.820 
1704871230.735 -1.461 -6.910 
1704871230.836 -1.515 -7.010 
1704871230.936 -1.542 -7.116 
1704871231.035 -1.530 -7.200 
1704871231.136 -1.552 -7.291 
1704871231.236 -1.539 -7.348 
1704871233.941 -1.499 -7.364 
1704871234.046 -1.545 -7.262 
1704871234.146 -1.620 -7.207 
1704871234.245 -1.678 -7.151 
1704871234.345 -1.708 -7.087 
1704871234.445 -1.731 -6.993 
1704871234.545 -1.755 -6.891 
1704871234.646 -1.800 -6.839 
1704871234.746 -1.852 -6.787 
1704871234.846 -1.903 -6.733 
1704871234.946 -1.959 -6.676 
1704871235.045 -2.011 -6.632 
1704871235.147 -2.061 -6.584 
1704871235.247 -2.118 -6.526 
1704871235.350 -2.185 -6.460 
1704871235.448 -2.255 -6.391 
1704871235.547 -2.323 -6.323 
1704871235.646 -2.391 -6.255 
1704871235.747 -2.460 -6.192 
1704871235.850 -2.537 -6.128 
1704871235.948 -2.619 -6.077 
1704871236.047 -2.721 -6.043 
1704871236.148 -2.809 -6.008 
1704871236.252 -2.845 -5.961 
1704871236.349 -2.923 -5.940 
1704871236.450 -3.030 -5.931 
1704871236.552 -3.140 -5.932 
1704871236.649 -3.240 -5.936 
1704871236.749 -3.318 -5.934 
1704871236.850 -3.366 -5.931 
1704871236.949 -3.384 -5.927 
1704871237.049 -3.409 -5.910 
1704871237.149 -3.496 -5.860 
1704871237.250 -3.600 -5.773 
1704871237.350 -3.683 -5.703 
1704871237.450 -3.728 -5.662 
1704871237.550 -3.747 -5.634 
1704871237.650 -3.788 -5.594 
1704871237.750 -3.833 -5.536 
1704871237.850 -3.873 -5.476 
1704871237.952 -3.917 -5.424 
1704871238.051 -3.976 -5.367 
1704871238.151 -4.102 -5.291 
1704871238.251 -4.185 -5.223 
1704871238.351 -4.257 -5.160 
1704871238.453 -4.309 -5.106 
1704871238.554 -4.377 -5.047 
1704871238.654 -4.448 -4.987 
1704871238.754 -4.522 -4.932 
1704871238.854 -4.593 -4.873 
1704871238.961 -4.666 -4.810 
1704871239.058 -4.737 -4.748 
1704871239.156 -4.807 -4.687 
1704871239.257 -4.881 -4.627 
1704871239.356 -4.947 -4.575 
1704871239.457 -5.006 -4.515 
1704871239.557 -5.095 -4.432 
1704871239.657 -5.191 -4.349 
1704871239.756 -5.229 -4.335 
1704871239.859 -5.260 -4.328 
1704871239.960 -5.317 -4.295 
1704871240.059 -5.397 -4.254 
1704871240.159 -5.473 -4.196 
1704871240.265 -5.544 -4.144 
1704871240.362 -5.601 -4.080 
1704871240.460 -5.657 -4.035 
1704871240.561 -5.723 -4.000 
1704871240.660 -5.805 -3.959 
1704871240.761 -5.910 -3.925 
1704871240.860 -6.008 -3.899 
1704871240.961 -6.078 -3.898 
1704871241.061 -6.164 -3.886 
1704871241.161 -6.248 -3.868 
1704871241.261 -6.321 -3.838 
1704871241.362 -6.387 -3.798 
1704871241.462 -6.446 -3.760 
1704871241.563 -6.499 -3.714 
1704871241.663 -6.545 -3.665 
1704871241.763 -6.583 -3.611 
1704871241.865 -6.611 -3.554 
1704871241.966 -6.626 -3.508 
1704871242.065 -6.635 -3.490 
1704871242.166 -6.652 -3.477 
1704871242.265 -6.671 -3.427 
1704871242.366 -6.703 -3.349 
1704871242.466 -6.734 -3.277 
1704871242.565 -6.760 -3.207 
1704871242.665 -6.782 -3.128 
1704871242.765 -6.807 -3.034 
1704871242.866 -6.838 -2.939 
1704871242.970 -6.886 -2.853 
1704871243.068 -6.951 -2.775 
1704871243.167 -7.017 -2.695 
1704871243.267 -7.079 -2.620 
1704871243.366 -7.133 -2.553 
1704871243.466 -7.186 -2.483 
1704871243.567 -7.242 -2.421 
1704871243.667 -7.292 -2.350 
1704871243.767 -7.341 -2.283 
1704871243.867 -7.385 -2.222 
1704871243.967 -7.420 -2.153 
1704871244.068 -7.424 -2.050 
1704871244.168 -7.420 -1.955 
1704871244.270 -7.422 -1.877 
1704871244.368 -7.412 -1.807 
1704871244.469 -7.403 -1.755 
1704871244.569 -7.391 -1.705 
1704871244.668 -7.382 -1.635 
1704871244.769 -7.369 -1.551 
1704871244.868 -7.360 -1.478 
1704871244.969 -7.358 -1.391 
1704871245.068 -7.355 -1.308 
1704871245.168 -7.355 -1.232 
1704871245.268 -7.360 -1.144 
1704871245.369 -7.390 -1.022 
1704871245.469 -7.397 -0.919 
1704871245.569 -7.409 -0.840 
1704871245.669 -7.424 -0.762 
1704871245.769 -7.470 -0.665 
1704871245.869 -7.506 -0.574 
1704871245.970 -7.533 -0.495 
1704871246.070 -7.565 -0.418 
1704871246.170 -7.604 -0.342 
1704871246.270 -7.643 -0.268 
1704871246.370 -7.682 -0.189 
1704871246.470 -7.719 -0.111 
1704871246.570 -7.756 -0.048 
1704871246.670 -7.786 0.029 
1704871246.770 -7.809 0.092 
1704871246.871 -7.826 0.152 
1704871246.971 -7.835 0.223 
1704871251.782 -7.638 0.214 
1704871251.783 -7.638 0.214 
1704871251.883 -7.651 0.160 
1704871251.984 -7.656 0.054 
1704871252.083 -7.660 -0.070 
1704871252.183 -7.665 -0.195 
1704871252.284 -7.670 -0.317 
1704871252.384 -7.673 -0.439 
1704871252.484 -7.675 -0.561 
1704871252.585 -7.676 -0.683 
1704871252.685 -7.678 -0.805 
1704871252.785 -7.680 -0.929 
1704871252.885 -7.681 -1.050 
1704871252.984 -7.680 -1.174 
1704871253.085 -7.680 -1.296 
1704871253.185 -7.680 -1.416 
1704871253.285 -7.679 -1.528 
1704871253.385 -7.676 -1.630 
1704871253.485 -7.670 -1.712 
1704871253.589 -7.667 -1.785 
1704871253.688 -7.666 -1.864 
1704871253.790 -7.664 -1.945 
1704871253.888 -7.663 -2.019 
1704871253.989 -7.660 -2.099 
1704871254.089 -7.657 -2.178 
1704871254.189 -7.654 -2.252 
1704871254.289 -7.652 -2.328 
1704871254.389 -7.647 -2.427 
1704871254.489 -7.642 -2.544 
1704871254.589 -7.637 -2.643 
1704871254.689 -7.630 -2.729 
1704871254.790 -7.627 -2.812 
1704871254.890 -7.624 -2.893 
1704871254.990 -7.620 -2.972 
1704871255.090 -7.611 -3.048 
1704871255.191 -7.601 -3.121 
1704871255.290 -7.589 -3.185 
1704871255.391 -7.577 -3.248 
1704871255.491 -7.568 -3.331 
1704871255.592 -7.559 -3.407 
1704871255.693 -7.554 -3.467 
1704871255.792 -7.541 -3.530 
1704871255.892 -7.501 -3.580 
1704871255.992 -7.458 -3.601 
1704871256.092 -7.403 -3.596 
1704871256.192 -7.400 -3.560 
1704871257.797 -7.383 -3.514 
1704871257.896 -7.432 -3.580 
1704871257.996 -7.487 -3.676 
1704871258.098 -7.514 -3.699 
1704871258.196 -7.491 -3.644 
1704871258.297 -7.460 -3.516 
1704871258.397 -7.431 -3.371 
1704871258.497 -7.380 -3.241 
1704871258.598 -7.341 -3.136 
1704871258.697 -7.325 -3.082 
1704871258.797 -7.342 -3.089 
1704871258.898 -7.361 -3.104 
1704871258.998 -7.345 -3.084 
1704871259.099 -7.329 -2.974 
1704871259.199 -7.298 -2.857 
1704871259.299 -7.279 -2.780 
1704871259.399 -7.252 -2.704 
1704871259.500 -7.230 -2.618 
1704871259.600 -7.211 -2.534 
1704871259.700 -7.189 -2.451 
1704871259.801 -7.167 -2.366 
1704871259.901 -7.146 -2.280 
1704871260.000 -7.125 -2.190 
1704871260.101 -7.103 -2.095 
1704871260.201 -7.080 -2.001 
1704871260.303 -7.052 -1.904 
1704871260.404 -7.025 -1.808 
1704871260.504 -7.013 -1.738 
1704871260.604 -6.994 -1.685 
1704871260.704 -6.974 -1.602 
1704871260.804 -6.958 -1.518 
1704871260.904 -6.941 -1.451 
1704871261.005 -6.918 -1.388 
1704871261.105 -6.899 -1.307 
1704871261.205 -6.874 -1.220 
1704871261.305 -6.850 -1.138 
1704871261.405 -6.829 -1.056 
1704871261.506 -6.806 -0.976 
1704871261.606 -6.786 -0.899 
1704871261.706 -6.766 -0.819 
1704871261.805 -6.739 -0.732 
1704871261.905 -6.715 -0.645 
1704871262.006 -6.692 -0.561 
1704871262.106 -6.670 -0.481 
1704871262.206 -6.644 -0.400 
1704871262.306 -6.619 -0.307 
1704871262.406 -6.592 -0.218 
1704871262.506 -6.565 -0.132 
1704871262.608 -6.538 -0.046 
1704871262.708 -6.512 0.040 
1704871262.807 -6.485 0.128 
1704871262.907 -6.454 0.215 
1704871263.010 -6.418 0.308 
1704871263.110 -6.385 0.397 
1704871263.211 -6.355 0.488 
1704871263.311 -6.325 0.580 
1704871263.411 -6.294 0.670 
1704871263.510 -6.260 0.760 
1704871263.611 -6.221 0.847 
1704871263.711 -6.182 0.938 
1704871263.812 -6.140 1.032 
1704871263.911 -6.103 1.126 
1704871264.012 -6.063 1.220 
1704871264.112 -6.022 1.309 
1704871264.212 -5.978 1.400 
1704871264.312 -5.930 1.498 
1704871264.412 -5.887 1.592 
1704871264.512 -5.837 1.685 
1704871264.612 -5.788 1.779 
1704871264.713 -5.737 1.876 
1704871264.813 -5.687 1.970 
1704871264.912 -5.639 2.062 
1704871265.014 -5.592 2.160 
1704871265.113 -5.542 2.257 
1704871265.213 -5.498 2.349 
1704871265.313 -5.465 2.444 
1704871265.414 -5.439 2.542 
1704871265.513 -5.420 2.646 
1704871265.614 -5.407 2.748 
1704871265.715 -5.401 2.841 
1704871265.816 -5.400 2.927 
1704871265.921 -5.420 3.018 
1704871266.017 -5.439 3.096 
1704871266.120 -5.471 3.181 
1704871266.215 -5.491 3.254 
1704871266.315 -5.523 3.331 
1704871266.417 -5.569 3.420 
1704871266.515 -5.610 3.505 
1704871266.616 -5.643 3.587 
1704871266.715 -5.677 3.669 
1704871266.815 -5.721 3.757 
1704871266.916 -5.786 3.854 
1704871267.015 -5.850 3.952 
1704871267.115 -5.905 4.041 
1704871267.216 -5.954 4.127 
1704871267.316 -6.005 4.217 
1704871267.416 -6.058 4.308 
1704871267.517 -6.110 4.404 
1704871267.616 -6.165 4.500 
1704871267.717 -6.217 4.601 
1704871267.817 -6.258 4.706 
1704871267.917 -6.294 4.804 
1704871268.017 -6.325 4.900 
1704871268.117 -6.363 4.989 
1704871268.217 -6.401 5.072 
1704871268.317 -6.440 5.157 
1704871268.417 -6.470 5.249 
1704871268.517 -6.489 5.350 
1704871268.617 -6.511 5.444 
1704871268.717 -6.537 5.516 
1704871268.817 -6.566 5.590 
1704871268.918 -6.580 5.687 
1704871269.017 -6.587 5.782 
1704871269.118 -6.600 5.851 
1704871269.222 -6.613 5.927 
1704871269.318 -6.624 6.014 
1704871269.418 -6.638 6.091 
1704871269.518 -6.649 6.164 
1704871269.618 -6.645 6.275 
1704871269.721 -6.648 6.389 
1704871269.823 -6.647 6.496 
1704871269.920 -6.649 6.587 
1704871270.021 -6.655 6.673 
1704871270.122 -6.654 6.763 
1704871270.221 -6.651 6.851 
1704871270.321 -6.646 6.941 
1704871270.422 -6.628 7.028 
1704871270.521 -6.609 7.113 
1704871270.620 -6.597 7.191 
1704871270.721 -6.585 7.265 
1704871270.821 -6.571 7.346 
1704871270.921 -6.555 7.432 
1704871271.021 -6.533 7.510 
1704871271.122 -6.507 7.581 
1704871271.222 -6.487 7.647 
1704871271.322 -6.460 7.716 
1704871271.421 -6.429 7.787 
1704871271.522 -6.395 7.854 
1704871271.622 -6.361 7.913 
1704871271.723 -6.328 7.972 
1704871271.823 -6.293 8.043 
1704871271.922 -6.245 8.119 
1704871272.024 -6.180 8.199 
1704871272.123 -6.144 8.266 
1704871272.222 -6.112 8.318 
1704871272.323 -6.077 8.366 
1704871272.423 -6.041 8.415 
1704871272.523 -5.997 8.467 
1704871272.624 -5.906 8.516 
1704871272.724 -5.829 8.556 
1704871272.824 -5.768 8.591 
1704871272.925 -5.697 8.612 
1704871273.026 -5.636 8.614 
1704871273.125 -5.580 8.603 
1704871273.226 -5.504 8.594 
1704871273.326 -5.433 8.586 
1704871273.426 -5.373 8.584 
1704871273.527 -5.305 8.582 
1704871273.626 -5.224 8.581 
1704871273.726 -5.135 8.581 
1704871273.827 -5.042 8.581 
1704871273.927 -4.945 8.586 
1704871274.027 -4.875 8.596 
1704871278.034 -5.130 8.243 
1704871278.035 -5.130 8.243 
1704871278.136 -5.170 8.218 
1704871278.236 -5.271 8.154 
1704871278.335 -5.383 8.072 
1704871278.435 -5.477 8.012 
1704871278.537 -5.568 7.952 
1704871278.636 -5.660 7.876 
1704871278.736 -5.755 7.796 
1704871278.839 -5.854 7.717 
1704871278.936 -5.944 7.654 
1704871279.036 -6.034 7.579 
1704871279.137 -6.120 7.495 
1704871279.237 -6.209 7.414 
1704871279.336 -6.300 7.336 
1704871279.437 -6.386 7.256 
1704871279.537 -6.465 7.170 
1704871279.638 -6.545 7.086 
1704871279.737 -6.627 7.009 
1704871279.837 -6.708 6.929 
1704871279.937 -6.778 6.840 
1704871280.037 -6.846 6.745 
1704871280.138 -6.917 6.650 
1704871280.238 -6.979 6.571 
1704871280.338 -7.014 6.518 
1704871280.438 -7.034 6.460 
1704871280.538 -7.062 6.382 
1704871280.643 -7.090 6.286 
1704871280.741 -7.103 6.198 
1704871280.840 -7.093 6.135 
1704871280.941 -7.069 6.082 
1704871281.040 -7.040 6.031 
1704871281.140 -7.002 5.985 
1704871281.240 -6.964 5.941 
1704871281.341 -6.925 5.896 
1704871281.441 -6.884 5.844 
1704871281.540 -6.838 5.789 
1704871281.640 -6.787 5.727 
1704871281.740 -6.768 5.673 
1704871281.842 -6.739 5.623 
1704871281.941 -6.694 5.568 
1704871282.042 -6.645 5.508 
1704871282.141 -6.593 5.443 
1704871282.242 -6.529 5.370 
1704871282.343 -6.468 5.296 
1704871282.442 -6.405 5.222 
1704871282.542 -6.338 5.140 
1704871282.641 -6.270 5.058 
1704871282.743 -6.199 4.969 
1704871282.842 -6.133 4.881 
1704871282.943 -6.061 4.787 
1704871283.042 -5.986 4.691 
1704871283.142 -5.915 4.593 
1704871283.242 -5.851 4.492 
1704871283.342 -5.788 4.389 
1704871283.443 -5.720 4.288 
1704871283.543 -5.653 4.189 
1704871283.643 -5.599 4.087 
1704871283.743 -5.551 3.980 
1704871283.843 -5.506 3.868 
1704871283.944 -5.464 3.752 
1704871284.044 -5.433 3.641 
1704871284.144 -5.419 3.522 
1704871284.244 -5.412 3.402 
1704871284.344 -5.417 3.287 
1704871284.444 -5.424 3.187 
1704871284.544 -5.437 3.089 
1704871284.644 -5.454 2.993 
1704871284.744 -5.467 2.893 
1704871284.845 -5.472 2.796 
1704871284.944 -5.487 2.693 
1704871285.045 -5.521 2.584 
1704871285.145 -5.555 2.482 
1704871285.245 -5.578 2.387 
1704871285.346 -5.605 2.287 
1704871285.446 -5.649 2.184 
1704871285.546 -5.698 2.092 
1704871285.646 -5.752 2.005 
1704871285.745 -5.807 1.917 
1704871285.847 -5.857 1.822 
1704871285.946 -5.917 1.733 
1704871286.046 -5.976 1.648 
1704871286.145 -6.035 1.566 
1704871286.246 -6.090 1.479 
1704871286.347 -6.141 1.393 
1704871286.447 -6.203 1.311 
1704871286.547 -6.263 1.228 
1704871286.647 -6.321 1.146 
1704871286.747 -6.382 1.067 
1704871286.847 -6.443 0.994 
1704871286.948 -6.508 0.922 
1704871287.048 -6.572 0.850 
1704871287.148 -6.639 0.767 
1704871287.248 -6.706 0.684 
1704871287.348 -6.765 0.605 
1704871287.449 -6.827 0.529 
1704871287.549 -6.890 0.457 
1704871287.649 -6.953 0.387 
1704871287.748 -7.017 0.319 
1704871287.849 -7.080 0.250 
1704871287.949 -7.143 0.180 
1704871288.049 -7.206 0.112 
1704871288.150 -7.270 0.041 
1704871288.250 -7.324 -0.028 
1704871288.348 -7.373 -0.100 
1704871288.450 -7.422 -0.171 
1704871288.551 -7.470 -0.241 
1704871288.650 -7.522 -0.310 
1704871288.751 -7.575 -0.381 
1704871288.850 -7.615 -0.450 
1704871288.954 -7.649 -0.518 
1704871289.053 -7.685 -0.586 
1704871289.155 -7.719 -0.658 
1704871289.255 -7.753 -0.729 
1704871289.354 -7.791 -0.796 
1704871289.454 -7.826 -0.864 
1704871289.555 -7.861 -0.945 
1704871289.656 -7.894 -1.049 
1704871289.755 -7.912 -1.172 
1704871289.856 -7.930 -1.278 
1704871289.956 -7.938 -1.376 
1704871290.056 -7.940 -1.461 
1704871290.155 -7.958 -1.522 
1704871290.257 -7.977 -1.611 
1704871290.358 -7.985 -1.730 
1704871290.457 -8.001 -1.823 
1704871290.559 -8.014 -1.912 
1704871290.659 -8.025 -2.003 
1704871290.759 -8.033 -2.096 
1704871290.858 -8.044 -2.186 
1704871290.959 -8.053 -2.282 
1704871291.060 -8.065 -2.377 
1704871291.159 -8.070 -2.474 
1704871291.260 -8.076 -2.573 
1704871291.360 -8.079 -2.666 
1704871291.460 -8.081 -2.761 
1704871291.560 -8.084 -2.853 
1704871291.659 -8.083 -2.950 
1704871291.759 -8.080 -3.052 
1704871291.860 -8.080 -3.149 
1704871291.960 -8.078 -3.241 
1704871292.060 -8.076 -3.335 
1704871292.162 -8.074 -3.435 
1704871292.261 -8.072 -3.534 
1704871292.360 -8.069 -3.633 
1704871292.460 -8.066 -3.734 
1704871292.561 -8.063 -3.829 
1704871292.664 -8.059 -3.929 
1704871292.764 -8.052 -4.029 
1704871292.864 -8.047 -4.126 
1704871292.976 -8.042 -4.228 
1704871293.069 -8.039 -4.328 
1704871293.168 -8.035 -4.428 
1704871293.267 -8.029 -4.524 
1704871293.366 -8.019 -4.615 
1704871293.466 -8.010 -4.708 
1704871293.566 -8.005 -4.810 
1704871293.666 -8.005 -4.910 
1704871293.769 -7.997 -5.008 
1704871293.868 -7.984 -5.100 
1704871293.969 -7.979 -5.187 
1704871294.069 -7.971 -5.272 
1704871294.169 -7.961 -5.353 
1704871294.269 -7.951 -5.430 
1704871294.369 -7.909 -5.536 
1704871294.469 -7.863 -5.637 
1704871294.570 -7.837 -5.690 
1704871294.670 -7.815 -5.732 
1704871294.769 -7.791 -5.792 
1704871294.870 -7.740 -5.870 
1704871294.970 -7.685 -5.952 
1704871295.070 -7.639 -6.011 
1704871295.171 -7.601 -6.073 
1704871295.270 -7.564 -6.151 
1704871295.370 -7.524 -6.230 
1704871295.470 -7.490 -6.298 
1704871295.571 -7.472 -6.352 
1704871295.670 -7.438 -6.413 
1704871295.770 -7.379 -6.479 
1704871295.871 -7.312 -6.546 
1704871295.972 -7.245 -6.612 
1704871296.071 -7.178 -6.672 
1704871296.171 -7.109 -6.731 
1704871296.272 -7.053 -6.791 
1704871296.371 -6.995 -6.849 
1704871296.471 -6.922 -6.903 
1704871296.572 -6.839 -6.961 
1704871296.672 -6.763 -7.018 
1704871296.772 -6.677 -7.075 
1704871296.871 -6.604 -7.122 
1704871296.972 -6.559 -7.153 
1704871297.072 -6.499 -7.191 
1704871297.172 -6.439 -7.224 
1704871297.273 -6.373 -7.263 
1704871297.373 -6.304 -7.305 
1704871297.472 -6.237 -7.347 
1704871297.573 -6.167 -7.387 
1704871297.673 -6.100 -7.425 
1704871297.773 -6.031 -7.461 
1704871297.873 -5.964 -7.498 
1704871297.974 -5.893 -7.533 
1704871298.074 -5.819 -7.569 
1704871298.174 -5.748 -7.607 
1704871298.274 -5.678 -7.646 
1704871298.375 -5.606 -7.683 
1704871298.474 -5.536 -7.717 
1704871298.574 -5.463 -7.749 
1704871298.674 -5.389 -7.783 
1704871298.774 -5.314 -7.816 
1704871298.874 -5.240 -7.851 
1704871298.975 -5.162 -7.888 
1704871299.075 -5.088 -7.923 
1704871299.175 -5.022 -7.955 
1704871299.274 -4.942 -7.984 
1704871299.374 -4.863 -8.014 
1704871299.475 -4.787 -8.045 
1704871299.575 -4.710 -8.073 
1704871299.675 -4.633 -8.102 
1704871299.775 -4.559 -8.132 
1704871299.875 -4.479 -8.160 
1704871299.982 -4.396 -8.187 
1704871300.075 -4.325 -8.212 
1704871300.175 -4.246 -8.242 
1704871300.276 -4.166 -8.266 
1704871300.376 -4.088 -8.290 
1704871300.475 -4.016 -8.315 
1704871300.576 -3.937 -8.331 
1704871300.677 -3.860 -8.346 
1704871300.777 -3.785 -8.361 
1704871300.876 -3.709 -8.375 
1704871300.977 -3.628 -8.389 
1704871301.079 -3.547 -8.405 
1704871301.178 -3.472 -8.416 
1704871301.278 -3.394 -8.428 
1704871301.378 -3.316 -8.440 
1704871301.478 -3.239 -8.451 
1704871301.578 -3.159 -8.459 
1704871301.679 -3.078 -8.467 
1704871301.779 -2.998 -8.474 
1704871301.879 -2.931 -8.490 
1704871301.980 -2.856 -8.500 
1704871302.080 -2.778 -8.508 
1704871302.184 -2.702 -8.515 
1704871302.281 -2.632 -8.523 
1704871302.381 -2.524 -8.544 
1704871302.481 -2.420 -8.562 
1704871302.583 -2.314 -8.574 
1704871302.682 -2.219 -8.584 
1704871302.782 -2.123 -8.594 
1704871302.882 -2.026 -8.605 
1704871302.983 -1.928 -8.616 
1704871303.082 -1.871 -8.626 
1704871303.182 -1.800 -8.628 
1704871307.090 -1.828 -8.204 
1704871307.090 -1.828 -8.204 
1704871307.191 -1.811 -8.189 
1704871307.291 -1.810 -8.117 
1704871307.391 -1.801 -8.038 
1704871307.492 -1.786 -7.956 
1704871307.592 -1.769 -7.865 
1704871307.695 -1.749 -7.771 
1704871307.794 -1.728 -7.682 
1704871307.893 -1.707 -7.590 
1704871307.992 -1.686 -7.496 
1704871308.093 -1.693 -7.451 
1704871308.194 -1.693 -7.383 
1704871308.298 -1.654 -7.284 
1704871308.395 -1.616 -7.173 
1704871308.495 -1.573 -7.071 
1704871308.594 -1.514 -6.967 
1704871308.694 -1.449 -6.872 
1704871308.793 -1.379 -6.789 
1704871308.896 -1.312 -6.714 
1704871308.995 -1.227 -6.635 
1704871309.095 -1.130 -6.561 
1704871309.194 -1.049 -6.481 
1704871309.295 -0.967 -6.399 
1704871309.395 -0.877 -6.329 
1704871309.495 -0.779 -6.273 
1704871309.594 -0.679 -6.221 
1704871309.696 -0.577 -6.166 
1704871309.796 -0.470 -6.114 
1704871309.896 -0.363 -6.059 
1704871309.996 -0.258 -5.999 
1704871310.096 -0.150 -5.941 
1704871310.197 -0.041 -5.887 
1704871310.297 0.069 -5.831 
1704871310.397 0.169 -5.762 
1704871310.497 0.266 -5.695 
1704871310.598 0.364 -5.634 
1704871310.697 0.465 -5.571 
1704871310.797 0.556 -5.506 
1704871310.897 0.644 -5.431 
1704871310.997 0.733 -5.361 
1704871311.098 0.821 -5.294 
1704871311.198 0.909 -5.217 
1704871311.298 0.996 -5.141 
1704871311.399 1.082 -5.068 
1704871311.498 1.163 -4.998 
1704871311.599 1.245 -4.921 
1704871311.702 1.331 -4.841 
1704871311.798 1.409 -4.769 
1704871311.899 1.493 -4.692 
1704871311.999 1.579 -4.614 
1704871312.099 1.667 -4.537 
1704871312.199 1.754 -4.459 
1704871312.299 1.842 -4.383 
1704871312.400 1.929 -4.311 
1704871312.502 2.024 -4.236 
1704871312.600 2.116 -4.161 
1704871312.700 2.211 -4.084 
1704871312.800 2.314 -4.012 
1704871312.903 2.419 -3.944 
1704871313.000 2.493 -3.881 
1704871313.101 2.582 -3.809 
1704871313.201 2.684 -3.740 
1704871313.301 2.762 -3.682 
1704871313.402 2.845 -3.626 
1704871313.501 2.944 -3.568 
1704871313.601 3.038 -3.518 
1704871313.702 3.120 -3.475 
1704871313.802 3.184 -3.430 
1704871313.902 3.259 -3.387 
1704871314.002 3.342 -3.355 
1704871314.104 3.425 -3.330 
1704871314.203 3.503 -3.315 
1704871314.306 3.580 -3.301 
1704871314.407 3.660 -3.288 
1704871314.506 3.732 -3.266 
1704871314.606 3.823 -3.230 
1704871314.707 3.925 -3.210 
1704871314.807 4.007 -3.201 
1704871314.906 4.097 -3.214 
1704871315.007 4.184 -3.228 
1704871315.107 4.273 -3.245 
1704871315.207 4.361 -3.262 
1704871315.307 4.447 -3.274 
1704871315.407 4.535 -3.287 
1704871315.511 4.630 -3.300 
1704871315.608 4.718 -3.312 
1704871315.708 4.816 -3.327 
1704871315.808 4.916 -3.344 
1704871315.909 4.975 -3.350 
1704871316.010 5.041 -3.367 
1704871316.109 5.123 -3.381 
1704871316.208 5.205 -3.396 
1704871316.311 5.287 -3.412 
1704871316.409 5.364 -3.428 
1704871316.509 5.444 -3.442 
1704871316.617 5.529 -3.462 
1704871316.709 5.596 -3.478 
1704871316.810 5.674 -3.500 
1704871316.911 5.748 -3.524 
1704871317.012 5.815 -3.550 
1704871317.111 5.915 -3.580 
1704871317.211 6.008 -3.594 
1704871317.311 6.097 -3.616 
1704871317.412 6.166 -3.649 
1704871317.513 6.212 -3.698 
1704871317.612 6.237 -3.757 
1704871317.712 6.257 -3.830 
1704871317.812 6.294 -3.909 
1704871317.914 6.331 -3.991 
1704871318.012 6.359 -4.067 
1704871318.112 6.395 -4.143 
1704871318.212 6.429 -4.222 
1704871318.313 6.510 -4.313 
1704871318.412 6.600 -4.397 
1704871318.513 6.690 -4.461 
1704871318.613 6.775 -4.529 
1704871318.713 6.861 -4.592 
1704871318.813 6.950 -4.641 
1704871318.913 7.045 -4.686 
1704871319.013 7.153 -4.715 
1704871319.113 7.258 -4.716 
1704871319.213 7.357 -4.711 
1704871319.313 7.469 -4.692 
1704871319.414 7.581 -4.644 
1704871319.515 7.665 -4.620 
1704871319.614 7.751 -4.576 
1704871322.722 7.661 -4.663 
1704871322.823 7.606 -4.664 
1704871322.922 7.503 -4.683 
1704871323.022 7.421 -4.699 
1704871323.123 7.386 -4.715 
1704871323.223 7.372 -4.729 
1704871323.323 7.384 -4.717 
1704871323.423 7.361 -4.699 
1704871323.523 7.300 -4.746 
1704871323.623 7.224 -4.778 
1704871323.723 7.140 -4.813 
1704871323.823 7.058 -4.892 
1704871323.923 7.005 -5.010 
1704871324.023 6.988 -5.091 
1704871324.124 6.997 -5.153 
1704871324.224 6.983 -5.275 
1704871324.324 6.979 -5.402 
1704871324.424 6.969 -5.495 
1704871324.524 6.983 -5.538 
1704871324.624 6.989 -5.611 
1704871324.726 6.983 -5.704 
1704871324.825 6.984 -5.802 
1704871324.927 6.983 -5.876 
1704871325.027 6.982 -5.950 
1704871325.128 6.976 -6.038 
1704871325.228 6.978 -6.120 
1704871325.328 6.980 -6.195 
1704871325.428 6.974 -6.274 
1704871325.528 6.967 -6.353 
1704871325.628 6.955 -6.432 
1704871325.728 6.941 -6.510 
1704871325.829 6.924 -6.587 
1704871325.928 6.901 -6.661 
1704871326.028 6.879 -6.735 
1704871326.128 6.865 -6.803 
1704871326.229 6.838 -6.869 
1704871326.329 6.794 -6.946 
1704871326.429 6.750 -7.020 
1704871326.531 6.714 -7.087 
1704871326.630 6.680 -7.154 
1704871326.730 6.639 -7.232 
1704871326.830 6.600 -7.303 
1704871326.930 6.553 -7.376 
1704871327.030 6.505 -7.453 
1704871327.131 6.463 -7.525 
1704871327.230 6.417 -7.595 
1704871327.331 6.352 -7.665 
1704871327.431 6.294 -7.726 
1704871327.531 6.244 -7.779 
1704871327.632 6.192 -7.829 
1704871327.731 6.156 -7.872 
1704871327.831 6.117 -7.910 
1704871327.931 6.044 -7.948 
1704871328.032 5.930 -8.000 
1704871328.132 5.844 -8.045 
1704871328.233 5.812 -8.076 
1704871328.332 5.762 -8.091 
1704871328.433 5.700 -8.100 
1704871328.532 5.634 -8.098 
1704871328.633 5.584 -8.102 
1704871328.734 5.533 -8.111 
1704871328.833 5.481 -8.119 
1704871328.935 5.420 -8.118 
1704871329.034 5.317 -8.092 
1704871329.134 5.237 -8.073 
1704871329.234 5.185 -8.063 
1704871329.335 5.124 -8.053 
1704871329.435 5.038 -8.042 
1704871329.535 4.938 -8.024 
1704871329.639 4.866 -7.997 
1704871329.737 4.794 -7.974 
1704871329.835 4.728 -7.943 
1704871329.935 4.654 -7.925 
1704871330.035 4.571 -7.906 
1704871330.135 4.488 -7.885 
1704871330.236 4.403 -7.867 
1704871330.336 4.313 -7.853 
1704871330.435 4.226 -7.838 
1704871330.536 4.145 -7.826 
1704871330.636 4.061 -7.820 
1704871330.737 3.975 -7.812 
1704871330.836 3.891 -7.805 
1704871330.937 3.808 -7.795 
1704871331.037 3.731 -7.787 
1704871331.137 3.653 -7.776 
1704871331.236 3.563 -7.752 
1704871331.337 3.490 -7.730 
1704871331.437 3.420 -7.709 
1704871331.537 3.347 -7.684 
1704871331.637 3.281 -7.667 
1704871331.739 3.213 -7.644 
1704871331.838 3.133 -7.595 
1704871331.938 3.056 -7.545 
1704871332.039 2.990 -7.499 
1704871332.138 2.938 -7.472 
1704871332.238 2.897 -7.458 
1704871332.338 2.860 -7.447 
1704871332.440 2.808 -7.377 
1704871332.539 2.758 -7.309 
1704871332.640 2.713 -7.278 
1704871332.742 2.685 -7.230 
1704871332.839 2.668 -7.170 
1704871332.941 2.647 -7.094 
1704871333.041 2.614 -7.011 
1704871333.141 2.587 -6.936 
1704871333.241 2.581 -6.892 
1704871333.340 2.576 -6.836 
1704871333.441 2.545 -6.754 
1704871333.542 2.490 -6.649 
1704871333.641 2.425 -6.553 
1704871333.741 2.367 -6.466 
1704871333.842 2.318 -6.384 
1704871333.942 2.256 -6.305 
1704871334.042 2.182 -6.234 
1704871334.143 2.099 -6.176 
1704871334.242 2.002 -6.126 
1704871334.343 1.863 -6.102 
1704871334.443 1.755 -6.077 
1704871334.543 1.662 -6.049 
1704871334.642 1.561 -6.035 
1704871334.743 1.459 -6.029 
1704871334.843 1.361 -6.030 
1704871334.942 1.266 -6.032 
1704871335.042 1.175 -6.033 
1704871335.144 1.084 -6.029 
1704871335.242 0.996 -6.027 
1704871335.344 0.906 -6.030 
1704871335.445 0.816 -6.033 
1704871335.543 0.728 -6.027 
1704871335.644 0.637 -6.012 
1704871335.743 0.543 -5.989 
1704871335.844 0.446 -5.969 
1704871335.943 0.350 -5.956 
1704871336.044 0.246 -5.938 
1704871336.145 0.145 -5.916 
1704871336.244 0.044 -5.891 
1704871336.345 -0.066 -5.856 
1704871336.445 -0.176 -5.809 
1704871336.545 -0.282 -5.768 
1704871336.645 -0.394 -5.727 
1704871336.745 -0.510 -5.680 
1704871336.845 -0.613 -5.623 
1704871336.945 -0.713 -5.556 
1704871337.046 -0.819 -5.490 
1704871337.146 -0.919 -5.426 
1704871337.245 -1.017 -5.363 
1704871337.345 -1.108 -5.302 
1704871337.447 -1.205 -5.237 
1704871337.546 -1.299 -5.172 
1704871337.646 -1.397 -5.093 
1704871337.746 -1.495 -5.018 
1704871337.846 -1.592 -4.944 
1704871337.946 -1.688 -4.876 
1704871338.046 -1.783 -4.808 
1704871338.146 -1.875 -4.738 
1704871338.248 -1.969 -4.662 
1704871338.347 -2.064 -4.589 
1704871338.448 -2.161 -4.516 
1704871338.547 -2.254 -4.441 
1704871338.648 -2.345 -4.365 
1704871338.748 -2.434 -4.291 
1704871338.847 -2.523 -4.220 
1704871338.947 -2.615 -4.147 
1704871339.047 -2.703 -4.073 
1704871339.148 -2.797 -4.000 
1704871339.248 -2.889 -3.935 
1704871339.349 -2.985 -3.873 
1704871339.448 -3.080 -3.806 
1704871339.548 -3.173 -3.743 
1704871339.649 -3.269 -3.684 
1704871339.749 -3.362 -3.626 
1704871339.848 -3.462 -3.569 
1704871339.950 -3.557 -3.511 
1704871340.049 -3.647 -3.456 
1704871340.149 -3.741 -3.403 
1704871340.249 -3.837 -3.343 
1704871340.349 -3.933 -3.267 
1704871340.449 -4.032 -3.196 
1704871340.549 -4.132 -3.133 
1704871340.650 -4.234 -3.070 
1704871340.750 -4.325 -2.995 
1704871340.849 -4.413 -2.921 
1704871340.950 -4.497 -2.838 
1704871341.049 -4.580 -2.752 
1704871341.150 -4.667 -2.665 
1704871341.251 -4.749 -2.578 
1704871341.352 -4.830 -2.485 
1704871341.452 -4.891 -2.371 
1704871341.552 -4.956 -2.267 
1704871341.652 -5.012 -2.177 
1704871341.753 -5.056 -2.089 
1704871341.853 -5.089 -2.003 
1704871341.951 -5.111 -1.916 
1704871342.053 -5.120 -1.819 
1704871342.153 -5.096 -1.712 
1704871342.252 -5.071 -1.611 
1704871342.353 -5.063 -1.527 
1704871342.453 -5.049 -1.446 
1704871342.554 -4.982 -1.345 
1704871342.653 -4.908 -1.248 
1704871342.753 -4.859 -1.170 
1704871342.853 -4.789 -1.104 
1704871342.954 -4.689 -1.041 
1704871343.054 -4.596 -0.982 
1704871343.154 -4.509 -0.911 
1704871343.254 -4.413 -0.841 
1704871343.354 -4.311 -0.776 
1704871343.454 -4.214 -0.711 
1704871343.555 -4.119 -0.645 
1704871343.658 -4.021 -0.574 
1704871343.754 -3.928 -0.507 
1704871343.854 -3.836 -0.444 
1704871343.955 -3.745 -0.379 
1704871344.055 -3.657 -0.310 
1704871344.155 -3.566 -0.231 
1704871344.256 -3.472 -0.149 
1704871344.355 -3.376 -0.065 
1704871344.456 -3.282 0.010 
1704871344.555 -3.191 0.092 
1704871344.657 -3.102 0.173 
1704871344.757 -3.015 0.254 
1704871344.857 -2.926 0.336 
1704871344.959 -2.837 0.419 
1704871345.058 -2.749 0.503 
1704871345.158 -2.661 0.585 
1704871345.258 -2.574 0.664 
1704871345.358 -2.489 0.741 
1704871345.460 -2.401 0.824 
1704871345.558 -2.310 0.903 
1704871345.659 -2.214 0.977 
1704871345.759 -2.116 1.049 
1704871345.861 -2.020 1.124 
1704871345.959 -1.928 1.197 
1704871346.059 -1.836 1.270 
1704871346.160 -1.739 1.339 
1704871346.259 -1.639 1.410 
1704871346.360 -1.540 1.480 
1704871346.459 -1.441 1.549 
1704871346.562 -1.341 1.618 
1704871346.660 -1.242 1.687 
1704871346.759 -1.148 1.757 
1704871346.859 -1.052 1.829 
1704871346.960 -0.954 1.901 
1704871347.061 -0.860 1.975 
1704871347.161 -0.771 2.058 
1704871347.262 -0.688 2.148 
1704871347.363 -0.605 2.237 
1704871347.461 -0.517 2.317 
1704871347.561 -0.438 2.403 
1704871347.661 -0.384 2.497 
1704871347.760 -0.339 2.604 
1704871347.861 -0.293 2.712 
1704871347.961 -0.252 2.813 
1704871348.062 -0.218 2.865 
1704871348.162 -0.171 2.908 
1704871348.261 -0.157 3.007 
1704871348.362 -0.169 3.127 
1704871348.462 -0.173 3.199 
1704871348.562 -0.165 3.255 
1704871348.662 -0.224 3.331 
1704871348.763 -0.290 3.405 
1704871348.863 -0.341 3.471 
1704871348.964 -0.396 3.517 
1704871349.064 -0.461 3.573 
1704871349.163 -0.517 3.646 
1704871349.264 -0.591 3.740 
1704871349.364 -0.680 3.836 
1704871349.464 -0.713 3.896 
1704871349.566 -0.747 3.946 
1704871349.667 -0.789 4.021 
1704871349.767 -0.823 4.115 
1704871349.866 -0.856 4.197 
1704871349.966 -0.877 4.261 
1704871350.067 -0.887 4.350 
1704871350.166 -0.885 4.472 
1704871350.267 -0.880 4.585 
1704871350.367 -0.875 4.684 
1704871350.468 -0.873 4.795 
1704871350.567 -0.859 4.918 
1704871350.668 -0.838 5.043 
1704871350.768 -0.819 5.160 
1704871350.867 -0.798 5.278 
1704871350.968 -0.784 5.401 
1704871351.067 -0.765 5.515 
1704871351.169 -0.719 5.619 
1704871351.269 -0.662 5.722 
1704871351.369 -0.605 5.829 
1704871351.468 -0.553 5.936 
1704871351.569 -0.497 6.042 
1704871351.669 -0.435 6.146 
1704871351.768 -0.362 6.242 
1704871351.869 -0.281 6.335 
1704871351.969 -0.193 6.423 
1704871352.070 -0.108 6.508 
1704871352.169 -0.018 6.591 
1704871352.270 0.076 6.667 
1704871352.369 0.177 6.733 
1704871352.470 0.276 6.782 
1704871352.570 0.369 6.812 
1704871352.671 0.466 6.844 
1704871352.770 0.570 6.870 
1704871352.870 0.683 6.890 
1704871352.976 0.798 6.916 
1704871353.075 0.892 6.930 
1704871353.171 0.985 6.955 
1704871353.274 1.081 6.990 
1704871353.372 1.169 7.026 
1704871353.472 1.252 7.062 
1704871353.571 1.331 7.099 
1704871353.671 1.409 7.133 
1704871353.771 1.484 7.163 
1704871353.871 1.559 7.197 
1704871353.971 1.623 7.234 
1704871354.072 1.686 7.265 
1704871354.171 1.751 7.304 
1704871354.271 1.815 7.383 
1704871354.372 1.868 7.496 
1704871354.473 1.915 7.575 
1704871354.572 1.946 7.635 
1704871354.673 1.963 7.691 
1704871354.773 1.975 7.748 
1704871354.872 1.985 7.794 
1704871354.973 2.006 7.841 
1704871355.074 2.010 7.876 
1704871355.177 2.008 7.935 
1704871355.275 2.056 8.026 
1704871359.482 1.992 8.125 
1704871359.598 1.963 8.085 
1704871359.688 1.883 7.968 
1704871359.784 1.829 7.888 
1704871359.884 1.833 7.827 
1704871359.983 1.825 7.779 
1704871360.084 1.750 7.738 
1704871360.184 1.646 7.662 
1704871360.285 1.567 7.614 
1704871360.384 1.542 7.567 
1704871360.485 1.506 7.516 
1704871360.585 1.426 7.482 
1704871360.685 1.320 7.442 
1704871360.785 1.201 7.387 
1704871360.887 1.116 7.325 
1704871360.986 1.023 7.259 
1704871361.086 0.916 7.200 
1704871361.187 0.805 7.141 
1704871361.287 0.703 7.079 
1704871361.390 0.599 7.019 
1704871361.487 0.497 6.960 
1704871361.588 0.396 6.901 
1704871361.687 0.293 6.844 
1704871361.787 0.195 6.793 
1704871361.887 0.096 6.749 
1704871361.987 -0.005 6.702 
1704871362.090 -0.101 6.617 
1704871362.189 -0.192 6.534 
1704871362.288 -0.276 6.460 
1704871362.389 -0.353 6.394 
1704871362.489 -0.417 6.330 
1704871362.588 -0.483 6.267 
1704871362.688 -0.550 6.195 
1704871362.789 -0.608 6.118 
1704871362.888 -0.650 6.034 
1704871362.989 -0.690 5.958 
1704871363.088 -0.721 5.873 
1704871363.189 -0.740 5.759 
1704871363.289 -0.752 5.649 
1704871363.389 -0.773 5.551 
1704871363.490 -0.795 5.450 
1704871363.590 -0.796 5.330 
1704871363.690 -0.798 5.212 
1704871363.790 -0.805 5.101 
1704871363.891 -0.814 4.990 
1704871363.991 -0.806 4.870 
1704871364.091 -0.794 4.751 
1704871364.191 -0.782 4.635 
1704871364.292 -0.762 4.518 
1704871364.393 -0.733 4.403 
1704871364.492 -0.705 4.301 
1704871364.591 -0.680 4.203 
1704871364.692 -0.626 4.093 
1704871364.792 -0.571 3.979 
1704871364.892 -0.540 3.876 
1704871364.993 -0.497 3.769 
1704871365.092 -0.442 3.662 
1704871365.192 -0.376 3.558 
1704871365.293 -0.302 3.459 
1704871365.392 -0.229 3.362 
1704871365.494 -0.153 3.266 
1704871365.592 -0.075 3.177 
1704871365.694 0.004 3.088 
1704871365.794 0.098 3.008 
1704871365.894 0.155 2.935 
1704871365.994 0.206 2.874 
1704871366.094 0.278 2.822 
1704871366.194 0.366 2.781 
1704871366.295 0.463 2.760 
1704871366.395 0.537 2.736 
1704871366.495 0.618 2.727 
1704871366.595 0.711 2.722 
1704871366.695 0.817 2.702 
1704871366.795 0.901 2.691 
1704871366.895 0.979 2.697 
1704871366.995 1.079 2.707 
1704871367.096 1.183 2.714 
1704871367.195 1.277 2.716 
1704871367.295 1.368 2.727 
1704871367.396 1.452 2.738 
1704871367.496 1.536 2.763 
1704871367.597 1.625 2.790 
1704871367.697 1.709 2.816 
1704871367.796 1.790 2.842 
1704871367.897 1.874 2.865 
1704871367.996 1.950 2.885 
1704871368.099 2.026 2.898 
1704871368.201 2.103 2.909 
1704871368.300 2.179 2.921 
1704871368.401 2.255 2.929 
1704871368.501 2.334 2.932 
1704871368.601 2.415 2.937 
1704871368.700 2.496 2.942 
1704871368.801 2.584 2.948 
1704871368.901 2.670 2.955 
1704871369.001 2.759 2.955 
1704871369.101 2.851 2.950 
1704871369.202 2.942 2.947 
1704871369.303 3.036 2.945 
1704871369.401 3.125 2.947 
1704871369.502 3.214 2.945 
1704871369.602 3.304 2.929 
1704871369.704 3.395 2.916 
1704871369.804 3.486 2.903 
1704871369.905 3.580 2.883 
1704871370.004 3.669 2.868 
1704871370.104 3.757 2.849 
1704871370.205 3.839 2.820 
1704871370.305 3.930 2.787 
1704871370.405 4.023 2.758 
1704871370.505 4.116 2.731 
1704871370.606 4.211 2.706 
1704871370.706 4.314 2.693 
1704871370.806 4.409 2.675 
1704871370.906 4.501 2.664 
1704871371.006 4.596 2.660 
1704871371.106 4.690 2.661 
1704871371.207 4.783 2.666 
1704871371.306 4.877 2.681 
1704871371.406 4.970 2.694 
1704871371.506 5.047 2.689 
1704871371.606 5.130 2.698 
1704871371.707 5.217 2.715 
1704871371.809 5.305 2.733 
1704871371.910 5.392 2.757 
1704871372.010 5.473 2.785 
1704871372.109 5.558 2.827 
1704871372.207 5.644 2.868 
1704871372.309 5.731 2.905 
1704871372.408 5.823 2.950 
1704871372.507 5.915 2.997 
1704871372.608 6.006 3.036 
1704871372.707 6.108 3.101 
1704871372.808 6.202 3.154 
1704871372.908 6.284 3.220 
1704871373.010 6.355 3.289 
1704871373.110 6.426 3.358 
1704871373.210 6.503 3.450 
1704871373.311 6.584 3.540 
1704871373.411 6.659 3.628 
1704871373.510 6.738 3.722 
1704871373.611 6.806 3.810 
1704871373.711 6.867 3.885 
1704871373.811 6.923 3.955 
1704871373.911 6.967 4.024 
1704871374.012 7.013 4.081 
1704871374.111 7.073 4.142 
1704871374.211 7.124 4.227 
1704871374.311 7.145 4.336 
1704871374.411 7.166 4.452 
1704871374.511 7.195 4.545 
1704871374.612 7.212 4.647 
1704871374.711 7.215 4.748 
1704871374.812 7.224 4.855 
1704871374.913 7.234 4.956 
1704871375.014 7.242 5.051 
1704871375.113 7.244 5.140 
1704871375.213 7.238 5.222 
1704871375.314 7.235 5.310 
1704871375.414 7.230 5.427 
1704871375.514 7.189 5.557 
1704871375.613 7.131 5.610 
1704871375.714 7.099 5.663 
1704871375.815 7.079 5.716 
1704871375.915 7.078 5.773 
1704871376.015 7.086 5.822 
1704871376.116 7.121 5.873 
1704871376.215 7.169 5.913 
1704871376.315 7.209 5.951 
1704871376.415 7.268 6.002 
1704871376.516 7.352 6.062 
1704871376.616 7.432 6.126 
1704871376.715 7.501 6.195 
1704871376.817 7.552 6.259 
1704871376.915 7.609 6.308 
1704871377.016 7.671 6.354 
1704871377.116 7.736 6.397 
1704871377.216 7.775 6.439 
1704871377.317 7.782 6.481 
1704871377.416 7.787 6.523 
1704871377.517 7.902 6.525 
1704871377.617 8.034 6.502 
1704871377.718 8.137 6.513 
1704871377.818 8.237 6.534 
1704871377.918 8.339 6.518 
1704871378.018 8.452 6.461 
1704871378.119 8.567 6.380 
1704871378.219 8.641 6.279 
1704871378.319 8.682 6.177 
1704871378.423 8.700 6.063 
1704871378.521 8.718 5.944 
1704871378.620 8.744 5.820 
1704871378.720 8.772 5.701 
1704871382.228 8.997 5.545 
1704871382.229 8.997 5.545 
1704871382.329 8.993 5.577 
1704871382.431 8.996 5.711 
1704871382.529 9.004 5.851 
1704871382.630 9.015 5.971 
1704871382.729 9.019 6.081 
1704871382.830 9.006 6.235 
1704871382.930 8.983 6.400 
1704871383.030 8.974 6.530 
1704871383.130 8.963 6.650 
1704871383.230 8.942 6.772 
1704871383.331 8.917 6.891 
1704871383.431 8.899 7.004 
1704871383.531 8.895 7.099 
1704871383.631 8.889 7.193 
1704871383.730 8.877 7.298 
1704871383.832 8.861 7.403 
1704871383.931 8.847 7.499 
1704871384.032 8.840 7.596 
1704871384.131 8.833 7.696 
1704871384.232 8.821 7.797 
