1704872364.675 4.256 0.091 
1704872364.773 4.350 0.079 
1704872364.872 4.474 0.079 
1704872364.975 4.594 0.080 
1704872365.073 4.709 0.079 
1704872365.174 4.827 0.076 
1704872365.275 4.934 0.072 
1704872365.373 5.036 0.069 
1704872365.474 5.098 0.068 
1704872365.574 5.167 0.064 
1704872365.674 5.280 0.062 
1704872365.774 5.381 0.063 
1704872365.874 5.464 0.059 
1704872365.975 5.537 0.057 
1704872366.075 5.591 0.069 
1704872366.175 5.655 0.077 
1704872366.275 5.737 0.081 
1704872366.375 5.821 0.088 
1704872366.475 5.912 0.090 
1704872366.576 5.970 0.071 
1704872366.676 5.992 0.038 
1704872366.776 6.020 0.041 
1704872366.875 6.074 0.124 
1704872366.975 6.142 0.208 
1704872367.076 6.227 0.287 
1704872367.176 6.300 0.365 
1704872367.275 6.348 0.465 
1704872367.376 6.352 0.527 
1704872367.477 6.323 0.620 
1704872367.576 6.291 0.704 
1704872367.677 6.264 0.778 
1704872367.777 6.241 0.846 
1704872367.876 6.225 0.917 
1704872367.980 6.200 0.948 
1704872368.080 6.199 0.992 
1704872368.182 6.196 1.006 
1704872368.280 6.198 1.036 
1704872368.383 6.216 1.108 
1704872368.481 6.255 1.216 
1704872371.091 6.934 1.656 
1704872371.092 6.934 1.656 
1704872371.193 6.910 1.634 
1704872371.293 6.851 1.585 
1704872371.394 6.790 1.532 
1704872371.494 6.775 1.512 
1704872371.594 6.838 1.546 
1704872371.694 6.950 1.612 
1704872371.794 7.044 1.683 
1704872371.894 7.115 1.757 
1704872371.994 7.172 1.820 
1704872372.094 7.227 1.875 
1704872372.194 7.280 1.932 
1704872372.295 7.335 1.991 
1704872372.396 7.394 2.077 
1704872372.502 7.468 2.173 
1704872372.603 7.546 2.268 
1704872372.696 7.592 2.338 
1704872372.798 7.638 2.419 
1704872372.896 7.690 2.515 
1704872372.996 7.741 2.601 
1704872373.095 7.790 2.675 
1704872373.196 7.838 2.759 
1704872373.297 7.880 2.839 
1704872373.396 7.916 2.920 
1704872373.497 7.943 3.013 
1704872373.597 7.973 3.112 
1704872373.697 8.007 3.212 
1704872373.798 8.039 3.310 
1704872373.898 8.062 3.389 
1704872373.997 8.095 3.472 
1704872374.097 8.123 3.573 
1704872374.197 8.148 3.657 
1704872374.298 8.166 3.727 
1704872375.202 8.302 3.805 
1704872375.303 8.299 3.826 
1704872375.403 8.258 3.867 
1704872375.502 8.141 3.914 
1704872375.603 8.048 3.976 
1704872375.703 7.958 4.049 
1704872375.803 7.853 4.112 
1704872375.904 7.732 4.147 
1704872376.004 7.618 4.131 
1704872376.104 7.513 4.083 
1704872376.203 7.443 4.039 
1704872376.304 7.344 3.993 
1704872376.404 7.234 3.939 
1704872376.504 7.133 3.882 
1704872376.604 7.040 3.820 
1704872376.704 6.939 3.756 
1704872376.804 6.836 3.686 
1704872376.907 6.724 3.609 
1704872377.005 6.622 3.541 
1704872377.105 6.523 3.477 
1704872377.205 6.416 3.412 
1704872377.305 6.321 3.344 
1704872377.407 6.221 3.282 
1704872377.506 6.108 3.220 
1704872377.606 6.019 3.168 
1704872377.709 5.934 3.129 
1704872377.809 5.858 3.105 
1704872377.909 5.781 3.079 
1704872378.009 5.700 3.045 
1704872378.109 5.619 3.020 
1704872378.209 5.540 2.998 
1704872378.309 5.459 2.973 
1704872378.412 5.381 2.951 
1704872378.512 5.311 2.929 
1704872378.612 5.241 2.903 
1704872378.713 5.173 2.881 
1704872378.812 5.113 2.864 
1704872378.911 5.042 2.837 
1704872379.011 4.952 2.776 
1704872379.111 4.866 2.703 
1704872379.211 4.798 2.648 
1704872379.314 4.740 2.595 
1704872379.413 4.688 2.536 
1704872379.512 4.645 2.472 
1704872379.613 4.613 2.403 
1704872379.713 4.606 2.341 
1704872379.813 4.611 2.271 
1704872379.913 4.629 2.180 
1704872380.013 4.662 2.101 
1704872380.112 4.706 2.044 
1704872380.212 4.754 1.996 
1704872380.315 4.818 1.944 
1704872380.413 4.893 1.873 
1704872380.513 4.979 1.769 
1704872380.614 5.031 1.684 
1704872380.715 5.066 1.638 
1704872380.814 5.097 1.625 
1704872380.914 5.133 1.636 
1704872381.014 5.166 1.573 
1704872381.115 5.201 1.464 
1704872381.215 5.191 1.398 
1704872381.315 5.195 1.335 
1704872381.415 5.225 1.269 
1704872381.515 5.273 1.193 
1704872381.615 5.329 1.102 
1704872381.716 5.328 1.056 
1704872381.816 5.360 0.987 
1704872381.916 5.431 0.899 
1704872382.016 5.494 0.816 
1704872382.115 5.545 0.764 
1704872382.218 5.582 0.712 
1704872382.316 5.636 0.645 
1704872382.416 5.693 0.580 
1704872382.516 5.733 0.526 
1704872382.619 5.773 0.474 
1704872382.717 5.814 0.426 
1704872382.817 5.866 0.377 
1704872382.916 5.939 0.321 
1704872383.018 6.003 0.272 
1704872383.117 6.055 0.232 
1704872383.217 6.105 0.199 
1704872383.317 6.164 0.160 
1704872383.419 6.244 0.117 
1704872383.518 6.314 0.085 
1704872383.617 6.381 0.056 
1704872383.717 6.447 0.025 
1704872383.819 6.523 -0.008 
1704872383.918 6.604 -0.037 
1704872384.018 6.681 -0.069 
1704872384.120 6.760 -0.107 
1704872384.220 6.838 -0.135 
1704872384.320 6.916 -0.162 
1704872384.421 7.001 -0.194 
1704872384.521 7.086 -0.221 
1704872384.621 7.180 -0.242 
1704872384.720 7.273 -0.266 
1704872384.821 7.367 -0.290 
1704872384.921 7.456 -0.317 
1704872385.021 7.549 -0.339 
1704872385.122 7.647 -0.362 
1704872385.221 7.728 -0.382 
1704872385.321 7.789 -0.394 
1704872385.421 7.842 -0.402 
1704872385.522 7.904 -0.402 
1704872389.531 8.385 -0.350 
1704872389.532 8.385 -0.349 
1704872389.632 8.369 -0.343 
1704872389.733 8.272 -0.360 
1704872389.832 8.140 -0.369 
1704872389.932 8.018 -0.368 
1704872390.032 7.899 -0.369 
1704872390.131 7.779 -0.375 
1704872390.233 7.651 -0.382 
1704872390.332 7.529 -0.388 
1704872390.433 7.410 -0.393 
1704872390.533 7.293 -0.399 
1704872390.632 7.174 -0.395 
1704872390.736 7.056 -0.387 
1704872390.833 6.945 -0.384 
1704872390.933 6.826 -0.389 
1704872391.034 6.703 -0.388 
1704872391.133 6.583 -0.386 
1704872391.236 6.464 -0.384 
1704872391.336 6.348 -0.385 
1704872391.435 6.229 -0.382 
1704872391.536 6.109 -0.375 
1704872391.637 5.988 -0.366 
1704872391.739 5.868 -0.360 
1704872391.838 5.753 -0.354 
1704872391.938 5.635 -0.338 
1704872392.037 5.518 -0.324 
1704872392.139 5.398 -0.310 
1704872392.238 5.286 -0.301 
1704872392.338 5.167 -0.280 
1704872392.439 5.054 -0.255 
1704872392.542 4.940 -0.232 
1704872392.641 4.831 -0.210 
1704872392.741 4.721 -0.191 
1704872392.840 4.604 -0.176 
1704872392.941 4.509 -0.155 
1704872393.041 4.439 -0.132 
1704872393.142 4.378 -0.111 
1704872393.242 4.301 -0.076 
1704872393.341 4.228 -0.051 
1704872393.441 4.160 -0.027 
1704872393.542 4.096 -0.003 
1704872393.642 4.033 0.025 
1704872393.743 3.959 0.075 
1704872393.843 3.894 0.120 
1704872393.941 3.833 0.153 
1704872394.042 3.778 0.186 
1704872394.142 3.723 0.221 
1704872394.243 3.663 0.262 
1704872394.342 3.598 0.305 
1704872394.442 3.527 0.361 
1704872394.542 3.468 0.414 
1704872394.642 3.419 0.457 
1704872394.743 3.371 0.499 
1704872394.842 3.320 0.540 
1704872394.943 3.263 0.593 
1704872395.043 3.203 0.661 
1704872395.143 3.148 0.717 
1704872395.244 3.098 0.768 
1704872395.343 3.046 0.820 
1704872395.443 2.995 0.868 
1704872395.543 2.943 0.919 
1704872395.644 2.891 0.984 
1704872395.744 2.840 1.049 
1704872395.844 2.789 1.108 
1704872395.944 2.738 1.166 
1704872396.045 2.683 1.232 
1704872396.145 2.625 1.294 
1704872396.245 2.579 1.348 
1704872396.345 2.532 1.413 
1704872396.444 2.479 1.478 
1704872396.544 2.423 1.542 
1704872396.646 2.371 1.606 
1704872396.746 2.323 1.671 
1704872396.845 2.277 1.737 
1704872396.957 2.226 1.805 
1704872397.050 2.172 1.870 
1704872397.147 2.115 1.938 
1704872397.948 1.966 2.038 
1704872397.949 1.966 2.038 
1704872398.050 1.942 2.029 
1704872398.150 1.859 2.045 
1704872398.250 1.740 2.100 
1704872398.349 1.620 2.157 
1704872398.449 1.513 2.203 
1704872398.550 1.406 2.248 
1704872398.650 1.297 2.292 
1704872398.752 1.180 2.334 
1704872398.851 1.065 2.375 
1704872398.952 0.951 2.417 
1704872399.052 0.833 2.460 
1704872399.152 0.710 2.505 
1704872399.252 0.593 2.550 
1704872399.351 0.481 2.597 
1704872399.452 0.370 2.642 
1704872399.551 0.263 2.681 
1704872399.652 0.152 2.725 
1704872399.751 0.046 2.766 
1704872399.852 -0.063 2.812 
1704872399.952 -0.173 2.858 
1704872400.053 -0.285 2.906 
1704872400.154 -0.390 2.946 
1704872400.253 -0.489 2.988 
1704872400.354 -0.594 3.044 
1704872400.453 -0.703 3.094 
1704872400.553 -0.796 3.142 
1704872400.656 -0.870 3.192 
1704872400.755 -0.938 3.247 
1704872400.855 -1.011 3.316 
1704872400.955 -1.059 3.387 
1704872401.056 -1.108 3.451 
1704872401.156 -1.163 3.505 
1704872401.261 -1.206 3.558 
1704872401.356 -1.227 3.606 
1704872401.457 -1.309 3.650 
1704872401.557 -1.458 3.672 
1704872403.062 -1.495 3.547 
1704872403.163 -1.518 3.548 
1704872403.263 -1.541 3.524 
1704872403.364 -1.579 3.457 
1704872403.463 -1.606 3.324 
1704872403.564 -1.660 3.255 
1704872403.664 -1.700 3.165 
1704872403.764 -1.726 3.064 
1704872403.863 -1.717 2.999 
1704872403.963 -1.696 2.943 
1704872404.064 -1.688 2.861 
1704872404.164 -1.655 2.742 
1704872404.264 -1.616 2.625 
1704872404.364 -1.600 2.543 
1704872404.466 -1.592 2.491 
1704872404.565 -1.565 2.421 
1704872404.665 -1.521 2.309 
1704872404.765 -1.487 2.206 
1704872404.864 -1.456 2.122 
1704872404.966 -1.416 2.029 
1704872405.066 -1.373 1.931 
1704872405.166 -1.348 1.864 
1704872405.266 -1.317 1.815 
1704872405.366 -1.274 1.739 
1704872405.466 -1.238 1.664 
1704872405.566 -1.201 1.596 
1704872405.667 -1.163 1.526 
1704872405.767 -1.118 1.458 
1704872405.866 -1.071 1.385 
1704872405.966 -1.026 1.313 
1704872406.067 -0.985 1.244 
1704872406.168 -0.943 1.176 
1704872406.267 -0.888 1.104 
1704872406.367 -0.839 1.035 
1704872406.468 -0.790 0.967 
1704872406.568 -0.741 0.899 
1704872406.667 -0.694 0.833 
1704872406.768 -0.643 0.765 
1704872406.868 -0.586 0.699 
1704872406.968 -0.528 0.633 
1704872407.068 -0.476 0.571 
1704872407.169 -0.425 0.509 
1704872407.269 -0.375 0.448 
1704872407.370 -0.316 0.386 
1704872407.469 -0.248 0.327 
1704872407.568 -0.186 0.269 
1704872407.671 -0.127 0.207 
1704872407.769 -0.079 0.154 
1704872407.869 -0.024 0.101 
1704872407.970 0.039 0.050 
1704872408.070 0.108 0.000 
1704872408.170 0.174 -0.047 
1704872408.271 0.238 -0.093 
1704872408.371 0.292 -0.141 
1704872408.471 0.361 -0.189 
1704872408.571 0.461 -0.240 
1704872408.672 0.578 -0.295 
1704872408.771 0.673 -0.352 
1704872408.872 0.760 -0.384 
1704872408.972 0.851 -0.414 
1704872409.072 0.943 -0.447 
1704872409.172 1.037 -0.477 
1704872409.274 1.124 -0.497 
1704872409.372 1.210 -0.520 
1704872409.473 1.349 -0.532 
1704872409.572 1.449 -0.564 
1704872409.675 1.515 -0.586 
1704872409.773 1.606 -0.583 
1704872409.873 1.709 -0.578 
1704872409.973 1.790 -0.576 
1704872410.074 1.869 -0.582 
1704872410.174 1.941 -0.591 
1704872410.273 2.010 -0.591 
1704872410.374 2.096 -0.575 
1704872410.474 2.184 -0.559 
1704872410.574 2.269 -0.547 
1704872410.674 2.349 -0.532 
1704872410.773 2.424 -0.513 
1704872410.874 2.507 -0.497 
1704872410.974 2.599 -0.463 
1704872411.074 2.687 -0.432 
1704872411.174 2.768 -0.404 
1704872411.275 2.846 -0.375 
1704872411.375 2.928 -0.341 
1704872411.475 3.026 -0.304 
1704872411.575 3.112 -0.265 
1704872411.674 3.187 -0.242 
1704872411.775 3.270 -0.205 
1704872411.875 3.355 -0.159 
1704872411.975 3.449 -0.107 
1704872412.075 3.538 -0.058 
1704872412.176 3.625 -0.014 
1704872412.276 3.692 0.018 
1704872412.375 3.767 0.068 
1704872412.475 3.858 0.129 
1704872412.575 3.947 0.191 
1704872412.675 4.029 0.247 
1704872412.776 4.110 0.304 
1704872412.876 4.178 0.366 
1704872412.976 4.255 0.429 
1704872413.076 4.335 0.491 
1704872413.176 4.417 0.551 
1704872413.277 4.499 0.614 
1704872413.385 4.579 0.675 
1704872413.484 4.658 0.737 
1704872413.585 4.739 0.801 
1704872413.684 4.819 0.866 
1704872413.784 4.898 0.935 
1704872413.886 4.979 1.002 
1704872413.985 5.057 1.068 
1704872414.085 5.136 1.136 
1704872414.184 5.213 1.205 
1704872414.286 5.291 1.278 
1704872414.386 5.368 1.347 
1704872414.487 5.445 1.417 
1704872414.586 5.520 1.486 
1704872414.686 5.597 1.557 
1704872414.787 5.676 1.630 
1704872414.888 5.749 1.699 
1704872414.988 5.822 1.768 
1704872415.088 5.897 1.839 
1704872415.188 5.970 1.910 
1704872415.288 6.040 1.982 
1704872415.387 6.111 2.056 
1704872415.488 6.182 2.128 
1704872415.589 6.250 2.201 
1704872415.688 6.319 2.274 
1704872415.789 6.388 2.348 
1704872415.889 6.456 2.424 
1704872415.989 6.519 2.494 
1704872416.089 6.585 2.571 
1704872416.191 6.652 2.646 
1704872416.289 6.710 2.718 
1704872416.389 6.770 2.796 
1704872416.490 6.831 2.872 
1704872416.591 6.890 2.944 
1704872416.689 6.943 3.019 
1704872416.791 6.997 3.100 
1704872416.893 7.051 3.175 
1704872416.992 7.105 3.251 
1704872417.092 7.157 3.325 
1704872417.192 7.208 3.399 
1704872417.293 7.253 3.477 
1704872417.393 7.297 3.557 
1704872417.493 7.340 3.635 
1704872417.593 7.383 3.709 
1704872417.693 7.426 3.784 
1704872417.793 7.466 3.857 
1704872417.893 7.501 3.929 
1704872417.994 7.537 4.005 
1704872418.093 7.574 4.087 
1704872418.194 7.604 4.167 
1704872418.295 7.634 4.239 
1704872418.394 7.665 4.312 
1704872418.494 7.699 4.367 
1704872418.594 7.731 4.434 
1704872418.695 7.760 4.507 
1704872418.796 7.787 4.616 
1704872418.895 7.816 4.725 
1704872419.004 7.842 4.824 
1704872419.100 7.873 4.910 
1704872419.199 7.897 4.993 
1704872419.299 7.912 5.085 
1704872419.398 7.921 5.166 
1704872419.498 7.925 5.247 
1704872419.599 7.937 5.340 
1704872419.699 7.950 5.443 
1704872419.799 7.957 5.532 
1704872419.899 7.953 5.611 
1704872419.999 7.942 5.687 
1704872420.099 7.926 5.772 
1704872420.199 7.896 5.860 
1704872420.299 7.871 5.943 
1704872420.399 7.853 6.021 
1704872420.500 7.841 6.095 
1704872420.601 7.826 6.176 
1704872420.701 7.805 6.254 
1704872420.800 7.782 6.330 
1704872420.900 7.754 6.407 
1704872421.000 7.727 6.484 
1704872421.101 7.692 6.560 
1704872421.201 7.651 6.631 
1704872421.301 7.623 6.701 
1704872421.402 7.591 6.771 
1704872421.502 7.551 6.841 
1704872421.602 7.512 6.907 
1704872421.702 7.470 6.970 
1704872421.802 7.416 7.031 
1704872421.901 7.360 7.091 
1704872422.002 7.304 7.156 
1704872422.102 7.262 7.213 
1704872422.202 7.211 7.270 
1704872422.302 7.155 7.329 
1704872422.402 7.099 7.389 
1704872422.503 7.042 7.446 
1704872422.603 6.983 7.504 
1704872426.009 6.908 7.509 
1704872426.812 6.909 7.507 
1704872426.813 6.909 7.507 
1704872426.916 6.824 7.486 
1704872427.014 6.722 7.417 
1704872427.113 6.625 7.356 
1704872427.213 6.546 7.300 
1704872427.313 6.472 7.208 
1704872427.413 6.385 7.091 
1704872427.514 6.293 6.967 
1704872427.614 6.203 6.863 
1704872427.714 6.111 6.785 
1704872427.814 6.045 6.687 
1704872427.914 6.004 6.564 
1704872428.014 5.984 6.456 
1704872428.114 5.989 6.351 
1704872428.214 6.018 6.255 
1704872428.314 6.088 6.178 
1704872428.414 6.156 6.113 
1704872428.517 6.217 6.045 
1704872428.616 6.290 5.939 
1704872428.716 6.370 5.836 
1704872428.818 6.440 5.738 
1704872428.917 6.503 5.637 
1704872429.017 6.566 5.534 
1704872429.117 6.626 5.428 
1704872429.217 6.682 5.318 
1704872429.317 6.723 5.199 
1704872429.418 6.750 5.093 
1704872429.518 6.772 4.996 
1704872429.618 6.789 4.905 
1704872429.717 6.792 4.818 
1704872429.818 6.791 4.732 
1704872429.918 6.793 4.653 
1704872430.018 6.801 4.581 
1704872430.118 6.808 4.498 
1704872430.219 6.812 4.410 
1704872430.319 6.800 4.323 
1704872430.419 6.787 4.241 
1704872430.520 6.769 4.160 
1704872430.620 6.719 4.070 
1704872430.720 6.635 3.974 
1704872430.820 6.570 3.872 
1704872430.921 6.511 3.763 
1704872431.021 6.437 3.652 
1704872431.122 6.352 3.558 
1704872431.222 6.269 3.472 
1704872431.324 6.180 3.384 
1704872431.423 6.090 3.300 
1704872431.523 5.994 3.223 
1704872431.623 5.902 3.147 
1704872431.723 5.816 3.075 
1704872431.824 5.726 2.995 
1704872431.924 5.631 2.924 
1704872432.025 5.527 2.861 
1704872432.124 5.416 2.812 
1704872432.224 5.303 2.778 
1704872432.325 5.189 2.745 
1704872432.425 5.072 2.721 
1704872432.524 4.954 2.714 
1704872432.625 4.836 2.718 
1704872432.725 4.720 2.717 
1704872432.826 4.602 2.717 
1704872432.925 4.486 2.723 
1704872433.026 4.385 2.729 
1704872433.126 4.317 2.737 
1704872433.226 4.244 2.737 
1704872433.326 4.132 2.731 
1704872433.426 4.026 2.731 
1704872433.527 3.926 2.725 
1704872433.626 3.834 2.719 
1704872433.726 3.737 2.715 
1704872433.827 3.633 2.708 
1704872433.926 3.531 2.706 
1704872434.027 3.428 2.706 
1704872434.127 3.350 2.711 
1704872434.227 3.305 2.708 
1704872434.329 3.238 2.706 
1704872434.427 3.156 2.707 
1704872434.527 3.076 2.708 
1704872434.627 3.004 2.711 
1704872434.727 2.927 2.712 
1704872434.827 2.850 2.713 
1704872434.928 2.775 2.715 
1704872435.028 2.664 2.703 
1704872435.131 2.541 2.697 
1704872435.228 2.454 2.685 
1704872435.330 2.382 2.675 
1704872435.429 2.305 2.680 
1704872435.530 2.220 2.690 
1704872435.629 2.130 2.706 
1704872435.730 2.032 2.716 
1704872435.831 1.946 2.706 
1704872435.931 1.837 2.711 
1704872436.030 1.716 2.717 
1704872436.130 1.613 2.730 
1704872436.230 1.529 2.747 
1704872436.330 1.460 2.744 
1704872436.430 1.363 2.753 
1704872436.531 1.244 2.759 
1704872436.630 1.128 2.758 
1704872436.731 1.040 2.763 
1704872436.831 0.995 2.776 
1704872436.931 0.950 2.779 
1704872437.031 0.870 2.793 
1704872437.131 0.739 2.831 
1704872437.233 0.609 2.857 
1704872437.331 0.568 2.856 
1704872437.432 0.529 2.851 
1704872437.532 0.439 2.891 
1704872437.632 0.333 2.971 
1704872437.732 0.231 3.025 
1704872437.832 0.129 3.074 
1704872437.933 0.023 3.143 
1704872438.032 -0.077 3.212 
1704872438.133 -0.169 3.281 
1704872438.233 -0.258 3.353 
1704872438.333 -0.332 3.454 
1704872438.433 -0.393 3.564 
1704872438.534 -0.462 3.673 
1704872438.633 -0.525 3.781 
1704872438.734 -0.573 3.892 
1704872438.833 -0.608 4.006 
1704872438.934 -0.640 4.121 
1704872439.034 -0.662 4.235 
1704872439.135 -0.679 4.354 
1704872439.235 -0.689 4.469 
1704872439.334 -0.700 4.586 
1704872439.434 -0.713 4.706 
1704872439.535 -0.726 4.809 
1704872439.635 -0.741 4.909 
1704872439.736 -0.733 5.006 
1704872439.838 -0.734 5.114 
1704872439.936 -0.749 5.199 
1704872440.037 -0.786 5.260 
1704872440.137 -0.839 5.361 
1704872440.236 -0.888 5.467 
1704872440.337 -0.929 5.547 
1704872440.436 -0.973 5.619 
1704872440.541 -1.014 5.693 
1704872440.637 -1.047 5.760 
1704872440.737 -1.085 5.842 
1704872440.837 -1.169 5.955 
1704872440.943 -1.244 6.066 
1704872441.042 -1.304 6.147 
1704872441.141 -1.383 6.233 
1704872441.241 -1.456 6.314 
1704872441.342 -1.524 6.391 
1704872441.442 -1.619 6.454 
1704872441.542 -1.724 6.499 
1704872441.641 -1.830 6.515 
1704872441.741 -1.934 6.507 
1704872441.841 -2.018 6.492 
1704872441.942 -2.080 6.476 
1704872442.042 -2.161 6.481 
1704872442.142 -2.306 6.476 
1704872442.242 -2.436 6.470 
1704872442.342 -2.562 6.444 
1704872442.442 -2.679 6.410 
1704872442.542 -2.792 6.358 
1704872442.646 -2.874 6.310 
1704872442.744 -2.941 6.259 
1704872442.844 -3.014 6.198 
1704872442.943 -3.091 6.142 
1704872443.043 -3.167 6.069 
1704872443.143 -3.241 5.980 
1704872443.243 -3.312 5.898 
1704872443.343 -3.384 5.827 
1704872443.447 -3.461 5.754 
1704872443.543 -3.532 5.671 
1704872443.644 -3.599 5.579 
1704872443.743 -3.667 5.487 
1704872443.844 -3.738 5.385 
1704872443.945 -3.805 5.287 
1704872444.044 -3.865 5.198 
1704872444.144 -3.918 5.118 
1704872444.244 -3.969 5.049 
1704872444.345 -4.025 4.986 
1704872444.444 -4.084 4.902 
1704872444.544 -4.140 4.820 
1704872444.645 -4.191 4.760 
1704872444.745 -4.203 4.770 
1704872444.845 -4.250 4.690 
1704872444.944 -4.315 4.607 
1704872445.046 -4.347 4.561 
1704872445.147 -4.335 4.564 
1704872446.951 -4.488 4.556 
1704872447.051 -4.421 4.548 
1704872447.151 -4.293 4.520 
1704872447.251 -4.213 4.503 
1704872447.351 -4.280 4.516 
1704872447.452 -4.413 4.517 
1704872447.552 -4.551 4.503 
1704872447.651 -4.694 4.478 
1704872447.752 -4.799 4.473 
1704872447.852 -4.887 4.471 
1704872447.952 -4.980 4.463 
1704872448.052 -5.096 4.444 
1704872448.151 -5.207 4.422 
1704872448.252 -5.326 4.401 
1704872448.352 -5.459 4.386 
1704872448.452 -5.565 4.375 
1704872448.552 -5.640 4.369 
1704872448.652 -5.722 4.363 
1704872448.752 -5.826 4.350 
1704872448.852 -5.929 4.355 
1704872448.952 -6.047 4.398 
1704872449.052 -6.154 4.452 
1704872449.153 -6.242 4.530 
1704872449.253 -6.289 4.637 
1704872449.353 -6.303 4.737 
1704872449.454 -6.367 4.870 
1704872449.553 -6.440 4.998 
1704872449.654 -6.500 5.116 
1704872449.756 -6.541 5.216 
1704872449.854 -6.574 5.285 
1704872449.954 -6.607 5.346 
1704872450.054 -6.691 5.384 
1704872450.154 -6.794 5.405 
1704872450.255 -6.881 5.431 
1704872450.355 -6.966 5.453 
1704872450.455 -7.045 5.473 
1704872451.458 -7.028 5.508 
1704872451.558 -7.044 5.507 
1704872451.659 -7.050 5.512 
1704872451.760 -7.032 5.481 
1704872451.859 -6.999 5.415 
1704872451.959 -6.962 5.346 
1704872452.060 -6.949 5.294 
1704872452.160 -6.948 5.258 
1704872452.260 -6.912 5.201 
1704872452.359 -6.853 5.135 
1704872452.461 -6.812 5.087 
1704872452.560 -6.758 5.019 
1704872452.661 -6.694 4.918 
1704872452.761 -6.635 4.817 
1704872452.861 -6.573 4.717 
1704872452.961 -6.510 4.618 
1704872453.062 -6.438 4.520 
1704872453.162 -6.345 4.429 
1704872453.262 -6.266 4.341 
1704872453.361 -6.209 4.256 
1704872453.461 -6.126 4.174 
1704872453.562 -6.033 4.120 
1704872453.662 -5.932 4.079 
1704872453.762 -5.821 4.059 
1704872453.869 -5.703 4.039 
1704872453.966 -5.590 4.021 
1704872454.064 -5.467 3.985 
1704872454.165 -5.377 3.975 
1704872454.263 -5.302 3.941 
1704872454.363 -5.226 3.885 
1704872454.463 -5.168 3.799 
1704872454.563 -5.131 3.685 
1704872454.665 -5.125 3.565 
1704872454.764 -5.148 3.445 
1704872454.865 -5.187 3.315 
1704872454.964 -5.225 3.191 
1704872455.065 -5.259 3.073 
1704872455.166 -5.284 2.963 
1704872455.266 -5.320 2.849 
1704872455.366 -5.361 2.736 
1704872455.469 -5.399 2.621 
1704872455.568 -5.435 2.512 
1704872455.667 -5.475 2.398 
1704872455.768 -5.530 2.277 
1704872455.868 -5.580 2.170 
1704872455.967 -5.611 2.080 
1704872456.067 -5.670 1.979 
1704872456.169 -5.754 1.876 
1704872456.268 -5.834 1.790 
1704872456.368 -5.922 1.703 
1704872456.467 -6.012 1.624 
1704872456.568 -6.096 1.540 
1704872456.668 -6.178 1.458 
1704872456.768 -6.272 1.374 
1704872456.868 -6.351 1.282 
1704872456.970 -6.431 1.195 
1704872457.069 -6.521 1.129 
1704872457.169 -6.604 1.079 
1704872457.270 -6.681 1.044 
1704872457.369 -6.765 1.013 
1704872457.469 -6.829 0.982 
1704872460.677 -6.659 1.223 
1704872460.777 -6.569 1.183 
1704872460.877 -6.463 1.148 
1704872460.977 -6.390 1.110 
1704872461.078 -6.336 1.097 
1704872461.178 -6.284 1.078 
1704872461.278 -6.218 1.030 
1704872461.378 -6.141 0.963 
1704872461.477 -6.084 0.911 
1704872461.578 -6.030 0.872 
1704872461.678 -5.957 0.822 
1704872461.778 -5.883 0.775 
1704872461.879 -5.824 0.733 
1704872461.978 -5.764 0.699 
1704872462.079 -5.708 0.663 
1704872462.178 -5.654 0.625 
1704872462.279 -5.593 0.583 
1704872462.380 -5.527 0.555 
1704872462.480 -5.431 0.546 
1704872462.579 -5.346 0.536 
1704872462.679 -5.263 0.525 
1704872462.780 -5.187 0.518 
1704872462.879 -5.123 0.518 
1704872462.980 -5.087 0.510 
1704872463.080 -5.063 0.504 
1704872463.180 -5.073 0.459 
1704872463.281 -5.069 0.425 
1704872463.381 -5.028 0.440 
1704872463.481 -4.926 0.494 
1704872463.580 -4.791 0.544 
1704872463.682 -4.659 0.601 
1704872463.782 -4.534 0.664 
1704872463.881 -4.423 0.706 
1704872463.981 -4.311 0.713 
1704872464.082 -4.194 0.686 
1704872464.182 -4.083 0.664 
1704872464.286 -3.973 0.624 
1704872464.383 -3.871 0.559 
1704872464.483 -3.776 0.490 
1704872464.582 -3.682 0.428 
1704872464.683 -3.586 0.359 
1704872464.782 -3.489 0.282 
1704872464.883 -3.399 0.207 
1704872468.693 -3.710 -0.001 
1704872468.693 -3.710 -0.001 
1704872468.793 -3.786 -0.059 
1704872468.898 -3.884 -0.147 
1704872468.996 -3.972 -0.247 
1704872469.095 -4.059 -0.342 
1704872469.195 -4.147 -0.435 
1704872469.294 -4.233 -0.529 
1704872469.394 -4.312 -0.619 
1704872469.494 -4.393 -0.708 
1704872469.594 -4.478 -0.797 
1704872469.694 -4.563 -0.887 
1704872469.795 -4.640 -0.980 
1704872469.894 -4.697 -1.080 
1704872469.995 -4.752 -1.194 
1704872470.095 -4.814 -1.299 
1704872470.196 -4.871 -1.399 
1704872470.296 -4.933 -1.511 
1704872470.395 -4.987 -1.623 
1704872470.495 -5.039 -1.734 
1704872470.596 -5.076 -1.817 
1704872470.695 -5.103 -1.869 
1704872470.796 -5.115 -1.916 
1704872470.896 -5.119 -1.977 
1704872470.997 -5.106 -2.064 
1704872471.099 -5.079 -2.161 
1704872471.199 -5.052 -2.269 
1704872471.298 -5.026 -2.373 
1704872471.398 -4.986 -2.482 
1704872471.498 -4.917 -2.591 
1704872471.598 -4.790 -2.658 
1704872471.699 -4.651 -2.720 
1704872471.798 -4.487 -2.754 
1704872471.899 -4.353 -2.794 
1704872471.999 -4.219 -2.829 
1704872472.098 -4.085 -2.850 
1704872472.198 -3.942 -2.861 
1704872472.300 -3.823 -2.871 
1704872472.399 -3.789 -2.908 
1704872474.505 -3.654 -3.110 
1704872474.605 -3.701 -3.102 
1704872474.706 -3.813 -3.125 
1704872474.807 -3.890 -3.141 
1704872474.906 -3.929 -3.158 
1704872475.006 -3.915 -3.173 
1704872475.106 -3.807 -3.204 
1704872475.206 -3.717 -3.217 
1704872475.307 -3.656 -3.209 
1704872475.407 -3.602 -3.229 
1704872475.507 -3.473 -3.262 
1704872475.607 -3.335 -3.305 
1704872475.707 -3.229 -3.342 
1704872475.807 -3.178 -3.356 
1704872477.010 -3.131 -3.420 
1704872477.110 -3.147 -3.363 
1704872477.211 -3.187 -3.272 
1704872477.310 -3.219 -3.208 
1704872477.411 -3.222 -3.203 
1704872477.511 -3.196 -3.295 
1704872477.611 -3.151 -3.404 
1704872477.711 -3.117 -3.513 
1704872477.812 -3.083 -3.615 
1704872477.912 -3.044 -3.725 
1704872478.012 -2.996 -3.833 
1704872478.112 -2.968 -3.941 
1704872478.213 -2.935 -4.029 
1704872478.312 -2.847 -4.112 
1704872478.412 -2.765 -4.192 
1704872478.512 -2.677 -4.266 
1704872478.613 -2.574 -4.324 
1704872478.712 -2.462 -4.373 
1704872478.813 -2.363 -4.418 
1704872478.913 -2.255 -4.457 
1704872479.014 -2.141 -4.491 
1704872479.114 -2.030 -4.524 
1704872479.215 -1.915 -4.557 
1704872479.314 -1.808 -4.596 
1704872479.414 -1.696 -4.629 
1704872479.515 -1.581 -4.655 
1704872479.615 -1.466 -4.676 
1704872479.715 -1.345 -4.684 
1704872479.816 -1.226 -4.691 
1704872479.915 -1.113 -4.701 
1704872480.016 -1.002 -4.712 
1704872480.117 -0.886 -4.709 
1704872480.216 -0.776 -4.695 
1704872480.317 -0.672 -4.682 
1704872480.416 -0.581 -4.672 
1704872480.517 -0.486 -4.648 
1704872480.617 -0.392 -4.610 
1704872480.717 -0.312 -4.584 
1704872480.818 -0.262 -4.567 
1704872480.918 -0.212 -4.538 
1704872481.019 -0.148 -4.500 
1704872481.118 -0.063 -4.454 
1704872481.220 0.015 -4.420 
1704872481.319 0.078 -4.388 
1704872481.419 0.182 -4.354 
1704872481.520 0.282 -4.321 
1704872481.621 0.369 -4.295 
1704872481.720 0.459 -4.278 
1704872481.821 0.555 -4.252 
1704872481.920 0.649 -4.224 
1704872482.020 0.735 -4.210 
1704872482.120 0.819 -4.204 
1704872482.221 0.913 -4.208 
1704872482.321 1.017 -4.217 
1704872482.420 1.121 -4.225 
1704872482.522 1.219 -4.232 
1704872482.622 1.320 -4.234 
1704872482.720 1.419 -4.237 
1704872482.821 1.519 -4.243 
1704872482.921 1.620 -4.249 
1704872483.021 1.720 -4.256 
1704872483.121 1.784 -4.280 
1704872483.221 1.835 -4.281 
1704872483.322 1.907 -4.276 
1704872483.423 1.998 -4.273 
1704872483.522 2.093 -4.269 
1704872483.622 2.180 -4.263 
1704872483.725 2.273 -4.257 
1704872483.824 2.373 -4.256 
1704872483.923 2.498 -4.245 
1704872484.023 2.636 -4.232 
1704872484.123 2.771 -4.224 
1704872484.223 2.896 -4.221 
1704872484.323 2.986 -4.238 
1704872484.424 3.011 -4.311 
1704872484.523 2.992 -4.366 
1704872484.626 2.936 -4.404 
1704872484.726 2.917 -4.419 
1704872484.825 2.954 -4.397 
1704872484.925 3.086 -4.362 
1704872485.025 3.213 -4.333 
1704872485.124 3.314 -4.301 
1704872485.225 3.444 -4.305 
1704872485.325 3.546 -4.318 
1704872485.424 3.620 -4.309 
1704872485.525 3.708 -4.309 
1704872485.626 3.810 -4.310 
1704872485.725 3.919 -4.308 
1704872485.825 3.997 -4.325 
1704872485.925 4.063 -4.339 
1704872486.026 4.142 -4.330 
1704872486.125 4.253 -4.317 
1704872486.226 4.385 -4.300 
1704872486.326 4.504 -4.290 
1704872486.427 4.604 -4.283 
1704872486.527 4.714 -4.278 
1704872486.627 4.811 -4.273 
1704872486.726 4.881 -4.269 
1704872487.831 4.926 -4.412 
1704872487.932 4.898 -4.384 
1704872492.544 4.817 -4.729 
1704872492.645 4.757 -4.705 
1704872492.746 4.706 -4.699 
1704872492.845 4.621 -4.683 
1704872492.946 4.507 -4.660 
1704872493.045 4.393 -4.632 
1704872493.148 4.314 -4.596 
1704872493.246 4.231 -4.567 
1704872493.345 4.118 -4.550 
1704872493.454 4.000 -4.527 
1704872493.554 3.899 -4.499 
1704872493.650 3.797 -4.467 
1704872493.749 3.684 -4.421 
1704872493.850 3.579 -4.386 
1704872493.948 3.474 -4.352 
1704872494.048 3.376 -4.318 
1704872494.149 3.285 -4.289 
1704872494.248 3.165 -4.286 
1704872494.352 3.034 -4.271 
1704872494.452 2.940 -4.261 
1704872494.552 2.853 -4.244 
1704872494.652 2.742 -4.195 
1704872494.752 2.610 -4.153 
1704872494.852 2.534 -4.106 
1704872494.953 2.439 -4.081 
1704872495.052 2.315 -4.073 
1704872495.154 2.179 -4.066 
1704872495.254 2.050 -4.064 
1704872495.353 1.968 -4.038 
1704872495.455 1.873 -4.028 
1704872495.556 1.782 -4.019 
1704872495.656 1.733 -4.044 
1704872495.755 1.649 -4.073 
1704872495.855 1.522 -4.090 
1704872495.955 1.382 -4.108 
1704872496.055 1.292 -4.122 
1704872496.155 1.239 -4.140 
1704872496.255 1.171 -4.172 
1704872496.355 1.096 -4.208 
1704872496.456 1.038 -4.234 
1704872496.555 0.993 -4.255 
1704872496.657 0.945 -4.280 
1704872496.756 0.879 -4.314 
1704872496.856 0.795 -4.348 
1704872496.956 0.719 -4.364 
1704872497.056 0.642 -4.391 
1704872497.156 0.566 -4.434 
1704872497.258 0.479 -4.489 
1704872497.356 0.401 -4.534 
1704872497.457 0.345 -4.572 
1704872497.557 0.277 -4.603 
1704872497.656 0.191 -4.637 
1704872497.757 0.095 -4.678 
1704872497.858 0.003 -4.722 
1704872497.957 -0.105 -4.771 
1704872498.058 -0.216 -4.819 
1704872498.157 -0.319 -4.861 
1704872498.257 -0.411 -4.897 
1704872498.357 -0.485 -4.930 
1704872498.458 -0.550 -4.959 
1704872498.558 -0.610 -4.965 
1704872498.660 -0.646 -4.967 
1704872498.759 -0.713 -4.962 
1704872498.859 -0.822 -4.932 
1704872498.957 -0.936 -4.900 
1704872499.059 -1.052 -4.877 
1704872499.158 -1.162 -4.863 
1704872499.258 -1.259 -4.833 
1704872499.359 -1.358 -4.791 
1704872499.460 -1.444 -4.763 
1704872499.558 -1.520 -4.742 
1704872499.658 -1.602 -4.716 
1704872499.759 -1.687 -4.689 
1704872499.859 -1.762 -4.661 
1704872499.959 -1.833 -4.636 
1704872500.059 -1.908 -4.612 
1704872500.160 -1.980 -4.588 
1704872500.260 -2.067 -4.569 
1704872500.364 -2.174 -4.553 
1704872500.463 -2.298 -4.553 
1704872500.562 -2.418 -4.555 
1704872500.662 -2.504 -4.555 
1704872500.763 -2.571 -4.545 
1704872500.863 -2.628 -4.525 
1704872500.965 -2.696 -4.514 
1704872501.063 -2.780 -4.531 
1704872501.163 -2.849 -4.566 
1704872501.264 -2.915 -4.598 
1704872501.364 -2.995 -4.621 
1704872501.464 -3.062 -4.645 
1704872501.564 -3.135 -4.664 
1704872501.665 -3.237 -4.660 
1704872501.765 -3.331 -4.658 
1704872501.866 -3.396 -4.674 
1704872501.966 -3.464 -4.686 
1704872502.067 -3.546 -4.684 
1704872502.166 -3.643 -4.663 
1704872502.267 -3.727 -4.650 
1704872502.367 -3.801 -4.633 
1704872502.466 -3.881 -4.588 
1704872502.567 -3.965 -4.550 
1704872502.667 -4.033 -4.518 
1704872502.767 -4.097 -4.484 
1704872502.868 -4.158 -4.460 
1704872502.975 -4.236 -4.440 
1704872503.070 -4.347 -4.421 
1704872503.169 -4.460 -4.401 
1704872503.268 -4.568 -4.373 
1704872503.368 -4.674 -4.359 
1704872503.469 -4.772 -4.351 
1704872503.569 -4.866 -4.346 
1704872503.670 -4.962 -4.345 
1704872503.771 -5.065 -4.346 
1704872503.871 -5.171 -4.352 
1704872503.970 -5.272 -4.356 
1704872504.071 -5.371 -4.360 
1704872504.171 -5.469 -4.363 
1704872504.273 -5.534 -4.364 
1704872504.371 -5.587 -4.370 
1704872504.472 -5.673 -4.373 
1704872504.570 -5.757 -4.369 
1704872504.672 -5.826 -4.372 
1704872504.772 -5.896 -4.376 
1704872504.871 -5.971 -4.379 
1704872504.972 -6.052 -4.378 
1704872505.072 -6.122 -4.381 
1704872505.172 -6.195 -4.387 
1704872505.274 -6.275 -4.391 
1704872505.374 -6.352 -4.392 
1704872505.473 -6.426 -4.395 
1704872505.573 -6.501 -4.399 
1704872505.672 -6.577 -4.404 
1704872505.773 -6.655 -4.409 
1704872505.873 -6.731 -4.412 
1704872505.972 -6.806 -4.413 
1704872506.075 -6.886 -4.412 
1704872506.173 -6.958 -4.409 
1704872506.273 -7.035 -4.402 
1704872506.373 -7.108 -4.392 
1704872506.474 -7.183 -4.379 
1704872506.574 -7.247 -4.374 
1704872506.674 -7.305 -4.364 
1704872506.774 -7.381 -4.331 
1704872506.874 -7.463 -4.285 
1704872506.976 -7.535 -4.240 
1704872507.076 -7.579 -4.218 
1704872507.176 -7.614 -4.203 
1704872507.276 -7.651 -4.171 
1704872507.376 -7.698 -4.097 
1704872507.476 -7.745 -4.027 
1704872507.577 -7.796 -3.974 
1704872507.677 -7.841 -3.939 
1704872507.777 -7.881 -3.906 
1704872507.876 -7.913 -3.823 
1704872507.976 -7.937 -3.765 
1704872508.078 -7.966 -3.759 
1704872508.178 -7.988 -3.738 
1704872508.278 -8.007 -3.665 
1704872508.379 -8.025 -3.570 
1704872508.480 -8.043 -3.488 
1704872508.579 -8.054 -3.410 
1704872508.679 -8.060 -3.336 
1704872508.779 -8.056 -3.271 
1704872508.879 -8.045 -3.216 
1704872508.980 -8.036 -3.162 
1704872509.079 -8.036 -3.094 
1704872509.179 -8.037 -3.016 
1704872509.280 -8.035 -2.940 
1704872509.380 -8.034 -2.868 
1704872509.480 -8.033 -2.792 
1704872509.584 -8.030 -2.713 
1704872509.680 -8.030 -2.642 
1704872509.780 -8.033 -2.563 
1704872509.884 -8.033 -2.483 
1704872509.981 -8.034 -2.406 
1704872510.080 -8.034 -2.334 
1704872510.180 -8.037 -2.240 
1704872510.283 -8.038 -2.128 
1704872510.381 -8.042 -2.020 
1704872510.482 -8.048 -1.911 
1704872510.581 -8.054 -1.807 
1704872510.682 -8.058 -1.705 
1704872510.783 -8.063 -1.605 
1704872510.883 -8.069 -1.506 
1704872510.983 -8.080 -1.448 
1704872511.083 -8.079 -1.393 
1704872511.183 -8.075 -1.313 
1704872511.284 -8.076 -1.232 
1704872511.384 -8.075 -1.152 
1704872511.484 -8.076 -1.076 
1704872511.584 -8.078 -1.001 
1704872511.684 -8.080 -0.923 
1704872511.784 -8.081 -0.846 
1704872511.884 -8.083 -0.767 
1704872511.985 -8.085 -0.689 
1704872512.084 -8.088 -0.613 
1704872512.185 -8.093 -0.536 
1704872512.285 -8.098 -0.458 
1704872512.385 -8.097 -0.367 
1704872512.486 -8.104 -0.289 
1704872512.586 -8.112 -0.212 
1704872512.686 -8.120 -0.136 
1704872512.790 -8.130 -0.040 
1704872512.888 -8.144 0.075 
1704872512.987 -8.153 0.167 
1704872513.087 -8.149 0.234 
1704872513.189 -8.135 0.296 
1704872513.288 -8.115 0.379 
1704872513.387 -8.098 0.477 
1704872513.487 -8.093 0.545 
1704872513.589 -8.097 0.565 
1704872513.689 -8.086 0.541 
1704872513.789 -8.059 0.516 
1704872513.889 -7.968 0.531 
1704872513.990 -7.897 0.566 
1704872514.092 -7.858 0.620 
1704872514.190 -7.807 0.655 
1704872514.291 -7.719 0.662 
1704872514.391 -7.610 0.663 
1704872514.490 -7.503 0.669 
1704872514.590 -7.438 0.687 
1704872514.690 -7.374 0.696 
1704872514.790 -7.278 0.714 
1704872514.890 -7.157 0.741 
1704872514.991 -7.035 0.769 
1704872515.090 -6.924 0.800 
1704872515.191 -6.810 0.829 
1704872515.290 -6.698 0.860 
1704872515.391 -6.597 0.906 
1704872515.491 -6.508 0.966 
1704872515.591 -6.394 1.026 
1704872515.691 -6.271 1.087 
1704872515.792 -6.164 1.157 
1704872515.892 -6.065 1.231 
1704872515.992 -5.982 1.317 
1704872516.092 -5.922 1.411 
1704872516.192 -5.861 1.506 
1704872516.292 -5.781 1.606 
1704872516.392 -5.709 1.698 
1704872516.492 -5.659 1.802 
1704872516.593 -5.623 1.915 
1704872516.692 -5.590 2.027 
1704872516.792 -5.560 2.141 
1704872516.892 -5.532 2.257 
1704872516.994 -5.506 2.375 
1704872517.099 -5.474 2.493 
1704872517.195 -5.440 2.598 
1704872517.294 -5.407 2.708 
1704872517.395 -5.364 2.820 
1704872517.496 -5.311 2.932 
1704872517.595 -5.254 3.036 
1704872517.696 -5.190 3.137 
1704872517.794 -5.117 3.226 
1704872517.895 -5.040 3.314 
1704872517.995 -4.966 3.400 
1704872518.096 -4.897 3.480 
1704872518.195 -4.822 3.554 
1704872518.296 -4.753 3.626 
1704872518.396 -4.680 3.697 
1704872518.496 -4.600 3.772 
1704872518.595 -4.521 3.846 
1704872518.696 -4.437 3.919 
1704872518.796 -4.361 3.988 
1704872518.896 -4.282 4.059 
1704872518.997 -4.202 4.132 
1704872519.097 -4.125 4.211 
1704872519.196 -4.049 4.286 
1704872519.297 -3.972 4.361 
1704872519.397 -3.894 4.437 
1704872519.497 -3.812 4.510 
1704872519.598 -3.726 4.585 
1704872519.697 -3.651 4.654 
1704872519.797 -3.580 4.725 
1704872519.899 -3.504 4.799 
1704872519.998 -3.428 4.873 
1704872520.097 -3.350 4.948 
1704872520.197 -3.270 5.019 
1704872520.299 -3.183 5.094 
1704872520.398 -3.114 5.161 
1704872520.498 -3.045 5.234 
1704872520.598 -2.959 5.313 
1704872520.699 -2.882 5.384 
1704872520.799 -2.814 5.454 
1704872520.899 -2.742 5.531 
1704872520.999 -2.662 5.607 
1704872521.100 -2.579 5.683 
1704872521.200 -2.504 5.755 
1704872521.300 -2.433 5.827 
1704872521.400 -2.356 5.903 
1704872521.501 -2.281 5.977 
1704872521.601 -2.206 6.055 
1704872521.702 -2.130 6.131 
1704872521.801 -2.052 6.208 
1704872521.902 -1.976 6.285 
1704872522.002 -1.903 6.363 
1704872522.101 -1.827 6.441 
1704872522.202 -1.750 6.521 
1704872522.302 -1.672 6.594 
1704872522.402 -1.591 6.667 
1704872522.502 -1.507 6.740 
1704872522.603 -1.424 6.818 
1704872522.703 -1.350 6.895 
1704872522.802 -1.281 6.959 
1704872522.903 -1.196 7.017 
1704872523.003 -1.104 7.072 
1704872523.103 -1.017 7.126 
1704872523.203 -0.928 7.175 
1704872523.304 -0.848 7.228 
1704872523.403 -0.777 7.278 
1704872523.504 -0.701 7.323 
1704872523.604 -0.626 7.360 
1704872523.703 -0.547 7.382 
1704872523.805 -0.472 7.402 
1704872523.905 -0.375 7.434 
1704872524.004 -0.291 7.466 
1704872524.106 -0.209 7.488 
1704872524.205 -0.113 7.501 
1704872528.312 -0.039 7.469 
1704872528.412 -0.105 7.468 
1704872528.515 -0.262 7.479 
1704872528.615 -0.420 7.504 
1704872528.715 -0.548 7.492 
1704872528.815 -0.664 7.501 
1704872528.916 -0.785 7.540 
1704872529.016 -0.880 7.607 
1704872529.116 -0.952 7.689 
1704872529.216 -1.005 7.754 
1704872529.316 -1.056 7.812 
1704872529.416 -1.116 7.868 
1704872529.516 -1.197 7.926 
1704872529.616 -1.280 7.973 
1704872529.716 -1.348 8.009 
1704872529.817 -1.407 8.046 
1704872529.917 -1.452 8.090 
1704872530.017 -1.496 8.130 
1704872530.117 -1.592 8.148 
1704872530.218 -1.700 8.181 
1704872530.317 -1.778 8.209 
1704872530.417 -1.850 8.232 
1704872530.517 -1.941 8.252 
1704872530.617 -2.031 8.270 
1704872530.717 -2.123 8.292 
1704872530.819 -2.206 8.319 
1704872530.922 -2.296 8.345 
1704872531.019 -2.391 8.368 
1704872531.119 -2.492 8.401 
1704872531.218 -2.592 8.431 
1704872531.319 -2.654 8.465 
1704872531.419 -2.705 8.479 
1704872531.518 -2.773 8.494 
1704872531.618 -2.856 8.511 
1704872531.720 -2.967 8.510 
1704872531.819 -3.080 8.502 
1704872531.919 -3.184 8.498 
1704872532.020 -3.283 8.497 
1704872532.119 -3.367 8.496 
1704872532.219 -3.444 8.497 
1704872532.327 -3.491 8.505 
1704872532.422 -3.498 8.529 
1704872532.521 -3.490 8.562 
1704872532.620 -3.527 8.554 
1704872532.720 -3.625 8.462 
1704872532.820 -3.712 8.368 
1704872532.920 -3.790 8.284 
1704872533.020 -3.874 8.171 
1704872533.121 -3.960 8.053 
1704872533.226 -4.016 7.970 
1704872533.321 -4.056 7.895 
1704872533.421 -4.130 7.815 
1704872533.521 -4.229 7.728 
1704872533.621 -4.328 7.633 
1704872533.721 -4.429 7.535 
1704872533.821 -4.458 7.467 
1704872533.936 -4.489 7.398 
1704872534.027 -4.581 7.345 
1704872534.124 -4.736 7.317 
1704872534.223 -4.887 7.290 
1704872534.322 -5.005 7.262 
1704872534.423 -5.123 7.254 
1704872534.523 -5.230 7.242 
1704872534.625 -5.318 7.222 
1704872534.725 -5.401 7.200 
1704872534.827 -5.521 7.210 
1704872534.925 -5.639 7.217 
1704872535.025 -5.758 7.234 
1704872535.126 -5.866 7.298 
1704872536.730 -5.991 7.197 
1704872536.735 -5.992 7.196 
1704872536.831 -6.081 7.203 
1704872536.932 -6.206 7.243 
1704872537.032 -6.319 7.284 
1704872537.133 -6.419 7.311 
1704872537.233 -6.525 7.326 
1704872537.334 -6.640 7.350 
1704872537.433 -6.760 7.369 
1704872537.533 -6.878 7.378 
1704872537.634 -6.993 7.381 
1704872537.733 -7.094 7.389 
1704872537.834 -7.206 7.380 
1704872537.935 -7.324 7.351 
1704872538.033 -7.402 7.353 
1704872538.133 -7.475 7.353 
1704872538.234 -7.549 7.348 
1704872538.334 -7.627 7.330 
1704872538.434 -7.709 7.289 
1704872538.534 -7.788 7.254 
1704872538.635 -7.865 7.221 
1704872538.735 -7.951 7.168 
1704872538.834 -8.028 7.113 
1704872538.952 -8.105 7.059 
1704872539.045 -8.164 7.032 
1704872539.138 -8.219 6.994 
1704872542.542 -8.079 6.572 
1704872542.543 -8.079 6.572 
1704872542.644 -8.057 6.567 
1704872542.744 -7.994 6.526 
1704872542.845 -7.894 6.441 
1704872542.944 -7.795 6.361 
1704872543.043 -7.699 6.288 
1704872543.144 -7.605 6.215 
1704872543.244 -7.512 6.140 
1704872543.344 -7.415 6.062 
1704872543.447 -7.322 5.983 
1704872543.546 -7.233 5.908 
1704872543.646 -7.141 5.829 
1704872543.746 -7.053 5.746 
1704872543.847 -6.971 5.672 
1704872543.946 -6.894 5.602 
1704872544.046 -6.821 5.540 
1704872544.146 -6.749 5.474 
1704872544.246 -6.682 5.404 
1704872544.347 -6.614 5.331 
1704872544.446 -6.540 5.258 
1704872544.547 -6.469 5.184 
1704872544.646 -6.404 5.108 
1704872544.747 -6.341 5.030 
1704872544.847 -6.280 4.949 
1704872544.947 -6.216 4.867 
1704872545.047 -6.156 4.791 
1704872545.147 -6.099 4.725 
1704872545.247 -6.040 4.654 
1704872545.347 -5.978 4.564 
1704872545.447 -5.913 4.467 
1704872545.548 -5.853 4.381 
1704872545.648 -5.808 4.305 
1704872545.749 -5.764 4.226 
1704872545.848 -5.713 4.140 
1704872545.948 -5.662 4.050 
1704872546.049 -5.616 3.958 
1704872546.148 -5.577 3.865 
1704872546.249 -5.540 3.778 
1704872546.349 -5.506 3.692 
1704872546.449 -5.474 3.594 
1704872546.550 -5.450 3.502 
1704872546.650 -5.431 3.413 
1704872546.750 -5.413 3.321 
1704872546.852 -5.387 3.236 
1704872546.951 -5.369 3.152 
1704872547.053 -5.364 3.063 
1704872547.152 -5.352 2.991 
1704872547.252 -5.347 2.911 
1704872547.351 -5.370 2.813 
1704872547.452 -5.395 2.716 
1704872547.552 -5.417 2.630 
1704872547.652 -5.424 2.564 
1704872547.756 -5.433 2.491 
1704872547.855 -5.471 2.401 
1704872547.955 -5.503 2.316 
1704872548.056 -5.527 2.239 
1704872548.157 -5.559 2.158 
1704872548.256 -5.610 2.079 
1704872548.356 -5.661 2.005 
1704872548.458 -5.712 1.933 
1704872548.557 -5.760 1.861 
1704872548.658 -5.813 1.786 
1704872548.757 -5.877 1.711 
1704872548.859 -5.947 1.629 
1704872548.959 -6.008 1.553 
1704872549.058 -6.067 1.484 
1704872549.158 -6.139 1.407 
1704872549.263 -6.214 1.327 
1704872549.361 -6.287 1.244 
1704872549.460 -6.358 1.162 
1704872549.559 -6.428 1.085 
1704872549.660 -6.503 1.012 
1704872549.760 -6.578 0.939 
1704872549.860 -6.658 0.848 
1704872549.959 -6.732 0.761 
1704872550.060 -6.804 0.680 
1704872550.161 -6.874 0.605 
1704872550.260 -6.947 0.530 
1704872550.360 -7.021 0.446 
1704872550.463 -7.098 0.358 
1704872550.560 -7.159 0.279 
1704872550.662 -7.221 0.206 
1704872550.761 -7.279 0.134 
1704872550.861 -7.338 0.050 
1704872550.962 -7.399 -0.040 
1704872551.061 -7.455 -0.105 
1704872551.161 -7.509 -0.171 
1704872551.264 -7.557 -0.256 
1704872551.363 -7.599 -0.342 
1704872551.466 -7.638 -0.421 
1704872551.564 -7.680 -0.488 
1704872551.663 -7.727 -0.563 
1704872551.764 -7.770 -0.635 
1704872551.865 -7.801 -0.707 
1704872551.964 -7.831 -0.779 
1704872552.064 -7.859 -0.854 
1704872552.165 -7.888 -0.933 
1704872552.265 -7.918 -1.013 
1704872552.364 -7.946 -1.088 
1704872552.467 -7.981 -1.151 
1704872552.567 -8.005 -1.214 
1704872552.668 -8.023 -1.288 
1704872552.767 -8.041 -1.362 
1704872552.867 -8.058 -1.439 
1704872552.967 -8.075 -1.512 
1704872553.067 -8.090 -1.585 
1704872553.168 -8.117 -1.685 
1704872553.267 -8.135 -1.793 
1704872553.368 -8.153 -1.896 
1704872553.467 -8.171 -1.995 
1704872553.568 -8.179 -2.086 
1704872553.668 -8.187 -2.182 
1704872553.769 -8.195 -2.280 
1704872553.868 -8.206 -2.377 
1704872553.969 -8.214 -2.479 
1704872554.068 -8.223 -2.574 
1704872554.168 -8.226 -2.670 
1704872554.271 -8.226 -2.769 
1704872554.369 -8.227 -2.864 
1704872554.470 -8.225 -2.962 
1704872554.571 -8.224 -3.060 
1704872554.672 -8.223 -3.155 
1704872554.771 -8.212 -3.249 
1704872554.871 -8.203 -3.345 
1704872554.972 -8.197 -3.443 
1704872555.071 -8.192 -3.539 
1704872555.172 -8.185 -3.632 
1704872555.272 -8.166 -3.732 
1704872555.372 -8.148 -3.824 
1704872555.473 -8.131 -3.916 
1704872555.573 -8.116 -4.004 
1704872555.676 -8.105 -4.088 
1704872555.775 -8.081 -4.179 
1704872555.876 -8.039 -4.281 
1704872555.979 -7.995 -4.381 
1704872556.075 -7.969 -4.460 
1704872556.177 -7.950 -4.537 
1704872556.276 -7.928 -4.611 
1704872556.376 -7.884 -4.697 
1704872556.476 -7.831 -4.779 
1704872556.576 -7.780 -4.851 
1704872556.677 -7.749 -4.914 
1704872556.776 -7.713 -4.995 
1704872556.876 -7.665 -5.086 
1704872556.977 -7.614 -5.168 
1704872557.078 -7.567 -5.235 
1704872557.178 -7.530 -5.289 
1704872557.278 -7.491 -5.347 
1704872557.379 -7.450 -5.409 
1704872557.478 -7.392 -5.472 
1704872557.579 -7.313 -5.540 
1704872557.679 -7.254 -5.601 
1704872557.779 -7.201 -5.656 
1704872557.879 -7.141 -5.705 
1704872557.979 -7.073 -5.754 
1704872558.079 -7.011 -5.802 
1704872558.179 -6.946 -5.854 
1704872558.279 -6.888 -5.910 
1704872558.379 -6.826 -5.967 
1704872558.480 -6.748 -6.020 
1704872558.580 -6.675 -6.068 
1704872558.681 -6.610 -6.114 
1704872558.780 -6.542 -6.145 
1704872558.880 -6.466 -6.183 
1704872558.981 -6.387 -6.226 
1704872559.081 -6.308 -6.271 
1704872559.181 -6.231 -6.316 
1704872559.281 -6.153 -6.359 
1704872559.381 -6.082 -6.400 
1704872559.481 -6.004 -6.434 
1704872559.581 -5.913 -6.466 
1704872559.683 -5.822 -6.499 
1704872559.783 -5.732 -6.531 
1704872559.883 -5.650 -6.558 
1704872559.983 -5.563 -6.587 
1704872560.083 -5.481 -6.614 
1704872560.182 -5.390 -6.642 
1704872560.283 -5.298 -6.671 
1704872560.383 -5.208 -6.695 
1704872560.485 -5.115 -6.720 
1704872560.583 -5.025 -6.748 
1704872560.683 -4.934 -6.777 
1704872560.785 -4.840 -6.802 
1704872560.885 -4.750 -6.824 
1704872560.984 -4.655 -6.845 
1704872561.083 -4.555 -6.867 
1704872561.185 -4.456 -6.887 
1704872561.285 -4.367 -6.908 
1704872561.386 -4.269 -6.925 
1704872561.487 -4.171 -6.942 
1704872561.586 -4.072 -6.958 
1704872561.685 -3.971 -6.974 
1704872561.789 -3.877 -6.992 
1704872561.888 -3.781 -7.003 
1704872561.988 -3.682 -7.014 
1704872562.088 -3.586 -7.026 
1704872562.188 -3.490 -7.041 
1704872562.288 -3.398 -7.057 
1704872562.388 -3.304 -7.064 
1704872562.489 -3.207 -7.067 
1704872562.589 -3.109 -7.069 
1704872562.689 -3.010 -7.075 
1704872562.789 -2.909 -7.079 
1704872562.888 -2.819 -7.082 
1704872562.989 -2.722 -7.075 
1704872563.089 -2.626 -7.067 
1704872563.190 -2.531 -7.059 
1704872563.289 -2.436 -7.056 
1704872563.390 -2.336 -7.049 
1704872563.489 -2.244 -7.045 
1704872563.589 -2.148 -7.037 
1704872563.690 -2.052 -7.022 
1704872563.791 -1.955 -6.998 
1704872563.889 -1.868 -6.973 
1704872563.990 -1.775 -6.947 
1704872564.090 -1.683 -6.928 
1704872564.192 -1.588 -6.900 
1704872564.291 -1.494 -6.866 
1704872564.391 -1.401 -6.832 
1704872564.491 -1.310 -6.796 
1704872564.590 -1.256 -6.774 
1704872564.692 -1.206 -6.746 
1704872564.792 -1.136 -6.712 
1704872564.892 -1.063 -6.678 
1704872564.992 -0.987 -6.645 
1704872565.498 -0.940 -6.628 
1704872565.498 -0.940 -6.628 
1704872565.600 -0.871 -6.656 
1704872565.707 -0.795 -6.667 
1704872565.802 -0.695 -6.625 
1704872565.902 -0.593 -6.565 
1704872566.001 -0.492 -6.516 
1704872566.101 -0.386 -6.461 
1704872566.202 -0.274 -6.403 
1704872566.301 -0.163 -6.352 
1704872566.401 -0.053 -6.307 
1704872566.501 0.051 -6.257 
1704872566.602 0.138 -6.213 
1704872566.701 0.218 -6.176 
1704872566.802 0.314 -6.140 
1704872566.902 0.426 -6.103 
1704872567.002 0.536 -6.088 
1704872567.102 0.628 -6.075 
1704872567.202 0.736 -6.079 
1704872567.302 0.859 -6.076 
1704872567.402 0.974 -6.072 
1704872567.502 1.074 -6.079 
1704872567.602 1.178 -6.107 
1704872567.703 1.288 -6.142 
1704872567.803 1.394 -6.169 
1704872567.904 1.501 -6.201 
1704872568.002 1.603 -6.231 
1704872568.104 1.703 -6.267 
1704872568.204 1.799 -6.308 
1704872568.304 1.894 -6.352 
1704872568.405 1.986 -6.394 
1704872568.505 2.072 -6.428 
1704872568.605 2.157 -6.460 
1704872568.704 2.238 -6.492 
1704872568.805 2.312 -6.525 
1704872568.906 2.389 -6.557 
1704872569.006 2.457 -6.587 
1704872569.106 2.521 -6.612 
1704872569.206 2.605 -6.641 
1704872569.306 2.702 -6.669 
1704872569.406 2.800 -6.689 
1704872569.507 2.892 -6.702 
1704872569.607 2.979 -6.710 
1704872569.707 3.056 -6.720 
1704872569.807 3.133 -6.743 
1704872569.907 3.193 -6.761 
1704872570.007 3.242 -6.778 
1704872570.108 3.277 -6.794 
1704872572.114 3.498 -6.854 
1704872572.216 3.522 -6.889 
1704872573.618 3.759 -6.870 
1704872573.719 3.728 -6.830 
1704872573.820 3.622 -6.753 
1704872573.919 3.543 -6.672 
1704872574.020 3.460 -6.581 
1704872574.120 3.352 -6.524 
1704872574.219 3.258 -6.486 
1704872574.320 3.159 -6.444 
1704872574.420 3.052 -6.404 
1704872574.520 2.943 -6.372 
1704872574.621 2.839 -6.333 
1704872574.721 2.724 -6.296 
1704872574.821 2.608 -6.262 
1704872574.922 2.490 -6.239 
1704872575.023 2.373 -6.214 
1704872575.123 2.257 -6.181 
1704872575.222 2.130 -6.162 
1704872575.323 2.034 -6.147 
1704872575.423 1.986 -6.131 
1704872575.524 1.934 -6.112 
1704872575.624 1.869 -6.100 
1704872575.724 1.780 -6.096 
1704872575.825 1.674 -6.092 
1704872575.924 1.576 -6.084 
1704872576.025 1.499 -6.084 
1704872576.125 1.426 -6.083 
1704872576.225 1.336 -6.085 
1704872576.329 1.232 -6.095 
1704872576.428 1.137 -6.098 
1704872576.527 1.051 -6.097 
1704872576.627 0.964 -6.099 
1704872576.727 0.871 -6.104 
1704872576.829 0.774 -6.121 
1704872576.928 0.679 -6.139 
1704872577.028 0.583 -6.155 
1704872577.128 0.493 -6.165 
1704872577.228 0.397 -6.181 
1704872577.328 0.299 -6.204 
1704872577.428 0.202 -6.233 
1704872577.528 0.109 -6.257 
1704872577.628 0.017 -6.285 
1704872577.728 -0.078 -6.315 
1704872577.829 -0.171 -6.347 
1704872577.929 -0.264 -6.382 
1704872578.029 -0.359 -6.418 
1704872578.130 -0.451 -6.454 
1704872578.230 -0.535 -6.489 
1704872578.330 -0.621 -6.525 
1704872578.431 -0.704 -6.565 
1704872578.530 -0.788 -6.605 
1704872578.630 -0.873 -6.644 
1704872578.731 -0.961 -6.681 
1704872578.833 -1.045 -6.720 
1704872578.932 -1.129 -6.764 
1704872579.031 -1.208 -6.806 
1704872579.131 -1.287 -6.847 
1704872579.232 -1.369 -6.894 
1704872579.332 -1.452 -6.939 
1704872579.432 -1.530 -6.979 
1704872579.532 -1.606 -7.020 
1704872579.633 -1.683 -7.062 
1704872579.733 -1.757 -7.104 
1704872579.834 -1.829 -7.149 
1704872579.933 -1.900 -7.193 
1704872580.033 -1.970 -7.235 
1704872580.133 -2.041 -7.279 
1704872580.233 -2.111 -7.322 
1704872580.334 -2.180 -7.366 
1704872580.434 -2.248 -7.410 
1704872580.534 -2.315 -7.454 
1704872580.635 -2.381 -7.498 
1704872580.735 -2.453 -7.542 
1704872580.835 -2.522 -7.583 
1704872580.934 -2.590 -7.621 
1704872581.036 -2.648 -7.658 
1704872581.135 -2.711 -7.697 
1704872581.235 -2.778 -7.735 
1704872581.336 -2.841 -7.771 
1704872581.437 -2.929 -7.829 
1704872581.538 -3.022 -7.888 
1704872581.637 -3.111 -7.933 
1704872581.739 -3.190 -7.973 
1704872581.837 -3.264 -8.008 
1704872581.938 -3.364 -8.056 
1704872582.038 -3.450 -8.110 
1704872582.139 -3.532 -8.161 
1704872582.239 -3.607 -8.204 
1704872582.338 -3.682 -8.245 
1704872582.438 -3.768 -8.276 
1704872582.539 -3.857 -8.301 
1704872582.639 -3.941 -8.323 
1704872582.740 -4.022 -8.346 
1704872582.840 -4.107 -8.372 
1704872582.939 -4.198 -8.393 
1704872583.040 -4.294 -8.407 
1704872583.141 -4.383 -8.424 
1704872583.243 -4.470 -8.443 
1704872583.341 -4.551 -8.464 
1704872583.441 -4.639 -8.481 
1704872583.541 -4.730 -8.491 
1704872583.644 -4.824 -8.498 
1704872583.742 -4.912 -8.510 
1704872583.842 -5.003 -8.522 
1704872583.942 -5.095 -8.540 
1704872584.042 -5.187 -8.551 
1704872584.142 -5.278 -8.558 
1704872584.243 -5.369 -8.565 
1704872584.343 -5.462 -8.571 
1704872584.446 -5.556 -8.573 
1704872584.545 -5.650 -8.576 
1704872584.646 -5.745 -8.578 
1704872584.749 -5.840 -8.579 
1704872584.849 -5.935 -8.580 
1704872584.950 -6.031 -8.579 
1704872585.050 -6.127 -8.578 
1704872585.150 -6.220 -8.575 
1704872585.251 -6.317 -8.571 
1704872585.350 -6.414 -8.568 
1704872585.451 -6.515 -8.564 
1704872585.551 -6.612 -8.560 
1704872585.652 -6.714 -8.556 
1704872585.753 -6.814 -8.552 
1704872585.852 -6.913 -8.547 
1704872585.952 -6.976 -8.541 
1704872586.055 -7.038 -8.542 
1704872590.766 -7.109 -8.695 
1704872590.767 -7.109 -8.695 
1704872590.866 -7.030 -8.704 
1704872590.966 -6.914 -8.714 
1704872591.066 -6.803 -8.733 
1704872591.166 -6.688 -8.737 
1704872591.267 -6.558 -8.714 
1704872591.367 -6.459 -8.684 
1704872591.475 -6.361 -8.669 
1704872591.573 -6.287 -8.668 
1704872591.672 -6.230 -8.673 
1704872591.772 -6.157 -8.663 
1704872591.872 -6.075 -8.657 
1704872591.972 -5.995 -8.648 
1704872592.073 -5.920 -8.639 
1704872592.172 -5.850 -8.627 
1704872592.272 -5.775 -8.615 
1704872592.373 -5.700 -8.603 
1704872592.472 -5.625 -8.591 
1704872592.573 -5.548 -8.581 
1704872592.672 -5.476 -8.570 
1704872592.773 -5.400 -8.557 
1704872592.873 -5.325 -8.544 
1704872592.973 -5.251 -8.531 
1704872593.075 -5.176 -8.518 
1704872593.179 -5.101 -8.505 
1704872593.277 -5.026 -8.492 
1704872593.376 -4.952 -8.479 
1704872593.476 -4.877 -8.466 
1704872593.580 -4.802 -8.450 
1704872593.680 -4.731 -8.438 
1704872593.779 -4.659 -8.429 
1704872593.879 -4.583 -8.417 
1704872593.980 -4.508 -8.406 
1704872594.079 -4.434 -8.395 
1704872594.179 -4.359 -8.383 
1704872594.280 -4.282 -8.371 
1704872594.380 -4.201 -8.354 
1704872594.481 -4.127 -8.339 
1704872594.580 -4.061 -8.331 
1704872594.680 -3.986 -8.322 
1704872594.781 -3.908 -8.310 
1704872594.881 -3.831 -8.295 
1704872594.981 -3.753 -8.277 
1704872595.082 -3.681 -8.262 
1704872595.181 -3.609 -8.251 
1704872595.281 -3.531 -8.237 
1704872595.381 -3.454 -8.222 
1704872595.481 -3.382 -8.208 
1704872595.581 -3.311 -8.199 
1704872595.681 -3.236 -8.186 
1704872595.782 -3.163 -8.175 
1704872595.882 -3.086 -8.161 
1704872595.982 -3.007 -8.148 
1704872596.081 -2.934 -8.133 
1704872596.183 -2.858 -8.122 
1704872596.282 -2.783 -8.111 
1704872596.382 -2.707 -8.099 
1704872596.483 -2.634 -8.089 
1704872596.582 -2.559 -8.078 
1704872596.684 -2.481 -8.067 
1704872596.783 -2.408 -8.053 
1704872596.884 -2.331 -8.041 
1704872596.984 -2.256 -8.031 
1704872597.084 -2.182 -8.021 
1704872597.183 -2.106 -8.011 
1704872597.283 -2.020 -8.002 
1704872600.388 -1.286 -7.411 
1704872600.389 -1.286 -7.411 
1704872600.489 -1.300 -7.456 
1704872600.590 -1.325 -7.572 
1704872600.690 -1.345 -7.640 
1704872600.790 -1.296 -7.569 
1704872600.890 -1.232 -7.476 
1704872600.990 -1.170 -7.380 
1704872601.091 -1.139 -7.311 
1704872601.190 -1.113 -7.261 
1704872601.290 -1.046 -7.190 
1704872601.390 -0.990 -7.111 
1704872601.490 -0.933 -7.042 
1704872601.591 -0.863 -6.968 
1704872601.692 -0.833 -6.906 
1704872601.793 -0.800 -6.851 
1704872601.892 -0.764 -6.800 
1704872601.992 -0.707 -6.747 
1704872602.092 -0.628 -6.698 
1704872602.192 -0.548 -6.653 
1704872602.292 -0.460 -6.624 
1704872602.392 -0.373 -6.597 
1704872602.492 -0.283 -6.564 
1704872602.593 -0.194 -6.534 
1704872602.692 -0.107 -6.509 
1704872602.792 -0.017 -6.487 
1704872602.892 0.079 -6.467 
1704872602.994 0.184 -6.440 
1704872603.093 0.284 -6.416 
1704872603.194 0.384 -6.395 
1704872603.294 0.482 -6.385 
1704872603.393 0.585 -6.381 
1704872603.493 0.689 -6.375 
1704872603.594 0.786 -6.362 
1704872603.694 0.881 -6.348 
1704872603.794 0.977 -6.338 
1704872603.894 1.073 -6.333 
1704872603.995 1.170 -6.332 
1704872604.094 1.262 -6.339 
1704872604.194 1.348 -6.364 
1704872604.295 1.441 -6.395 
1704872604.394 1.530 -6.432 
1704872604.494 1.617 -6.456 
1704872604.595 1.704 -6.489 
1704872604.695 1.790 -6.531 
1704872604.795 1.877 -6.575 
1704872604.895 1.962 -6.632 
1704872604.996 2.047 -6.692 
1704872605.095 2.128 -6.741 
1704872605.196 2.204 -6.793 
1704872605.297 2.280 -6.852 
1704872605.396 2.353 -6.915 
1704872605.496 2.430 -6.982 
1704872605.597 2.510 -7.047 
1704872605.696 2.584 -7.106 
1704872605.797 2.659 -7.167 
1704872605.897 2.730 -7.223 
1704872605.997 2.805 -7.279 
1704872606.097 2.882 -7.329 
1704872606.199 2.950 -7.379 
1704872606.298 3.015 -7.430 
1704872606.398 3.079 -7.484 
1704872606.498 3.143 -7.538 
1704872606.599 3.206 -7.592 
1704872606.699 3.269 -7.646 
1704872606.800 3.331 -7.693 
1704872606.900 3.390 -7.740 
1704872607.000 3.452 -7.794 
1704872607.101 3.514 -7.846 
1704872607.201 3.577 -7.901 
1704872608.313 3.772 -7.841 
1704872608.314 3.772 -7.841 
1704872608.415 3.835 -7.835 
1704872608.514 3.962 -7.825 
1704872608.618 4.079 -7.823 
1704872608.716 4.158 -7.816 
1704872608.817 4.231 -7.810 
1704872608.917 4.308 -7.805 
1704872609.017 4.385 -7.801 
1704872609.117 4.461 -7.797 
1704872609.218 4.532 -7.790 
1704872609.317 4.608 -7.779 
1704872609.417 4.722 -7.769 
1704872609.517 4.840 -7.758 
1704872609.619 4.949 -7.747 
1704872609.719 5.037 -7.737 
1704872609.819 5.118 -7.725 
1704872609.920 5.212 -7.703 
1704872610.019 5.303 -7.685 
1704872610.120 5.397 -7.668 
1704872610.221 5.481 -7.646 
1704872610.321 5.561 -7.616 
1704872610.421 5.640 -7.591 
1704872610.521 5.716 -7.563 
1704872610.628 5.794 -7.533 
1704872610.724 5.868 -7.501 
1704872610.823 5.939 -7.468 
1704872610.922 6.007 -7.434 
1704872611.023 6.081 -7.397 
1704872611.123 6.152 -7.371 
1704872611.223 6.216 -7.341 
1704872611.323 6.274 -7.308 
1704872611.422 6.333 -7.276 
1704872611.522 6.391 -7.247 
1704872611.623 6.447 -7.218 
1704872611.724 6.501 -7.171 
1704872611.836 6.548 -7.116 
1704872611.928 6.585 -7.068 
1704872612.026 6.624 -7.010 
1704872612.125 6.665 -6.974 
1704872612.225 6.706 -6.943 
1704872612.324 6.750 -6.894 
1704872612.425 6.788 -6.837 
1704872612.525 6.817 -6.785 
1704872612.625 6.832 -6.724 
1704872612.724 6.843 -6.663 
1704872612.826 6.853 -6.602 
1704872612.925 6.861 -6.540 
1704872613.025 6.866 -6.476 
1704872613.125 6.871 -6.411 
1704872613.226 6.875 -6.345 
1704872613.326 6.879 -6.281 
1704872613.426 6.886 -6.215 
1704872613.526 6.890 -6.138 
1704872613.626 6.888 -6.053 
1704872613.727 6.889 -5.973 
1704872613.827 6.891 -5.894 
1704872613.928 6.892 -5.811 
1704872614.028 6.888 -5.721 
1704872614.129 6.889 -5.630 
1704872614.230 6.889 -5.535 
1704872614.330 6.890 -5.439 
1704872614.430 6.889 -5.344 
1704872614.529 6.888 -5.242 
1704872614.630 6.895 -5.178 
1704872614.729 6.891 -5.114 
1704872614.830 6.886 -5.032 
1704872614.931 6.884 -4.948 
1704872615.030 6.882 -4.866 
1704872615.131 6.882 -4.782 
1704872615.231 6.882 -4.699 
1704872615.330 6.883 -4.614 
1704872615.430 6.882 -4.520 
1704872615.531 6.883 -4.430 
1704872615.631 6.885 -4.341 
1704872615.730 6.890 -4.251 
1704872615.831 6.895 -4.160 
1704872615.933 6.901 -4.064 
1704872616.032 6.905 -3.965 
1704872616.132 6.911 -3.869 
1704872616.233 6.918 -3.771 
1704872616.333 6.932 -3.668 
1704872616.433 6.945 -3.566 
1704872616.533 6.956 -3.463 
1704872616.634 6.976 -3.357 
1704872616.734 6.992 -3.252 
1704872618.837 6.757 -3.225 
1704872618.838 6.757 -3.225 
1704872618.938 6.691 -3.208 
1704872619.039 6.570 -3.167 
1704872619.139 6.458 -3.121 
1704872619.239 6.351 -3.085 
1704872619.338 6.248 -3.057 
1704872619.438 6.157 -3.039 
1704872619.539 6.079 -3.033 
1704872619.639 6.023 -3.036 
1704872619.739 5.958 -3.037 
1704872619.839 5.884 -3.034 
1704872619.939 5.817 -3.023 
1704872620.040 5.747 -3.024 
1704872620.139 5.677 -3.028 
1704872620.240 5.605 -3.030 
1704872620.339 5.533 -3.031 
1704872620.439 5.459 -3.032 
1704872620.539 5.383 -3.033 
1704872620.639 5.308 -3.035 
1704872620.740 5.231 -3.038 
1704872620.840 5.153 -3.039 
1704872620.941 5.070 -3.039 
1704872621.040 4.999 -3.046 
1704872621.140 4.924 -3.049 
1704872621.241 4.837 -3.042 
1704872621.341 4.760 -3.038 
1704872621.441 4.681 -3.036 
1704872621.542 4.601 -3.030 
1704872621.642 4.524 -3.023 
1704872621.743 4.449 -3.018 
1704872621.843 4.371 -3.012 
1704872621.944 4.295 -3.001 
1704872622.044 4.218 -2.991 
1704872622.144 4.142 -2.983 
1704872622.244 4.067 -2.975 
1704872622.345 3.998 -2.970 
1704872622.446 3.902 -2.955 
1704872622.546 3.803 -2.937 
1704872622.646 3.686 -2.942 
1704872622.746 3.576 -2.941 
1704872622.847 3.494 -2.943 
1704872622.949 3.410 -2.945 
1704872623.047 3.308 -2.953 
1704872623.147 3.209 -2.960 
1704872623.247 3.115 -2.967 
1704872623.347 3.025 -2.970 
1704872623.448 2.928 -2.967 
1704872623.548 2.813 -2.969 
1704872623.647 2.707 -2.967 
1704872623.749 2.612 -2.972 
1704872623.853 2.519 -2.977 
1704872623.947 2.426 -2.976 
1704872624.048 2.312 -2.973 
1704872624.147 2.205 -2.964 
1704872624.248 2.108 -2.962 
1704872624.348 2.011 -2.959 
1704872624.448 1.912 -2.954 
1704872624.548 1.818 -2.949 
1704872624.649 1.723 -2.943 
1704872624.748 1.627 -2.939 
1704872624.850 1.525 -2.932 
1704872624.949 1.431 -2.926 
1704872625.049 1.337 -2.917 
1704872625.150 1.244 -2.908 
1704872625.251 1.156 -2.898 
1704872625.351 1.065 -2.889 
1704872625.451 0.979 -2.881 
1704872625.551 0.891 -2.873 
1704872625.651 0.804 -2.867 
1704872625.752 0.719 -2.859 
1704872625.852 0.637 -2.852 
1704872625.952 0.551 -2.848 
1704872626.052 0.463 -2.844 
1704872626.152 0.375 -2.842 
1704872626.252 0.287 -2.840 
1704872626.352 0.196 -2.835 
1704872626.453 0.104 -2.831 
1704872626.552 0.011 -2.827 
1704872626.653 -0.085 -2.823 
1704872626.753 -0.184 -2.820 
1704872626.853 -0.286 -2.819 
1704872626.953 -0.388 -2.818 
1704872627.052 -0.484 -2.819 
1704872627.154 -0.543 -2.818 
1704872627.254 -0.595 -2.811 
1704872627.355 -0.676 -2.808 
1704872627.454 -0.773 -2.816 
1704872627.554 -0.862 -2.825 
1704872627.654 -0.926 -2.809 
1704872627.755 -0.994 -2.797 
1704872627.853 -1.073 -2.805 
1704872627.955 -1.172 -2.825 
1704872628.056 -1.273 -2.847 
1704872628.155 -1.373 -2.868 
1704872628.254 -1.444 -2.863 
1704872628.355 -1.515 -2.858 
1704872628.455 -1.600 -2.875 
1704872628.555 -1.713 -2.915 
1704872628.654 -1.824 -2.959 
1704872628.755 -1.929 -3.005 
1704872628.855 -2.026 -3.048 
1704872628.955 -2.122 -3.082 
1704872629.055 -2.177 -3.066 
1704872629.155 -2.230 -3.063 
1704872629.260 -2.294 -3.104 
1704872629.356 -2.426 -3.155 
1704872629.456 -2.557 -3.220 
1704872629.558 -2.642 -3.278 
1704872629.656 -2.727 -3.312 
1704872629.759 -2.837 -3.320 
1704872629.858 -2.940 -3.331 
1704872629.957 -3.055 -3.336 
1704872630.057 -3.168 -3.342 
1704872630.156 -3.271 -3.347 
1704872630.257 -3.373 -3.344 
1704872630.357 -3.482 -3.335 
1704872630.457 -3.598 -3.297 
1704872630.557 -3.705 -3.259 
1704872630.657 -3.810 -3.229 
1704872630.757 -3.921 -3.184 
1704872630.857 -4.028 -3.132 
1704872630.957 -4.129 -3.091 
1704872631.058 -4.232 -3.040 
1704872631.158 -4.334 -2.974 
1704872631.257 -4.429 -2.919 
1704872631.358 -4.524 -2.854 
1704872631.458 -4.613 -2.782 
1704872631.558 -4.691 -2.697 
1704872631.660 -4.765 -2.605 
1704872631.760 -4.844 -2.536 
1704872631.859 -4.929 -2.461 
1704872631.959 -5.004 -2.371 
1704872632.058 -5.068 -2.278 
1704872632.159 -5.119 -2.187 
1704872632.260 -5.150 -2.085 
1704872632.360 -5.158 -1.974 
1704872632.461 -5.176 -1.873 
1704872632.560 -5.190 -1.768 
1704872632.661 -5.176 -1.649 
1704872632.762 -5.163 -1.531 
1704872632.861 -5.146 -1.427 
1704872632.961 -5.097 -1.319 
1704872633.062 -5.061 -1.229 
1704872633.161 -5.026 -1.147 
1704872633.262 -4.972 -1.062 
1704872633.362 -4.894 -0.985 
1704872633.462 -4.802 -0.914 
1704872633.562 -4.714 -0.833 
1704872633.663 -4.629 -0.748 
1704872633.765 -4.531 -0.666 
1704872633.864 -4.437 -0.586 
1704872633.964 -4.351 -0.513 
1704872634.065 -4.257 -0.452 
1704872634.165 -4.161 -0.387 
1704872634.265 -4.064 -0.318 
1704872634.365 -3.971 -0.248 
1704872634.465 -3.872 -0.179 
1704872634.565 -3.774 -0.107 
1704872634.665 -3.673 -0.030 
1704872634.765 -3.575 0.038 
1704872634.866 -3.477 0.107 
1704872634.965 -3.380 0.176 
1704872635.065 -3.281 0.246 
1704872635.165 -3.183 0.316 
1704872635.265 -3.085 0.387 
1704872635.367 -2.986 0.457 
1704872635.466 -2.888 0.526 
1704872635.566 -2.789 0.593 
1704872635.666 -2.691 0.660 
1704872635.767 -2.593 0.727 
1704872635.867 -2.496 0.795 
1704872635.966 -2.394 0.862 
1704872636.067 -2.293 0.930 
1704872636.168 -2.190 0.998 
1704872636.268 -2.091 1.064 
1704872636.368 -1.991 1.132 
1704872636.468 -1.894 1.198 
1704872636.568 -1.797 1.265 
1704872636.668 -1.698 1.332 
1704872636.767 -1.600 1.400 
1704872636.868 -1.500 1.471 
1704872636.968 -1.403 1.543 
1704872637.068 -1.305 1.614 
1704872637.169 -1.210 1.681 
1704872637.269 -1.127 1.747 
1704872637.370 -1.045 1.805 
1704872637.469 -0.972 1.858 
1704872637.569 -0.906 1.923 
1704872637.669 -0.844 1.996 
1704872637.770 -0.786 2.061 
1704872637.870 -0.734 2.127 
1704872637.970 -0.688 2.192 
1704872638.070 -0.647 2.244 
1704872638.170 -0.598 2.306 
1704872638.270 -0.545 2.393 
1704872638.371 -0.517 2.490 
1704872638.471 -0.513 2.573 
1704872638.571 -0.518 2.648 
1704872638.671 -0.537 2.723 
1704872638.771 -0.564 2.799 
1704872638.871 -0.587 2.873 
1704872638.971 -0.613 2.952 
1704872639.072 -0.639 3.033 
1704872639.172 -0.669 3.116 
1704872639.273 -0.684 3.180 
1704872639.372 -0.710 3.235 
1704872639.472 -0.743 3.308 
1704872639.573 -0.771 3.399 
1704872639.674 -0.799 3.476 
1704872639.773 -0.818 3.553 
1704872639.873 -0.830 3.641 
1704872639.974 -0.843 3.754 
1704872640.074 -0.861 3.864 
1704872640.174 -0.871 3.950 
1704872640.274 -0.877 4.035 
1704872640.374 -0.882 4.132 
1704872640.474 -0.885 4.235 
1704872640.575 -0.887 4.337 
1704872640.675 -0.891 4.434 
1704872640.775 -0.894 4.529 
1704872640.875 -0.895 4.633 
1704872640.981 -0.895 4.741 
1704872641.078 -0.894 4.856 
1704872641.176 -0.888 4.972 
1704872641.276 -0.879 5.089 
1704872641.381 -0.871 5.207 
1704872641.476 -0.866 5.309 
1704872641.576 -0.836 5.411 
1704872641.676 -0.794 5.528 
1704872641.777 -0.766 5.652 
1704872641.877 -0.734 5.766 
1704872641.977 -0.681 5.870 
1704872642.077 -0.613 5.974 
1704872642.177 -0.546 6.070 
1704872642.276 -0.476 6.165 
1704872642.377 -0.409 6.263 
1704872642.477 -0.339 6.357 
1704872642.578 -0.263 6.441 
1704872642.679 -0.188 6.522 
1704872642.779 -0.117 6.597 
1704872642.879 -0.050 6.674 
1704872642.981 0.017 6.752 
1704872643.081 0.086 6.827 
1704872643.181 0.154 6.903 
1704872643.280 0.219 6.979 
1704872643.381 0.282 7.052 
1704872643.481 0.347 7.122 
1704872643.581 0.412 7.182 
1704872643.681 0.480 7.243 
1704872643.781 0.547 7.301 
1704872643.882 0.612 7.362 
1704872643.981 0.675 7.422 
1704872644.082 0.733 7.488 
1704872644.183 0.798 7.554 
1704872644.282 0.859 7.615 
1704872644.384 0.920 7.672 
1704872644.482 0.977 7.727 
1704872644.582 1.039 7.788 
1704872644.682 1.100 7.847 
1704872644.782 1.159 7.905 
1704872644.883 1.217 7.962 
1704872644.983 1.272 8.020 
1704872645.083 1.328 8.084 
