1704872707.738 4.244 0.111 
1704872707.739 4.244 0.111 
1704872707.839 4.300 0.161 
1704872707.945 4.389 0.241 
1704872708.043 4.488 0.327 
1704872708.141 4.570 0.397 
1704872708.240 4.663 0.431 
1704872708.340 4.768 0.485 
1704872708.440 4.867 0.550 
1704872708.541 4.974 0.606 
1704872708.640 5.084 0.651 
1704872708.740 5.191 0.702 
1704872708.840 5.298 0.754 
1704872708.939 5.405 0.805 
1704872709.041 5.513 0.853 
1704872709.140 5.622 0.904 
1704872709.241 5.731 0.955 
1704872709.341 5.810 0.998 
1704872709.440 5.871 1.022 
1704872709.540 5.940 1.050 
1704872709.641 6.015 1.076 
1704872709.740 6.088 1.113 
1704872709.841 6.179 1.148 
1704872709.942 6.263 1.186 
1704872710.044 6.351 1.219 
1704872710.142 6.471 1.219 
1704872710.544 6.840 1.206 
1704872710.644 6.855 1.183 
1704872710.744 6.882 1.121 
1704872710.845 6.885 0.982 
1704872710.945 6.898 0.849 
1704872711.045 6.919 0.710 
1704872711.145 6.926 0.580 
1704872711.245 6.912 0.476 
1704872711.345 6.868 0.384 
1704872711.445 6.821 0.277 
1704872711.546 6.776 0.173 
1704872711.646 6.724 0.077 
1704872711.745 6.658 -0.027 
1704872711.846 6.597 -0.135 
1704872711.946 6.545 -0.229 
1704872712.049 6.504 -0.305 
1704872712.147 6.471 -0.374 
1704872712.247 6.428 -0.447 
1704872716.057 6.458 -0.469 
1704872716.057 6.458 -0.469 
1704872716.158 6.468 -0.457 
1704872716.257 6.539 -0.439 
1704872716.358 6.679 -0.436 
1704872716.459 6.823 -0.430 
1704872716.557 6.925 -0.431 
1704872716.658 7.024 -0.424 
1704872716.758 7.153 -0.403 
1704872716.857 7.276 -0.384 
1704872716.958 7.361 -0.362 
1704872717.058 7.400 -0.355 
1704872717.157 7.459 -0.340 
1704872717.258 7.537 -0.315 
1704872717.358 7.623 -0.276 
1704872717.458 7.695 -0.252 
1704872717.559 7.743 -0.230 
1704872717.659 7.788 -0.209 
1704872717.759 7.849 -0.176 
1704872717.860 7.933 -0.132 
1704872717.960 8.011 -0.099 
1704872718.060 8.069 -0.075 
1704872718.159 8.101 -0.077 
1704872718.259 8.107 -0.118 
1704872718.361 8.128 -0.132 
1704872718.464 8.173 -0.036 
1704872718.561 8.236 0.062 
1704872718.660 8.310 0.108 
1704872718.761 8.356 0.147 
1704872718.861 8.368 0.173 
1704872718.961 8.385 0.260 
1704872719.060 8.395 0.369 
1704872719.161 8.407 0.468 
1704872719.261 8.419 0.536 
1704872719.361 8.423 0.603 
1704872719.461 8.425 0.678 
1704872719.562 8.426 0.766 
1704872719.663 8.431 0.868 
1704872719.763 8.433 0.965 
1704872719.863 8.437 1.063 
1704872719.963 8.438 1.164 
1704872720.063 8.441 1.229 
1704872720.163 8.443 1.294 
1704872720.263 8.445 1.370 
1704872720.364 8.446 1.448 
1704872720.464 8.447 1.525 
1704872720.563 8.448 1.604 
1704872720.664 8.449 1.682 
1704872720.764 8.450 1.759 
1704872720.864 8.450 1.837 
1704872720.964 8.450 1.912 
1704872721.064 8.450 1.985 
1704872721.164 8.452 2.062 
1704872721.264 8.454 2.140 
1704872721.365 8.454 2.244 
1704872721.465 8.447 2.358 
1704872721.567 8.440 2.458 
1704872721.666 8.438 2.550 
1704872721.765 8.439 2.641 
1704872721.868 8.436 2.727 
1704872721.966 8.427 2.807 
1704872722.067 8.417 2.883 
1704872722.166 8.402 2.950 
1704872722.267 8.392 3.014 
1704872722.366 8.393 3.093 
1704872722.466 8.393 3.187 
1704872722.567 8.370 3.278 
1704872722.666 8.341 3.363 
1704872722.767 8.331 3.440 
1704872722.866 8.271 3.518 
1704872722.967 8.221 3.595 
1704872723.069 8.149 3.656 
1704872723.169 8.049 3.685 
1704872723.267 7.951 3.723 
1704872723.367 7.837 3.737 
1704872723.469 7.716 3.703 
1704872723.569 7.605 3.627 
1704872723.669 7.510 3.545 
1704872723.769 7.489 3.518 
1704872723.869 7.478 3.503 
1704872723.969 7.445 3.489 
1704872724.069 7.384 3.450 
1704872724.168 7.309 3.404 
1704872724.268 7.226 3.328 
1704872724.371 7.137 3.239 
1704872724.471 7.045 3.160 
1704872724.572 6.956 3.084 
1704872724.672 6.885 3.014 
1704872724.771 6.842 2.971 
1704872724.871 6.787 2.926 
1704872724.973 6.716 2.869 
1704872725.071 6.654 2.811 
1704872725.172 6.596 2.754 
1704872725.272 6.537 2.697 
1704872725.372 6.479 2.643 
1704872725.473 6.420 2.576 
1704872725.573 6.360 2.506 
1704872725.673 6.302 2.445 
1704872725.773 6.247 2.386 
1704872725.873 6.192 2.326 
1704872725.974 6.135 2.266 
1704872726.074 6.078 2.191 
1704872726.174 6.029 2.125 
1704872726.274 5.980 2.060 
1704872726.374 5.927 1.994 
1704872726.478 5.871 1.929 
1704872726.575 5.819 1.868 
1704872726.675 5.768 1.795 
1704872726.775 5.718 1.724 
1704872726.875 5.667 1.655 
1704872726.976 5.620 1.590 
1704872727.076 5.574 1.524 
1704872727.176 5.525 1.449 
1704872727.277 5.478 1.378 
1704872727.377 5.437 1.309 
1704872727.478 5.394 1.237 
1704872727.577 5.350 1.167 
1704872727.687 5.306 1.099 
1704872727.782 5.261 1.025 
1704872727.880 5.219 0.950 
1704872727.979 5.178 0.876 
1704872728.078 5.138 0.803 
1704872728.180 5.097 0.732 
1704872728.278 5.058 0.658 
1704872728.379 5.018 0.582 
1704872728.479 4.979 0.510 
1704872728.578 4.940 0.436 
1704872728.678 4.902 0.362 
1704872728.779 4.864 0.288 
1704872728.879 4.826 0.211 
1704872728.979 4.788 0.136 
1704872729.079 4.751 0.061 
1704872729.181 4.713 -0.016 
1704872729.280 4.677 -0.089 
1704872729.380 4.640 -0.164 
1704872729.480 4.603 -0.238 
1704872729.581 4.565 -0.319 
1704872729.683 4.529 -0.399 
1704872729.784 4.492 -0.483 
1704872731.793 4.564 -0.617 
1704872731.793 4.564 -0.617 
1704872731.901 4.523 -0.551 
1704872731.998 4.464 -0.489 
1704872732.097 4.358 -0.441 
1704872732.198 4.252 -0.394 
1704872732.299 4.137 -0.332 
1704872732.399 4.021 -0.271 
1704872732.498 3.922 -0.213 
1704872732.598 3.819 -0.154 
1704872732.698 3.724 -0.081 
1704872732.798 3.632 -0.011 
1704872732.899 3.550 0.039 
1704872732.998 3.507 0.067 
1704872733.098 3.484 0.107 
1704872733.199 3.470 0.156 
1704872733.300 3.456 0.198 
1704872733.400 3.437 0.244 
1704872733.501 3.421 0.293 
1704872733.601 3.411 0.340 
1704872733.701 3.407 0.387 
1704872733.801 3.404 0.432 
1704872733.900 3.394 0.499 
1704872734.001 3.375 0.566 
1704872734.101 3.354 0.621 
1704872734.201 3.331 0.658 
1704872734.303 3.331 0.705 
1704872734.402 3.351 0.757 
1704872734.502 3.377 0.817 
1704872734.601 3.397 0.886 
1704872734.703 3.401 0.941 
1704872734.804 3.402 0.966 
1704872734.903 3.411 0.982 
1704872735.004 3.433 0.987 
1704872735.103 3.468 1.020 
1704872735.203 3.519 1.072 
1704872735.303 3.565 1.122 
1704872735.403 3.595 1.166 
1704872735.504 3.629 1.215 
1704872735.603 3.670 1.260 
1704872735.703 3.713 1.305 
1704872735.803 3.755 1.354 
1704872735.904 3.800 1.406 
1704872736.003 3.843 1.455 
1704872736.105 3.881 1.504 
1704872736.204 3.909 1.542 
1704872736.304 3.936 1.557 
1704872736.404 3.987 1.573 
1704872736.504 4.047 1.596 
1704872736.604 4.104 1.625 
1704872736.705 4.158 1.653 
1704872736.804 4.213 1.677 
1704872736.905 4.272 1.700 
1704872737.005 4.339 1.722 
1704872737.105 4.412 1.740 
1704872737.205 4.485 1.756 
1704872737.306 4.548 1.771 
1704872737.405 4.608 1.784 
1704872737.505 4.667 1.789 
1704872737.605 4.721 1.779 
1704872737.705 4.783 1.761 
1704872737.807 4.853 1.754 
1704872737.906 4.933 1.753 
1704872738.006 5.001 1.754 
1704872738.107 5.039 1.783 
1704872742.616 5.295 1.706 
1704872742.617 5.295 1.706 
1704872742.719 5.337 1.770 
1704872742.818 5.401 1.881 
1704872742.918 5.464 1.959 
1704872743.019 5.547 2.038 
1704872743.119 5.640 2.131 
1704872743.218 5.730 2.223 
1704872743.319 5.813 2.309 
1704872743.419 5.887 2.400 
1704872743.519 5.962 2.494 
1704872743.620 6.038 2.591 
1704872743.719 6.116 2.683 
1704872743.820 6.191 2.777 
1704872743.920 6.263 2.871 
1704872744.020 6.330 2.968 
1704872744.120 6.393 3.056 
1704872744.220 6.449 3.116 
1704872744.320 6.494 3.184 
1704872744.420 6.537 3.258 
1704872744.520 6.584 3.341 
1704872744.621 6.632 3.416 
1704872744.721 6.672 3.487 
1704872744.821 6.713 3.564 
1704872744.922 6.758 3.636 
1704872745.021 6.791 3.709 
1704872745.121 6.823 3.787 
1704872745.222 6.850 3.863 
1704872745.322 6.875 3.940 
1704872745.422 6.903 4.017 
1704872745.522 6.926 4.090 
1704872745.622 6.950 4.159 
1704872745.722 6.986 4.256 
1704872745.823 7.015 4.377 
1704872745.924 7.039 4.465 
1704872746.023 7.064 4.561 
1704872746.123 7.085 4.651 
1704872746.223 7.107 4.740 
1704872746.323 7.129 4.828 
1704872746.423 7.151 4.910 
1704872746.523 7.176 4.991 
1704872746.623 7.199 5.070 
1704872746.723 7.223 5.145 
1704872746.824 7.247 5.220 
1704872746.925 7.268 5.297 
1704872747.023 7.282 5.362 
1704872747.125 7.308 5.423 
1704872747.224 7.333 5.475 
1704872747.325 7.358 5.529 
1704872747.425 7.388 5.582 
1704872747.526 7.484 5.651 
1704872747.624 7.573 5.711 
1704872747.725 7.601 5.722 
1704872747.826 7.614 5.717 
1704872747.926 7.642 5.710 
1704872748.026 7.727 5.725 
1704872748.126 7.822 5.741 
1704872748.226 7.838 5.774 
1704872748.326 7.792 5.823 
1704872748.426 7.756 5.846 
1704872748.526 7.791 5.777 
1704872748.626 7.849 5.653 
1704872748.728 7.891 5.553 
1704872748.827 7.942 5.517 
1704872748.927 7.972 5.499 
1704872749.027 8.002 5.460 
1704872749.127 8.037 5.384 
1704872749.228 8.069 5.318 
1704872749.328 8.095 5.276 
1704872749.428 8.118 5.239 
1704872749.530 8.138 5.176 
1704872749.630 8.163 5.100 
1704872749.730 8.195 5.029 
1704872749.829 8.226 4.955 
1704872749.929 8.257 4.879 
1704872750.036 8.287 4.799 
1704872750.136 8.306 4.714 
1704872750.235 8.313 4.625 
1704872750.337 8.318 4.538 
1704872750.436 8.324 4.459 
1704872750.535 8.328 4.371 
1704872750.636 8.334 4.261 
1704872750.736 8.339 4.157 
1704872750.836 8.348 4.067 
1704872750.935 8.355 3.999 
1704872751.035 8.362 3.939 
1704872751.135 8.369 3.887 
1704872751.236 8.372 3.817 
1704872751.336 8.373 3.718 
1704872751.436 8.379 3.630 
1704872751.536 8.376 3.557 
1704872751.636 8.377 3.472 
1704872751.736 8.380 3.385 
1704872751.836 8.380 3.306 
1704872751.936 8.380 3.222 
1704872752.037 8.381 3.136 
1704872752.137 8.380 3.053 
1704872752.237 8.381 2.968 
1704872752.338 8.382 2.882 
1704872752.437 8.383 2.798 
1704872752.539 8.385 2.711 
1704872752.637 8.386 2.628 
1704872752.738 8.387 2.541 
1704872752.838 8.388 2.455 
1704872752.938 8.390 2.372 
1704872753.040 8.393 2.287 
1704872753.138 8.395 2.204 
1704872753.238 8.397 2.118 
1704872753.338 8.400 2.034 
1704872753.438 8.402 1.951 
1704872753.538 8.404 1.868 
1704872753.638 8.406 1.787 
1704872753.739 8.408 1.704 
1704872753.839 8.410 1.623 
1704872753.939 8.412 1.543 
1704872754.040 8.414 1.463 
1704872754.140 8.417 1.383 
1704872754.239 8.422 1.305 
1704872754.339 8.422 1.231 
1704872754.439 8.425 1.152 
1704872754.542 8.428 1.075 
1704872754.641 8.430 1.005 
1704872754.741 8.429 0.890 
1704872754.844 8.435 0.779 
1704872754.942 8.440 0.693 
1704872755.042 8.441 0.598 
1704872755.142 8.443 0.507 
1704872755.242 8.445 0.422 
1704872755.342 8.445 0.338 
1704872755.442 8.444 0.257 
1704872755.542 8.440 0.174 
1704872755.642 8.433 0.088 
1704872755.742 8.428 0.009 
1704872755.842 8.424 -0.059 
1704872755.942 8.425 -0.115 
1704872756.043 8.416 -0.174 
1704872756.143 8.346 -0.277 
1704872756.243 8.285 -0.366 
1704872756.343 8.264 -0.393 
1704872756.444 8.257 -0.414 
1704872756.544 8.250 -0.451 
1704872756.644 8.171 -0.536 
1704872756.743 8.079 -0.616 
1704872756.844 8.025 -0.668 
1704872756.943 7.997 -0.705 
1704872757.044 7.964 -0.740 
1704872757.143 7.893 -0.764 
1704872757.245 7.870 -0.780 
1704872757.345 7.876 -0.806 
1704872757.445 7.832 -0.830 
1704872757.545 7.746 -0.879 
1704872757.645 7.605 -0.922 
1704872757.745 7.488 -0.946 
1704872757.845 7.440 -0.960 
1704872757.945 7.401 -0.967 
1704872758.045 7.315 -0.975 
1704872758.146 7.189 -0.991 
1704872758.245 7.062 -1.010 
1704872758.346 6.980 -1.010 
1704872758.448 6.926 -1.016 
1704872758.546 6.842 -1.013 
1704872758.646 6.720 -1.015 
1704872758.748 6.627 -1.029 
1704872758.848 6.581 -1.023 
1704872758.949 6.512 -1.034 
1704872759.048 6.424 -1.034 
1704872759.150 6.345 -1.043 
1704872759.248 6.271 -1.047 
1704872759.349 6.193 -1.048 
1704872759.449 6.115 -1.049 
1704872759.550 6.034 -1.050 
1704872759.648 5.953 -1.051 
1704872759.749 5.870 -1.052 
1704872759.849 5.790 -1.052 
1704872759.949 5.710 -1.053 
1704872760.050 5.630 -1.052 
1704872760.149 5.549 -1.051 
1704872760.250 5.462 -1.050 
1704872760.350 5.378 -1.050 
1704872760.451 5.297 -1.049 
1704872760.551 5.217 -1.047 
1704872760.651 5.134 -1.045 
1704872760.751 5.048 -1.044 
1704872760.851 4.966 -1.042 
1704872760.952 4.882 -1.039 
1704872761.053 4.798 -1.037 
1704872761.152 4.715 -1.035 
1704872761.252 4.632 -1.033 
1704872761.352 4.549 -1.031 
1704872761.452 4.465 -1.029 
1704872761.553 4.383 -1.028 
1704872761.652 4.301 -1.025 
1704872761.752 4.216 -1.022 
1704872761.852 4.136 -1.020 
1704872761.953 4.053 -1.018 
1704872762.053 3.971 -1.016 
1704872762.153 3.888 -1.013 
1704872762.254 3.806 -1.010 
1704872762.352 3.728 -1.007 
1704872762.453 3.647 -1.003 
1704872762.555 3.567 -0.999 
1704872762.653 3.489 -0.998 
1704872762.753 3.407 -0.992 
1704872762.853 3.327 -0.987 
1704872762.953 3.249 -0.981 
1704872763.054 3.175 -0.976 
1704872763.154 3.102 -0.972 
1704872763.254 3.029 -0.968 
1704872763.354 2.951 -0.962 
1704872763.454 2.832 -0.946 
1704872763.554 2.710 -0.937 
1704872763.655 2.621 -0.935 
1704872763.755 2.538 -0.922 
1704872763.856 2.448 -0.908 
1704872763.956 2.354 -0.893 
1704872764.057 2.262 -0.870 
1704872764.157 2.167 -0.846 
1704872764.256 2.083 -0.833 
1704872764.357 2.000 -0.822 
1704872764.457 1.919 -0.802 
1704872764.556 1.839 -0.780 
1704872764.656 1.758 -0.748 
1704872764.757 1.680 -0.715 
1704872764.857 1.600 -0.681 
1704872764.956 1.518 -0.638 
1704872765.058 1.451 -0.626 
1704872765.158 1.388 -0.603 
1704872765.263 1.315 -0.551 
1704872765.358 1.248 -0.500 
1704872765.458 1.172 -0.439 
1704872765.558 1.092 -0.380 
1704872765.658 1.023 -0.328 
1704872765.759 0.961 -0.285 
1704872765.862 0.901 -0.246 
1704872765.958 0.858 -0.213 
1704872766.059 0.808 -0.166 
1704872766.159 0.772 -0.076 
1704872766.262 0.731 0.031 
1704872766.360 0.694 0.125 
1704872766.459 0.661 0.202 
1704872766.560 0.620 0.278 
1704872766.660 0.581 0.349 
1704872766.760 0.544 0.413 
1704872766.860 0.510 0.472 
1704872766.960 0.474 0.535 
1704872767.060 0.446 0.616 
1704872767.161 0.435 0.717 
1704872767.262 0.429 0.814 
1704872767.364 0.422 0.913 
1704872767.462 0.414 1.012 
1704872767.562 0.407 1.107 
1704872767.662 0.403 1.204 
1704872767.762 0.396 1.298 
1704872767.862 0.387 1.385 
1704872767.962 0.375 1.464 
1704872768.062 0.361 1.532 
1704872768.163 0.357 1.602 
1704872768.262 0.375 1.686 
1704872768.363 0.394 1.777 
1704872768.463 0.410 1.866 
1704872768.563 0.430 1.954 
1704872768.663 0.452 2.038 
1704872768.763 0.472 2.123 
1704872768.862 0.498 2.212 
1704872768.963 0.522 2.298 
1704872769.064 0.544 2.379 
1704872769.164 0.571 2.464 
1704872769.263 0.599 2.548 
1704872769.364 0.633 2.642 
1704872772.371 0.232 2.747 
1704872772.372 0.232 2.747 
1704872772.473 0.183 2.780 
1704872772.572 0.090 2.862 
1704872772.673 -0.018 2.956 
1704872772.774 -0.115 3.028 
1704872772.873 -0.209 3.083 
1704872772.973 -0.297 3.149 
1704872773.075 -0.379 3.232 
1704872773.175 -0.463 3.322 
1704872773.276 -0.536 3.416 
1704872773.375 -0.599 3.511 
1704872773.475 -0.654 3.616 
1704872773.575 -0.703 3.728 
1704872773.676 -0.740 3.841 
1704872773.776 -0.771 3.957 
1704872773.876 -0.803 4.074 
1704872773.976 -0.825 4.191 
1704872774.076 -0.825 4.302 
1704872774.176 -0.813 4.415 
1704872774.276 -0.804 4.530 
1704872774.376 -0.796 4.649 
1704872774.478 -0.783 4.764 
1704872774.577 -0.765 4.881 
1704872774.677 -0.748 5.000 
1704872774.778 -0.728 5.124 
1704872774.878 -0.708 5.243 
1704872774.979 -0.688 5.362 
1704872775.078 -0.667 5.479 
1704872775.179 -0.647 5.599 
1704872775.278 -0.627 5.715 
1704872775.379 -0.604 5.825 
1704872775.479 -0.568 5.937 
1704872775.580 -0.535 6.049 
1704872775.679 -0.499 6.162 
1704872775.779 -0.457 6.278 
1704872775.880 -0.421 6.392 
1704872775.980 -0.380 6.503 
1704872776.081 -0.330 6.604 
1704872776.180 -0.282 6.667 
1704872776.280 -0.239 6.729 
1704872776.381 -0.196 6.808 
1704872776.481 -0.166 6.894 
1704872776.580 -0.148 6.969 
1704872776.680 -0.132 7.053 
1704872776.781 -0.124 7.157 
1704872776.881 -0.123 7.267 
1704872776.980 -0.120 7.350 
1704872777.081 -0.118 7.412 
1704872777.180 -0.113 7.478 
1704872781.089 -0.050 7.436 
1704872781.189 -0.095 7.355 
1704872781.291 -0.135 7.275 
1704872781.390 -0.158 7.271 
1704872781.491 -0.176 7.272 
1704872781.591 -0.150 7.186 
1704872781.690 -0.129 7.070 
1704872781.790 -0.114 6.982 
1704872781.891 -0.071 6.917 
1704872781.991 -0.081 6.870 
1704872782.091 -0.116 6.786 
1704872782.192 -0.149 6.666 
1704872782.291 -0.181 6.547 
1704872782.391 -0.211 6.448 
1704872782.491 -0.247 6.360 
1704872782.594 -0.282 6.268 
1704872782.694 -0.314 6.172 
1704872782.795 -0.340 6.087 
1704872782.894 -0.365 5.999 
1704872782.994 -0.388 5.902 
1704872783.095 -0.410 5.809 
1704872783.196 -0.433 5.713 
1704872783.295 -0.458 5.617 
1704872783.396 -0.483 5.519 
1704872783.495 -0.504 5.418 
1704872783.595 -0.527 5.318 
1704872783.695 -0.552 5.218 
1704872783.796 -0.578 5.117 
1704872783.897 -0.598 5.023 
1704872783.997 -0.622 4.933 
1704872784.096 -0.652 4.849 
1704872784.197 -0.679 4.756 
1704872784.297 -0.714 4.644 
1704872784.398 -0.750 4.546 
1704872784.498 -0.791 4.462 
1704872784.597 -0.841 4.376 
1704872784.697 -0.903 4.294 
1704872784.798 -0.960 4.216 
1704872784.897 -1.012 4.140 
1704872784.998 -1.060 4.067 
1704872785.100 -1.111 3.996 
1704872785.201 -1.164 3.924 
1704872785.299 -1.215 3.856 
1704872785.401 -1.268 3.784 
1704872785.503 -1.320 3.710 
1704872785.603 -1.371 3.639 
1704872785.704 -1.423 3.570 
1704872785.804 -1.475 3.502 
1704872785.903 -1.528 3.434 
1704872786.004 -1.582 3.367 
1704872786.104 -1.628 3.297 
1704872786.204 -1.671 3.222 
1704872786.306 -1.716 3.148 
1704872786.404 -1.757 3.082 
1704872786.504 -1.803 3.011 
1704872786.606 -1.847 2.940 
1704872786.705 -1.891 2.868 
1704872786.805 -1.937 2.795 
1704872786.906 -1.985 2.727 
1704872787.004 -2.031 2.659 
1704872787.105 -2.071 2.584 
1704872787.205 -2.108 2.511 
1704872787.305 -2.145 2.439 
1704872787.405 -2.187 2.373 
1704872787.505 -2.229 2.304 
1704872787.605 -2.269 2.233 
1704872787.706 -2.306 2.163 
1704872787.806 -2.333 2.093 
1704872787.906 -2.362 2.023 
1704872788.006 -2.392 1.955 
1704872788.108 -2.419 1.882 
1704872788.206 -2.451 1.816 
1704872788.306 -2.471 1.711 
1704872788.411 -2.499 1.599 
1704872788.507 -2.523 1.517 
1704872788.608 -2.540 1.441 
1704872788.708 -2.534 1.345 
1704872788.807 -2.520 1.248 
1704872788.907 -2.521 1.184 
1704872789.008 -2.524 1.108 
1704872789.107 -2.509 1.011 
1704872789.208 -2.492 0.915 
1704872789.309 -2.471 0.831 
1704872789.408 -2.437 0.760 
1704872789.508 -2.400 0.680 
1704872789.608 -2.302 0.569 
1704872789.708 -2.282 0.484 
1704872789.809 -2.267 0.428 
1704872789.909 -2.237 0.399 
1704872790.009 -2.176 0.332 
1704872790.109 -2.092 0.228 
1704872790.209 -2.038 0.151 
1704872790.309 -2.001 0.096 
1704872790.409 -1.944 0.054 
1704872790.511 -1.862 0.003 
1704872790.609 -1.778 -0.046 
1704872790.710 -1.695 -0.088 
1704872790.810 -1.614 -0.124 
1704872790.909 -1.569 -0.160 
1704872791.010 -1.514 -0.190 
1704872791.110 -1.411 -0.214 
1704872791.210 -1.317 -0.247 
1704872791.311 -1.240 -0.280 
1704872791.410 -1.169 -0.312 
1704872791.510 -1.085 -0.335 
1704872791.611 -0.993 -0.340 
1704872791.712 -0.917 -0.355 
1704872791.812 -0.838 -0.367 
1704872791.911 -0.760 -0.377 
1704872792.011 -0.683 -0.385 
1704872792.111 -0.588 -0.384 
1704872792.211 -0.489 -0.388 
1704872792.311 -0.404 -0.382 
1704872792.412 -0.330 -0.362 
1704872792.512 -0.269 -0.338 
1704872792.612 -0.198 -0.307 
1704872792.718 -0.120 -0.259 
1704872792.813 -0.042 -0.207 
1704872792.914 0.055 -0.139 
1704872793.014 0.147 -0.079 
1704872793.114 0.215 -0.031 
1704872793.216 0.281 0.015 
1704872793.315 0.350 0.064 
1704872793.415 0.430 0.125 
1704872793.514 0.517 0.187 
1704872793.614 0.597 0.257 
1704872793.713 0.669 0.332 
1704872793.814 0.742 0.413 
1704872793.915 0.812 0.483 
1704872794.015 0.882 0.554 
1704872794.115 0.951 0.630 
1704872794.215 1.027 0.724 
1704872794.314 1.102 0.813 
1704872794.418 1.175 0.897 
1704872794.516 1.242 0.975 
1704872794.615 1.314 1.053 
1704872794.715 1.388 1.136 
1704872794.815 1.460 1.219 
1704872794.915 1.533 1.302 
1704872795.016 1.607 1.383 
1704872795.116 1.684 1.464 
1704872795.215 1.761 1.543 
1704872795.315 1.834 1.622 
1704872795.416 1.909 1.701 
1704872795.516 1.983 1.776 
1704872795.616 2.058 1.847 
1704872795.717 2.132 1.916 
1704872795.816 2.204 1.989 
1704872795.916 2.283 2.061 
1704872796.016 2.355 2.125 
1704872796.116 2.426 2.181 
1704872796.217 2.504 2.236 
1704872796.317 2.590 2.297 
1704872796.423 2.665 2.352 
1704872796.519 2.732 2.407 
1704872796.618 2.795 2.459 
1704872796.718 2.866 2.510 
1704872796.819 2.948 2.554 
1704872796.918 3.013 2.593 
1704872797.019 3.093 2.625 
1704872797.120 3.182 2.642 
1704872797.220 3.268 2.664 
1704872797.320 3.354 2.694 
1704872797.419 3.434 2.726 
1704872797.519 3.505 2.754 
1704872797.619 3.580 2.767 
1704872797.720 3.669 2.763 
1704872797.820 3.767 2.751 
1704872797.920 3.855 2.754 
1704872798.020 3.946 2.750 
1704872798.121 4.044 2.739 
1704872798.220 4.140 2.727 
1704872798.321 4.236 2.714 
1704872798.421 4.336 2.705 
1704872798.520 4.437 2.700 
1704872798.620 4.541 2.694 
1704872798.720 4.638 2.681 
1704872798.821 4.743 2.672 
1704872798.922 4.846 2.665 
1704872799.021 4.950 2.664 
1704872799.121 5.056 2.664 
1704872799.221 5.164 2.671 
1704872799.322 5.265 2.673 
1704872799.421 5.370 2.685 
1704872799.521 5.475 2.704 
1704872799.621 5.581 2.730 
1704872799.722 5.685 2.773 
1704872799.822 5.788 2.829 
1704872799.922 5.876 2.856 
1704872800.021 5.966 2.904 
1704872800.123 6.061 2.979 
1704872800.222 6.151 3.063 
1704872800.322 6.243 3.142 
1704872800.424 6.330 3.226 
1704872800.523 6.405 3.265 
1704872800.623 6.482 3.320 
1704872800.723 6.541 3.395 
1704872800.824 6.601 3.484 
1704872800.923 6.694 3.594 
1704872801.024 6.775 3.669 
1704872801.124 6.851 3.746 
1704872801.224 6.887 3.839 
1704872801.324 6.929 3.960 
1704872801.425 6.972 4.089 
1704872801.523 7.007 4.197 
1704872801.624 7.024 4.282 
1704872801.724 7.041 4.387 
1704872801.824 7.064 4.491 
1704872801.927 7.081 4.594 
1704872802.027 7.092 4.694 
1704872802.127 7.098 4.793 
1704872802.227 7.104 4.892 
1704872802.327 7.104 4.990 
1704872802.427 7.101 5.082 
1704872802.528 7.100 5.174 
1704872802.627 7.101 5.265 
1704872802.727 7.098 5.355 
1704872802.828 7.083 5.453 
1704872802.928 7.067 5.547 
1704872803.028 7.053 5.634 
1704872803.128 7.043 5.716 
1704872803.228 7.034 5.795 
1704872803.328 7.026 5.874 
1704872803.429 7.014 5.956 
1704872803.529 6.999 6.039 
1704872803.630 6.985 6.117 
1704872803.730 6.977 6.191 
1704872803.830 6.967 6.270 
1704872803.930 6.954 6.350 
1704872804.031 6.941 6.426 
1704872804.131 6.929 6.503 
1704872804.231 6.917 6.579 
1704872804.331 6.905 6.652 
1704872804.431 6.894 6.728 
1704872804.531 6.880 6.806 
1704872804.630 6.867 6.879 
1704872804.731 6.850 6.957 
1704872804.832 6.834 7.031 
1704872804.932 6.818 7.107 
1704872805.032 6.802 7.185 
1704872805.134 6.779 7.265 
1704872805.232 6.761 7.342 
1704872805.332 6.748 7.414 
1704872805.432 6.726 7.485 
1704872805.532 6.698 7.558 
1704872805.631 6.665 7.630 
1704872805.731 6.629 7.713 
1704872806.635 6.469 7.994 
1704872806.636 6.469 7.994 
1704872806.736 6.469 7.977 
1704872806.836 6.454 8.005 
1704872809.743 6.481 7.850 
1704872809.842 6.481 7.839 
1704872811.046 6.418 7.843 
1704872811.147 6.419 7.853 
1704872811.246 6.436 7.884 
1704872811.346 6.454 7.892 
1704872811.446 6.481 7.826 
1704872811.548 6.532 7.717 
1704872811.646 6.573 7.615 
1704872811.747 6.594 7.544 
1704872811.847 6.623 7.472 
1704872811.947 6.663 7.384 
1704872812.047 6.695 7.303 
1704872812.147 6.733 7.222 
1704872812.248 6.765 7.152 
1704872812.347 6.803 7.091 
1704872812.448 6.843 7.036 
1704872812.548 6.882 6.986 
1704872812.648 6.923 6.924 
1704872812.749 6.974 6.849 
1704872812.848 7.020 6.775 
1704872812.948 7.062 6.695 
1704872813.048 7.101 6.619 
1704872813.148 7.142 6.543 
1704872813.248 7.184 6.465 
1704872813.349 7.226 6.385 
1704872813.451 7.266 6.309 
1704872813.551 7.311 6.227 
1704872813.650 7.356 6.143 
1704872813.751 7.401 6.059 
1704872813.851 7.444 5.978 
1704872813.951 7.490 5.897 
1704872814.051 7.538 5.814 
1704872814.152 7.591 5.729 
1704872814.251 7.641 5.642 
1704872814.352 7.689 5.550 
1704872814.455 7.738 5.462 
1704872814.554 7.785 5.388 
1704872814.654 7.836 5.304 
1704872814.752 7.889 5.221 
1704872814.853 7.944 5.137 
1704872814.952 7.998 5.057 
1704872815.053 8.047 4.981 
1704872815.154 8.093 4.904 
1704872815.253 8.140 4.828 
1704872815.354 8.188 4.749 
1704872815.453 8.234 4.673 
1704872815.553 8.279 4.601 
1704872815.654 8.324 4.531 
1704872815.754 8.367 4.466 
1704872815.854 8.410 4.403 
1704872815.954 8.453 4.324 
1704872816.055 8.501 4.220 
1704872816.155 8.543 4.082 
1704872816.254 8.583 3.958 
1704872816.354 8.608 3.871 
1704872816.455 8.634 3.802 
1704872816.554 8.655 3.730 
1704872816.655 8.680 3.656 
1704872816.757 8.698 3.561 
1704872816.858 8.742 3.481 
1704872816.959 8.754 3.355 
1704872817.059 8.743 3.209 
1704872817.161 8.719 3.067 
1704872817.261 8.664 2.941 
1704872817.361 8.585 2.836 
1704872817.461 8.529 2.774 
1704872817.561 8.496 2.749 
1704872817.662 8.417 2.726 
1704872817.762 8.292 2.673 
1704872817.862 8.190 2.651 
1704872817.962 8.114 2.638 
1704872818.062 8.003 2.636 
1704872818.162 7.873 2.637 
1704872818.262 7.757 2.614 
1704872818.364 7.643 2.580 
1704872818.463 7.524 2.551 
1704872818.563 7.407 2.530 
1704872818.662 7.293 2.507 
1704872818.763 7.176 2.482 
1704872818.863 7.061 2.458 
1704872818.964 6.940 2.448 
1704872819.063 6.823 2.437 
1704872819.164 6.737 2.431 
1704872819.267 6.653 2.418 
1704872819.364 6.569 2.413 
1704872819.464 6.475 2.408 
1704872819.565 6.383 2.404 
1704872819.665 6.291 2.400 
1704872819.765 6.193 2.392 
1704872819.865 6.098 2.390 
1704872819.966 6.001 2.390 
1704872820.066 5.905 2.390 
1704872820.166 5.811 2.389 
1704872820.267 5.712 2.387 
1704872820.367 5.618 2.387 
1704872820.467 5.524 2.387 
1704872820.567 5.430 2.385 
1704872820.667 5.340 2.384 
1704872820.768 5.250 2.383 
1704872820.867 5.160 2.381 
1704872820.967 5.072 2.381 
1704872821.069 4.986 2.380 
1704872821.168 4.901 2.378 
1704872821.268 4.818 2.375 
1704872821.369 4.738 2.373 
1704872821.469 4.659 2.371 
1704872821.568 4.581 2.371 
1704872821.668 4.498 2.368 
1704872821.768 4.420 2.365 
1704872821.869 4.342 2.364 
1704872821.969 4.264 2.363 
1704872822.069 4.180 2.359 
1704872822.169 4.097 2.358 
1704872822.269 4.014 2.359 
1704872822.369 3.930 2.360 
1704872822.469 3.844 2.361 
1704872822.570 3.756 2.363 
1704872822.670 3.665 2.363 
1704872822.770 3.573 2.365 
1704872822.870 3.478 2.368 
1704872822.971 3.385 2.365 
1704872823.070 3.293 2.362 
1704872823.171 3.200 2.361 
1704872823.271 3.106 2.360 
1704872823.371 3.009 2.360 
1704872823.475 2.904 2.359 
1704872823.572 2.814 2.359 
1704872823.672 2.714 2.359 
1704872823.771 2.616 2.356 
1704872823.872 2.521 2.353 
1704872823.972 2.426 2.353 
1704872824.073 2.335 2.358 
1704872824.173 2.241 2.361 
1704872824.272 2.142 2.369 
1704872824.374 2.047 2.372 
1704872824.473 1.957 2.376 
1704872824.572 1.863 2.384 
1704872824.673 1.768 2.392 
1704872824.773 1.673 2.403 
1704872824.872 1.572 2.420 
1704872824.973 1.474 2.433 
1704872825.073 1.377 2.448 
1704872825.173 1.279 2.465 
1704872825.274 1.179 2.483 
1704872825.373 1.072 2.506 
1704872825.474 0.962 2.527 
1704872825.576 0.860 2.539 
1704872825.675 0.764 2.563 
1704872825.776 0.667 2.590 
1704872825.877 0.564 2.622 
1704872825.976 0.462 2.657 
1704872826.076 0.365 2.689 
1704872826.176 0.274 2.725 
1704872826.276 0.181 2.767 
1704872826.376 0.086 2.812 
1704872826.476 -0.003 2.861 
1704872826.576 -0.092 2.914 
1704872826.677 -0.176 2.959 
1704872826.778 -0.261 3.007 
1704872826.878 -0.342 3.055 
1704872826.978 -0.420 3.106 
1704872827.078 -0.486 3.162 
1704872827.179 -0.551 3.219 
1704872827.279 -0.631 3.289 
1704872827.381 -0.713 3.369 
1704872827.479 -0.755 3.445 
1704872827.579 -0.775 3.546 
1704872827.679 -0.798 3.668 
1704872827.782 -0.816 3.782 
1704872827.880 -0.829 3.880 
1704872827.980 -0.847 3.970 
1704872828.080 -0.872 4.043 
1704872828.180 -0.882 4.110 
1704872828.280 -0.884 4.179 
1704872828.380 -0.887 4.262 
1704872828.480 -0.882 4.353 
1704872828.580 -0.876 4.451 
1704872828.680 -0.872 4.552 
1704872828.781 -0.862 4.652 
1704872828.880 -0.848 4.743 
1704872828.981 -0.831 4.839 
1704872829.081 -0.806 4.947 
1704872829.181 -0.783 5.057 
1704872829.282 -0.765 5.158 
1704872829.384 -0.740 5.253 
1704872829.484 -0.708 5.357 
1704872829.583 -0.671 5.463 
1704872829.683 -0.640 5.563 
1704872829.784 -0.609 5.662 
1704872829.884 -0.567 5.754 
1704872829.984 -0.530 5.848 
1704872830.084 -0.493 5.942 
1704872830.183 -0.449 6.039 
1704872830.284 -0.405 6.133 
1704872830.384 -0.365 6.223 
1704872830.484 -0.323 6.313 
1704872830.584 -0.285 6.399 
1704872830.684 -0.248 6.486 
1704872830.784 -0.210 6.570 
1704872830.884 -0.173 6.652 
1704872830.985 -0.141 6.734 
1704872831.085 -0.106 6.815 
1704872831.185 -0.068 6.892 
1704872831.285 -0.025 6.961 
1704872831.386 0.025 7.032 
1704872831.486 0.076 7.101 
1704872831.586 0.118 7.169 
1704872831.686 0.157 7.234 
1704872831.786 0.200 7.297 
1704872831.886 0.270 7.374 
1704872831.987 0.343 7.457 
1704872832.087 0.393 7.543 
1704872832.187 0.430 7.599 
1704872832.288 0.461 7.632 
1704872833.293 0.529 7.690 
1704872833.293 0.529 7.690 
1704872833.393 0.558 7.696 
1704872833.494 0.662 7.683 
1704872833.594 0.784 7.672 
1704872833.695 0.905 7.680 
1704872833.794 1.038 7.684 
1704872833.894 1.186 7.667 
1704872833.994 1.302 7.681 
1704872834.094 1.422 7.693 
1704872834.194 1.548 7.682 
1704872834.294 1.669 7.662 
1704872834.395 1.780 7.618 
1704872834.495 1.879 7.547 
1704872834.594 1.964 7.466 
1704872834.695 2.044 7.390 
1704872834.795 2.118 7.308 
1704872834.907 2.186 7.262 
1704872839.310 2.259 7.419 
1704872839.410 2.291 7.399 
1704872839.511 2.302 7.415 
1704872839.612 2.226 7.450 
1704872839.711 2.122 7.510 
1704872839.812 2.010 7.582 
1704872839.912 1.897 7.678 
1704872840.012 1.780 7.777 
1704872840.112 1.676 7.832 
1704872840.212 1.588 7.877 
1704872840.312 1.505 7.931 
1704872840.413 1.414 7.996 
1704872840.513 1.319 8.052 
1704872840.613 1.198 8.098 
1704872840.713 1.069 8.137 
1704872840.815 0.941 8.153 
1704872840.914 0.808 8.142 
1704872841.014 0.677 8.101 
1704872841.114 0.586 8.039 
1704872841.213 0.513 7.959 
1704872841.314 0.438 7.869 
1704872841.416 0.369 7.776 
1704872841.516 0.302 7.681 
1704872841.616 0.234 7.579 
1704872841.716 0.165 7.476 
1704872841.816 0.095 7.378 
1704872841.916 0.044 7.311 
1704872842.016 -0.006 7.246 
1704872842.116 -0.057 7.184 
1704872842.217 -0.100 7.128 
1704872842.317 -0.157 7.081 
1704872842.417 -0.203 7.037 
1704872842.517 -0.239 6.993 
1704872842.616 -0.302 6.952 
1704872842.717 -0.374 6.908 
1704872842.817 -0.420 6.863 
1704872842.918 -0.448 6.821 
1704872843.017 -0.479 6.786 
1704872843.117 -0.520 6.752 
1704872843.218 -0.572 6.721 
1704872843.318 -0.626 6.699 
1704872843.417 -0.676 6.685 
1704872843.518 -0.721 6.674 
1704872843.618 -0.766 6.671 
1704872843.719 -0.824 6.698 
1704872843.818 -0.902 6.761 
1704872843.918 -0.984 6.814 
1704872844.019 -1.046 6.844 
1704872844.118 -1.087 6.858 
1704872844.220 -1.133 6.892 
1704872844.319 -1.196 6.934 
1704872844.419 -1.262 6.978 
1704872844.519 -1.322 7.022 
1704872844.619 -1.378 7.060 
1704872844.719 -1.436 7.101 
1704872844.819 -1.498 7.158 
1704872844.919 -1.560 7.213 
1704872845.019 -1.623 7.263 
1704872845.119 -1.686 7.308 
1704872845.220 -1.741 7.351 
1704872845.319 -1.800 7.398 
1704872845.421 -1.860 7.459 
1704872845.520 -1.914 7.514 
1704872845.621 -1.971 7.566 
1704872845.722 -2.029 7.619 
1704872845.824 -2.084 7.667 
1704872845.921 -2.134 7.712 
1704872846.021 -2.217 7.777 
1704872846.121 -2.316 7.859 
1704872846.220 -2.388 7.910 
1704872846.321 -2.452 7.969 
1704872846.421 -2.506 8.013 
1704872846.522 -2.553 8.051 
1704872846.623 -2.639 8.103 
1704872846.722 -2.685 8.157 
1704872846.822 -2.740 8.201 
1704872846.922 -2.886 8.214 
1704872848.727 -2.984 8.388 
1704872848.827 -3.030 8.281 
1704872848.927 -3.070 8.145 
1704872849.027 -3.096 7.965 
1704872849.128 -3.154 7.851 
1704872849.228 -3.204 7.768 
1704872849.328 -3.218 7.708 
1704872849.429 -3.229 7.578 
1704872849.529 -3.247 7.434 
1704872849.629 -3.251 7.322 
1704872849.729 -3.265 7.242 
1704872849.830 -3.284 7.170 
1704872849.930 -3.278 7.060 
1704872850.030 -3.270 6.948 
1704872850.131 -3.259 6.847 
1704872850.230 -3.248 6.791 
1704872850.330 -3.232 6.721 
1704872850.429 -3.207 6.633 
1704872850.531 -3.189 6.548 
1704872850.630 -3.167 6.465 
1704872850.730 -3.142 6.379 
1704872850.836 -3.116 6.286 
1704872850.935 -3.093 6.205 
1704872851.033 -3.068 6.117 
1704872851.134 -3.043 6.027 
1704872851.232 -3.017 5.939 
1704872851.333 -2.993 5.853 
1704872851.433 -2.971 5.766 
1704872851.533 -2.952 5.672 
1704872851.632 -2.929 5.581 
1704872851.733 -2.907 5.488 
1704872851.834 -2.885 5.401 
1704872851.933 -2.862 5.313 
1704872852.034 -2.844 5.221 
1704872852.134 -2.826 5.129 
1704872852.234 -2.812 5.034 
1704872852.334 -2.800 4.936 
1704872852.433 -2.782 4.858 
1704872852.535 -2.768 4.771 
1704872852.634 -2.760 4.676 
1704872852.734 -2.752 4.582 
1704872852.834 -2.743 4.493 
1704872852.935 -2.738 4.406 
1704872853.035 -2.736 4.314 
1704872853.135 -2.746 4.228 
1704872853.235 -2.761 4.138 
1704872853.335 -2.770 4.050 
1704872853.436 -2.777 3.964 
1704872853.536 -2.790 3.887 
1704872853.636 -2.798 3.802 
1704872853.736 -2.808 3.713 
1704872853.836 -2.820 3.634 
1704872853.936 -2.836 3.557 
1704872854.037 -2.868 3.486 
1704872854.138 -2.906 3.418 
1704872854.238 -2.941 3.351 
1704872854.337 -2.965 3.278 
1704872854.437 -2.990 3.205 
1704872854.538 -3.055 3.110 
1704872854.639 -3.086 3.033 
1704872854.737 -3.119 2.965 
1704872854.838 -3.183 2.905 
1704872854.942 -3.261 2.826 
1704872855.042 -3.336 2.754 
1704872855.141 -3.409 2.687 
1704872855.241 -3.484 2.626 
1704872855.341 -3.552 2.569 
1704872855.441 -3.613 2.512 
1704872855.542 -3.665 2.463 
1704872855.642 -3.710 2.425 
1704872855.741 -3.739 2.410 
1704872855.842 -3.757 2.399 
1704872861.149 -4.194 2.711 
1704872861.250 -4.159 2.775 
1704872861.351 -4.068 2.851 
1704872861.451 -3.977 2.908 
1704872861.552 -3.920 2.970 
1704872861.651 -3.856 3.017 
1704872861.751 -3.781 3.061 
1704872861.853 -3.721 3.091 
1704872861.953 -3.674 3.120 
1704872862.052 -3.615 3.157 
1704872862.153 -3.529 3.206 
1704872862.253 -3.434 3.267 
1704872862.354 -3.327 3.321 
1704872862.454 -3.228 3.369 
1704872862.554 -3.139 3.414 
1704872862.656 -3.069 3.453 
1704872862.756 -2.998 3.483 
1704872862.854 -2.933 3.509 
1704872862.955 -2.867 3.544 
1704872863.055 -2.799 3.582 
1704872863.155 -2.724 3.621 
1704872863.255 -2.648 3.657 
1704872863.358 -2.575 3.695 
1704872863.458 -2.501 3.733 
1704872863.558 -2.426 3.768 
1704872863.657 -2.353 3.804 
1704872863.758 -2.271 3.838 
1704872863.858 -2.202 3.875 
1704872863.958 -2.122 3.905 
1704872864.058 -2.005 3.929 
1704872864.158 -1.889 3.970 
1704872864.257 -1.775 4.001 
1704872864.359 -1.654 4.028 
1704872864.459 -1.591 4.078 
1704872864.559 -1.521 4.124 
1704872864.659 -1.430 4.140 
1704872864.759 -1.323 4.112 
1704872864.860 -1.193 4.062 
1704872864.960 -1.055 4.017 
1704872865.059 -0.905 3.973 
1704872865.160 -0.778 3.932 
1704872865.260 -0.704 3.909 
1704872865.360 -0.650 3.893 
1704872865.460 -0.600 3.846 
1704872865.560 -0.514 3.773 
1704872865.661 -0.426 3.686 
1704872865.760 -0.345 3.602 
1704872865.860 -0.276 3.522 
1704872865.961 -0.206 3.449 
1704872866.064 -0.135 3.396 
1704872866.163 -0.088 3.354 
1704872866.262 -0.035 3.318 
1704872866.363 0.057 3.293 
1704872866.462 0.137 3.279 
1704872866.562 0.205 3.268 
1704872866.663 0.245 3.266 
1704872866.763 0.293 3.259 
1704872866.862 0.359 3.248 
1704872866.964 0.446 3.244 
1704872867.063 0.539 3.236 
1704872867.163 0.625 3.229 
1704872867.264 0.701 3.219 
1704872867.367 0.786 3.204 
1704872867.465 0.893 3.165 
1704872867.564 1.013 3.123 
1704872867.664 1.111 3.097 
1704872867.764 1.198 3.070 
1704872867.865 1.295 3.043 
1704872867.965 1.392 3.015 
1704872868.064 1.493 2.984 
1704872868.165 1.595 2.957 
1704872868.266 1.696 2.938 
1704872868.365 1.791 2.924 
1704872868.465 1.901 2.912 
1704872868.564 2.014 2.896 
1704872868.665 2.124 2.879 
1704872868.765 2.232 2.871 
1704872868.865 2.345 2.869 
1704872868.975 2.458 2.864 
1704872869.070 2.570 2.859 
1704872869.166 2.684 2.857 
1704872869.266 2.799 2.855 
1704872869.366 2.914 2.856 
1704872869.467 3.031 2.862 
1704872869.567 3.146 2.865 
1704872869.666 3.262 2.865 
1704872869.766 3.383 2.860 
1704872869.867 3.500 2.862 
1704872869.967 3.617 2.862 
1704872870.067 3.735 2.858 
1704872870.167 3.851 2.849 
1704872870.267 3.962 2.844 
1704872870.367 4.077 2.837 
1704872870.467 4.191 2.829 
1704872870.567 4.301 2.822 
1704872870.667 4.412 2.814 
1704872870.767 4.518 2.808 
1704872870.868 4.628 2.802 
1704872870.967 4.733 2.794 
1704872871.068 4.835 2.786 
1704872871.168 4.936 2.783 
1704872871.268 5.035 2.778 
1704872871.368 5.134 2.782 
1704872871.468 5.232 2.787 
1704872871.569 5.327 2.790 
1704872871.669 5.408 2.781 
1704872871.769 5.491 2.789 
1704872871.873 5.584 2.806 
1704872871.971 5.666 2.824 
1704872872.072 5.750 2.847 
1704872872.172 5.832 2.879 
1704872872.272 5.915 2.928 
1704872872.371 6.001 2.976 
1704872872.472 6.065 2.984 
1704872872.572 6.132 2.999 
1704872872.672 6.195 3.047 
1704872872.772 6.269 3.119 
1704872872.872 6.340 3.185 
1704872872.972 6.406 3.233 
1704872873.073 6.469 3.277 
1704872873.173 6.518 3.335 
1704872873.273 6.570 3.408 
1704872873.374 6.627 3.455 
1704872873.477 6.682 3.508 
1704872873.576 6.722 3.583 
1704872873.677 6.765 3.655 
1704872873.777 6.806 3.728 
1704872873.876 6.838 3.804 
1704872873.976 6.868 3.884 
1704872874.077 6.895 3.967 
1704872874.177 6.915 4.046 
1704872874.278 6.932 4.128 
1704872874.378 6.946 4.210 
1704872874.478 6.957 4.292 
1704872874.578 6.968 4.376 
1704872874.678 6.977 4.460 
1704872874.778 6.985 4.546 
1704872874.878 6.991 4.632 
1704872874.979 6.996 4.721 
1704872875.078 7.000 4.807 
1704872875.182 6.998 4.896 
1704872875.279 7.000 4.979 
1704872875.379 7.002 5.067 
1704872875.480 6.998 5.160 
1704872875.580 6.991 5.252 
1704872875.679 6.982 5.338 
1704872875.779 6.973 5.425 
1704872875.879 6.963 5.528 
1704872875.980 6.952 5.619 
1704872876.080 6.940 5.705 
1704872876.180 6.932 5.794 
1704872876.279 6.924 5.881 
1704872876.379 6.917 5.967 
1704872876.480 6.909 6.053 
1704872876.579 6.902 6.138 
1704872876.680 6.894 6.236 
1704872876.781 6.886 6.328 
1704872876.881 6.881 6.414 
1704872876.980 6.878 6.499 
1704872877.081 6.871 6.591 
1704872881.890 7.231 7.172 
1704872881.891 7.231 7.172 
1704872881.991 7.266 7.124 
1704872882.093 7.292 7.043 
1704872882.192 7.270 6.914 
1704872882.291 7.257 6.795 
1704872882.391 7.239 6.693 
1704872882.493 7.222 6.573 
1704872882.592 7.229 6.437 
1704872882.692 7.226 6.316 
1704872882.792 7.226 6.197 
1704872882.892 7.238 6.072 
1704872882.993 7.247 5.951 
1704872883.092 7.252 5.830 
1704872883.193 7.259 5.706 
1704872883.293 7.267 5.580 
1704872883.393 7.275 5.451 
1704872883.493 7.289 5.336 
1704872883.593 7.295 5.224 
1704872883.693 7.300 5.113 
1704872883.793 7.293 4.997 
1704872883.893 7.280 4.881 
1704872883.994 7.279 4.773 
1704872884.093 7.274 4.657 
1704872884.194 7.254 4.540 
1704872884.294 7.228 4.430 
1704872884.394 7.196 4.322 
1704872884.494 7.153 4.214 
1704872884.595 7.101 4.109 
1704872884.696 7.052 4.008 
1704872884.796 6.997 3.910 
1704872884.896 6.906 3.807 
1704872884.996 6.823 3.704 
1704872885.096 6.753 3.603 
1704872885.196 6.676 3.509 
1704872885.296 6.585 3.428 
1704872885.396 6.495 3.351 
1704872885.496 6.406 3.273 
1704872885.596 6.311 3.194 
1704872885.697 6.213 3.120 
1704872885.798 6.119 3.047 
1704872885.899 6.025 2.972 
1704872885.999 5.930 2.899 
1704872886.099 5.837 2.827 
1704872886.199 5.743 2.757 
1704872886.299 5.648 2.686 
1704872886.399 5.552 2.616 
1704872886.499 5.454 2.546 
1704872886.600 5.358 2.476 
1704872886.699 5.262 2.405 
1704872886.800 5.167 2.336 
1704872886.900 5.072 2.267 
1704872886.999 4.978 2.195 
1704872887.101 4.882 2.123 
1704872887.201 4.787 2.051 
1704872887.301 4.691 1.980 
1704872887.401 4.596 1.909 
1704872887.500 4.503 1.837 
1704872887.601 4.410 1.765 
1704872887.701 4.317 1.693 
1704872887.801 4.225 1.621 
1704872887.901 4.131 1.553 
1704872888.001 4.038 1.488 
1704872888.101 3.946 1.416 
1704872888.201 3.850 1.346 
1704872888.302 3.750 1.285 
1704872888.402 3.649 1.225 
1704872888.501 3.550 1.164 
1704872888.609 3.448 1.104 
1704872888.704 3.363 1.059 
1704872888.803 3.267 1.009 
1704872888.904 3.169 0.964 
1704872889.007 3.065 0.917 
1704872889.106 2.977 0.868 
1704872889.206 2.894 0.825 
1704872889.309 2.796 0.784 
1704872889.406 2.699 0.748 
1704872889.506 2.610 0.710 
1704872889.606 2.520 0.672 
1704872889.707 2.428 0.635 
1704872889.806 2.336 0.596 
1704872889.906 2.246 0.559 
1704872890.006 2.160 0.519 
1704872890.107 2.072 0.478 
1704872890.207 1.987 0.440 
1704872890.307 1.904 0.401 
1704872890.407 1.823 0.362 
1704872890.508 1.741 0.321 
1704872890.607 1.652 0.288 
1704872890.708 1.568 0.259 
1704872890.808 1.491 0.234 
1704872890.908 1.415 0.206 
1704872891.010 1.334 0.181 
1704872891.111 1.257 0.155 
1704872891.212 1.178 0.136 
1704872891.313 1.101 0.120 
1704872891.411 1.019 0.101 
1704872891.510 0.940 0.079 
1704872891.610 0.867 0.062 
1704872891.710 0.789 0.044 
1704872891.810 0.709 0.025 
1704872891.910 0.633 0.007 
1704872892.011 0.553 -0.013 
1704872892.110 0.469 -0.032 
1704872892.210 0.396 -0.036 
1704872892.310 0.324 -0.032 
1704872892.411 0.249 -0.037 
1704872892.511 0.171 -0.048 
1704872892.615 0.097 -0.062 
1704872892.713 0.022 -0.067 
1704872892.812 -0.055 -0.067 
1704872892.911 -0.135 -0.067 
1704872893.012 -0.239 -0.063 
1704872893.112 -0.356 -0.057 
1704872893.212 -0.464 -0.050 
1704872893.312 -0.554 -0.034 
1704872893.412 -0.649 -0.025 
1704872893.512 -0.749 -0.028 
1704872893.612 -0.853 -0.034 
1704872893.712 -0.959 -0.041 
1704872893.813 -1.040 -0.039 
1704872893.912 -1.093 -0.039 
1704872894.013 -1.157 -0.047 
1704872894.113 -1.231 -0.063 
1704872894.213 -1.306 -0.072 
1704872894.315 -1.382 -0.075 
1704872894.413 -1.458 -0.080 
1704872894.513 -1.534 -0.087 
1704872894.613 -1.610 -0.093 
1704872894.714 -1.687 -0.097 
1704872894.814 -1.762 -0.101 
1704872894.914 -1.837 -0.107 
1704872895.014 -1.912 -0.110 
1704872895.114 -1.987 -0.114 
1704872895.214 -2.065 -0.119 
1704872895.315 -2.141 -0.120 
1704872895.415 -2.219 -0.122 
1704872895.515 -2.298 -0.124 
1704872895.618 -2.377 -0.126 
1704872895.717 -2.459 -0.128 
1704872895.816 -2.546 -0.131 
1704872895.930 -2.628 -0.130 
1704872896.021 -2.700 -0.138 
1704872896.120 -2.771 -0.149 
1704872896.219 -2.850 -0.163 
1704872896.319 -2.933 -0.175 
1704872896.418 -3.015 -0.186 
1704872896.518 -3.095 -0.196 
1704872896.620 -3.174 -0.205 
1704872896.720 -3.248 -0.218 
1704872896.820 -3.329 -0.232 
1704872896.920 -3.409 -0.246 
1704872897.022 -3.490 -0.256 
1704872897.121 -3.574 -0.265 
1704872897.221 -3.658 -0.275 
1704872897.321 -3.738 -0.286 
1704872897.421 -3.817 -0.297 
1704872897.520 -3.894 -0.304 
1704872897.623 -3.977 -0.304 
1704872897.725 -4.060 -0.304 
1704872897.824 -4.144 -0.301 
1704872897.923 -4.227 -0.296 
1704872898.027 -4.315 -0.291 
1704872898.125 -4.401 -0.285 
1704872898.224 -4.484 -0.279 
1704872898.324 -4.571 -0.274 
1704872898.424 -4.658 -0.269 
1704872898.524 -4.741 -0.263 
1704872898.625 -4.828 -0.256 
1704872898.726 -4.913 -0.252 
1704872898.825 -4.999 -0.251 
1704872898.925 -5.084 -0.251 
1704872899.025 -5.172 -0.252 
1704872899.126 -5.252 -0.249 
1704872899.228 -5.321 -0.253 
1704872899.326 -5.396 -0.259 
1704872899.426 -5.477 -0.263 
1704872899.526 -5.591 -0.266 
1704872899.625 -5.700 -0.275 
1704872899.726 -5.783 -0.278 
1704872899.827 -5.870 -0.278 
1704872899.926 -5.945 -0.290 
1704872900.026 -6.014 -0.301 
1704872900.128 -6.092 -0.291 
1704872900.227 -6.147 -0.280 
1704872900.328 -6.162 -0.290 
1704872900.428 -6.195 -0.277 
1704872900.527 -6.245 -0.259 
1704872900.628 -6.291 -0.234 
1704872900.728 -6.349 -0.200 
1704872900.827 -6.459 -0.102 
1704872900.928 -6.557 -0.007 
1704872901.028 -6.659 0.074 
1704872901.128 -6.734 0.149 
1704872901.228 -6.781 0.206 
1704872901.328 -6.818 0.204 
1704872901.429 -6.866 0.204 
1704872901.529 -6.887 0.281 
1704872901.629 -6.873 0.395 
1704872901.728 -6.859 0.524 
1704872901.829 -6.864 0.631 
1704872901.929 -6.838 0.727 
1704872902.030 -6.792 0.773 
1704872902.130 -6.721 0.833 
1704872902.229 -6.654 0.907 
1704872902.330 -6.600 0.974 
1704872902.430 -6.549 1.026 
1704872902.529 -6.483 1.084 
1704872902.629 -6.400 1.160 
1704872902.730 -6.318 1.242 
1704872902.830 -6.245 1.316 
1704872902.931 -6.174 1.378 
1704872903.029 -6.096 1.450 
1704872903.132 -6.011 1.525 
1704872903.231 -5.935 1.599 
1704872903.331 -5.862 1.671 
1704872903.431 -5.791 1.747 
1704872903.532 -5.716 1.824 
1704872903.631 -5.651 1.898 
1704872903.731 -5.608 1.974 
1704872903.831 -5.573 2.055 
1704872903.931 -5.538 2.158 
1704872904.032 -5.507 2.259 
1704872904.132 -5.479 2.355 
1704872904.232 -5.467 2.436 
1704872904.332 -5.454 2.520 
1704872904.432 -5.442 2.610 
1704872904.532 -5.436 2.697 
1704872904.632 -5.436 2.783 
1704872904.732 -5.444 2.868 
1704872904.833 -5.450 2.951 
1704872904.932 -5.441 3.028 
1704872905.032 -5.429 3.104 
1704872905.133 -5.437 3.177 
1704872905.233 -5.458 3.248 
1704872905.332 -5.470 3.313 
1704872905.433 -5.505 3.387 
1704872905.533 -5.557 3.460 
1704872905.633 -5.608 3.526 
1704872905.733 -5.655 3.584 
1704872905.837 -5.700 3.647 
1704872905.936 -5.752 3.706 
1704872906.039 -5.815 3.778 
1704872906.136 -5.875 3.855 
1704872906.237 -5.935 3.934 
1704872906.337 -6.004 4.017 
1704872906.437 -6.070 4.101 
1704872906.536 -6.140 4.183 
1704872906.638 -6.213 4.269 
1704872906.737 -6.283 4.357 
1704872906.837 -6.351 4.453 
1704872906.937 -6.420 4.551 
1704872907.037 -6.490 4.648 
1704872907.138 -6.559 4.746 
1704872907.238 -6.624 4.841 
1704872907.338 -6.685 4.933 
1704872907.439 -6.747 5.023 
1704872907.538 -6.808 5.103 
1704872907.639 -6.868 5.183 
1704872907.739 -6.923 5.273 
1704872907.839 -6.971 5.361 
1704872907.939 -7.018 5.435 
1704872908.040 -7.071 5.508 
1704872908.140 -7.121 5.590 
1704872908.241 -7.160 5.663 
1704872908.340 -7.189 5.732 
1704872908.440 -7.216 5.793 
1704872908.543 -7.228 5.901 
1704872908.641 -7.237 6.020 
1704872908.741 -7.248 6.107 
1704872908.841 -7.262 6.184 
1704872908.941 -7.269 6.267 
1704872909.042 -7.279 6.348 
1704872909.141 -7.291 6.423 
1704872909.241 -7.302 6.491 
1704872909.341 -7.323 6.586 
1704872909.441 -7.332 6.708 
1704872909.542 -7.356 6.789 
1704872909.643 -7.369 6.863 
1704872909.742 -7.372 6.936 
1704872909.842 -7.374 6.998 
1704872909.942 -7.366 7.061 
1704872910.042 -7.328 7.149 
1704872910.142 -7.284 7.231 
1704872910.242 -7.260 7.284 
1704872910.343 -7.239 7.328 
1704872910.443 -7.213 7.374 
1704872910.543 -7.168 7.434 
1704872910.643 -7.121 7.500 
1704872910.743 -7.086 7.561 
1704872910.845 -7.042 7.618 
1704872910.944 -6.993 7.670 
1704872911.044 -6.949 7.724 
1704872911.144 -6.904 7.777 
1704872911.244 -6.855 7.830 
1704872911.345 -6.804 7.880 
1704872911.445 -6.758 7.932 
1704872911.546 -6.718 7.980 
1704872911.645 -6.679 8.026 
1704872911.745 -6.621 8.077 
1704872911.845 -6.533 8.140 
1704872911.947 -6.449 8.204 
1704872912.046 -6.400 8.256 
1704872912.145 -6.356 8.298 
1704872912.249 -6.301 8.342 
1704872912.347 -6.226 8.406 
1704872917.657 -6.382 8.098 
1704872917.658 -6.382 8.098 
1704872917.758 -6.403 8.082 
1704872917.859 -6.490 8.034 
1704872917.959 -6.600 7.962 
1704872918.059 -6.702 7.905 
1704872918.159 -6.796 7.850 
1704872918.259 -6.897 7.790 
1704872918.360 -6.998 7.725 
1704872918.460 -7.091 7.660 
1704872918.560 -7.190 7.594 
1704872918.660 -7.285 7.532 
1704872918.759 -7.367 7.476 
1704872918.860 -7.432 7.427 
1704872918.960 -7.484 7.380 
1704872919.060 -7.528 7.333 
1704872919.166 -7.579 7.273 
1704872919.261 -7.651 7.198 
1704872919.360 -7.734 7.117 
1704872919.460 -7.806 7.049 
1704872919.560 -7.865 6.997 
1704872919.662 -7.917 6.941 
1704872919.762 -7.963 6.856 
1704872919.861 -7.999 6.777 
1704872919.961 -8.025 6.724 
1704872920.061 -8.050 6.724 
1704872920.161 -8.070 6.748 
1704872920.261 -8.068 6.711 
1704872920.362 -8.031 6.590 
1704872920.461 -8.005 6.498 
1704872920.563 -7.985 6.427 
1704872920.662 -7.975 6.374 
1704872920.763 -7.959 6.309 
1704872920.862 -7.926 6.251 
1704872920.962 -7.869 6.194 
1704872921.062 -7.796 6.116 
1704872921.163 -7.733 6.034 
1704872921.262 -7.678 5.981 
1704872921.363 -7.625 5.944 
1704872921.463 -7.573 5.905 
1704872921.564 -7.515 5.852 
1704872921.663 -7.442 5.789 
1704872921.763 -7.362 5.714 
1704872921.863 -7.292 5.651 
1704872921.963 -7.220 5.586 
1704872922.063 -7.143 5.516 
1704872922.164 -7.063 5.449 
1704872922.263 -6.983 5.381 
1704872922.363 -6.901 5.312 
1704872922.464 -6.818 5.244 
1704872922.564 -6.735 5.175 
1704872922.664 -6.654 5.101 
1704872922.764 -6.573 5.025 
1704872922.864 -6.487 4.947 
1704872922.964 -6.401 4.869 
1704872923.064 -6.320 4.789 
1704872923.164 -6.245 4.723 
1704872923.265 -6.168 4.656 
1704872923.365 -6.089 4.579 
1704872923.467 -6.007 4.482 
1704872923.565 -5.933 4.402 
1704872923.666 -5.867 4.323 
1704872923.765 -5.802 4.236 
1704872923.865 -5.728 4.144 
1704872923.968 -5.663 4.058 
1704872924.066 -5.616 3.992 
1704872924.165 -5.568 3.904 
1704872924.266 -5.516 3.798 
1704872924.366 -5.472 3.700 
1704872924.467 -5.443 3.610 
1704872924.566 -5.420 3.525 
1704872924.666 -5.403 3.432 
1704872924.766 -5.389 3.334 
1704872924.867 -5.381 3.242 
1704872924.967 -5.376 3.153 
1704872925.070 -5.378 3.061 
1704872925.169 -5.383 2.973 
1704872925.269 -5.390 2.886 
1704872925.369 -5.402 2.801 
1704872925.470 -5.404 2.722 
1704872925.569 -5.405 2.644 
1704872925.669 -5.432 2.552 
1704872925.770 -5.464 2.462 
1704872925.870 -5.489 2.383 
1704872925.979 -5.504 2.313 
1704872926.072 -5.522 2.239 
1704872926.172 -5.544 2.153 
1704872926.271 -5.573 2.071 
1704872926.370 -5.609 1.993 
1704872926.470 -5.645 1.915 
1704872926.571 -5.699 1.841 
1704872926.671 -5.744 1.773 
1704872926.771 -5.796 1.707 
1704872926.872 -5.857 1.643 
1704872926.972 -5.928 1.590 
1704872927.071 -6.004 1.538 
1704872927.172 -6.077 1.479 
1704872927.271 -6.153 1.416 
1704872927.371 -6.216 1.357 
1704872927.472 -6.278 1.297 
1704872927.572 -6.356 1.238 
1704872927.671 -6.440 1.194 
1704872927.772 -6.535 1.157 
1704872927.872 -6.627 1.122 
1704872927.973 -6.720 1.086 
1704872928.072 -6.815 1.047 
1704872928.172 -6.918 1.012 
1704872928.272 -7.018 0.977 
1704872928.372 -7.114 0.941 
1704872928.473 -7.216 0.910 
1704872928.573 -7.325 0.881 
1704872928.674 -7.437 0.846 
1704872928.775 -7.539 0.815 
1704872928.874 -7.643 0.791 
1704872928.975 -7.760 0.767 
1704872929.075 -7.874 0.740 
1704872929.175 -7.990 0.713 
1704872930.880 -7.952 0.539 
1704872930.881 -7.952 0.539 
1704872930.981 -7.956 0.473 
1704872931.081 -7.996 0.351 
1704872931.181 -8.033 0.228 
1704872931.281 -8.063 0.112 
1704872931.381 -8.093 -0.004 
1704872931.482 -8.124 -0.122 
1704872931.582 -8.153 -0.240 
1704872931.682 -8.179 -0.361 
1704872931.782 -8.204 -0.481 
1704872931.882 -8.231 -0.600 
1704872931.982 -8.256 -0.721 
1704872932.082 -8.274 -0.838 
1704872932.182 -8.289 -0.922 
1704872932.287 -8.302 -0.982 
1704872932.383 -8.310 -1.055 
1704872932.482 -8.321 -1.131 
1704872932.582 -8.334 -1.234 
1704872932.683 -8.356 -1.331 
1704872932.783 -8.369 -1.427 
1704872932.884 -8.374 -1.519 
1704872932.983 -8.369 -1.610 
1704872933.084 -8.368 -1.700 
1704872933.183 -8.361 -1.792 
1704872933.284 -8.352 -1.889 
1704872933.384 -8.357 -1.967 
1704872933.485 -8.347 -2.049 
1704872933.584 -8.322 -2.135 
1704872933.685 -8.289 -2.220 
1704872933.785 -8.257 -2.306 
1704872933.884 -8.230 -2.397 
1704872933.985 -8.199 -2.495 
1704872934.085 -8.159 -2.593 
1704872934.185 -8.124 -2.689 
1704872934.285 -8.095 -2.772 
1704872934.385 -8.069 -2.853 
1704872934.485 -8.045 -2.926 
1704872934.585 -8.010 -2.968 
1704872934.686 -7.954 -2.994 
1704872934.786 -7.854 -3.038 
1704872934.886 -7.745 -3.100 
1704872934.986 -7.662 -3.141 
1704872935.086 -7.590 -3.181 
1704872935.187 -7.516 -3.220 
1704872935.286 -7.430 -3.246 
1704872935.389 -7.336 -3.277 
1704872935.486 -7.261 -3.306 
1704872935.587 -7.182 -3.338 
1704872935.687 -7.091 -3.375 
1704872935.787 -6.998 -3.412 
1704872935.887 -6.910 -3.445 
1704872935.987 -6.820 -3.472 
1704872936.087 -6.726 -3.503 
1704872936.187 -6.632 -3.533 
1704872936.289 -6.539 -3.564 
1704872936.389 -6.445 -3.595 
1704872936.490 -6.351 -3.622 
1704872936.589 -6.258 -3.650 
1704872936.688 -6.163 -3.678 
1704872936.788 -6.067 -3.705 
1704872936.889 -5.970 -3.734 
1704872936.989 -5.882 -3.755 
1704872937.090 -5.793 -3.778 
1704872937.190 -5.700 -3.802 
1704872937.290 -5.606 -3.815 
1704872937.390 -5.514 -3.828 
1704872937.490 -5.422 -3.839 
1704872937.590 -5.337 -3.857 
1704872937.690 -5.250 -3.875 
1704872937.791 -5.162 -3.889 
1704872937.890 -5.074 -3.900 
1704872937.991 -4.987 -3.910 
1704872938.090 -4.901 -3.914 
1704872938.190 -4.818 -3.903 
1704872938.291 -4.741 -3.905 
1704872938.391 -4.659 -3.897 
1704872938.491 -4.580 -3.891 
1704872938.591 -4.507 -3.881 
1704872938.691 -4.429 -3.862 
1704872938.792 -4.349 -3.837 
1704872938.891 -4.272 -3.801 
1704872938.991 -4.194 -3.762 
1704872939.092 -4.121 -3.738 
1704872939.192 -4.046 -3.712 
1704872939.292 -3.972 -3.678 
1704872939.392 -3.901 -3.643 
1704872939.492 -3.832 -3.607 
1704872939.592 -3.762 -3.572 
1704872939.693 -3.691 -3.539 
1704872939.793 -3.633 -3.508 
1704872939.893 -3.569 -3.480 
1704872939.993 -3.507 -3.452 
1704872940.093 -3.445 -3.429 
1704872940.194 -3.381 -3.409 
1704872940.293 -3.300 -3.387 
1704872940.394 -3.200 -3.381 
1704872940.493 -3.113 -3.371 
1704872940.593 -3.043 -3.349 
1704872940.693 -2.976 -3.316 
1704872940.794 -2.904 -3.295 
1704872940.894 -2.831 -3.298 
1704872940.994 -2.779 -3.319 
1704872941.094 -2.734 -3.338 
1704872941.194 -2.660 -3.344 
1704872941.295 -2.555 -3.372 
1704872941.394 -2.444 -3.399 
1704872941.495 -2.344 -3.420 
1704872941.595 -2.253 -3.443 
1704872941.695 -2.162 -3.463 
1704872941.795 -2.094 -3.473 
1704872941.895 -2.035 -3.474 
1704872941.996 -1.967 -3.469 
1704872942.097 -1.897 -3.465 
1704872942.195 -1.799 -3.442 
1704872942.296 -1.699 -3.419 
1704872942.395 -1.626 -3.417 
1704872942.496 -1.550 -3.413 
1704872942.596 -1.458 -3.393 
1704872942.696 -1.365 -3.356 
1704872942.796 -1.283 -3.312 
1704872943.500 -1.149 -3.253 
1704872943.501 -1.149 -3.254 
1704872943.601 -1.135 -3.264 
1704872943.701 -1.086 -3.257 
1704872943.801 -0.979 -3.238 
1704872943.902 -0.868 -3.217 
1704872944.002 -0.759 -3.196 
1704872944.101 -0.643 -3.170 
1704872944.201 -0.516 -3.145 
1704872944.302 -0.395 -3.124 
1704872944.402 -0.274 -3.102 
1704872944.502 -0.154 -3.081 
1704872944.601 -0.033 -3.064 
1704872944.701 0.086 -3.046 
1704872944.801 0.203 -3.028 
1704872944.902 0.297 -3.013 
1704872945.002 0.379 -3.001 
1704872945.103 0.459 -2.989 
1704872945.202 0.536 -2.977 
1704872945.302 0.617 -2.966 
1704872945.404 0.695 -2.957 
1704872945.503 0.769 -2.947 
1704872945.603 0.845 -2.939 
1704872945.703 0.926 -2.934 
1704872945.803 1.005 -2.927 
1704872945.904 1.080 -2.918 
1704872946.003 1.154 -2.913 
1704872946.103 1.230 -2.908 
1704872946.204 1.304 -2.904 
1704872946.304 1.404 -2.904 
1704872946.404 1.527 -2.902 
1704872946.504 1.632 -2.905 
1704872946.605 1.725 -2.905 
1704872946.704 1.816 -2.901 
1704872946.804 1.909 -2.914 
1704872946.904 2.004 -2.922 
1704872947.004 2.092 -2.924 
1704872947.104 2.178 -2.936 
1704872947.204 2.271 -2.954 
1704872947.305 2.362 -2.966 
1704872947.405 2.444 -2.970 
1704872947.505 2.524 -2.978 
1704872947.605 2.605 -2.998 
1704872947.705 2.686 -3.027 
1704872947.806 2.769 -3.059 
1704872947.906 2.853 -3.084 
1704872948.007 2.940 -3.109 
1704872948.107 3.031 -3.136 
1704872948.207 3.113 -3.163 
1704872948.307 3.185 -3.180 
1704872948.407 3.253 -3.196 
1704872948.508 3.322 -3.220 
1704872948.607 3.395 -3.269 
1704872948.708 3.462 -3.345 
1704872948.808 3.527 -3.397 
1704872948.909 3.595 -3.461 
1704872949.009 3.662 -3.526 
1704872949.109 3.733 -3.594 
1704872949.209 3.799 -3.647 
1704872949.309 3.860 -3.712 
1704872949.412 3.918 -3.801 
1704872949.510 3.974 -3.874 
1704872949.610 4.029 -3.954 
1704872949.709 4.083 -4.040 
1704872949.809 4.137 -4.125 
1704872949.922 4.188 -4.211 
1704872950.017 4.234 -4.297 
1704872950.115 4.270 -4.389 
1704872950.214 4.292 -4.459 
1704872950.314 4.324 -4.524 
1704872950.414 4.360 -4.595 
1704872950.514 4.395 -4.659 
1704872950.614 4.429 -4.713 
1704872950.715 4.458 -4.777 
1704872950.814 4.484 -4.867 
1704872950.915 4.513 -4.982 
1704872951.015 4.545 -5.095 
1704872951.115 4.572 -5.203 
1704872951.215 4.593 -5.289 
1704872951.314 4.606 -5.382 
1704872951.415 4.618 -5.480 
1704872951.516 4.635 -5.573 
1704872951.616 4.647 -5.668 
1704872951.715 4.658 -5.761 
1704872951.815 4.670 -5.850 
1704872951.916 4.677 -5.939 
1704872952.016 4.682 -6.028 
1704872952.116 4.684 -6.115 
1704872952.216 4.681 -6.200 
1704872952.318 4.680 -6.283 
1704872952.416 4.677 -6.362 
1704872952.517 4.670 -6.446 
1704872952.616 4.659 -6.523 
1704872952.716 4.627 -6.596 
1704872952.817 4.590 -6.665 
1704872952.917 4.554 -6.731 
1704872953.017 4.531 -6.797 
1704872953.117 4.515 -6.864 
1704872953.217 4.494 -6.931 
1704872953.317 4.464 -7.002 
1704872953.417 4.396 -7.086 
1704872953.518 4.309 -7.141 
1704872953.618 4.238 -7.170 
1704872953.717 4.167 -7.185 
1704872953.819 4.082 -7.201 
1704872953.918 4.011 -7.205 
1704872954.018 3.944 -7.197 
1704872954.119 3.883 -7.189 
1704872954.219 3.806 -7.165 
1704872954.319 3.726 -7.141 
1704872954.418 3.651 -7.120 
1704872954.519 3.601 -7.133 
1704872954.619 3.552 -7.132 
1704872954.719 3.493 -7.111 
1704872954.819 3.415 -7.076 
1704872954.919 3.344 -7.042 
1704872955.020 3.277 -7.004 
1704872955.120 3.204 -6.967 
1704872955.220 3.134 -6.927 
1704872955.320 3.057 -6.875 
1704872955.420 2.973 -6.827 
1704872955.520 2.889 -6.783 
1704872955.620 2.804 -6.740 
1704872955.720 2.717 -6.696 
1704872955.820 2.628 -6.645 
1704872955.921 2.560 -6.620 
1704872956.021 2.514 -6.589 
1704872956.121 2.456 -6.550 
1704872956.221 2.378 -6.506 
1704872956.321 2.306 -6.468 
1704872956.422 2.243 -6.431 
1704872956.521 2.184 -6.392 
1704872956.622 2.110 -6.348 
1704872956.722 2.032 -6.303 
1704872956.822 1.953 -6.266 
1704872956.922 1.880 -6.232 
1704872957.022 1.820 -6.199 
1704872957.122 1.752 -6.165 
1704872957.222 1.675 -6.131 
1704872957.323 1.591 -6.096 
1704872957.423 1.520 -6.061 
1704872957.523 1.448 -6.026 
1704872957.624 1.375 -5.992 
1704872957.724 1.305 -5.962 
1704872957.824 1.234 -5.930 
1704872957.924 1.155 -5.900 
1704872958.024 1.074 -5.878 
1704872958.125 0.997 -5.861 
1704872958.224 0.921 -5.845 
1704872958.325 0.844 -5.828 
1704872958.425 0.768 -5.804 
1704872958.525 0.694 -5.782 
1704872958.625 0.618 -5.763 
1704872958.725 0.540 -5.746 
1704872958.825 0.461 -5.731 
1704872958.928 0.384 -5.721 
1704872959.027 0.301 -5.723 
1704872959.128 0.225 -5.720 
1704872959.228 0.149 -5.720 
1704872959.329 0.071 -5.720 
1704872959.429 -0.006 -5.721 
1704872959.528 -0.086 -5.725 
1704872959.628 -0.166 -5.735 
1704872959.728 -0.251 -5.751 
1704872959.828 -0.329 -5.764 
1704872959.929 -0.402 -5.770 
1704872960.029 -0.477 -5.783 
1704872960.130 -0.555 -5.803 
1704872960.230 -0.635 -5.818 
1704872960.330 -0.709 -5.838 
1704872960.430 -0.786 -5.864 
1704872960.530 -0.862 -5.888 
1704872960.630 -0.936 -5.912 
1704872960.731 -1.006 -5.943 
1704872960.830 -1.079 -5.975 
1704872960.931 -1.154 -6.005 
1704872961.031 -1.226 -6.030 
1704872961.132 -1.301 -6.066 
1704872961.232 -1.373 -6.097 
1704872961.331 -1.446 -6.126 
1704872961.431 -1.517 -6.156 
1704872961.531 -1.588 -6.187 
1704872961.631 -1.656 -6.222 
1704872961.730 -1.723 -6.257 
1704872961.831 -1.790 -6.290 
1704872961.932 -1.864 -6.331 
1704872962.031 -1.961 -6.387 
1704872962.131 -2.066 -6.446 
1704872962.232 -2.160 -6.495 
1704872962.332 -2.235 -6.537 
1704872962.432 -2.309 -6.581 
1704872962.532 -2.389 -6.625 
1704872962.632 -2.468 -6.667 
1704872962.732 -2.540 -6.709 
1704872962.833 -2.617 -6.748 
1704872962.933 -2.683 -6.785 
1704872963.033 -2.746 -6.816 
1704872963.134 -2.809 -6.845 
1704872963.234 -2.874 -6.872 
1704872963.335 -2.949 -6.894 
1704872963.435 -3.013 -6.909 
1704872963.536 -3.103 -6.916 
1704872963.636 -3.189 -6.917 
1704872963.736 -3.265 -6.910 
1704872963.836 -3.334 -6.881 
1704872963.936 -3.381 -6.847 
1704872964.038 -3.398 -6.807 
1704872964.136 -3.411 -6.762 
1704872964.236 -3.452 -6.711 
1704872964.336 -3.512 -6.657 
1704872964.436 -3.566 -6.617 
1704872964.537 -3.623 -6.570 
1704872964.637 -3.660 -6.547 
1704872964.739 -3.685 -6.532 
1704872964.838 -3.716 -6.489 
1704872964.938 -3.779 -6.414 
1704872965.038 -3.851 -6.333 
1704872965.139 -3.907 -6.265 
1704872965.238 -3.947 -6.205 
1704872965.339 -3.982 -6.146 
1704872965.443 -4.032 -6.074 
1704872965.539 -4.089 -6.010 
1704872965.639 -4.152 -5.933 
1704872965.739 -4.212 -5.862 
1704872965.839 -4.270 -5.797 
1704872965.939 -4.331 -5.729 
1704872966.039 -4.402 -5.659 
1704872966.139 -4.488 -5.587 
1704872966.239 -4.575 -5.526 
1704872966.339 -4.658 -5.471 
1704872966.440 -4.745 -5.417 
1704872966.540 -4.834 -5.367 
1704872966.640 -4.930 -5.325 
1704872966.741 -5.025 -5.282 
1704872966.840 -5.121 -5.240 
1704872966.940 -5.222 -5.202 
1704872967.040 -5.320 -5.163 
1704872967.140 -5.417 -5.132 
1704872967.241 -5.516 -5.106 
1704872967.341 -5.622 -5.083 
1704872967.441 -5.702 -5.066 
1704872967.541 -5.760 -5.059 
1704872967.641 -5.840 -5.048 
1704872967.741 -5.924 -5.032 
1704872967.841 -6.004 -5.014 
1704872967.941 -6.082 -4.997 
1704872968.041 -6.160 -4.986 
1704872968.142 -6.246 -4.977 
1704872968.242 -6.332 -4.966 
1704872968.342 -6.411 -4.955 
1704872968.442 -6.493 -4.945 
1704872968.542 -6.579 -4.932 
1704872968.643 -6.664 -4.924 
1704872968.742 -6.750 -4.917 
1704872968.843 -6.838 -4.909 
1704872968.943 -6.920 -4.905 
1704872969.047 -7.003 -4.900 
1704872969.146 -7.087 -4.895 
1704872969.246 -7.175 -4.887 
1704872969.348 -7.266 -4.879 
1704872969.447 -7.354 -4.876 
1704872969.548 -7.441 -4.871 
1704872969.649 -7.532 -4.868 
1704872969.748 -7.628 -4.864 
1704872974.159 -7.586 -4.631 
1704872974.159 -7.586 -4.631 
1704872974.260 -7.554 -4.713 
1704872974.359 -7.493 -4.821 
1704872974.460 -7.433 -4.933 
1704872974.559 -7.374 -5.032 
1704872974.659 -7.312 -5.135 
1704872974.759 -7.251 -5.240 
1704872974.861 -7.192 -5.347 
1704872974.960 -7.136 -5.454 
1704872975.061 -7.072 -5.559 
1704872975.161 -7.005 -5.657 
1704872975.261 -6.948 -5.752 
1704872975.362 -6.908 -5.826 
1704872975.462 -6.874 -5.879 
1704872975.561 -6.832 -5.936 
1704872975.661 -6.790 -6.003 
1704872975.762 -6.728 -6.083 
1704872975.862 -6.662 -6.172 
1704872975.962 -6.607 -6.251 
1704872976.063 -6.553 -6.328 
1704872976.162 -6.495 -6.405 
1704872976.263 -6.441 -6.482 
1704872976.363 -6.399 -6.549 
1704872976.463 -6.351 -6.608 
1704872976.562 -6.291 -6.671 
1704872976.663 -6.221 -6.736 
1704872976.763 -6.161 -6.797 
1704872976.863 -6.104 -6.857 
1704872976.963 -6.045 -6.912 
1704872977.065 -5.979 -6.970 
1704872977.164 -5.917 -7.007 
1704872977.264 -5.860 -7.048 
1704872977.364 -5.801 -7.092 
1704872977.464 -5.738 -7.132 
1704872977.564 -5.669 -7.165 
1704872977.664 -5.604 -7.193 
1704872977.764 -5.543 -7.228 
1704872977.864 -5.476 -7.269 
1704872977.964 -5.407 -7.313 
1704872978.064 -5.342 -7.359 
1704872978.166 -5.277 -7.400 
1704872978.265 -5.208 -7.439 
1704872978.364 -5.136 -7.478 
1704872978.465 -5.071 -7.513 
1704872978.565 -5.012 -7.547 
1704872978.665 -4.960 -7.578 
1704872978.765 -4.914 -7.598 
1704872978.865 -4.879 -7.582 
1704872978.966 -4.844 -7.565 
1704872979.066 -4.787 -7.564 
1704872979.166 -4.683 -7.584 
1704872979.266 -4.571 -7.594 
1704872979.366 -4.449 -7.602 
1704872979.468 -4.327 -7.611 
1704872979.567 -4.232 -7.605 
1704872979.667 -4.171 -7.609 
1704872979.767 -4.144 -7.613 
1704872979.867 -4.121 -7.584 
1704872979.967 -4.058 -7.548 
1704872980.067 -3.963 -7.490 
1704872980.167 -3.878 -7.439 
1704872980.267 -3.823 -7.397 
1704872980.375 -3.761 -7.367 
1704872980.471 -3.683 -7.364 
1704872980.571 -3.578 -7.368 
1704872980.669 -3.483 -7.359 
1704872980.769 -3.407 -7.349 
1704872980.869 -3.323 -7.344 
1704872980.969 -3.233 -7.339 
1704872981.069 -3.141 -7.335 
1704872981.169 -3.049 -7.330 
1704872981.270 -2.952 -7.321 
1704872981.369 -2.859 -7.314 
1704872981.474 -2.765 -7.309 
1704872981.572 -2.669 -7.304 
1704872981.673 -2.572 -7.299 
1704872981.772 -2.472 -7.293 
1704872981.871 -2.372 -7.287 
1704872981.973 -2.270 -7.282 
1704872982.072 -2.170 -7.278 
1704872982.172 -2.066 -7.273 
1704872982.272 -1.991 -7.274 
1704872982.372 -1.934 -7.269 
1704872982.472 -1.863 -7.259 
1704872984.978 -1.529 -7.069 
1704872984.979 -1.529 -7.069 
1704872985.080 -1.566 -7.133 
1704872985.181 -1.647 -7.238 
1704872985.281 -1.719 -7.336 
1704872985.382 -1.773 -7.416 
1704872985.483 -1.844 -7.471 
1704872985.583 -1.974 -7.499 
1704872985.682 -2.125 -7.524 
1704872985.782 -2.239 -7.554 
1704872985.884 -2.343 -7.595 
1704872985.982 -2.453 -7.630 
1704872986.083 -2.576 -7.667 
1704872986.183 -2.686 -7.703 
1704872986.284 -2.792 -7.739 
1704872986.383 -2.885 -7.765 
1704872986.484 -2.953 -7.780 
1704872986.591 -3.011 -7.792 
1704872986.686 -3.072 -7.809 
1704872986.785 -3.135 -7.822 
1704872986.885 -3.213 -7.836 
1704872986.984 -3.299 -7.853 
1704872987.086 -3.378 -7.871 
1704872987.187 -3.459 -7.888 
1704872987.286 -3.541 -7.910 
1704872987.387 -3.630 -7.929 
1704872987.487 -3.720 -7.949 
1704872987.589 -3.812 -7.968 
1704872987.686 -3.901 -7.986 
1704872987.787 -3.993 -8.006 
1704872987.887 -4.085 -8.024 
1704872987.987 -4.189 -8.034 
1704872988.088 -4.244 -8.055 
1704872988.187 -4.290 -8.053 
1704872988.288 -4.370 -8.054 
1704872988.387 -4.467 -8.057 
1704872988.489 -4.553 -8.061 
1704872988.589 -4.629 -8.062 
1704872988.689 -4.703 -8.058 
1704872988.789 -4.772 -8.057 
1704872988.889 -4.848 -8.061 
1704872988.989 -4.936 -8.059 
1704872989.090 -5.021 -8.061 
1704872989.190 -5.105 -8.064 
1704872989.289 -5.191 -8.062 
1704872989.394 -5.272 -8.063 
1704872989.490 -5.360 -8.065 
1704872989.590 -5.448 -8.069 
1704872989.691 -5.533 -8.077 
1704872989.791 -5.621 -8.079 
1704872989.890 -5.710 -8.077 
1704872989.993 -5.801 -8.078 
1704872990.092 -5.886 -8.081 
1704872990.194 -5.976 -8.080 
1704872990.292 -6.063 -8.080 
1704872990.393 -6.155 -8.078 
1704872990.493 -6.247 -8.072 
1704872990.593 -6.338 -8.070 
1704872990.693 -6.428 -8.066 
1704872990.793 -6.521 -8.062 
1704872990.893 -6.614 -8.058 
1704872990.993 -6.708 -8.051 
1704872991.093 -6.801 -8.044 
1704872991.195 -6.895 -8.038 
1704872991.294 -6.988 -8.032 
1704872991.394 -7.083 -8.024 
1704872991.494 -7.179 -8.016 
1704872991.595 -7.274 -8.006 
1704872991.695 -7.369 -7.998 
1704872991.795 -7.467 -7.987 
1704872991.895 -7.575 -7.976 
1704872997.910 -8.159 -8.128 
1704872997.910 -8.159 -8.128 
1704872998.012 -8.068 -8.156 
1704872998.111 -7.934 -8.179 
1704872998.211 -7.788 -8.199 
1704872998.312 -7.648 -8.224 
1704872998.413 -7.525 -8.261 
1704872998.515 -7.406 -8.296 
1704872998.613 -7.290 -8.332 
1704872998.713 -7.177 -8.370 
1704872998.813 -7.057 -8.396 
1704872998.912 -6.938 -8.417 
1704872999.013 -6.817 -8.440 
1704872999.113 -6.699 -8.466 
1704872999.214 -6.581 -8.485 
1704872999.314 -6.463 -8.502 
1704872999.413 -6.347 -8.522 
1704872999.514 -6.231 -8.541 
1704872999.613 -6.115 -8.558 
1704872999.713 -6.015 -8.569 
1704872999.813 -5.942 -8.577 
1704872999.913 -5.869 -8.588 
1704873000.013 -5.789 -8.599 
1704873000.114 -5.711 -8.608 
1704873000.214 -5.635 -8.619 
1704873000.314 -5.561 -8.629 
1704873000.414 -5.490 -8.636 
1704873000.514 -5.393 -8.651 
1704873000.614 -5.271 -8.669 
1704873000.715 -5.143 -8.683 
1704873000.815 -5.064 -8.706 
1704873000.927 -5.001 -8.734 
1704873001.020 -4.918 -8.741 
1704873001.116 -4.813 -8.739 
1704873001.215 -4.699 -8.736 
1704873001.316 -4.594 -8.734 
1704873001.415 -4.521 -8.740 
1704873001.516 -4.434 -8.730 
1704873001.616 -4.326 -8.721 
1704873001.716 -4.220 -8.710 
1704873001.816 -4.119 -8.697 
1704873001.916 -4.038 -8.678 
1704873002.016 -3.963 -8.657 
1704873002.116 -3.877 -8.643 
1704873002.217 -3.784 -8.631 
1704873002.317 -3.677 -8.607 
1704873002.417 -3.572 -8.576 
1704873002.517 -3.471 -8.552 
1704873002.617 -3.370 -8.531 
1704873002.717 -3.275 -8.513 
1704873002.817 -3.180 -8.495 
1704873002.918 -3.091 -8.465 
1704873003.018 -3.006 -8.428 
1704873003.119 -2.923 -8.394 
1704873003.218 -2.858 -8.361 
1704873003.318 -2.815 -8.328 
1704873003.418 -2.760 -8.290 
1704873003.518 -2.700 -8.242 
1704873003.618 -2.630 -8.180 
1704873003.719 -2.558 -8.108 
1704873003.818 -2.489 -8.039 
1704873003.919 -2.427 -7.985 
1704873004.019 -2.361 -7.926 
1704873004.120 -2.295 -7.876 
1704873004.219 -2.221 -7.819 
1704873004.319 -2.155 -7.760 
1704873004.419 -2.090 -7.699 
1704873004.519 -2.029 -7.636 
1704873004.620 -1.967 -7.570 
1704873004.721 -1.904 -7.507 
1704873004.820 -1.844 -7.449 
1704873004.920 -1.784 -7.384 
1704873005.021 -1.723 -7.314 
1704873005.120 -1.664 -7.247 
1704873005.221 -1.604 -7.179 
1704873005.322 -1.542 -7.109 
1704873005.421 -1.477 -7.043 
1704873005.522 -1.413 -6.974 
1704873005.622 -1.352 -6.905 
1704873005.722 -1.296 -6.837 
1704873005.822 -1.240 -6.770 
1704873005.922 -1.177 -6.700 
1704873006.022 -1.110 -6.629 
1704873006.123 -1.038 -6.564 
1704873006.222 -0.960 -6.512 
1704873006.323 -0.883 -6.463 
1704873006.424 -0.799 -6.415 
1704873006.523 -0.697 -6.368 
1704873006.623 -0.606 -6.323 
1704873006.723 -0.520 -6.291 
1704873006.823 -0.426 -6.256 
1704873006.924 -0.305 -6.212 
1704873007.024 -0.184 -6.176 
1704873007.124 -0.103 -6.155 
1704873007.224 -0.013 -6.142 
1704873007.324 0.104 -6.125 
1704873007.424 0.207 -6.106 
1704873007.525 0.304 -6.097 
1704873007.624 0.406 -6.091 
1704873007.724 0.508 -6.087 
1704873007.825 0.606 -6.086 
1704873007.926 0.701 -6.095 
1704873008.027 0.794 -6.114 
1704873008.127 0.897 -6.128 
1704873008.227 0.996 -6.138 
1704873008.326 1.089 -6.155 
1704873008.426 1.182 -6.175 
1704873008.530 1.276 -6.200 
1704873008.627 1.368 -6.231 
1704873008.727 1.460 -6.278 
1704873008.830 1.549 -6.313 
1704873008.928 1.634 -6.340 
1704873009.027 1.718 -6.380 
1704873009.127 1.805 -6.431 
1704873009.227 1.888 -6.491 
1704873009.328 1.965 -6.559 
1704873009.428 2.040 -6.628 
1704873009.529 2.118 -6.678 
1704873009.629 2.195 -6.737 
1704873009.728 2.263 -6.810 
1704873009.832 2.334 -6.890 
1704873009.931 2.405 -6.970 
1704873010.031 2.480 -7.051 
1704873010.132 2.560 -7.131 
1704873010.231 2.638 -7.211 
1704873010.332 2.721 -7.295 
1704873010.432 2.782 -7.360 
1704873010.532 2.845 -7.423 
1704873010.633 2.933 -7.492 
1704873010.732 3.031 -7.564 
1704873010.832 3.128 -7.629 
1704873010.933 3.205 -7.687 
1704873011.033 3.279 -7.746 
1704873011.133 3.371 -7.801 
1704873011.233 3.461 -7.856 
1704873011.333 3.546 -7.908 
1704873011.433 3.624 -7.953 
1704873011.533 3.704 -7.996 
1704873011.633 3.787 -8.035 
1704873011.734 3.865 -8.067 
1704873011.833 3.939 -8.094 
1704873011.933 4.011 -8.120 
1704873012.034 4.095 -8.142 
1704873012.134 4.168 -8.159 
1704873012.234 4.238 -8.175 
1704873012.335 4.308 -8.186 
1704873012.434 4.374 -8.198 
1704873012.535 4.432 -8.213 
1704873012.634 4.517 -8.236 
1704873012.734 4.648 -8.247 
1704873012.837 4.759 -8.256 
1704873012.935 4.829 -8.261 
1704873013.035 4.902 -8.257 
1704873013.136 4.979 -8.260 
1704873013.236 5.076 -8.250 
1704873013.336 5.175 -8.224 
1704873013.436 5.258 -8.207 
1704873013.536 5.327 -8.198 
1704873013.637 5.389 -8.190 
1704873013.736 5.463 -8.170 
1704873013.836 5.551 -8.140 
1704873013.937 5.639 -8.098 
1704873014.037 5.721 -8.068 
1704873014.138 5.804 -8.043 
1704873014.238 5.896 -8.015 
1704873014.338 5.975 -7.974 
1704873014.438 6.048 -7.932 
1704873014.538 6.132 -7.894 
1704873014.638 6.194 -7.864 
1704873014.738 6.249 -7.831 
1704873014.838 6.307 -7.798 
1704873014.938 6.373 -7.765 
1704873015.038 6.440 -7.729 
1704873015.139 6.509 -7.692 
1704873015.240 6.580 -7.656 
1704873015.339 6.649 -7.621 
1704873015.439 6.721 -7.583 
1704873015.540 6.795 -7.546 
1704873015.640 6.868 -7.507 
1704873015.739 6.934 -7.469 
1704873015.840 7.004 -7.438 
1704873015.940 7.078 -7.405 
1704873016.040 7.150 -7.373 
1704873016.141 7.220 -7.340 
1704873016.239 7.286 -7.308 
1704873016.340 7.372 -7.249 
1704873016.441 7.466 -7.200 
1704873016.540 7.550 -7.162 
1704873016.641 7.625 -7.107 
1704873016.742 7.674 -7.053 
1704873016.841 7.715 -7.000 
1704873016.941 7.769 -6.942 
1704873017.041 7.812 -6.880 
1704873017.142 7.849 -6.815 
1704873017.242 7.886 -6.752 
1704873017.342 7.917 -6.690 
1704873017.441 7.947 -6.641 
1704873017.543 7.972 -6.593 
1704873017.643 7.990 -6.513 
1704873017.742 8.001 -6.415 
1704873017.843 8.004 -6.332 
1704873017.944 8.003 -6.276 
1704873018.044 8.003 -6.245 
1704873018.143 8.005 -6.197 
1704873018.243 8.024 -6.111 
1704873018.343 8.036 -5.994 
1704873018.444 8.036 -5.888 
1704873018.543 8.023 -5.806 
1704873018.644 7.995 -5.732 
1704873018.744 7.954 -5.663 
1704873018.845 7.912 -5.586 
1704873018.943 7.890 -5.523 
1704873019.044 7.865 -5.493 
1704873019.144 7.853 -5.460 
1704873019.244 7.830 -5.371 
1704873019.344 7.807 -5.278 
1704873019.445 7.799 -5.220 
1704873019.544 7.786 -5.177 
1704873019.645 7.778 -5.115 
1704873019.745 7.759 -5.037 
1704873019.845 7.730 -4.949 
1704873019.948 7.705 -4.867 
1704873020.045 7.690 -4.799 
1704873020.146 7.667 -4.728 
1704873020.246 7.638 -4.651 
1704873020.345 7.613 -4.576 
1704873020.445 7.586 -4.496 
1704873020.546 7.560 -4.419 
1704873020.646 7.535 -4.343 
1704873020.747 7.504 -4.258 
1704873020.846 7.478 -4.180 
1704873020.946 7.450 -4.100 
1704873021.047 7.415 -4.016 
1704873021.147 7.386 -3.932 
1704873021.246 7.362 -3.846 
1704873021.347 7.351 -3.754 
1704873021.448 7.340 -3.665 
1704873021.550 7.327 -3.565 
1704873021.648 7.329 -3.434 
1704873021.747 7.334 -3.306 
