1704871944.385 4.190 0.091 
1704871944.483 4.252 0.086 
1704871944.583 4.372 0.056 
1704871944.683 4.478 0.040 
1704871944.784 4.593 0.032 
1704871944.883 4.707 0.021 
1704871944.984 4.821 0.006 
1704871945.084 4.941 -0.010 
1704871945.185 5.055 -0.034 
1704871945.284 5.171 -0.056 
1704871945.385 5.266 -0.074 
1704871945.485 5.342 -0.088 
1704871945.586 5.405 -0.099 
1704871945.686 5.493 -0.104 
1704871945.786 5.566 -0.113 
1704871945.886 5.627 -0.110 
1704871945.989 5.671 -0.103 
1704871946.089 5.718 -0.091 
1704871946.189 5.788 -0.091 
1704871946.289 5.870 -0.081 
1704871946.389 5.954 -0.062 
1704871946.490 6.027 -0.059 
1704871946.590 6.071 -0.078 
1704871946.689 6.112 -0.075 
1704871946.790 6.157 -0.032 
1704871946.890 6.199 0.071 
1704871946.991 6.249 0.156 
1704871947.091 6.303 0.192 
1704871947.191 6.316 0.227 
1704871947.291 6.316 0.310 
1704871947.392 6.339 0.428 
1704871947.491 6.364 0.510 
1704871947.592 6.394 0.577 
1704871947.692 6.397 0.652 
1704871947.793 6.368 0.696 
1704871947.892 6.358 0.763 
1704871947.991 6.370 0.835 
1704871948.092 6.372 0.929 
1704871948.192 6.378 1.036 
1704871948.292 6.382 1.147 
1704871948.392 6.383 1.257 
1704871948.493 6.382 1.360 
1704871948.593 6.377 1.446 
1704871953.606 6.673 1.720 
1704871953.606 6.673 1.721 
1704871953.708 6.694 1.703 
1704871953.808 6.734 1.594 
1704871953.907 6.784 1.505 
1704871954.007 6.860 1.422 
1704871954.107 6.950 1.331 
1704871954.208 7.031 1.245 
1704871954.307 7.109 1.156 
1704871954.416 7.187 1.057 
1704871954.509 7.255 0.966 
1704871954.608 7.327 0.870 
1704871954.708 7.397 0.781 
1704871954.809 7.466 0.688 
1704871954.908 7.530 0.589 
1704871955.010 7.589 0.474 
1704871955.109 7.647 0.371 
1704871955.209 7.704 0.281 
1704871955.308 7.756 0.181 
1704871955.413 7.776 0.033 
1704871955.508 7.809 -0.072 
1704871955.609 7.815 -0.188 
1704871955.710 7.800 -0.303 
1704871955.809 7.767 -0.418 
1704871955.909 7.697 -0.535 
1704871956.009 7.629 -0.608 
1704871956.111 7.561 -0.638 
1704871956.211 7.453 -0.673 
1704871956.310 7.310 -0.713 
1704871956.411 7.194 -0.755 
1704871956.510 7.085 -0.787 
1704871956.610 6.967 -0.800 
1704871956.710 6.849 -0.801 
1704871956.814 6.734 -0.802 
1704871956.914 6.622 -0.804 
1704871957.014 6.539 -0.826 
1704871957.113 6.462 -0.824 
1704871957.217 6.372 -0.811 
1704871957.318 6.288 -0.802 
1704871957.419 6.194 -0.782 
1704871957.519 6.097 -0.744 
1704871957.619 6.006 -0.706 
1704871957.722 5.924 -0.682 
1704871957.819 5.848 -0.663 
1704871957.919 5.765 -0.628 
1704871958.019 5.685 -0.581 
1704871958.120 5.605 -0.537 
1704871958.220 5.532 -0.495 
1704871958.320 5.449 -0.453 
1704871958.419 5.370 -0.401 
1704871958.520 5.287 -0.338 
1704871958.620 5.211 -0.279 
1704871958.722 5.148 -0.217 
1704871958.820 5.089 -0.155 
1704871958.920 5.029 -0.104 
1704871959.021 4.971 -0.056 
1704871959.121 4.927 -0.003 
1704871959.221 4.903 0.067 
1704871959.321 4.922 0.192 
1704871959.421 4.954 0.314 
1704871959.522 4.972 0.404 
1704871959.623 4.989 0.498 
1704871959.723 5.003 0.592 
1704871959.822 5.023 0.689 
1704871959.922 5.048 0.788 
1704871960.022 5.078 0.888 
1704871960.123 5.115 0.987 
1704871960.224 5.137 1.061 
1704871960.323 5.162 1.120 
1704871960.423 5.189 1.189 
1704871960.523 5.215 1.262 
1704871960.625 5.242 1.342 
1704871960.726 5.270 1.421 
1704871960.827 5.298 1.501 
1704871960.926 5.323 1.578 
1704871961.026 5.355 1.657 
1704871961.126 5.389 1.736 
1704871961.226 5.423 1.815 
1704871961.326 5.456 1.895 
1704871961.427 5.489 1.976 
1704871961.526 5.522 2.055 
1704871961.626 5.554 2.132 
1704871961.727 5.589 2.212 
1704871961.827 5.626 2.290 
1704871961.927 5.661 2.368 
1704871962.028 5.697 2.448 
1704871962.127 5.731 2.524 
1704871962.227 5.767 2.599 
1704871962.327 5.803 2.674 
1704871962.428 5.839 2.750 
1704871962.527 5.873 2.823 
1704871962.627 5.907 2.897 
1704871962.728 5.941 2.970 
1704871962.828 5.978 3.037 
1704871962.928 6.016 3.105 
1704871963.028 6.054 3.173 
1704871963.128 6.103 3.266 
1704871963.229 6.172 3.371 
1704871963.328 6.233 3.469 
1704871963.430 6.269 3.527 
1704871963.530 6.314 3.587 
1704871963.630 6.386 3.659 
1704871963.730 6.441 3.727 
1704871963.831 6.502 3.782 
1704871963.931 6.562 3.833 
1704871964.031 6.626 3.883 
1704871964.131 6.704 3.929 
1704871964.231 6.806 3.981 
1704871964.331 6.906 4.038 
1704871964.431 6.977 4.082 
1704871964.531 6.999 4.107 
1704871964.633 6.985 4.142 
1704871964.732 7.046 4.157 
1704871964.831 7.185 4.128 
1704871964.931 7.301 4.124 
1704871965.032 7.411 4.143 
1704871965.132 7.535 4.140 
1704871965.232 7.661 4.093 
1704871965.334 7.754 4.017 
1704871965.434 7.831 3.940 
1704871965.533 7.908 3.868 
1704871965.633 7.950 3.813 
1704871965.733 7.982 3.767 
1704871965.832 8.020 3.705 
1704871965.932 8.062 3.607 
1704871966.032 8.113 3.475 
1704871966.132 8.158 3.380 
1704871966.233 8.191 3.300 
1704871966.333 8.227 3.203 
1704871966.433 8.256 3.128 
1704871966.535 8.279 3.059 
1704871966.635 8.303 2.988 
1704871966.734 8.330 2.911 
1704871971.741 8.794 2.638 
1704871971.742 8.794 2.638 
1704871971.843 8.780 2.719 
1704871971.943 8.735 2.852 
1704871972.044 8.698 2.953 
1704871972.143 8.694 3.063 
1704871972.243 8.702 3.201 
1704871972.343 8.715 3.332 
1704871972.443 8.719 3.445 
1704871972.545 8.712 3.565 
1704871972.644 8.709 3.687 
1704871972.744 8.703 3.809 
1704871972.844 8.691 3.929 
1704871972.944 8.679 4.050 
1704871973.045 8.666 4.171 
1704871973.145 8.653 4.291 
1704871973.244 8.638 4.409 
1704871973.346 8.623 4.528 
1704871973.445 8.612 4.642 
1704871973.545 8.603 4.749 
1704871973.646 8.594 4.848 
1704871973.746 8.584 4.938 
1704871973.846 8.577 5.026 
1704871973.946 8.570 5.120 
1704871974.046 8.562 5.214 
1704871974.147 8.554 5.310 
1704871974.247 8.545 5.399 
1704871974.347 8.535 5.498 
1704871974.450 8.523 5.601 
1704871974.548 8.511 5.692 
1704871974.647 8.495 5.788 
1704871974.747 8.483 5.878 
1704871974.848 8.473 5.965 
1704871974.947 8.465 6.055 
1704871975.048 8.444 6.161 
1704871975.148 8.425 6.260 
1704871975.249 8.400 6.344 
1704871975.348 8.376 6.427 
1704871975.448 8.352 6.512 
1704871975.549 8.325 6.603 
1704871975.649 8.298 6.685 
1704871975.750 8.269 6.768 
1704871975.849 8.239 6.849 
1704871975.950 8.211 6.931 
1704871976.050 8.187 7.009 
1704871976.150 8.160 7.089 
1704871976.250 8.131 7.166 
1704871976.351 8.101 7.240 
1704871976.452 8.067 7.312 
1704871976.550 8.036 7.386 
1704871976.649 7.999 7.477 
1704871976.754 7.934 7.584 
1704871976.851 7.896 7.672 
1704871976.957 7.850 7.735 
1704871977.052 7.809 7.801 
1704871977.152 7.759 7.873 
1704871977.251 7.718 7.935 
1704871977.352 7.681 7.993 
1704871977.452 7.645 8.049 
1704871977.551 7.607 8.116 
1704871977.652 7.562 8.180 
1704871977.751 7.523 8.235 
1704871977.851 7.487 8.305 
1704871977.952 7.451 8.388 
1704871978.053 7.413 8.462 
1704871979.358 7.421 8.423 
1704871979.459 7.368 8.354 
1704871979.562 7.288 8.264 
1704871979.662 7.205 8.180 
1704871979.763 7.128 8.134 
1704871979.863 7.063 8.101 
1704871979.963 7.042 8.021 
1704871980.063 7.016 7.887 
1704871980.162 6.993 7.773 
1704871980.263 6.973 7.714 
1704871980.363 6.971 7.667 
1704871980.463 6.952 7.596 
1704871980.563 6.919 7.487 
1704871980.664 6.900 7.387 
1704871980.763 6.872 7.327 
1704871980.863 6.858 7.260 
1704871980.964 6.840 7.168 
1704871981.064 6.826 7.077 
1704871981.164 6.812 6.985 
1704871981.264 6.800 6.897 
1704871981.364 6.788 6.808 
1704871981.464 6.781 6.714 
1704871981.565 6.774 6.621 
1704871981.664 6.766 6.530 
1704871981.765 6.757 6.433 
1704871981.865 6.749 6.336 
1704871981.964 6.743 6.243 
1704871982.065 6.736 6.150 
1704871982.165 6.729 6.057 
1704871982.265 6.721 5.959 
1704871982.365 6.716 5.859 
1704871982.466 6.710 5.763 
1704871982.566 6.702 5.670 
1704871982.666 6.694 5.572 
1704871982.767 6.688 5.472 
1704871982.866 6.686 5.373 
1704871982.966 6.686 5.272 
1704871983.066 6.676 5.181 
1704871983.167 6.661 5.082 
1704871983.266 6.650 4.978 
1704871983.365 6.635 4.879 
1704871983.466 6.624 4.778 
1704871983.568 6.613 4.680 
1704871983.666 6.600 4.578 
1704871983.770 6.576 4.479 
1704871983.867 6.557 4.389 
1704871983.967 6.541 4.297 
1704871984.067 6.525 4.207 
1704871984.167 6.489 4.097 
1704871984.267 6.461 3.990 
1704871984.367 6.457 3.910 
1704871984.467 6.441 3.839 
1704871984.568 6.416 3.762 
1704871984.668 6.393 3.686 
1704871984.768 6.363 3.599 
1704871984.867 6.326 3.521 
1704871984.969 6.295 3.452 
1704871985.068 6.267 3.393 
1704871985.169 6.224 3.326 
1704871985.268 6.168 3.256 
1704871985.369 6.121 3.198 
1704871985.469 6.079 3.141 
1704871985.569 6.030 3.081 
1704871985.669 5.961 3.016 
1704871985.769 5.884 2.926 
1704871985.869 5.808 2.837 
1704871985.969 5.728 2.780 
1704871986.069 5.634 2.732 
1704871986.169 5.544 2.679 
1704871986.270 5.453 2.631 
1704871986.374 5.361 2.589 
1704871986.473 5.263 2.555 
1704871986.575 5.163 2.526 
1704871986.674 5.064 2.503 
1704871986.774 4.966 2.500 
1704871986.876 4.861 2.499 
1704871986.975 4.761 2.493 
1704871987.075 4.663 2.490 
1704871987.175 4.566 2.493 
1704871987.274 4.470 2.496 
1704871987.377 4.372 2.497 
1704871987.475 4.280 2.499 
1704871987.577 4.183 2.500 
1704871987.677 4.083 2.497 
1704871987.777 3.983 2.492 
1704871987.877 3.884 2.487 
1704871987.978 3.817 2.497 
1704871988.078 3.753 2.493 
1704871988.179 3.689 2.485 
1704871988.279 3.619 2.479 
1704871988.379 3.514 2.456 
1704871988.479 3.392 2.435 
1704871988.580 3.289 2.429 
1704871988.679 3.199 2.421 
1704871988.779 3.111 2.399 
1704871988.879 3.026 2.358 
1704871988.980 2.945 2.311 
1704871989.080 2.867 2.267 
1704871989.180 2.792 2.234 
1704871989.282 2.717 2.196 
1704871989.380 2.643 2.156 
1704871989.480 2.565 2.117 
1704871989.581 2.508 2.084 
1704871989.681 2.461 2.048 
1704871989.781 2.415 1.998 
1704871989.884 2.379 1.897 
1704871989.981 2.355 1.800 
1704871990.081 2.337 1.737 
1704871990.182 2.323 1.671 
1704871990.283 2.313 1.570 
1704871990.382 2.303 1.468 
1704871990.482 2.289 1.384 
1704871990.583 2.268 1.322 
1704871990.682 2.241 1.277 
1704871990.783 2.214 1.245 
1704871990.884 2.229 1.180 
1704871990.983 2.273 1.065 
1704871991.083 2.308 0.948 
1704871991.184 2.322 0.899 
1704871991.284 2.334 0.859 
1704871991.383 2.358 0.784 
1704871991.484 2.411 0.672 
1704871991.586 2.467 0.557 
1704871991.684 2.504 0.481 
1704871991.783 2.551 0.411 
1704871991.883 2.607 0.333 
1704871991.984 2.659 0.252 
1704871992.084 2.706 0.171 
1704871992.185 2.758 0.099 
1704871992.286 2.809 0.024 
1704871992.386 2.877 -0.071 
1704871992.486 2.932 -0.154 
1704871992.586 2.972 -0.229 
1704871992.687 3.036 -0.307 
1704871992.787 3.088 -0.360 
1704871997.898 3.532 -0.581 
1704871997.898 3.532 -0.581 
1704871997.998 3.533 -0.578 
1704871998.098 3.472 -0.578 
1704871998.198 3.351 -0.575 
1704871998.299 3.229 -0.567 
1704871998.400 3.108 -0.561 
1704871998.500 2.988 -0.552 
1704871998.600 2.866 -0.539 
1704871998.700 2.742 -0.528 
1704871998.800 2.619 -0.519 
1704871998.900 2.497 -0.511 
1704871999.000 2.374 -0.500 
1704871999.100 2.253 -0.483 
1704871999.200 2.127 -0.470 
1704871999.301 2.004 -0.461 
1704871999.400 1.884 -0.441 
1704871999.502 1.760 -0.419 
1704871999.601 1.634 -0.396 
1704871999.700 1.518 -0.382 
1704871999.801 1.404 -0.357 
1704871999.903 1.289 -0.327 
1704872000.002 1.172 -0.292 
1704872000.101 1.053 -0.258 
1704872000.202 0.936 -0.210 
1704872000.305 0.821 -0.168 
1704872000.403 0.707 -0.123 
1704872000.503 0.595 -0.076 
1704872000.602 0.485 -0.027 
1704872000.707 0.373 0.029 
1704872000.802 0.292 0.081 
1704872000.903 0.228 0.115 
1704872001.003 0.159 0.151 
1704872001.104 0.084 0.200 
1704872001.204 0.012 0.259 
1704872001.304 -0.050 0.312 
1704872001.404 -0.105 0.355 
1704872001.504 -0.160 0.411 
1704872001.604 -0.222 0.493 
1704872001.704 -0.283 0.566 
1704872001.804 -0.337 0.624 
1704872001.904 -0.396 0.687 
1704872002.004 -0.458 0.751 
1704872002.105 -0.514 0.816 
1704872002.205 -0.566 0.883 
1704872002.305 -0.617 0.953 
1704872002.406 -0.662 1.028 
1704872002.505 -0.706 1.110 
1704872002.606 -0.755 1.197 
1704872002.706 -0.801 1.270 
1704872002.805 -0.841 1.355 
1704872002.906 -0.884 1.439 
1704872003.006 -0.923 1.524 
1704872003.107 -0.960 1.613 
1704872003.210 -0.997 1.706 
1704872003.308 -1.038 1.793 
1704872003.407 -1.070 1.879 
1704872003.507 -1.097 1.975 
1704872003.607 -1.126 2.071 
1704872003.706 -1.153 2.164 
1704872003.808 -1.181 2.260 
1704872003.907 -1.204 2.352 
1704872004.007 -1.213 2.421 
1704872004.107 -1.228 2.477 
1704872004.209 -1.247 2.553 
1704872004.309 -1.262 2.636 
1704872004.408 -1.277 2.711 
1704872004.508 -1.294 2.782 
1704872004.609 -1.308 2.854 
1704872004.708 -1.324 2.929 
1704872004.809 -1.340 3.008 
1704872004.917 -1.353 3.089 
1704872005.012 -1.365 3.172 
1704872005.110 -1.384 3.252 
1704872006.113 -1.455 3.314 
1704872006.113 -1.455 3.314 
1704872006.214 -1.496 3.356 
1704872006.314 -1.585 3.450 
1704872006.418 -1.665 3.544 
1704872006.516 -1.730 3.618 
1704872006.615 -1.799 3.722 
1704872006.714 -1.876 3.825 
1704872006.815 -1.944 3.918 
1704872006.915 -2.013 4.004 
1704872007.014 -2.090 4.090 
1704872007.115 -2.167 4.183 
1704872007.215 -2.247 4.273 
1704872007.315 -2.312 4.344 
1704872007.415 -2.369 4.404 
1704872007.515 -2.429 4.464 
1704872007.615 -2.486 4.524 
1704872007.715 -2.538 4.582 
1704872007.816 -2.591 4.640 
1704872007.916 -2.641 4.693 
1704872008.016 -2.689 4.742 
1704872008.116 -2.734 4.793 
1704872008.216 -2.788 4.899 
1704872008.320 -2.844 5.020 
1704872008.416 -2.889 5.101 
1704872008.517 -2.925 5.192 
1704872008.617 -2.957 5.289 
1704872008.717 -2.985 5.381 
1704872008.817 -3.007 5.442 
1704872008.918 -3.014 5.486 
1704872009.017 -3.009 5.514 
1704872009.117 -2.994 5.567 
1704872009.219 -2.939 5.680 
1704872009.319 -2.899 5.766 
1704872009.419 -2.864 5.847 
1704872009.520 -2.827 5.936 
1704872009.620 -2.796 5.982 
1704872009.725 -2.736 6.069 
1704872009.825 -2.665 6.128 
1704872009.923 -2.619 6.179 
1704872010.022 -2.547 6.246 
1704872010.122 -2.445 6.308 
1704872010.222 -2.353 6.366 
1704872010.323 -2.258 6.430 
1704872010.423 -2.161 6.489 
1704872010.525 -2.063 6.546 
1704872010.624 -1.966 6.595 
1704872010.725 -1.876 6.642 
1704872010.827 -1.793 6.687 
1704872010.927 -1.717 6.722 
1704872011.025 -1.657 6.749 
1704872011.125 -1.602 6.769 
1704872011.225 -1.537 6.800 
1704872011.325 -1.458 6.837 
1704872011.425 -1.368 6.874 
1704872011.525 -1.288 6.908 
1704872011.625 -1.209 6.942 
1704872011.725 -1.132 6.972 
1704872011.824 -1.058 7.006 
1704872011.924 -0.986 7.040 
1704872012.026 -0.915 7.068 
1704872012.125 -0.849 7.096 
1704872012.225 -0.790 7.126 
1704872012.325 -0.720 7.157 
1704872012.426 -0.636 7.184 
1704872012.527 -0.560 7.216 
1704872012.627 -0.484 7.242 
1704872012.726 -0.373 7.261 
1704872012.826 -0.268 7.282 
1704872012.926 -0.167 7.303 
1704872015.130 0.079 7.364 
1704872015.231 0.110 7.365 
1704872015.330 0.151 7.289 
1704872015.430 0.165 7.155 
1704872015.530 0.149 6.988 
1704872015.631 0.131 6.829 
1704872015.731 0.131 6.694 
1704872015.831 0.083 6.563 
1704872015.930 0.063 6.465 
1704872016.031 0.018 6.384 
1704872016.131 -0.028 6.299 
1704872016.231 -0.072 6.218 
1704872016.332 -0.114 6.144 
1704872016.433 -0.147 6.076 
1704872016.533 -0.175 6.001 
1704872016.633 -0.207 5.928 
1704872016.732 -0.235 5.856 
1704872016.832 -0.264 5.778 
1704872016.932 -0.294 5.702 
1704872017.032 -0.325 5.622 
1704872017.133 -0.356 5.525 
1704872017.233 -0.390 5.471 
1704872017.333 -0.404 5.414 
1704872017.433 -0.431 5.332 
1704872017.533 -0.460 5.254 
1704872017.634 -0.486 5.179 
1704872017.734 -0.507 5.101 
1704872017.833 -0.528 5.027 
1704872017.933 -0.553 4.940 
1704872018.034 -0.581 4.856 
1704872018.134 -0.604 4.781 
1704872018.234 -0.626 4.702 
1704872018.334 -0.640 4.619 
1704872018.434 -0.652 4.540 
1704872018.536 -0.664 4.459 
1704872018.636 -0.679 4.378 
1704872018.737 -0.695 4.300 
1704872018.837 -0.712 4.219 
1704872018.936 -0.721 4.133 
1704872019.036 -0.731 4.054 
1704872019.137 -0.735 3.983 
1704872019.237 -0.734 3.914 
1704872019.336 -0.733 3.847 
1704872019.439 -0.728 3.778 
1704872019.537 -0.723 3.676 
1704872019.638 -0.723 3.568 
1704872019.738 -0.719 3.473 
1704872019.838 -0.714 3.385 
1704872019.938 -0.712 3.320 
1704872020.039 -0.715 3.274 
1704872020.139 -0.740 3.252 
1704872020.238 -0.747 3.230 
1704872020.339 -0.683 3.187 
1704872020.439 -0.651 3.129 
1704872020.539 -0.618 3.081 
1704872020.639 -0.556 3.048 
1704872020.739 -0.469 3.022 
1704872020.839 -0.390 2.988 
1704872020.939 -0.302 2.955 
1704872021.040 -0.233 2.924 
1704872021.141 -0.166 2.895 
1704872021.240 -0.091 2.865 
1704872021.339 -0.004 2.822 
1704872021.440 0.087 2.778 
1704872021.540 0.161 2.747 
1704872021.640 0.231 2.716 
1704872021.739 0.307 2.675 
1704872021.841 0.397 2.627 
1704872021.940 0.487 2.566 
1704872022.040 0.562 2.507 
1704872022.141 0.631 2.463 
1704872022.242 0.693 2.410 
1704872022.340 0.741 2.342 
1704872022.440 0.786 2.292 
1704872022.540 0.826 2.228 
1704872022.641 0.851 2.083 
1704872022.741 0.877 1.963 
1704872022.841 0.902 1.870 
1704872022.941 0.904 1.795 
1704872023.042 0.889 1.744 
1704872023.143 0.856 1.686 
1704872023.243 0.810 1.617 
1704872023.343 0.761 1.534 
1704872023.444 0.731 1.470 
1704872023.544 0.701 1.415 
1704872023.644 0.653 1.356 
1704872023.744 0.590 1.284 
1704872023.844 0.531 1.218 
1704872023.944 0.477 1.154 
1704872024.046 0.418 1.094 
1704872024.146 0.360 1.034 
1704872024.245 0.311 0.976 
1704872024.345 0.262 0.923 
1704872024.445 0.167 0.860 
1704872024.546 0.060 0.795 
1704872024.645 -0.003 0.758 
1704872024.745 -0.062 0.722 
1704872024.845 -0.134 0.672 
1704872024.946 -0.233 0.620 
1704872025.046 -0.315 0.566 
1704872025.146 -0.386 0.524 
1704872025.246 -0.462 0.486 
1704872025.347 -0.553 0.451 
1704872025.446 -0.633 0.419 
1704872025.547 -0.702 0.384 
1704872025.646 -0.770 0.350 
1704872025.747 -0.838 0.315 
1704872025.847 -0.910 0.284 
1704872025.947 -0.991 0.252 
1704872026.048 -1.065 0.229 
1704872026.151 -1.141 0.211 
1704872026.247 -1.217 0.196 
1704872026.347 -1.304 0.183 
1704872026.447 -1.404 0.176 
1704872026.548 -1.492 0.168 
1704872026.648 -1.565 0.161 
1704872026.749 -1.629 0.153 
1704872026.849 -1.640 0.126 
1704872026.950 -1.648 0.106 
1704872027.049 -1.733 0.152 
1704872027.149 -1.848 0.229 
1704872027.249 -1.945 0.272 
1704872027.349 -2.029 0.320 
1704872027.449 -2.083 0.373 
1704872027.551 -2.120 0.418 
1704872027.650 -2.153 0.448 
1704872027.750 -2.203 0.503 
1704872027.849 -2.260 0.560 
1704872027.949 -2.313 0.611 
1704872028.050 -2.369 0.658 
1704872028.150 -2.428 0.712 
1704872028.249 -2.483 0.772 
1704872028.350 -2.540 0.835 
1704872028.450 -2.596 0.868 
1704872028.550 -2.644 0.899 
1704872028.650 -2.683 0.957 
1704872028.750 -2.731 1.038 
1704872028.851 -2.783 1.119 
1704872028.951 -2.826 1.193 
1704872029.050 -2.873 1.263 
1704872031.865 -3.191 1.504 
1704872031.866 -3.191 1.504 
1704872031.966 -3.147 1.567 
1704872032.067 -3.057 1.659 
1704872032.166 -2.963 1.763 
1704872032.266 -2.878 1.856 
1704872032.369 -2.812 1.949 
1704872032.466 -2.735 2.042 
1704872032.566 -2.659 2.140 
1704872032.668 -2.587 2.237 
1704872032.769 -2.516 2.331 
1704872032.868 -2.441 2.424 
1704872032.968 -2.364 2.518 
1704872033.068 -2.286 2.613 
1704872033.168 -2.210 2.708 
1704872033.268 -2.134 2.803 
1704872033.369 -2.057 2.900 
1704872033.469 -1.982 2.993 
1704872033.569 -1.906 3.086 
1704872033.669 -1.832 3.181 
1704872033.769 -1.758 3.280 
1704872033.870 -1.691 3.379 
1704872033.972 -1.632 3.483 
1704872034.070 -1.568 3.590 
1704872034.170 -1.502 3.690 
1704872034.270 -1.440 3.795 
1704872034.370 -1.388 3.904 
1704872034.470 -1.336 4.014 
1704872034.570 -1.285 4.124 
1704872034.670 -1.238 4.240 
1704872034.770 -1.188 4.349 
1704872034.870 -1.140 4.462 
1704872034.970 -1.102 4.560 
1704872035.071 -1.074 4.642 
1704872035.170 -1.049 4.720 
1704872035.271 -1.024 4.804 
1704872035.371 -0.996 4.886 
1704872035.471 -0.964 4.970 
1704872035.571 -0.934 5.056 
1704872035.672 -0.907 5.141 
1704872035.771 -0.881 5.225 
1704872035.871 -0.848 5.307 
1704872035.971 -0.814 5.390 
1704872036.072 -0.779 5.473 
1704872036.172 -0.747 5.556 
1704872036.272 -0.712 5.641 
1704872036.373 -0.676 5.723 
1704872036.472 -0.642 5.799 
1704872036.573 -0.602 5.875 
1704872036.672 -0.560 5.952 
1704872036.773 -0.521 6.030 
1704872036.873 -0.470 6.103 
1704872036.973 -0.415 6.174 
1704872037.073 -0.378 6.245 
1704872037.173 -0.343 6.317 
1704872037.273 -0.299 6.391 
1704872037.376 -0.252 6.462 
1704872037.476 -0.202 6.524 
1704872037.576 -0.143 6.583 
1704872037.677 -0.070 6.630 
1704872037.777 0.009 6.672 
1704872037.877 0.075 6.715 
1704872037.978 0.142 6.759 
1704872038.081 0.217 6.802 
1704872038.179 0.286 6.835 
1704872038.279 0.354 6.862 
1704872038.379 0.426 6.890 
1704872038.479 0.521 6.923 
1704872038.580 0.615 6.971 
1704872038.680 0.703 7.003 
1704872038.780 0.777 7.040 
1704872038.881 0.843 7.077 
1704872038.980 0.899 7.096 
1704872039.082 0.952 7.124 
1704872039.183 0.981 7.223 
1704872039.283 1.009 7.316 
1704872039.383 1.043 7.382 
1704872039.483 1.047 7.435 
1704872039.584 1.046 7.512 
1704872039.683 1.036 7.596 
1704872039.783 1.016 7.686 
1704872039.883 0.984 7.779 
1704872039.983 0.934 7.869 
1704872040.083 0.883 7.945 
1704872040.183 0.828 8.014 
1704872040.284 0.766 8.083 
1704872040.386 0.700 8.181 
1704872040.486 0.633 8.274 
1704872040.586 0.623 8.328 
1704872040.686 0.602 8.385 
1704872040.786 0.521 8.427 
1704872040.886 0.421 8.467 
1704872040.987 0.340 8.500 
1704872041.087 0.260 8.519 
1704872041.187 0.178 8.510 
1704872041.287 0.105 8.497 
1704872041.389 0.023 8.491 
1704872041.490 -0.047 8.492 
1704872041.591 -0.116 8.491 
1704872041.690 -0.200 8.478 
1704872041.790 -0.284 8.470 
1704872041.890 -0.362 8.465 
1704872041.991 -0.442 8.461 
1704872042.091 -0.522 8.456 
1704872042.192 -0.601 8.453 
1704872042.291 -0.681 8.450 
1704872042.391 -0.782 8.454 
1704872042.491 -0.885 8.460 
1704872042.593 -0.973 8.462 
1704872042.691 -1.050 8.461 
1704872042.791 -1.153 8.471 
1704872042.891 -1.265 8.475 
1704872042.992 -1.359 8.478 
1704872043.093 -1.422 8.481 
1704872043.192 -1.467 8.492 
1704872043.292 -1.508 8.503 
1704872043.393 -1.575 8.513 
1704872043.493 -1.687 8.535 
1704872043.593 -1.798 8.558 
1704872043.692 -1.886 8.580 
1704872043.793 -1.959 8.597 
1704872043.893 -2.040 8.610 
1704872043.993 -2.134 8.630 
1704872044.094 -2.224 8.647 
1704872044.194 -2.307 8.658 
1704872044.293 -2.394 8.668 
1704872044.394 -2.477 8.682 
1704872044.494 -2.561 8.697 
1704872044.594 -2.653 8.710 
1704872044.694 -2.754 8.712 
1704872044.796 -2.845 8.718 
1704872044.895 -2.929 8.723 
1704872044.995 -3.016 8.726 
1704872045.095 -3.110 8.724 
1704872045.195 -3.203 8.724 
1704872045.295 -3.294 8.724 
1704872045.395 -3.382 8.722 
1704872045.495 -3.471 8.715 
1704872045.596 -3.562 8.708 
1704872045.696 -3.648 8.703 
1704872045.798 -3.734 8.694 
1704872045.898 -3.818 8.681 
1704872045.998 -3.906 8.665 
1704872046.098 -3.995 8.648 
1704872046.198 -4.078 8.633 
1704872046.298 -4.159 8.623 
1704872046.398 -4.238 8.608 
1704872046.498 -4.318 8.589 
1704872046.598 -4.396 8.571 
1704872046.699 -4.476 8.552 
1704872046.799 -4.556 8.533 
1704872046.899 -4.634 8.515 
1704872047.000 -4.712 8.496 
1704872047.108 -4.788 8.478 
1704872047.203 -4.867 8.458 
1704872047.302 -4.940 8.434 
1704872047.401 -5.010 8.416 
1704872047.501 -5.082 8.396 
1704872047.601 -5.154 8.379 
1704872047.701 -5.254 8.364 
1704872047.800 -5.371 8.338 
1704872047.901 -5.466 8.314 
1704872048.005 -5.559 8.298 
1704872048.102 -5.653 8.279 
1704872048.202 -5.739 8.255 
1704872048.302 -5.817 8.225 
1704872048.403 -5.890 8.204 
1704872048.504 -5.968 8.174 
1704872048.603 -6.051 8.141 
1704872048.703 -6.137 8.108 
1704872048.803 -6.223 8.073 
1704872048.903 -6.294 8.027 
1704872049.003 -6.368 7.977 
1704872049.103 -6.443 7.932 
1704872049.203 -6.523 7.883 
1704872049.303 -6.600 7.828 
1704872049.405 -6.678 7.767 
1704872049.505 -6.760 7.715 
1704872049.604 -6.844 7.665 
1704872049.705 -6.921 7.608 
1704872049.805 -6.993 7.549 
1704872049.905 -7.058 7.487 
1704872050.005 -7.128 7.405 
1704872050.106 -7.186 7.347 
1704872050.205 -7.218 7.316 
1704872050.305 -7.254 7.262 
1704872050.405 -7.301 7.198 
1704872050.505 -7.347 7.135 
1704872050.606 -7.402 7.056 
1704872050.705 -7.471 6.936 
1704872050.806 -7.535 6.807 
1704872050.906 -7.569 6.731 
1704872051.006 -7.583 6.705 
1704872051.106 -7.589 6.730 
1704872051.206 -7.580 6.741 
1704872051.307 -7.560 6.635 
1704872051.407 -7.524 6.508 
1704872051.507 -7.520 6.411 
1704872051.610 -7.508 6.322 
1704872051.708 -7.483 6.234 
1704872051.811 -7.470 6.194 
1704872051.908 -7.470 6.158 
1704872052.007 -7.423 6.060 
1704872052.107 -7.380 5.982 
1704872052.208 -7.398 5.914 
1704872052.308 -7.412 5.845 
1704872052.408 -7.401 5.784 
1704872052.507 -7.375 5.751 
1704872052.608 -7.301 5.694 
1704872052.708 -7.197 5.602 
1704872052.809 -7.131 5.529 
1704872052.909 -7.051 5.467 
1704872053.009 -6.939 5.414 
1704872053.109 -6.852 5.401 
1704872053.209 -6.763 5.396 
1704872053.310 -6.749 5.386 
1704872053.410 -6.708 5.367 
1704872053.510 -6.624 5.329 
1704872053.610 -6.515 5.265 
1704872053.711 -6.409 5.199 
1704872053.810 -6.351 5.135 
1704872053.911 -6.301 5.072 
1704872054.010 -6.248 5.007 
1704872054.113 -6.190 4.966 
1704872054.211 -6.128 4.913 
1704872054.315 -6.065 4.818 
1704872054.410 -6.008 4.736 
1704872054.511 -5.954 4.691 
1704872054.610 -5.912 4.625 
1704872054.711 -5.865 4.525 
1704872054.813 -5.828 4.438 
1704872054.913 -5.798 4.376 
1704872055.013 -5.763 4.288 
1704872055.114 -5.726 4.198 
1704872055.214 -5.692 4.133 
1704872055.314 -5.664 4.056 
1704872055.417 -5.637 3.965 
1704872055.516 -5.613 3.879 
1704872055.617 -5.588 3.803 
1704872055.715 -5.563 3.726 
1704872055.817 -5.537 3.649 
1704872055.917 -5.519 3.572 
1704872056.017 -5.500 3.498 
1704872056.117 -5.484 3.425 
1704872056.216 -5.468 3.353 
1704872056.317 -5.443 3.242 
1704872056.417 -5.418 3.129 
1704872056.517 -5.396 3.055 
1704872056.620 -5.382 2.975 
1704872056.718 -5.377 2.885 
1704872056.817 -5.378 2.795 
1704872056.918 -5.380 2.711 
1704872057.019 -5.387 2.629 
1704872057.119 -5.396 2.548 
1704872057.218 -5.408 2.469 
1704872057.318 -5.423 2.387 
1704872057.418 -5.441 2.303 
1704872057.519 -5.449 2.223 
1704872057.618 -5.459 2.140 
1704872057.718 -5.482 2.046 
1704872057.819 -5.503 1.955 
1704872057.918 -5.524 1.861 
1704872058.018 -5.547 1.759 
1704872058.118 -5.556 1.689 
1704872058.219 -5.571 1.638 
1704872058.320 -5.580 1.556 
1704872058.420 -5.585 1.462 
1704872058.519 -5.594 1.380 
1704872058.619 -5.613 1.305 
1704872058.719 -5.626 1.216 
1704872058.820 -5.630 1.118 
1704872058.920 -5.640 1.038 
1704872059.020 -5.641 0.955 
1704872059.120 -5.638 0.867 
1704872059.220 -5.640 0.776 
1704872059.321 -5.640 0.689 
1704872059.420 -5.639 0.604 
1704872059.521 -5.636 0.515 
1704872059.620 -5.632 0.426 
1704872059.721 -5.627 0.339 
1704872059.821 -5.626 0.254 
1704872059.921 -5.626 0.170 
1704872060.021 -5.628 0.084 
1704872060.121 -5.628 -0.003 
1704872060.221 -5.625 -0.084 
1704872060.323 -5.626 -0.170 
1704872060.422 -5.630 -0.253 
1704872060.521 -5.633 -0.335 
1704872060.622 -5.634 -0.419 
1704872060.723 -5.642 -0.507 
1704872060.823 -5.651 -0.591 
1704872060.922 -5.648 -0.664 
1704872061.022 -5.654 -0.745 
1704872061.123 -5.665 -0.831 
1704872061.223 -5.676 -0.913 
1704872061.323 -5.689 -0.992 
1704872061.423 -5.708 -1.073 
1704872061.523 -5.726 -1.154 
1704872061.624 -5.740 -1.229 
1704872061.728 -5.757 -1.310 
1704872061.824 -5.773 -1.387 
1704872061.925 -5.792 -1.468 
1704872062.025 -5.812 -1.547 
1704872062.124 -5.831 -1.625 
1704872062.227 -5.843 -1.707 
1704872062.325 -5.858 -1.785 
1704872062.424 -5.875 -1.869 
1704872062.525 -5.901 -1.934 
1704872062.625 -5.916 -2.004 
1704872062.725 -5.923 -2.079 
1704872062.825 -5.929 -2.171 
1704872062.926 -5.935 -2.275 
1704872063.025 -5.949 -2.396 
1704872063.125 -5.955 -2.514 
1704872063.227 -5.946 -2.585 
1704872063.326 -5.937 -2.648 
1704872063.425 -5.916 -2.735 
1704872063.526 -5.896 -2.821 
1704872063.626 -5.882 -2.894 
1704872063.728 -5.863 -2.956 
1704872063.827 -5.831 -3.024 
1704872063.933 -5.802 -3.096 
1704872064.030 -5.780 -3.178 
1704872064.130 -5.756 -3.256 
1704872064.229 -5.719 -3.319 
1704872064.330 -5.670 -3.380 
1704872064.431 -5.606 -3.446 
1704872064.531 -5.547 -3.508 
1704872064.630 -5.491 -3.570 
1704872064.730 -5.439 -3.625 
1704872064.833 -5.382 -3.684 
1704872064.931 -5.328 -3.750 
1704872065.031 -5.274 -3.815 
1704872065.130 -5.214 -3.873 
1704872065.231 -5.148 -3.912 
1704872065.331 -5.082 -3.956 
1704872065.431 -4.977 -3.978 
1704872065.531 -4.862 -3.998 
1704872065.631 -4.752 -4.002 
1704872065.733 -4.653 -3.990 
1704872065.833 -4.553 -3.958 
1704872065.934 -4.474 -3.906 
1704872066.034 -4.401 -3.852 
1704872066.134 -4.341 -3.824 
1704872066.234 -4.277 -3.767 
1704872066.334 -4.210 -3.676 
1704872066.434 -4.152 -3.601 
1704872066.534 -4.097 -3.531 
1704872066.634 -4.048 -3.456 
1704872066.735 -4.017 -3.321 
1704872066.835 -3.987 -3.202 
1704872066.935 -3.959 -3.100 
1704872067.035 -3.917 -2.994 
1704872067.137 -3.884 -2.881 
1704872067.235 -3.850 -2.792 
1704872067.336 -3.833 -2.671 
1704872067.436 -3.846 -2.530 
1704872067.536 -3.858 -2.400 
1704872067.636 -3.876 -2.277 
1704872067.736 -3.908 -2.170 
1704872072.046 -3.510 -2.529 
1704872072.146 -3.574 -2.487 
1704872072.246 -3.639 -2.406 
1704872072.346 -3.682 -2.321 
1704872072.449 -3.722 -2.353 
1704872072.550 -3.713 -2.432 
1704872072.649 -3.647 -2.565 
1704872072.749 -3.564 -2.688 
1704872072.849 -3.494 -2.741 
1704872075.554 -3.341 -2.988 
1704872075.655 -3.420 -2.966 
1704872075.755 -3.516 -2.920 
1704872075.858 -3.630 -2.872 
1704872075.956 -3.655 -2.832 
1704872076.056 -3.619 -2.820 
1704872076.156 -3.513 -2.865 
1704872076.257 -3.393 -2.922 
1704872076.356 -3.260 -2.973 
1704872076.457 -3.168 -3.029 
1704872076.558 -3.086 -3.080 
1704872076.657 -3.018 -3.101 
1704872076.757 -2.925 -3.131 
1704872076.857 -2.844 -3.134 
1704872076.957 -2.759 -3.154 
1704872077.057 -2.644 -3.170 
1704872077.158 -2.526 -3.186 
1704872077.259 -2.422 -3.202 
1704872077.358 -2.332 -3.222 
1704872077.458 -2.235 -3.246 
1704872077.559 -2.123 -3.266 
1704872077.658 -2.013 -3.282 
1704872077.758 -1.913 -3.301 
1704872077.859 -1.818 -3.320 
1704872077.962 -1.721 -3.342 
1704872078.061 -1.621 -3.358 
1704872078.162 -1.522 -3.374 
1704872078.262 -1.427 -3.390 
1704872078.362 -1.324 -3.406 
1704872078.462 -1.224 -3.422 
1704872078.562 -1.124 -3.435 
1704872078.663 -1.031 -3.447 
1704872078.763 -0.940 -3.461 
1704872078.863 -0.836 -3.478 
1704872078.962 -0.725 -3.490 
1704872079.062 -0.611 -3.494 
1704872079.163 -0.501 -3.497 
1704872079.263 -0.392 -3.506 
1704872079.365 -0.286 -3.514 
1704872079.464 -0.186 -3.515 
1704872079.564 -0.090 -3.513 
1704872079.664 0.001 -3.512 
1704872079.764 0.101 -3.503 
1704872079.864 0.198 -3.484 
1704872079.965 0.277 -3.473 
1704872080.064 0.358 -3.460 
1704872080.164 0.437 -3.445 
1704872080.265 0.516 -3.430 
1704872080.364 0.593 -3.408 
1704872080.465 0.661 -3.378 
1704872080.564 0.727 -3.347 
1704872080.665 0.809 -3.300 
1704872080.765 0.899 -3.260 
1704872080.865 0.986 -3.235 
1704872082.872 1.057 -3.097 
1704872082.872 1.057 -3.097 
1704872082.974 1.068 -3.108 
1704872083.074 1.155 -3.128 
1704872083.173 1.282 -3.149 
1704872083.275 1.409 -3.169 
1704872083.375 1.515 -3.173 
1704872083.474 1.623 -3.162 
1704872083.574 1.741 -3.161 
1704872083.674 1.864 -3.160 
1704872083.775 1.986 -3.156 
1704872083.876 2.114 -3.154 
1704872083.975 2.236 -3.150 
1704872084.075 2.333 -3.148 
1704872084.175 2.390 -3.148 
1704872084.275 2.457 -3.142 
1704872084.375 2.537 -3.136 
1704872084.475 2.620 -3.136 
1704872084.575 2.700 -3.141 
1704872084.676 2.773 -3.140 
1704872084.777 2.848 -3.140 
1704872084.878 2.924 -3.138 
1704872084.977 3.002 -3.137 
1704872085.077 3.088 -3.138 
1704872085.177 3.165 -3.139 
1704872085.277 3.228 -3.137 
1704872085.379 3.304 -3.138 
1704872085.484 3.390 -3.143 
1704872085.577 3.464 -3.152 
1704872085.679 3.539 -3.154 
1704872085.779 3.620 -3.158 
1704872085.879 3.696 -3.159 
1704872085.979 3.768 -3.163 
1704872086.079 3.843 -3.172 
1704872086.180 3.916 -3.178 
1704872086.280 3.992 -3.186 
1704872086.379 4.067 -3.193 
1704872086.479 4.144 -3.199 
1704872086.580 4.218 -3.204 
1704872086.680 4.324 -3.219 
1704872086.780 4.435 -3.234 
1704872086.884 4.536 -3.246 
1704872086.984 4.633 -3.256 
1704872087.084 4.728 -3.265 
1704872087.184 4.820 -3.278 
1704872087.284 4.914 -3.290 
1704872087.386 5.008 -3.303 
1704872087.484 5.098 -3.314 
1704872087.586 5.193 -3.326 
1704872087.685 5.280 -3.337 
1704872087.785 5.369 -3.348 
1704872087.884 5.458 -3.361 
1704872087.986 5.550 -3.373 
1704872088.088 5.635 -3.384 
1704872088.189 5.722 -3.395 
1704872088.288 5.807 -3.407 
1704872088.388 5.894 -3.417 
1704872088.489 5.978 -3.428 
1704872088.589 6.061 -3.439 
1704872088.689 6.147 -3.450 
1704872088.802 6.231 -3.462 
1704872088.893 6.304 -3.473 
1704872088.990 6.381 -3.484 
1704872089.090 6.454 -3.494 
1704872089.191 6.526 -3.507 
1704872089.290 6.606 -3.533 
1704872089.390 6.681 -3.556 
1704872089.490 6.746 -3.578 
1704872089.590 6.802 -3.595 
1704872089.691 6.856 -3.616 
1704872089.792 6.927 -3.644 
1704872089.891 7.007 -3.679 
1704872089.992 7.089 -3.715 
1704872090.091 7.147 -3.765 
1704872090.191 7.192 -3.827 
1704872090.292 7.224 -3.884 
1704872090.392 7.248 -3.938 
1704872090.491 7.276 -3.996 
1704872090.594 7.297 -4.053 
1704872090.694 7.314 -4.111 
1704872090.794 7.328 -4.170 
1704872090.894 7.343 -4.227 
1704872090.994 7.354 -4.286 
1704872091.094 7.361 -4.346 
1704872091.194 7.364 -4.410 
1704872091.294 7.364 -4.476 
1704872091.395 7.363 -4.542 
1704872091.494 7.360 -4.610 
1704872091.595 7.360 -4.664 
1704872091.695 7.360 -4.719 
1704872091.795 7.355 -4.778 
1704872091.898 7.340 -4.838 
1704872091.999 7.331 -4.896 
1704872092.096 7.326 -4.953 
1704872092.195 7.312 -5.020 
1704872092.296 7.297 -5.091 
1704872092.396 7.281 -5.161 
1704872092.496 7.264 -5.232 
1704872092.596 7.253 -5.304 
1704872092.697 7.230 -5.383 
1704872092.796 7.208 -5.463 
1704872092.898 7.193 -5.539 
1704872092.997 7.171 -5.615 
1704872093.097 7.138 -5.693 
1704872093.198 7.106 -5.769 
1704872093.298 7.072 -5.846 
1704872093.398 7.035 -5.923 
1704872093.498 6.997 -6.001 
1704872093.599 6.961 -6.076 
1704872093.698 6.928 -6.150 
1704872093.800 6.887 -6.228 
1704872093.899 6.837 -6.300 
1704872093.999 6.792 -6.372 
1704872094.098 6.749 -6.447 
1704872094.199 6.700 -6.524 
1704872094.300 6.677 -6.590 
1704872094.399 6.637 -6.656 
1704872094.499 6.578 -6.721 
1704872094.599 6.514 -6.776 
1704872094.699 6.447 -6.825 
1704872094.800 6.375 -6.873 
1704872094.901 6.309 -6.921 
1704872095.000 6.249 -6.976 
1704872095.100 6.198 -7.030 
1704872095.201 6.139 -7.074 
1704872095.301 6.072 -7.106 
1704872095.401 5.996 -7.136 
1704872095.501 5.919 -7.163 
1704872095.602 5.846 -7.190 
1704872095.702 5.776 -7.219 
1704872095.802 5.703 -7.246 
1704872095.903 5.627 -7.263 
1704872096.003 5.550 -7.274 
1704872096.103 5.474 -7.287 
1704872096.203 5.396 -7.295 
1704872096.305 5.319 -7.302 
1704872096.405 5.247 -7.307 
1704872096.504 5.171 -7.308 
1704872096.604 5.086 -7.311 
1704872096.704 5.010 -7.317 
1704872096.804 4.934 -7.311 
1704872096.904 4.853 -7.304 
1704872097.004 4.781 -7.300 
1704872097.104 4.710 -7.298 
1704872097.204 4.624 -7.283 
1704872097.305 4.524 -7.262 
1704872097.405 4.440 -7.259 
1704872097.505 4.362 -7.251 
1704872097.605 4.284 -7.237 
1704872097.705 4.197 -7.218 
1704872097.805 4.103 -7.192 
1704872097.906 4.019 -7.170 
1704872098.006 3.937 -7.146 
1704872098.105 3.854 -7.125 
1704872098.206 3.768 -7.101 
1704872098.307 3.674 -7.065 
1704872098.407 3.579 -7.037 
1704872098.507 3.493 -7.012 
1704872098.607 3.413 -6.982 
1704872098.707 3.325 -6.952 
1704872098.807 3.233 -6.921 
1704872098.907 3.143 -6.887 
1704872099.008 3.054 -6.855 
1704872099.108 2.968 -6.823 
1704872099.208 2.875 -6.789 
1704872099.308 2.778 -6.759 
1704872099.408 2.685 -6.729 
1704872099.508 2.594 -6.699 
1704872099.608 2.505 -6.669 
1704872099.709 2.413 -6.639 
1704872099.814 2.315 -6.610 
1704872099.909 2.228 -6.582 
1704872100.009 2.131 -6.550 
1704872100.112 2.037 -6.519 
1704872100.210 1.949 -6.495 
1704872100.310 1.852 -6.472 
1704872100.410 1.762 -6.447 
1704872100.510 1.669 -6.424 
1704872100.611 1.575 -6.402 
1704872100.711 1.486 -6.379 
1704872100.810 1.397 -6.354 
1704872100.910 1.302 -6.325 
1704872101.010 1.206 -6.305 
1704872101.113 1.114 -6.292 
1704872101.213 1.025 -6.277 
1704872101.313 0.930 -6.263 
1704872101.414 0.836 -6.245 
1704872101.513 0.742 -6.230 
1704872101.613 0.650 -6.218 
1704872101.714 0.554 -6.208 
1704872101.814 0.459 -6.205 
1704872101.914 0.362 -6.207 
1704872102.015 0.271 -6.204 
1704872102.115 0.176 -6.206 
1704872102.214 0.084 -6.211 
1704872102.315 -0.013 -6.217 
1704872102.415 -0.109 -6.230 
1704872102.515 -0.207 -6.243 
1704872102.617 -0.303 -6.251 
1704872102.718 -0.401 -6.261 
1704872102.819 -0.495 -6.275 
1704872102.918 -0.589 -6.291 
1704872103.018 -0.682 -6.311 
1704872103.118 -0.777 -6.331 
1704872103.219 -0.866 -6.348 
1704872103.321 -0.960 -6.369 
1704872103.420 -1.058 -6.390 
1704872103.520 -1.157 -6.414 
1704872103.620 -1.253 -6.440 
1704872103.721 -1.348 -6.461 
1704872103.821 -1.443 -6.483 
1704872103.922 -1.538 -6.506 
1704872104.021 -1.630 -6.528 
1704872104.121 -1.722 -6.550 
1704872104.222 -1.816 -6.573 
1704872104.321 -1.907 -6.594 
1704872104.422 -1.998 -6.615 
1704872104.522 -2.089 -6.636 
1704872104.622 -2.180 -6.656 
1704872104.722 -2.270 -6.675 
1704872104.822 -2.359 -6.694 
1704872104.923 -2.448 -6.711 
1704872105.022 -2.534 -6.729 
1704872105.123 -2.621 -6.746 
1704872105.224 -2.706 -6.762 
1704872105.323 -2.790 -6.778 
1704872105.424 -2.879 -6.791 
1704872105.523 -2.965 -6.807 
1704872105.624 -3.050 -6.821 
1704872105.725 -3.130 -6.832 
1704872105.825 -3.211 -6.845 
1704872105.924 -3.292 -6.856 
1704872106.024 -3.378 -6.863 
1704872106.125 -3.463 -6.874 
1704872106.226 -3.551 -6.886 
1704872108.736 -3.495 -6.784 
1704872108.738 -3.494 -6.783 
1704872108.836 -3.550 -6.744 
1704872108.936 -3.647 -6.680 
1704872109.036 -3.728 -6.610 
1704872109.135 -3.813 -6.529 
1704872109.235 -3.903 -6.450 
1704872109.336 -3.995 -6.370 
1704872109.437 -4.087 -6.291 
1704872109.537 -4.181 -6.212 
1704872109.636 -4.269 -6.134 
1704872109.738 -4.359 -6.050 
1704872109.836 -4.446 -5.971 
1704872109.936 -4.534 -5.890 
1704872110.037 -4.622 -5.809 
1704872110.137 -4.709 -5.727 
1704872110.237 -4.797 -5.641 
1704872110.337 -4.885 -5.561 
1704872110.437 -4.971 -5.477 
1704872110.537 -5.057 -5.395 
1704872110.637 -5.143 -5.309 
1704872110.738 -5.229 -5.224 
1704872110.838 -5.314 -5.141 
1704872110.938 -5.401 -5.052 
1704872111.038 -5.489 -4.962 
1704872111.139 -5.579 -4.874 
1704872111.238 -5.663 -4.784 
1704872111.339 -5.746 -4.699 
1704872111.439 -5.826 -4.613 
1704872111.541 -5.909 -4.527 
1704872111.641 -5.999 -4.440 
1704872111.740 -6.086 -4.354 
1704872111.840 -6.167 -4.268 
1704872111.940 -6.247 -4.180 
1704872112.041 -6.327 -4.091 
1704872112.140 -6.406 -4.005 
1704872112.241 -6.486 -3.917 
1704872112.340 -6.563 -3.827 
1704872112.441 -6.643 -3.736 
1704872112.541 -6.721 -3.649 
1704872112.641 -6.799 -3.562 
1704872112.741 -6.873 -3.473 
1704872112.841 -6.946 -3.381 
1704872112.942 -7.019 -3.290 
1704872113.042 -7.094 -3.199 
1704872113.141 -7.169 -3.110 
1704872113.242 -7.242 -3.017 
1704872113.343 -7.311 -2.928 
1704872113.443 -7.374 -2.851 
1704872113.542 -7.431 -2.778 
1704872113.643 -7.485 -2.704 
1704872113.743 -7.534 -2.630 
1704872113.843 -7.581 -2.555 
1704872113.943 -7.632 -2.483 
1704872114.043 -7.680 -2.414 
1704872114.143 -7.731 -2.343 
1704872114.244 -7.775 -2.271 
1704872114.343 -7.819 -2.201 
1704872114.444 -7.860 -2.132 
1704872114.543 -7.903 -2.065 
1704872114.644 -7.947 -1.999 
1704872114.744 -7.989 -1.937 
1704872114.844 -8.048 -1.842 
1704872114.944 -8.105 -1.753 
1704872115.045 -8.152 -1.678 
1704872115.144 -8.193 -1.609 
1704872115.244 -8.232 -1.537 
1704872115.345 -8.267 -1.461 
1704872115.445 -8.299 -1.387 
1704872115.545 -8.327 -1.329 
1704872115.645 -8.369 -1.266 
1704872115.745 -8.401 -1.206 
1704872115.845 -8.425 -1.145 
1704872115.945 -8.454 -1.067 
1704872116.047 -8.487 -0.996 
1704872116.148 -8.526 -0.933 
1704872121.161 -8.399 -1.547 
1704872121.261 -8.441 -1.497 
1704872121.362 -8.527 -1.406 
1704872121.462 -8.593 -1.332 
1704872121.561 -8.643 -1.320 
1704872121.662 -8.686 -1.349 
1704872121.762 -8.670 -1.440 
1704872121.862 -8.633 -1.570 
1704872121.963 -8.631 -1.656 
1704872122.062 -8.603 -1.712 
1704872122.162 -8.560 -1.760 
1704872122.265 -8.515 -1.834 
1704872122.364 -8.469 -1.920 
1704872122.464 -8.420 -1.995 
1704872122.565 -8.374 -2.071 
1704872122.665 -8.329 -2.148 
1704872122.764 -8.286 -2.226 
1704872122.865 -8.234 -2.314 
1704872122.965 -8.177 -2.401 
1704872123.066 -8.131 -2.451 
1704872123.165 -8.100 -2.502 
1704872123.265 -8.059 -2.573 
1704872123.366 -8.016 -2.645 
1704872123.466 -7.968 -2.719 
1704872123.565 -7.928 -2.785 
1704872123.666 -7.888 -2.855 
1704872123.766 -7.844 -2.928 
1704872123.866 -7.800 -3.001 
1704872123.966 -7.756 -3.073 
1704872124.066 -7.711 -3.149 
1704872124.167 -7.666 -3.226 
1704872124.268 -7.618 -3.300 
1704872124.367 -7.576 -3.373 
1704872124.467 -7.533 -3.450 
1704872124.569 -7.489 -3.527 
1704872124.667 -7.448 -3.605 
1704872124.769 -7.404 -3.687 
1704872124.868 -7.361 -3.762 
1704872124.969 -7.316 -3.842 
1704872125.068 -7.272 -3.924 
1704872125.168 -7.231 -4.004 
1704872125.269 -7.193 -4.086 
1704872125.368 -7.154 -4.166 
1704872125.469 -7.114 -4.244 
1704872125.569 -7.077 -4.322 
1704872125.669 -7.036 -4.409 
1704872125.770 -6.995 -4.494 
1704872125.874 -6.958 -4.577 
1704872125.974 -6.921 -4.655 
1704872126.074 -6.883 -4.740 
1704872126.174 -6.848 -4.824 
1704872126.274 -6.812 -4.908 
1704872126.374 -6.779 -4.990 
1704872126.474 -6.746 -5.073 
1704872126.575 -6.711 -5.158 
1704872126.675 -6.680 -5.244 
1704872126.775 -6.650 -5.328 
1704872126.875 -6.623 -5.413 
1704872126.978 -6.595 -5.495 
1704872127.076 -6.568 -5.571 
1704872127.175 -6.536 -5.655 
1704872127.276 -6.508 -5.740 
1704872127.377 -6.481 -5.823 
1704872127.478 -6.454 -5.903 
1704872127.577 -6.429 -5.982 
1704872127.677 -6.404 -6.063 
1704872127.780 -6.379 -6.143 
1704872127.879 -6.354 -6.219 
1704872127.978 -6.329 -6.298 
1704872128.078 -6.303 -6.375 
1704872128.179 -6.278 -6.451 
1704872128.279 -6.253 -6.527 
1704872128.379 -6.229 -6.601 
1704872128.479 -6.203 -6.675 
1704872128.579 -6.178 -6.748 
1704872128.679 -6.153 -6.820 
1704872128.780 -6.127 -6.893 
1704872128.880 -6.082 -6.999 
1704872128.979 -6.044 -7.102 
1704872129.079 -6.008 -7.185 
1704872129.181 -5.976 -7.264 
1704872129.280 -5.937 -7.352 
1704872129.380 -5.902 -7.440 
1704872129.480 -5.868 -7.522 
1704872129.581 -5.842 -7.589 
1704872129.680 -5.811 -7.659 
1704872129.781 -5.775 -7.730 
1704872129.881 -5.721 -7.817 
1704872129.980 -5.674 -7.893 
1704872130.083 -5.640 -7.948 
1704872130.182 -5.602 -8.002 
1704872130.281 -5.555 -8.062 
1704872130.381 -5.523 -8.121 
1704872130.481 -5.481 -8.181 
1704872130.582 -5.442 -8.239 
1704872130.682 -5.406 -8.293 
1704872130.782 -5.352 -8.348 
1704872130.882 -5.285 -8.411 
1704872130.982 -5.201 -8.500 
1704872131.082 -5.117 -8.578 
1704872131.183 -5.045 -8.624 
1704872131.283 -4.959 -8.659 
1704872131.382 -4.873 -8.691 
1704872131.483 -4.797 -8.728 
1704872131.583 -4.758 -8.770 
1704872131.683 -4.717 -8.806 
1704872131.784 -4.629 -8.823 
1704872131.884 -4.497 -8.807 
1704872131.983 -4.371 -8.790 
1704872132.084 -4.256 -8.759 
1704872132.184 -4.161 -8.713 
1704872132.284 -4.082 -8.662 
1704872132.386 -4.013 -8.614 
1704872132.486 -3.947 -8.567 
1704872132.585 -3.871 -8.517 
1704872132.689 -3.784 -8.465 
1704872132.788 -3.696 -8.409 
1704872132.888 -3.629 -8.353 
1704872132.988 -3.573 -8.316 
1704872133.087 -3.510 -8.276 
1704872133.188 -3.455 -8.226 
1704872133.288 -3.390 -8.177 
1704872133.390 -3.315 -8.126 
1704872133.489 -3.247 -8.075 
1704872133.588 -3.181 -8.022 
1704872133.689 -3.114 -7.979 
1704872133.794 -3.036 -7.931 
1704872133.889 -2.971 -7.889 
1704872133.989 -2.888 -7.842 
1704872134.089 -2.803 -7.790 
1704872134.189 -2.722 -7.743 
1704872134.289 -2.637 -7.693 
1704872134.390 -2.551 -7.642 
1704872134.489 -2.463 -7.587 
1704872134.589 -2.372 -7.533 
1704872134.690 -2.281 -7.477 
1704872134.790 -2.187 -7.418 
1704872134.889 -2.092 -7.361 
1704872134.990 -1.993 -7.296 
1704872135.090 -1.893 -7.238 
1704872135.191 -1.794 -7.170 
1704872135.293 -1.692 -7.103 
1704872135.393 -1.593 -7.030 
1704872135.490 -1.500 -6.961 
1704872135.590 -1.405 -6.887 
1704872135.690 -1.312 -6.812 
1704872135.793 -1.225 -6.740 
1704872135.892 -1.135 -6.672 
1704872135.992 -1.041 -6.599 
1704872136.092 -0.939 -6.538 
1704872136.192 -0.835 -6.490 
1704872136.292 -0.736 -6.437 
1704872136.392 -0.628 -6.386 
1704872136.493 -0.523 -6.340 
1704872136.593 -0.401 -6.315 
1704872136.692 -0.278 -6.291 
1704872136.794 -0.159 -6.271 
1704872136.893 -0.034 -6.276 
1704872136.993 0.080 -6.285 
1704872137.094 0.199 -6.302 
1704872137.194 0.320 -6.312 
1704872137.294 0.438 -6.327 
1704872137.397 0.553 -6.358 
1704872137.497 0.668 -6.402 
1704872137.597 0.781 -6.446 
1704872137.698 0.893 -6.494 
1704872137.797 1.005 -6.533 
1704872137.897 1.121 -6.576 
1704872137.997 1.233 -6.626 
1704872138.098 1.344 -6.680 
1704872138.198 1.455 -6.732 
1704872138.298 1.563 -6.785 
1704872138.398 1.671 -6.841 
1704872138.498 1.778 -6.900 
1704872138.599 1.886 -6.958 
1704872138.700 1.998 -7.018 
1704872138.799 2.098 -7.069 
1704872138.902 2.185 -7.122 
1704872138.999 2.248 -7.179 
1704872139.099 2.309 -7.241 
1704872139.199 2.369 -7.328 
1704872139.299 2.431 -7.418 
1704872139.400 2.495 -7.451 
1704872139.500 2.560 -7.486 
1704872139.600 2.607 -7.525 
1704872139.700 2.621 -7.585 
1704872139.800 2.645 -7.705 
1704872139.900 2.665 -7.812 
1704872140.001 2.676 -7.876 
1704872140.101 2.654 -7.984 
1704872140.201 2.603 -8.108 
1704872144.311 2.762 -8.095 
1704872144.312 2.762 -8.095 
1704872144.412 2.749 -7.997 
1704872144.512 2.719 -7.872 
1704872144.615 2.699 -7.756 
1704872144.713 2.684 -7.645 
1704872144.814 2.675 -7.528 
1704872144.913 2.660 -7.414 
1704872145.014 2.637 -7.307 
1704872145.114 2.610 -7.198 
1704872145.214 2.605 -7.110 
1704872145.314 2.614 -7.038 
1704872145.426 2.606 -6.948 
1704872145.520 2.557 -6.855 
1704872145.617 2.487 -6.743 
1704872145.717 2.429 -6.643 
1704872145.816 2.377 -6.545 
1704872145.916 2.321 -6.447 
1704872146.017 2.256 -6.356 
1704872146.117 2.200 -6.275 
1704872146.217 2.148 -6.203 
1704872146.317 2.081 -6.140 
1704872146.417 2.016 -6.091 
1704872146.517 1.931 -6.066 
1704872146.617 1.814 -6.049 
1704872146.718 1.684 -6.034 
1704872146.818 1.550 -6.025 
1704872146.918 1.436 -6.013 
1704872147.018 1.322 -6.017 
1704872147.118 1.200 -6.022 
1704872147.219 1.079 -6.026 
1704872147.318 0.959 -6.031 
1704872147.418 0.838 -6.031 
1704872147.519 0.714 -6.030 
1704872147.619 0.595 -6.032 
1704872147.719 0.472 -6.033 
1704872147.820 0.351 -6.030 
1704872147.919 0.231 -6.032 
1704872148.019 0.107 -6.048 
1704872148.119 -0.021 -6.070 
1704872148.219 -0.136 -6.070 
1704872148.319 -0.259 -6.074 
1704872148.420 -0.385 -6.098 
1704872148.520 -0.510 -6.133 
1704872148.619 -0.619 -6.180 
1704872148.720 -0.728 -6.253 
1704872148.820 -0.827 -6.318 
1704872148.920 -0.926 -6.380 
1704872149.021 -1.015 -6.447 
1704872149.121 -1.096 -6.530 
1704872149.222 -1.168 -6.626 
1704872149.321 -1.245 -6.713 
1704872149.423 -1.312 -6.808 
1704872149.522 -1.379 -6.902 
1704872149.622 -1.444 -6.995 
1704872149.722 -1.504 -7.093 
1704872149.823 -1.567 -7.192 
1704872149.923 -1.630 -7.287 
1704872150.024 -1.690 -7.378 
1704872150.123 -1.741 -7.457 
1704872150.224 -1.786 -7.525 
1704872150.323 -1.828 -7.585 
1704872150.423 -1.879 -7.668 
1704872150.524 -1.959 -7.759 
1704872150.624 -2.009 -7.826 
1704872150.723 -2.016 -7.862 
1704872150.823 -2.030 -7.880 
1704872150.924 -2.065 -7.910 
1704872151.024 -2.141 -7.940 
1704872155.331 -2.176 -7.551 
1704872155.434 -2.207 -7.636 
1704872155.533 -2.267 -7.753 
1704872155.632 -2.329 -7.832 
1704872155.732 -2.351 -7.833 
1704872155.832 -2.331 -7.779 
1704872155.932 -2.233 -7.654 
1704872156.034 -2.137 -7.518 
1704872156.133 -2.061 -7.389 
1704872156.233 -1.984 -7.266 
1704872156.333 -1.889 -7.165 
1704872156.433 -1.796 -7.106 
1704872156.533 -1.736 -7.045 
1704872156.633 -1.680 -6.958 
1704872156.734 -1.611 -6.867 
1704872156.834 -1.519 -6.787 
1704872156.934 -1.427 -6.705 
1704872157.034 -1.337 -6.622 
1704872157.134 -1.254 -6.541 
1704872157.234 -1.164 -6.467 
1704872157.334 -1.070 -6.394 
1704872157.434 -0.959 -6.335 
1704872157.535 -0.856 -6.280 
1704872157.635 -0.761 -6.224 
1704872157.735 -0.650 -6.174 
1704872157.835 -0.543 -6.130 
1704872157.936 -0.428 -6.106 
1704872158.036 -0.309 -6.081 
1704872158.137 -0.189 -6.058 
1704872158.236 -0.073 -6.051 
1704872158.336 0.042 -6.063 
1704872158.436 0.165 -6.073 
1704872158.536 0.286 -6.080 
1704872158.636 0.406 -6.093 
1704872158.736 0.522 -6.113 
1704872158.838 0.643 -6.129 
1704872158.937 0.764 -6.141 
1704872159.038 0.884 -6.156 
1704872159.140 1.008 -6.161 
1704872159.239 1.125 -6.167 
1704872159.338 1.249 -6.171 
1704872159.438 1.366 -6.175 
1704872159.539 1.459 -6.169 
1704872159.639 1.558 -6.183 
1704872159.738 1.660 -6.207 
1704872159.840 1.762 -6.237 
1704872159.939 1.854 -6.277 
1704872160.038 1.949 -6.322 
1704872160.138 2.036 -6.346 
1704872160.239 2.124 -6.384 
1704872160.339 2.212 -6.433 
1704872160.440 2.307 -6.481 
1704872160.539 2.387 -6.530 
1704872160.639 2.449 -6.586 
1704872160.740 2.522 -6.653 
1704872160.839 2.604 -6.711 
1704872160.940 2.680 -6.770 
1704872161.040 2.741 -6.829 
1704872161.140 2.807 -6.890 
1704872161.240 2.871 -6.961 
1704872161.341 2.936 -7.029 
1704872161.441 2.997 -7.089 
1704872161.540 3.050 -7.152 
1704872161.641 3.105 -7.220 
1704872161.741 3.160 -7.285 
1704872161.841 3.217 -7.351 
1704872161.940 3.272 -7.415 
1704872162.041 3.330 -7.476 
1704872162.141 3.382 -7.532 
1704872162.241 3.439 -7.584 
1704872162.342 3.497 -7.635 
1704872162.441 3.556 -7.682 
1704872162.541 3.610 -7.728 
1704872162.641 3.661 -7.770 
1704872162.742 3.730 -7.811 
1704872162.843 3.800 -7.847 
1704872162.942 3.863 -7.882 
1704872163.041 3.958 -7.928 
1704872163.142 4.035 -7.984 
1704872163.241 4.103 -8.029 
1704872163.342 4.193 -8.058 
1704872163.443 4.280 -8.088 
1704872163.542 4.360 -8.116 
1704872163.644 4.435 -8.143 
1704872163.743 4.506 -8.169 
1704872163.842 4.586 -8.192 
1704872163.943 4.700 -8.201 
1704872164.043 4.815 -8.206 
1704872164.143 4.885 -8.205 
1704872164.243 4.943 -8.194 
1704872164.343 5.027 -8.207 
1704872164.443 5.131 -8.230 
1704872164.543 5.240 -8.242 
1704872164.643 5.331 -8.246 
1704872164.744 5.383 -8.249 
1704872164.844 5.429 -8.250 
1704872164.944 5.499 -8.249 
1704872165.045 5.585 -8.239 
1704872165.144 5.666 -8.226 
1704872165.251 5.733 -8.222 
1704872165.348 5.789 -8.221 
1704872165.446 5.847 -8.214 
1704872165.546 5.933 -8.196 
1704872165.645 6.033 -8.191 
1704872165.745 6.104 -8.185 
1704872165.845 6.178 -8.158 
1704872165.945 6.256 -8.124 
1704872166.045 6.336 -8.087 
1704872166.146 6.414 -8.055 
1704872166.246 6.490 -8.019 
1704872166.346 6.566 -7.972 
1704872166.446 6.617 -7.961 
1704872166.546 6.667 -7.927 
1704872166.646 6.729 -7.886 
1704872166.746 6.790 -7.842 
1704872166.846 6.848 -7.795 
1704872166.946 6.905 -7.750 
1704872167.047 6.962 -7.705 
1704872167.147 7.025 -7.659 
1704872167.247 7.079 -7.610 
1704872167.346 7.133 -7.565 
1704872167.447 7.191 -7.516 
1704872167.547 7.245 -7.467 
1704872167.648 7.300 -7.415 
1704872167.747 7.354 -7.362 
1704872167.848 7.409 -7.310 
1704872167.949 7.464 -7.266 
1704872168.048 7.513 -7.216 
1704872168.152 7.563 -7.165 
1704872168.251 7.635 -7.099 
1704872168.349 7.711 -7.016 
1704872172.865 7.556 -6.506 
1704872172.866 7.556 -6.506 
1704872172.966 7.487 -6.581 
1704872173.065 7.403 -6.685 
1704872173.165 7.327 -6.742 
1704872173.268 7.255 -6.805 
1704872173.367 7.146 -6.870 
1704872173.467 7.040 -6.936 
1704872173.568 6.950 -7.009 
1704872173.666 6.854 -7.078 
1704872173.767 6.758 -7.147 
1704872173.868 6.662 -7.215 
1704872173.967 6.567 -7.280 
1704872174.067 6.469 -7.343 
1704872174.167 6.368 -7.403 
1704872174.269 6.267 -7.464 
1704872174.368 6.165 -7.526 
1704872174.468 6.064 -7.587 
1704872174.568 5.959 -7.645 
1704872174.667 5.865 -7.696 
1704872174.768 5.786 -7.741 
1704872174.869 5.726 -7.774 
1704872174.973 5.657 -7.801 
1704872175.070 5.585 -7.829 
1704872175.170 5.516 -7.856 
1704872175.268 5.452 -7.876 
1704872175.369 5.393 -7.899 
1704872175.469 5.335 -7.914 
1704872175.569 5.257 -7.921 
1704872175.669 5.186 -7.924 
1704872175.770 5.131 -7.929 
1704872175.869 5.064 -7.940 
1704872175.972 5.004 -7.953 
1704872176.072 4.953 -7.965 
1704872176.173 4.902 -7.973 
1704872176.274 4.834 -7.967 
1704872176.373 4.745 -7.944 
1704872176.473 4.658 -7.928 
1704872176.576 4.614 -7.908 
1704872176.675 4.576 -7.893 
1704872176.773 4.536 -7.893 
1704872176.874 4.464 -7.880 
1704872176.974 4.356 -7.832 
1704872177.075 4.258 -7.796 
1704872177.176 4.209 -7.768 
1704872177.275 4.174 -7.742 
1704872177.375 4.121 -7.719 
1704872177.475 4.053 -7.678 
1704872177.574 3.987 -7.633 
1704872177.675 3.934 -7.594 
1704872177.776 3.899 -7.564 
1704872177.878 3.880 -7.545 
1704872177.979 3.852 -7.536 
1704872178.079 3.790 -7.508 
1704872178.179 3.690 -7.429 
1704872178.279 3.618 -7.375 
1704872178.379 3.579 -7.342 
1704872178.479 3.539 -7.316 
1704872178.579 3.479 -7.272 
1704872178.679 3.413 -7.225 
1704872178.781 3.350 -7.184 
1704872178.881 3.291 -7.146 
1704872178.981 3.226 -7.100 
1704872179.082 3.145 -7.034 
1704872179.181 3.070 -6.971 
1704872179.281 2.999 -6.916 
1704872179.380 2.935 -6.871 
1704872179.482 2.875 -6.828 
1704872179.583 2.809 -6.752 
1704872179.683 2.737 -6.677 
1704872179.782 2.675 -6.612 
1704872179.886 2.614 -6.554 
1704872179.982 2.552 -6.494 
1704872180.082 2.481 -6.424 
1704872180.182 2.405 -6.352 
1704872180.282 2.328 -6.287 
1704872180.382 2.261 -6.220 
1704872180.483 2.178 -6.150 
1704872180.583 2.078 -6.090 
1704872180.683 1.968 -6.043 
1704872180.785 1.874 -5.994 
1704872180.886 1.780 -5.938 
1704872180.985 1.706 -5.877 
1704872181.085 1.619 -5.831 
1704872181.186 1.514 -5.790 
1704872181.286 1.403 -5.753 
1704872181.385 1.287 -5.736 
1704872181.486 1.171 -5.722 
1704872181.586 1.073 -5.699 
1704872181.685 0.958 -5.679 
1704872181.786 0.828 -5.678 
1704872181.886 0.710 -5.678 
1704872181.987 0.595 -5.687 
1704872182.087 0.483 -5.701 
1704872182.188 0.372 -5.716 
1704872182.287 0.258 -5.734 
1704872182.387 0.145 -5.754 
1704872182.488 0.033 -5.785 
1704872182.588 -0.075 -5.813 
1704872182.687 -0.174 -5.834 
1704872182.788 -0.279 -5.871 
1704872182.887 -0.385 -5.910 
1704872182.989 -0.496 -5.961 
1704872183.088 -0.603 -6.011 
1704872183.188 -0.704 -6.056 
1704872183.288 -0.804 -6.099 
1704872183.388 -0.897 -6.147 
1704872183.489 -0.982 -6.196 
1704872183.588 -1.056 -6.243 
1704872183.689 -1.123 -6.291 
1704872183.789 -1.181 -6.337 
1704872183.890 -1.231 -6.391 
1704872183.989 -1.289 -6.473 
1704872184.089 -1.348 -6.552 
1704872184.192 -1.405 -6.626 
1704872184.290 -1.455 -6.697 
1704872184.390 -1.507 -6.773 
1704872184.489 -1.557 -6.855 
1704872184.591 -1.611 -6.939 
1704872184.691 -1.665 -7.018 
1704872184.791 -1.724 -7.091 
1704872184.891 -1.784 -7.160 
1704872184.992 -1.847 -7.227 
1704872185.091 -1.907 -7.295 
1704872185.191 -1.964 -7.368 
1704872185.293 -2.028 -7.430 
1704872185.394 -2.091 -7.488 
1704872185.492 -2.159 -7.541 
1704872185.592 -2.247 -7.596 
1704872185.692 -2.332 -7.644 
1704872185.792 -2.410 -7.683 
1704872185.891 -2.460 -7.720 
1704872185.992 -2.521 -7.757 
1704872186.092 -2.607 -7.796 
1704872186.195 -2.671 -7.829 
1704872186.292 -2.737 -7.849 
1704872186.393 -2.799 -7.871 
1704872186.493 -2.858 -7.891 
1704872186.592 -2.936 -7.906 
1704872186.693 -3.006 -7.915 
1704872186.792 -3.064 -7.924 
1704872186.893 -3.156 -7.931 
1704872186.993 -3.257 -7.950 
1704872187.094 -3.355 -7.969 
1704872187.194 -3.428 -7.992 
1704872187.294 -3.494 -8.007 
1704872187.394 -3.557 -8.021 
1704872187.495 -3.630 -8.031 
1704872187.595 -3.708 -8.038 
1704872187.695 -3.800 -8.070 
1704872187.796 -3.894 -8.107 
1704872187.894 -3.966 -8.123 
1704872187.995 -4.039 -8.130 
1704872188.095 -4.117 -8.143 
1704872188.195 -4.199 -8.162 
1704872188.296 -4.275 -8.187 
1704872188.396 -4.346 -8.210 
1704872188.496 -4.423 -8.218 
1704872188.596 -4.507 -8.226 
1704872188.695 -4.590 -8.236 
1704872188.796 -4.664 -8.253 
1704872188.899 -4.734 -8.267 
1704872188.999 -4.808 -8.269 
1704872189.099 -4.894 -8.264 
1704872189.201 -4.967 -8.257 
1704872189.301 -5.037 -8.248 
1704872189.401 -5.111 -8.241 
1704872189.501 -5.184 -8.235 
1704872189.602 -5.255 -8.232 
1704872189.702 -5.341 -8.214 
1704872189.802 -5.419 -8.203 
1704872189.901 -5.488 -8.192 
1704872190.002 -5.562 -8.183 
1704872190.102 -5.648 -8.176 
1704872190.204 -5.759 -8.162 
1704872190.303 -5.867 -8.150 
1704872190.403 -5.957 -8.139 
1704872190.502 -6.042 -8.128 
1704872190.602 -6.125 -8.118 
1704872190.703 -6.206 -8.106 
1704872190.803 -6.286 -8.097 
1704872190.903 -6.363 -8.088 
1704872191.003 -6.436 -8.081 
1704872191.105 -6.505 -8.075 
1704872191.205 -6.571 -8.071 
1704872191.304 -6.639 -8.057 
1704872191.404 -6.709 -8.031 
1704872191.505 -6.778 -7.988 
1704872191.605 -6.846 -7.955 
1704872191.705 -6.898 -7.927 
1704872191.807 -6.938 -7.889 
1704872191.906 -6.980 -7.850 
1704872192.006 -7.049 -7.796 
1704872192.106 -7.127 -7.690 
1704872192.205 -7.188 -7.624 
1704872192.305 -7.219 -7.595 
1704872192.405 -7.236 -7.563 
1704872192.506 -7.244 -7.506 
1704872192.606 -7.258 -7.430 
1704872192.706 -7.284 -7.333 
1704872192.806 -7.285 -7.266 
1704872192.906 -7.293 -7.206 
1704872193.006 -7.312 -7.148 
1704872193.107 -7.332 -7.058 
1704872193.207 -7.352 -6.958 
1704872193.307 -7.370 -6.880 
1704872193.407 -7.376 -6.801 
1704872193.507 -7.385 -6.710 
1704872193.608 -7.398 -6.626 
1704872193.707 -7.408 -6.539 
1704872193.807 -7.419 -6.448 
1704872193.907 -7.428 -6.355 
1704872194.007 -7.440 -6.262 
1704872194.111 -7.453 -6.165 
1704872194.210 -7.465 -6.068 
1704872194.310 -7.476 -5.973 
1704872194.409 -7.485 -5.872 
1704872194.509 -7.484 -5.810 
1704872194.610 -7.495 -5.740 
1704872194.710 -7.506 -5.658 
1704872194.812 -7.513 -5.580 
1704872194.911 -7.519 -5.505 
1704872195.010 -7.533 -5.429 
1704872195.110 -7.544 -5.349 
1704872195.210 -7.554 -5.268 
1704872195.310 -7.568 -5.191 
1704872195.410 -7.583 -5.113 
1704872195.511 -7.598 -5.034 
1704872195.611 -7.617 -4.955 
1704872195.710 -7.634 -4.879 
1704872195.811 -7.650 -4.804 
1704872195.911 -7.662 -4.725 
1704872196.011 -7.677 -4.645 
1704872196.112 -7.693 -4.562 
1704872196.211 -7.714 -4.489 
1704872196.311 -7.728 -4.416 
1704872196.412 -7.736 -4.338 
1704872196.512 -7.747 -4.260 
1704872196.612 -7.759 -4.182 
1704872196.712 -7.771 -4.105 
1704872196.812 -7.782 -4.027 
1704872196.912 -7.793 -3.948 
1704872197.012 -7.803 -3.871 
1704872197.113 -7.810 -3.796 
1704872197.213 -7.820 -3.720 
1704872197.315 -7.831 -3.642 
1704872197.414 -7.843 -3.566 
1704872197.514 -7.859 -3.491 
1704872197.613 -7.871 -3.414 
1704872197.713 -7.884 -3.338 
1704872197.813 -7.901 -3.263 
1704872197.914 -7.920 -3.188 
1704872198.014 -7.940 -3.115 
1704872198.114 -7.960 -3.041 
1704872198.214 -7.980 -2.967 
1704872198.315 -7.997 -2.895 
1704872198.415 -8.014 -2.825 
1704872198.515 -8.031 -2.758 
1704872198.614 -8.036 -2.675 
1704872198.716 -8.040 -2.594 
1704872198.815 -8.044 -2.523 
1704872198.918 -8.048 -2.449 
1704872199.017 -8.053 -2.382 
1704872199.117 -8.059 -2.318 
1704872199.217 -8.052 -2.242 
1704872199.318 -8.035 -2.161 
1704872199.418 -8.023 -2.082 
1704872199.518 -8.017 -2.017 
1704872199.618 -8.010 -1.952 
1704872199.718 -7.995 -1.887 
1704872199.818 -7.968 -1.811 
1704872199.919 -7.945 -1.735 
1704872200.018 -7.928 -1.669 
1704872200.119 -7.913 -1.605 
1704872200.219 -7.898 -1.541 
1704872200.318 -7.871 -1.465 
1704872200.420 -7.840 -1.391 
1704872200.519 -7.815 -1.320 
1704872200.619 -7.778 -1.219 
1704872200.719 -7.745 -1.117 
1704872200.819 -7.713 -1.025 
1704872200.919 -7.677 -0.944 
1704872201.020 -7.639 -0.873 
1704872201.120 -7.601 -0.806 
1704872201.220 -7.572 -0.737 
1704872201.320 -7.548 -0.673 
1704872201.420 -7.500 -0.599 
1704872201.521 -7.425 -0.514 
1704872201.621 -7.364 -0.431 
1704872201.722 -7.335 -0.375 
1704872201.823 -7.305 -0.328 
1704872201.921 -7.257 -0.275 
1704872202.023 -7.191 -0.192 
1704872202.122 -7.136 -0.109 
1704872202.224 -7.083 -0.038 
1704872202.323 -7.021 0.032 
1704872202.423 -6.952 0.106 
1704872202.522 -6.882 0.188 
1704872202.622 -6.811 0.268 
1704872202.725 -6.743 0.349 
1704872202.825 -6.669 0.435 
1704872202.925 -6.600 0.522 
1704872203.026 -6.528 0.609 
1704872203.126 -6.457 0.696 
1704872203.225 -6.389 0.771 
1704872203.326 -6.322 0.848 
1704872203.427 -6.256 0.929 
1704872203.526 -6.188 1.010 
1704872203.627 -6.121 1.097 
1704872203.727 -6.064 1.180 
1704872203.844 -6.012 1.246 
1704872203.935 -5.962 1.322 
1704872204.031 -5.911 1.399 
1704872204.130 -5.856 1.477 
1704872204.229 -5.800 1.552 
1704872204.329 -5.760 1.616 
1704872204.430 -5.723 1.692 
1704872204.530 -5.688 1.789 
1704872204.629 -5.657 1.885 
1704872204.729 -5.628 1.979 
1704872204.829 -5.601 2.071 
1704872204.930 -5.572 2.161 
1704872205.030 -5.549 2.252 
1704872205.130 -5.529 2.346 
1704872205.231 -5.513 2.444 
1704872205.331 -5.503 2.544 
1704872205.431 -5.493 2.646 
1704872205.531 -5.470 2.734 
1704872205.631 -5.457 2.829 
1704872205.731 -5.465 2.937 
1704872205.833 -5.469 3.028 
1704872205.934 -5.483 3.128 
1704872206.033 -5.496 3.223 
1704872206.133 -5.505 3.317 
1704872206.233 -5.509 3.404 
1704872206.333 -5.517 3.489 
1704872206.433 -5.548 3.583 
1704872206.533 -5.597 3.673 
1704872206.634 -5.644 3.752 
1704872206.734 -5.688 3.825 
1704872206.834 -5.736 3.895 
1704872206.934 -5.783 3.963 
1704872207.035 -5.835 4.035 
1704872207.135 -5.876 4.110 
1704872207.234 -5.916 4.184 
1704872207.335 -5.983 4.258 
1704872207.437 -6.044 4.331 
1704872207.537 -6.093 4.401 
1704872207.636 -6.148 4.470 
1704872207.740 -6.216 4.545 
1704872207.838 -6.293 4.618 
1704872207.949 -6.369 4.701 
1704872208.042 -6.445 4.790 
1704872208.140 -6.513 4.873 
1704872208.238 -6.580 4.954 
1704872208.338 -6.649 5.036 
1704872208.438 -6.715 5.115 
1704872208.537 -6.784 5.192 
1704872208.638 -6.861 5.273 
1704872208.739 -6.939 5.365 
1704872208.838 -7.012 5.452 
1704872208.939 -7.083 5.538 
1704872209.039 -7.153 5.617 
1704872209.139 -7.225 5.700 
1704872209.239 -7.294 5.782 
1704872209.339 -7.361 5.864 
1704872209.441 -7.425 5.944 
1704872209.539 -7.487 6.024 
1704872209.639 -7.548 6.104 
1704872209.741 -7.608 6.181 
1704872209.840 -7.664 6.255 
1704872209.940 -7.716 6.324 
1704872210.040 -7.762 6.395 
1704872210.140 -7.807 6.469 
1704872210.240 -7.851 6.538 
1704872210.340 -7.891 6.607 
1704872210.440 -7.927 6.675 
1704872210.540 -7.964 6.736 
1704872210.640 -7.998 6.800 
1704872210.741 -8.028 6.884 
1704872210.841 -8.060 6.955 
1704872210.941 -8.093 7.019 
1704872211.041 -8.128 7.123 
1704872211.141 -8.180 7.227 
1704872211.241 -8.225 7.317 
1704872211.342 -8.259 7.407 
1704872211.442 -8.288 7.489 
1704872211.542 -8.317 7.573 
1704872211.642 -8.346 7.651 
1704872211.742 -8.374 7.725 
1704872211.842 -8.383 7.844 
1704872211.942 -8.387 7.966 
1704872212.042 -8.395 8.053 
1704872212.142 -8.397 8.137 
1704872212.242 -8.391 8.221 
1704872212.342 -8.390 8.292 
1704872212.442 -8.380 8.360 
1704872212.543 -8.410 8.376 
1704872212.643 -8.441 8.387 
1704872212.742 -8.410 8.448 
1704872212.844 -8.287 8.536 
1704872212.943 -8.215 8.605 
1704872213.043 -8.140 8.674 
1704872213.143 -8.071 8.730 
1704872213.244 -8.027 8.747 
1704872213.343 -7.981 8.754 
1704872213.443 -7.921 8.769 
1704872213.543 -7.787 8.774 
1704872213.644 -7.656 8.770 
1704872213.744 -7.567 8.764 
1704872213.844 -7.492 8.771 
1704872213.944 -7.423 8.784 
1704872214.044 -7.359 8.801 
1704872214.144 -7.308 8.809 
1704872214.244 -7.267 8.798 
1704872214.345 -7.195 8.785 
1704872214.445 -7.083 8.788 
1704872214.545 -6.963 8.784 
1704872214.645 -6.867 8.788 
1704872214.745 -6.782 8.789 
1704872214.846 -6.718 8.775 
1704872214.946 -6.648 8.769 
1704872215.046 -6.569 8.768 
1704872215.147 -6.490 8.768 
1704872215.245 -6.413 8.768 
1704872215.346 -6.331 8.766 
1704872215.446 -6.248 8.765 
1704872215.546 -6.164 8.766 
1704872215.646 -6.083 8.763 
1704872215.746 -6.001 8.762 
1704872215.847 -5.921 8.760 
1704872215.946 -5.841 8.759 
1704872216.048 -5.759 8.758 
1704872216.148 -5.681 8.756 
1704872216.248 -5.599 8.754 
1704872216.348 -5.519 8.752 
1704872216.447 -5.440 8.750 
1704872216.548 -5.363 8.749 
1704872216.652 -5.282 8.747 
1704872216.748 -5.212 8.746 
1704872216.849 -5.133 8.744 
1704872216.948 -5.058 8.743 
1704872217.048 -4.982 8.742 
1704872217.148 -4.904 8.741 
1704872217.248 -4.826 8.741 
1704872217.348 -4.748 8.741 
1704872217.448 -4.672 8.741 
1704872217.549 -4.595 8.741 
1704872217.650 -4.518 8.742 
1704872217.750 -4.443 8.743 
1704872217.850 -4.366 8.743 
1704872217.951 -4.288 8.743 
1704872218.050 -4.213 8.742 
1704872218.150 -4.130 8.743 
1704872218.251 -4.051 8.745 
1704872218.353 -3.975 8.747 
1704872218.451 -3.899 8.748 
1704872218.551 -3.818 8.752 
1704872218.651 -3.737 8.758 
1704872218.754 -3.665 8.759 
1704872218.851 -3.595 8.758 
1704872218.955 -3.514 8.759 
1704872219.055 -3.437 8.760 
1704872219.155 -3.361 8.762 
1704872219.255 -3.285 8.763 
1704872219.355 -3.210 8.763 
1704872219.455 -3.135 8.762 
1704872219.555 -3.025 8.766 
1704872219.655 -2.907 8.763 
1704872219.755 -2.810 8.765 
1704872219.855 -2.716 8.768 
1704872219.956 -2.613 8.769 
1704872220.055 -2.509 8.766 
1704872220.155 -2.408 8.762 
1704872220.255 -2.311 8.763 
1704872220.356 -2.220 8.767 
1704872220.456 -2.128 8.763 
1704872220.556 -2.025 8.755 
1704872220.657 -1.921 8.749 
1704872220.757 -1.815 8.743 
1704872220.857 -1.720 8.742 
1704872220.957 -1.665 8.741 
1704872221.057 -1.608 8.735 
1704872221.157 -1.524 8.716 
1704872221.256 -1.437 8.688 
1704872221.357 -1.357 8.667 
1704872221.458 -1.283 8.650 
1704872221.558 -1.206 8.628 
1704872221.658 -1.131 8.609 
1704872221.758 -1.054 8.587 
1704872221.859 -0.977 8.566 
1704872221.960 -0.898 8.544 
1704872222.059 -0.821 8.522 
1704872222.160 -0.741 8.498 
1704872222.260 -0.662 8.474 
1704872222.360 -0.586 8.453 
1704872222.462 -0.508 8.431 
1704872222.561 -0.432 8.409 
1704872222.661 -0.354 8.387 
1704872222.761 -0.278 8.361 
1704872222.861 -0.200 8.335 
1704872222.962 -0.124 8.313 
1704872223.063 -0.046 8.290 
1704872223.163 0.025 8.262 
1704872223.262 0.099 8.226 
1704872223.363 0.177 8.185 
1704872223.462 0.247 8.148 
1704872223.563 0.321 8.118 
1704872223.663 0.398 8.092 
1704872223.763 0.475 8.061 
1704872223.863 0.549 8.021 
1704872223.965 0.623 7.977 
1704872224.064 0.695 7.935 
1704872224.164 0.781 7.891 
1704872224.264 0.860 7.853 
1704872224.364 0.934 7.811 
1704872224.464 1.007 7.769 
1704872224.564 1.079 7.725 
1704872224.664 1.153 7.680 
1704872224.764 1.231 7.632 
1704872224.864 1.309 7.588 
1704872224.964 1.387 7.546 
1704872225.065 1.461 7.504 
1704872225.165 1.533 7.459 
1704872225.265 1.606 7.415 
1704872225.365 1.678 7.371 
1704872225.465 1.749 7.327 
1704872225.570 1.835 7.278 
1704872225.665 1.910 7.239 
1704872225.766 1.978 7.198 
1704872225.866 2.046 7.156 
1704872225.965 2.124 7.114 
1704872226.068 2.205 7.072 
1704872226.167 2.292 7.027 
