1703403485.700 58
1703403486.030 165
1703403486.543 179
1703403486.950 179
1703403487.253 181
1703403487.536 182
1703403487.799 183
1703403488.084 185
1703403488.350 187
1703403488.608 187
1703403488.882 188
1703403489.149 189
1703403489.433 193
1703403489.720 221
1703403489.996 254
1703403490.268 298
1703403490.552 361
1703403490.837 432
1703403491.101 478
1703403491.372 486
1703403491.645 536
1703403491.925 579
1703403492.196 596
1703403492.484 652
1703403492.762 683
1703403493.069 889
1703403493.322 914
1703403493.630 989
1703403493.897 1001
1703403494.177 1001
1703403494.465 1006
1703403494.734 1013
1703403495.003 1040
1703403495.279 1053
1703403495.556 1088
1703403495.845 1115
1703403496.129 1126
1703403496.413 1128
1703403496.687 1128
1703403496.968 1130
1703403497.257 1134
1703403497.537 1135
1703403497.815 1135
1703403498.100 1136
1703403498.391 1136
1703403498.685 1138
1703403498.995 1145
1703403499.282 1152
1703403499.553 1159
1703403499.846 1161
1703403500.171 1166
1703403500.464 1184
1703403500.743 1197
1703403501.037 1216
1703403501.336 1232
1703403501.656 1259
1703403501.947 1279
1703403502.233 1298
1703403502.516 1328
1703403502.833 1457
1703403503.120 1461
1703403503.400 1474
1703403503.699 1487
1703403503.985 1500
1703403504.278 1512
1703403504.569 1521
1703403504.855 1525
1703403505.145 1528
1703403505.437 1528
1703403505.736 1529
1703403506.025 1538
1703403506.306 1541
1703403506.593 1549
1703403506.882 1553
1703403507.223 1563
1703403507.512 1576
1703403507.814 1588
1703403508.109 1601
1703403508.434 1613
1703403508.735 1626
1703403509.038 1640
1703403509.348 1640
1703403509.621 1643
1703403509.914 1643
1703403510.205 1645
1703403510.488 1646
1703403510.782 1646
1703403511.071 1646
1703403511.349 1646
1703403511.638 1646
1703403511.936 1646
1703403512.241 1646
1703403512.541 1646
1703403512.843 1646
1703403513.120 1646
1703403513.414 1647
1703403513.711 1647
1703403513.978 1647
1703403514.259 1647
1703403514.553 1647
1703403514.840 1647
1703403515.133 1647
1703403515.398 1647
1703403515.702 1662
1703403515.984 1662
1703403516.260 1662
1703403516.536 1663
1703403516.835 1670
1703403517.130 1681
1703403517.406 1689
1703403517.691 1699
1703403517.982 1705
1703403518.274 1709
1703403518.573 1724
1703403518.874 1743
1703403519.159 1774
1703403519.457 1815
1703403519.767 1892
1703403520.037 1937
1703403520.340 1974
1703403520.659 2037
1703403520.960 2039
1703403521.248 2039
1703403521.541 2040
1703403521.844 2046
1703403522.125 2058
1703403522.414 2063
1703403522.707 2068
1703403522.972 2070
1703403523.258 2074
1703403523.553 2075
1703403523.827 2077
1703403524.116 2095
1703403524.398 2116
1703403524.683 2132
1703403525.027 2150
1703403525.313 2160
1703403525.623 2163
1703403525.906 2164
1703403526.210 2164
1703403526.498 2168
1703403526.764 2170
1703403527.055 2170
1703403527.358 2219
1703403527.632 2221
1703403527.929 2245
1703403528.211 2257
1703403528.515 2272
1703403528.809 2273
1703403529.097 2282
1703403529.393 2289
1703403529.697 2305
1703403529.984 2319
1703403530.273 2320
1703403530.558 2321
1703403530.835 2323
1703403531.126 2328
1703403531.424 2371
1703403531.699 2371
1703403532.034 2379
1703403532.318 2379
1703403532.608 2381
1703403532.926 2396
1703403533.216 2403
1703403533.528 2415
1703403533.844 2425
1703403534.122 2446
1703403534.432 2464
1703403534.763 2469
1703403535.049 2477
1703403535.323 2477
1703403535.648 2477
1703403535.939 2478
1703403536.240 2479
1703403536.541 2479
1703403536.848 2486
1703403537.170 2497
1703403537.491 2553
1703403537.758 2589
1703403538.049 2616
1703403538.343 2625
1703403538.635 2627
1703403538.945 2636
1703403539.231 2648
1703403539.542 2661
1703403539.822 2703
1703403540.116 2721
1703403540.423 2749
1703403540.695 2759
1703403540.980 2759
1703403541.278 2763
1703403541.579 2763
1703403541.875 2763
1703403542.205 2765
1703403542.486 2766
1703403542.782 2768
1703403543.072 2773
1703403543.357 2779
1703403543.653 2787
1703403543.932 2802
1703403544.214 2818
1703403544.503 2836
1703403544.785 2863
1703403545.073 2886
1703403545.370 2926
1703403545.654 2954
1703403545.954 2986
1703403546.237 3012
1703403546.527 3035
1703403546.812 3045
1703403547.082 3054
1703403547.361 3073
1703403547.638 3090
1703403547.914 3098
1703403548.188 3113
1703403548.466 3137
1703403548.748 3158
1703403549.028 3183
1703403549.319 3205
1703403549.584 3224
1703403549.863 3247
1703403550.146 3261
1703403550.449 3282
1703403550.752 3305
1703403551.025 3327
1703403551.307 3348
1703403551.627 3360
1703403551.962 3367
1703403552.243 3397
1703403552.560 3416
1703403552.857 3430
1703403553.157 3442
1703403553.445 3446
1703403553.737 3450
1703403554.035 3456
1703403554.332 3464
1703403554.663 3464
1703403554.943 3474
1703403555.242 3474
1703403555.536 3474
1703403555.838 3474
1703403556.126 3474
1703403556.415 3474
1703403556.753 3475
1703403557.038 3487
1703403557.366 3510
1703403557.658 3539
1703403558.010 3554
1703403558.281 3578
1703403558.612 3602
1703403558.901 3621
1703403559.206 3652
1703403559.547 3696
1703403559.854 3717
1703403560.156 3722
1703403560.455 3724
1703403560.752 3725
1703403561.035 3725
1703403561.392 3725
1703403561.682 3725
1703403561.971 3725
1703403562.267 3725
1703403562.562 3725
1703403562.874 3725
1703403563.160 3725
1703403563.450 3725
1703403563.753 3725
1703403564.088 3725
1703403564.380 3725
1703403564.687 3725
1703403565.016 3725
1703403565.300 3725
1703403565.582 3725
1703403565.882 3725
1703403566.208 3725
1703403566.535 3725
1703403566.822 3725
1703403567.131 3725
1703403567.422 3725
1703403567.709 3725
1703403567.986 3727
1703403568.282 3743
1703403568.554 3763
1703403568.825 3768
1703403569.114 3779
1703403569.404 3815
1703403569.709 3858
1703403569.991 3867
1703403570.293 3877
1703403570.580 3881
1703403570.868 3893
1703403571.175 3942
1703403571.433 3953
1703403571.726 3966
1703403572.019 3976
1703403572.300 3981
1703403572.613 3986
1703403572.928 4031
1703403573.224 4092
1703403573.511 4117
1703403573.810 4149
1703403574.101 4181
1703403574.415 4195
1703403574.713 4206
1703403575.000 4209
1703403575.308 4212
1703403575.600 4213
1703403575.898 4217
1703403576.210 4221
1703403576.490 4237
1703403576.808 4244
1703403577.115 4246
1703403577.428 4248
1703403577.728 4250
1703403578.003 4254
1703403578.319 4276
1703403578.605 4278
1703403578.886 4278
1703403579.178 4279
1703403579.459 4279
1703403579.746 4279
1703403580.029 4279
1703403580.337 4279
1703403580.609 4279
1703403580.884 4279
1703403581.211 4279
1703403581.504 4279
1703403581.803 4279
1703403582.100 4279
1703403582.389 4279
1703403582.678 4279
1703403582.993 4280
1703403583.271 4280
1703403583.561 4281
1703403583.866 4282
1703403584.153 4282
1703403584.451 4294
1703403584.730 4319
1703403585.018 4321
1703403585.298 4326
1703403585.583 4342
1703403585.870 4359
1703403586.169 4372
1703403586.496 4394
1703403586.787 4420
1703403587.079 4431
1703403587.364 4439
1703403587.656 4458
1703403587.952 4480
1703403588.236 4509
1703403588.526 4537
1703403588.827 4567
1703403589.115 4596
1703403589.400 4620
1703403589.729 4642
1703403589.998 4650
1703403590.296 4651
1703403590.585 4651
1703403590.860 4652
1703403591.153 4652
1703403591.440 4652
1703403591.728 4652
1703403592.015 4656
1703403592.315 4660
1703403592.614 4665
1703403592.903 4665
1703403593.198 4671
1703403593.486 4674
1703403593.785 4680
1703403594.084 4691
1703403594.393 4709
1703403594.694 4728
1703403594.986 4731
1703403595.273 4735
1703403595.553 4742
1703403595.842 4744
1703403596.129 4744
1703403596.431 4744
1703403596.711 4744
1703403597.030 4744
1703403597.356 4744
1703403597.652 4745
1703403597.925 4745
1703403598.200 4747
1703403598.479 4747
1703403598.737 4747
1703403599.036 4747
1703403599.328 4747
1703403599.611 4747
1703403599.884 4747
1703403600.242 4747
1703403600.519 4747
1703403600.790 4747
1703403601.069 4747
1703403601.374 4747
1703403601.681 4780
1703403601.971 4781
1703403602.249 4784
1703403602.540 4785
1703403602.835 4786
1703403603.142 4787
1703403603.417 4787
1703403603.696 4787
1703403603.991 4787
1703403604.276 4787
1703403604.562 4787
1703403604.853 4787
1703403605.144 4787
1703403605.436 4787
1703403605.737 4787
1703403606.030 4787
1703403606.300 4787
1703403606.592 4791
1703403606.885 4797
1703403607.179 4806
1703403607.469 4807
1703403607.766 4808
1703403608.077 4808
1703403608.386 4811
1703403608.675 4821
1703403608.985 4824
1703403609.267 4824
1703403609.554 4824
1703403609.818 4824
1703403610.127 4833
1703403610.384 4845
1703403610.667 4845
1703403610.977 4845
1703403611.254 4845
1703403611.544 4846
1703403611.829 4846
1703403612.117 4848
1703403612.411 4851
1703403612.694 4851
1703403612.995 4853
1703403613.289 4857
1703403613.577 4865
1703403613.866 4868
1703403614.153 4872
1703403614.452 4874
1703403614.755 4878
1703403615.045 4879
1703403615.335 4882
1703403615.623 4883
1703403615.911 4883
1703403616.197 4883
1703403616.491 4883
1703403616.811 4884
1703403617.090 4884
1703403617.374 4884
1703403617.661 4884
1703403617.953 4884
1703403618.250 4884
1703403618.549 4884
1703403618.848 4885
1703403619.142 4885
1703403619.456 4909
1703403619.713 4911
1703403619.998 4926
1703403620.301 4928
1703403620.593 4931
1703403620.894 4938
1703403621.161 4938
1703403621.436 4938
1703403621.714 4938
1703403622.000 4939
1703403622.269 4939
1703403622.544 4939
1703403622.835 4939
1703403623.115 4939
1703403623.388 4939
1703403623.655 4939
1703403623.942 4939
1703403624.233 4939
1703403624.517 4939
1703403624.802 4939
1703403625.087 4939
1703403625.373 4939
1703403625.665 4939
1703403625.952 4939
1703403626.246 4939
1703403626.544 4939
1703403626.827 4939
1703403627.110 4939
1703403627.387 4939
1703403627.689 4939
1703403628.018 4939
1703403628.337 4939
1703403628.632 4939
1703403628.930 4939
1703403629.233 4939
1703403629.517 4939
1703403629.819 4939
1703403630.159 4943
1703403630.461 4945
1703403630.766 4978
1703403631.057 4978
1703403631.373 4978
1703403631.684 4978
1703403631.985 4978
1703403632.282 4978
1703403632.588 4978
1703403632.878 4978
1703403633.162 4978
1703403633.449 4978
1703403633.746 4978
1703403634.036 4978
1703403634.331 4978
1703403634.637 4978
1703403634.941 4978
1703403635.229 4978
1703403635.564 4978
1703403635.844 4978
1703403636.140 4978
1703403636.428 4978
1703403636.699 4978
1703403637.008 4978
1703403637.322 4978
1703403637.621 4978
1703403637.916 4978
1703403638.214 4978
1703403638.488 4978
1703403638.764 4978
1703403639.045 4978
1703403639.317 4978
1703403639.612 4978
1703403639.896 4978
1703403640.159 4978
1703403640.443 4978
1703403640.731 4978
1703403641.015 4981
1703403641.302 4981
1703403641.623 4981
1703403641.915 4981
1703403642.209 4981
1703403642.500 4981
1703403642.818 4981
1703403643.080 4981
1703403643.367 4981
1703403643.680 4981
1703403643.958 4981
1703403644.266 4981
1703403644.573 4981
1703403644.883 4981
1703403645.179 4981
1703403645.469 4981
1703403645.780 4981
1703403646.062 4981
1703403646.338 4981
1703403646.661 4981
1703403646.952 4981
1703403647.241 4981
1703403647.533 4981
1703403647.827 4981
1703403648.129 4982
1703403648.451 4987
1703403648.722 4990
1703403649.010 4996
1703403649.311 5002
1703403649.595 5010
1703403649.884 5015
1703403650.183 5025
1703403650.472 5034
1703403650.763 5041
1703403651.053 5051
1703403651.340 5057
1703403651.640 5071
1703403651.992 5075
1703403652.299 5083
1703403652.597 5093
1703403652.889 5102
1703403653.179 5113
1703403653.470 5119
1703403653.763 5134
1703403654.049 5146
1703403654.341 5146
1703403654.635 5154
1703403654.948 5161
1703403655.214 5166
1703403655.507 5171
1703403655.802 5175
1703403656.123 5183
1703403656.396 5193
1703403656.685 5210
1703403656.989 5231
1703403657.271 5261
1703403657.563 5279
1703403657.849 5286
1703403658.138 5293
1703403658.449 5330
1703403658.747 5346
1703403659.044 5356
1703403659.368 5356
1703403659.660 5356
1703403659.954 5358
1703403660.248 5358
1703403660.533 5359
1703403660.836 5359
1703403661.136 5359
1703403661.428 5359
1703403661.732 5360
1703403662.029 5360
1703403662.316 5360
1703403662.613 5360
1703403662.944 5360
1703403663.238 5360
1703403663.563 5360
1703403663.853 5360
1703403664.147 5360
1703403664.479 5361
1703403664.786 5361
1703403665.079 5361
1703403665.368 5361
1703403665.651 5361
1703403665.939 5361
1703403666.226 5362
1703403666.513 5362
1703403666.801 5362
1703403667.091 5362
1703403667.391 5362
1703403667.676 5362
1703403667.968 5362
1703403668.247 5362
1703403668.552 5362
1703403668.819 5362
1703403669.156 5362
1703403669.467 5362
1703403669.747 5362
1703403670.043 5362
1703403670.332 5363
1703403670.635 5363
1703403670.945 5363
1703403671.265 5363
1703403671.555 5363
1703403671.830 5364
1703403672.137 5365
1703403672.425 5366
1703403672.725 5369
1703403673.017 5373
1703403673.306 5380
1703403673.594 5395
1703403673.885 5401
1703403674.173 5406
1703403674.481 5425
1703403674.792 5428
1703403675.131 5431
1703403675.425 5431
1703403675.712 5434
1703403676.013 5435
1703403676.334 5436
1703403676.659 5436
1703403676.948 5436
1703403677.233 5439
1703403677.521 5440
1703403677.809 5441
1703403678.104 5471
1703403678.380 5471
1703403678.664 5472
1703403678.948 5472
1703403679.248 5472
1703403679.555 5472
1703403679.842 5472
1703403680.134 5472
1703403680.430 5472
1703403680.710 5472
1703403681.031 5472
1703403681.335 5472
1703403681.629 5472
1703403681.931 5472
1703403682.209 5472
1703403682.519 5473
1703403682.809 5473
1703403683.105 5473
1703403683.381 5474
1703403683.669 5476
1703403683.956 5477
1703403684.245 5477
1703403684.553 5477
1703403684.829 5477
1703403685.121 5477
1703403685.402 5477
1703403685.708 5478
1703403685.995 5484
1703403686.263 5484
1703403686.543 5484
1703403686.816 5484
1703403687.089 5484
1703403687.376 5484
1703403687.664 5491
1703403687.946 5502
1703403688.233 5507
1703403688.518 5517
1703403688.803 5521
1703403689.088 5524
1703403689.372 5529
1703403689.665 5545
1703403689.959 5564
1703403690.246 5596
1703403690.593 5682
1703403690.959 5724
1703403691.262 5767
1703403691.545 5805
1703403691.879 5813
1703403692.177 5815
1703403692.469 5820
1703403692.784 5824
1703403693.076 5829
1703403693.367 5836
1703403693.664 5838
1703403693.980 5838
1703403694.261 5840
1703403694.551 5844
1703403694.840 5844
1703403695.128 5844
1703403695.414 5846
1703403695.705 5848
1703403696.001 5848
1703403696.288 5848
1703403696.584 5848
1703403696.873 5848
1703403697.162 5848
1703403697.453 5849
1703403697.742 5849
1703403698.029 5851
1703403698.315 5851
1703403698.628 5851
1703403698.925 5851
1703403699.239 5851
1703403699.521 5851
1703403699.824 5856
1703403700.118 5856
1703403700.406 5856
1703403700.703 5859
1703403700.991 5860
1703403701.277 5862
1703403701.592 5882
1703403701.866 5910
1703403702.152 5926
1703403702.436 5944
1703403702.721 5964
1703403703.006 5964
1703403703.312 5969
1703403703.596 5969
1703403703.892 5974
1703403704.180 5985
1703403704.506 5993
1703403704.792 5996
1703403705.088 5999
1703403705.387 5999
1703403705.681 5999
1703403705.963 5999
1703403706.232 5999
1703403706.512 6000
1703403706.789 6001
1703403707.070 6001
1703403707.402 6005
1703403707.699 6006
1703403707.991 6006
1703403708.270 6006
1703403708.557 6006
1703403708.839 6006
1703403709.128 6006
1703403709.416 6007
1703403709.706 6026
1703403709.995 6035
1703403710.285 6053
1703403710.592 6057
1703403710.889 6060
1703403711.175 6064
1703403711.471 6071
1703403711.779 6076
1703403712.068 6081
1703403712.355 6084
1703403712.662 6088
1703403712.956 6111
1703403713.241 6122
1703403713.531 6140
1703403713.825 6145
1703403714.110 6145
1703403714.398 6145
1703403714.693 6145
1703403715.007 6148
1703403715.310 6148
1703403715.600 6149
1703403715.889 6149
1703403716.199 6149
1703403716.489 6149
1703403716.783 6149
1703403717.077 6149
1703403717.360 6149
1703403717.682 6149
1703403717.989 6149
1703403718.271 6149
1703403718.567 6149
1703403718.847 6149
1703403719.136 6149
1703403719.415 6149
1703403719.697 6149
1703403720.007 6151
1703403720.348 6152
1703403720.659 6152
1703403720.960 6152
1703403721.243 6152
1703403721.527 6152
1703403721.817 6152
1703403722.102 6153
1703403722.392 6153
1703403722.693 6153
1703403722.996 6153
1703403723.290 6153
1703403723.573 6153
1703403723.865 6153
1703403724.144 6153
1703403724.437 6154
1703403724.721 6154
1703403725.021 6154
1703403725.303 6154
1703403725.600 6154
1703403725.882 6154
1703403726.165 6154
1703403726.460 6154
1703403726.766 6154
1703403727.054 6155
1703403727.367 6155
1703403727.666 6155
1703403727.969 6156
1703403728.257 6158
1703403728.550 6169
1703403728.860 6169
1703403729.139 6170
1703403729.426 6170
1703403729.710 6170
1703403730.013 6170
1703403730.306 6170
1703403730.608 6170
1703403730.912 6170
1703403731.204 6170
1703403731.504 6170
1703403731.809 6170
1703403732.102 6170
1703403732.400 6170
1703403732.681 6170
1703403732.962 6170
1703403733.263 6170
1703403733.543 6170
1703403733.813 6170
1703403734.093 6170
1703403734.374 6170
1703403734.654 6170
1703403734.948 6170
1703403735.229 6181
1703403735.513 6181
1703403735.805 6181
1703403736.092 6181
1703403736.376 6181
1703403736.664 6181
1703403736.926 6181
1703403737.190 6181
1703403737.471 6181
1703403737.750 6181
1703403738.018 6181
1703403738.305 6181
1703403738.586 6181
1703403738.873 6181
1703403739.165 6181
1703403739.487 6181
1703403739.797 6181
1703403740.093 6181
1703403740.385 6181
1703403740.676 6181
1703403740.960 6181
1703403741.254 6181
1703403741.544 6181
1703403741.856 6181
1703403742.134 6181
1703403742.399 6181
1703403742.671 6181
1703403742.970 6181
1703403743.250 6181
1703403743.520 6181
1703403743.792 6181
1703403744.070 6181
1703403744.343 6181
1703403744.614 6181
1703403744.889 6181
1703403745.159 6181
1703403745.426 6181
1703403745.710 6181
1703403746.013 6181
1703403746.290 6181
1703403746.575 6181
1703403746.859 6181
1703403747.147 6181
1703403747.441 6181
1703403747.717 6181
1703403748.006 6181
1703403748.315 6181
1703403748.590 6181
1703403748.882 6189
1703403749.185 6193
1703403749.472 6193
1703403749.752 6193
1703403750.038 6199
1703403750.342 6206
1703403750.609 6221
1703403750.882 6236
1703403751.164 6253
1703403751.452 6271
1703403751.763 6288
1703403752.036 6307
1703403752.317 6312
1703403752.607 6319
1703403752.911 6326
1703403753.202 6330
1703403753.499 6338
1703403753.823 6346
1703403754.108 6365
1703403754.408 6421
1703403754.701 6427
1703403754.992 6443
1703403755.281 6471
1703403755.567 6481
1703403755.869 6492
1703403756.163 6501
1703403756.440 6505
1703403756.730 6511
1703403757.030 6537
1703403757.310 6538
1703403757.593 6538
1703403757.887 6540
1703403758.177 6550
1703403758.463 6550
1703403758.752 6550
1703403759.049 6550
1703403759.333 6553
1703403759.647 6554
1703403759.969 6554
1703403760.270 6554
1703403760.561 6554
1703403760.852 6554
1703403761.141 6554
1703403761.420 6554
1703403761.691 6554
1703403761.962 6554
1703403762.231 6555
1703403762.503 6555
1703403762.778 6555
1703403763.053 6555
1703403763.326 6555
1703403763.599 6555
1703403763.877 6555
1703403764.145 6559
1703403764.421 6562
1703403764.697 6563
1703403764.975 6563
1703403765.326 6564
1703403765.617 6564
1703403765.900 6564
1703403766.167 6564
1703403766.443 6564
1703403766.730 6564
1703403766.999 6564
1703403767.281 6564
1703403767.552 6564
1703403767.844 6564
1703403768.150 6582
1703403768.440 6583
1703403768.735 6584
1703403769.091 6584
1703403769.385 6586
1703403769.688 6591
1703403769.980 6597
1703403770.271 6599
1703403770.554 6599
1703403770.872 6600
1703403771.141 6605
1703403771.475 6624
1703403771.771 6638
1703403772.078 6639
1703403772.371 6643
1703403772.662 6667
1703403772.961 6667
1703403773.260 6667
1703403773.546 6667
1703403773.834 6667
1703403774.129 6667
1703403774.429 6667
1703403774.717 6667
1703403775.006 6673
1703403775.292 6688
1703403775.581 6713
1703403775.884 6741
1703403776.167 6746
1703403776.463 6746
1703403776.745 6746
1703403777.040 6746
1703403777.321 6746
1703403777.594 6746
1703403777.914 6748
1703403778.182 6748
1703403778.464 6748
1703403778.731 6748
1703403779.001 6748
1703403779.278 6748
1703403779.592 6748
1703403779.868 6748
1703403780.147 6748
1703403780.429 6748
1703403780.727 6748
1703403781.006 6748
1703403781.257 6748
1703403781.519 6748
1703403781.787 6749
1703403782.070 6749
1703403782.334 6749
1703403782.619 6750
1703403782.931 6750
1703403783.203 6751
1703403783.480 6751
1703403783.756 6751
1703403784.028 6751
1703403784.296 6751
1703403784.583 6751
1703403784.869 6751
1703403785.153 6751
1703403785.440 6751
1703403785.726 6751
1703403786.025 6752
1703403786.300 6752
1703403786.600 6752
1703403786.901 6752
1703403787.190 6752
1703403787.480 6752
1703403787.765 6758
1703403788.053 6766
1703403788.336 6768
1703403788.623 6768
1703403788.913 6769
1703403789.203 6769
1703403789.499 6769
1703403789.763 6769
1703403790.048 6769
1703403790.338 6769
1703403790.637 6769
1703403790.920 6769
1703403791.216 6769
1703403791.502 6769
1703403791.824 6769
1703403792.095 6769
1703403792.387 6769
1703403792.683 6769
1703403792.959 6769
1703403793.254 6769
1703403793.537 6769
1703403793.823 6769
1703403794.102 6769
1703403794.378 6769
1703403794.665 6769
1703403794.939 6769
1703403795.232 6769
1703403795.507 6769
1703403795.852 6769
1703403796.145 6769
1703403796.410 6769
