1703403844.261 59
1703403844.542 157
1703403844.826 170
1703403845.286 170
1703403845.644 170
1703403845.943 172
1703403846.206 172
1703403846.460 172
1703403846.725 174
1703403846.978 177
1703403847.230 177
1703403847.489 177
1703403847.767 185
1703403848.029 195
1703403848.287 204
1703403848.546 206
1703403848.816 207
1703403849.081 222
1703403849.370 262
1703403849.629 271
1703403849.893 277
1703403850.168 312
1703403850.448 339
1703403850.713 357
1703403850.983 396
1703403851.250 456
1703403851.526 547
1703403851.789 606
1703403852.065 644
1703403852.340 661
1703403852.622 681
1703403852.894 690
1703403853.161 697
1703403853.434 713
1703403853.714 725
1703403853.988 734
1703403854.260 749
1703403854.532 749
1703403854.823 759
1703403855.094 769
1703403855.401 785
1703403855.733 790
1703403856.058 817
1703403856.352 824
1703403856.652 824
1703403856.949 831
1703403857.241 841
1703403857.509 843
1703403857.808 850
1703403858.085 862
1703403858.373 872
1703403858.661 899
1703403858.924 920
1703403859.204 926
1703403859.498 933
1703403859.804 942
1703403860.102 1050
1703403860.382 1148
1703403860.661 1148
1703403860.935 1149
1703403861.216 1149
1703403861.498 1150
1703403861.851 1150
1703403862.126 1150
1703403862.406 1156
1703403862.681 1159
1703403862.950 1163
1703403863.236 1166
1703403863.528 1174
1703403863.838 1183
1703403864.138 1194
1703403864.420 1194
1703403864.698 1195
1703403864.994 1195
1703403865.270 1195
1703403865.551 1195
1703403865.877 1196
1703403866.149 1205
1703403866.426 1227
1703403866.711 1260
1703403867.001 1331
1703403867.278 1385
1703403867.566 1438
1703403867.842 1463
1703403868.132 1472
1703403868.439 1478
1703403868.698 1481
1703403868.957 1483
1703403869.214 1488
1703403869.497 1488
1703403869.777 1492
1703403870.057 1492
1703403870.328 1492
1703403870.612 1497
1703403870.886 1500
1703403871.174 1523
1703403871.463 1529
1703403871.738 1547
1703403872.028 1565
1703403872.316 1600
1703403872.615 1628
1703403872.907 1644
1703403873.177 1661
1703403873.461 1670
1703403873.766 1678
1703403874.057 1690
1703403874.350 1704
1703403874.627 1705
1703403874.920 1709
1703403875.204 1718
1703403875.492 1730
1703403875.810 1746
1703403876.090 1758
1703403876.354 1774
1703403876.652 1780
1703403876.962 1818
1703403877.260 1828
1703403877.568 1836
1703403877.897 1871
1703403878.197 1915
1703403878.503 1962
1703403878.790 1997
1703403879.090 2004
1703403879.369 2010
1703403879.668 2019
1703403879.967 2028
1703403880.302 2031
1703403880.596 2038
1703403880.910 2069
1703403881.194 2087
1703403881.498 2091
1703403881.792 2098
1703403882.085 2104
1703403882.370 2110
1703403882.649 2113
1703403882.993 2113
1703403883.299 2120
1703403883.604 2125
1703403883.932 2129
1703403884.224 2132
1703403884.517 2134
1703403884.799 2134
1703403885.105 2134
1703403885.408 2134
1703403885.699 2134
1703403885.989 2134
1703403886.272 2134
1703403886.564 2134
1703403886.850 2134
1703403887.144 2135
1703403887.450 2135
1703403887.761 2135
1703403888.067 2143
1703403888.366 2143
1703403888.655 2147
1703403888.934 2147
1703403889.233 2151
1703403889.526 2156
1703403889.822 2159
1703403890.170 2172
1703403890.458 2202
1703403890.770 2212
1703403891.029 2214
1703403891.332 2225
1703403891.605 2230
1703403891.917 2234
1703403892.203 2236
1703403892.490 2237
1703403892.780 2239
1703403893.059 2244
1703403893.353 2248
1703403893.628 2256
1703403893.916 2263
1703403894.224 2263
1703403894.505 2263
1703403894.784 2264
1703403895.099 2267
1703403895.380 2267
1703403895.672 2269
1703403895.940 2271
1703403896.228 2271
1703403896.517 2271
1703403896.797 2271
1703403897.124 2271
1703403897.972 2271
1703403898.286 2271
1703403898.571 2271
1703403898.847 2271
1703403899.146 2274
1703403899.436 2291
1703403899.739 2291
1703403900.023 2291
1703403900.335 2291
1703403900.624 2291
1703403900.923 2291
1703403901.205 2301
1703403901.488 2332
1703403901.756 2375
1703403902.028 2426
1703403902.303 2481
1703403902.578 2546
1703403902.867 2634
1703403903.172 2699
1703403903.459 2713
1703403903.754 2728
1703403904.086 2746
1703403904.418 2751
1703403904.724 2758
1703403904.996 2774
1703403905.282 2796
1703403905.584 2819
1703403905.878 2822
1703403906.173 2830
1703403906.450 2835
1703403906.720 2841
1703403907.018 2844
1703403907.274 2844
1703403907.560 2845
1703403907.835 2848
1703403908.106 2849
1703403908.401 2849
1703403908.693 2849
1703403908.965 2849
1703403909.248 2849
1703403909.506 2849
1703403909.792 2849
1703403910.114 2849
1703403910.403 2849
1703403910.711 2849
1703403911.008 2849
1703403911.293 2860
1703403911.603 2876
1703403911.882 2905
1703403912.166 2915
1703403912.452 2917
1703403912.742 2928
1703403913.025 2933
1703403913.317 2951
1703403913.589 2965
1703403913.893 2998
1703403914.173 3036
1703403914.467 3041
1703403914.762 3041
1703403915.046 3041
1703403915.323 3041
1703403915.606 3041
1703403915.892 3041
1703403916.192 3044
1703403916.507 3048
1703403916.770 3050
1703403917.047 3052
1703403917.326 3054
1703403917.621 3054
1703403917.921 3058
1703403918.208 3096
1703403918.505 3132
1703403918.796 3172
1703403919.100 3200
1703403919.446 3240
1703403919.773 3277
1703403920.060 3333
1703403920.344 3368
1703403920.630 3418
1703403920.951 3469
1703403921.235 3507
1703403921.552 3548
1703403921.872 3586
1703403922.178 3599
1703403922.440 3609
1703403922.728 3631
1703403923.008 3669
1703403923.342 3699
1703403923.652 3713
1703403923.920 3713
1703403924.203 3723
1703403924.516 3810
1703403924.793 3867
1703403925.081 3902
1703403925.372 3908
1703403925.667 3912
1703403925.950 3940
1703403926.230 3943
1703403926.537 3955
1703403926.825 3964
1703403927.114 3968
1703403927.379 3972
1703403927.686 3973
1703403927.971 3973
1703403928.246 3978
1703403928.517 3978
1703403928.820 3979
1703403929.100 3980
1703403929.372 3983
1703403929.668 3999
1703403929.935 3999
1703403930.217 3999
1703403930.508 4002
1703403930.844 4002
1703403931.165 4002
1703403931.502 4002
1703403931.790 4002
1703403932.074 4002
1703403932.361 4002
1703403932.658 4002
1703403932.943 4002
1703403933.213 4005
1703403933.495 4009
1703403933.776 4009
1703403934.046 4009
1703403934.319 4009
1703403934.600 4009
1703403934.900 4009
1703403935.212 4009
1703403935.510 4009
1703403935.807 4012
1703403936.125 4012
1703403936.412 4016
1703403936.703 4024
1703403937.027 4033
1703403937.295 4045
1703403937.580 4056
1703403937.866 4072
1703403938.162 4084
1703403938.451 4099
1703403938.740 4111
1703403939.027 4133
1703403939.304 4149
1703403939.574 4161
1703403939.883 4187
1703403940.167 4191
1703403940.463 4206
1703403940.755 4206
1703403941.032 4206
1703403941.371 4206
1703403941.655 4206
1703403941.930 4206
1703403942.230 4241
1703403942.516 4241
1703403942.837 4241
1703403943.131 4242
1703403943.412 4242
1703403943.697 4243
1703403944.028 4243
1703403944.352 4243
1703403944.639 4243
1703403944.938 4266
1703403945.230 4268
1703403945.533 4270
1703403945.809 4283
1703403946.099 4283
1703403946.382 4291
1703403946.673 4291
1703403946.944 4292
1703403947.234 4295
1703403947.518 4307
1703403947.808 4321
1703403948.091 4334
1703403948.377 4357
1703403948.664 4364
1703403948.943 4376
1703403949.222 4385
1703403949.515 4426
1703403949.808 4486
1703403950.091 4519
1703403950.375 4542
1703403950.661 4563
1703403950.954 4563
1703403951.236 4563
1703403951.541 4571
1703403951.867 4582
1703403952.167 4584
1703403952.437 4585
1703403952.736 4585
1703403953.024 4585
1703403953.310 4586
1703403953.598 4586
1703403953.902 4588
1703403954.202 4588
1703403954.553 4589
1703403954.843 4589
1703403955.149 4589
1703403955.416 4591
1703403955.716 4604
1703403956.019 4619
1703403956.307 4621
1703403956.606 4621
1703403956.886 4625
1703403957.186 4648
1703403957.476 4662
1703403957.757 4672
1703403958.042 4679
1703403958.316 4692
1703403958.602 4694
1703403958.885 4697
1703403959.185 4701
1703403959.474 4703
1703403959.768 4703
1703403960.053 4703
1703403960.338 4703
1703403960.638 4711
1703403960.905 4713
1703403961.206 4713
1703403961.464 4713
1703403961.750 4713
1703403962.055 4714
1703403962.331 4714
1703403962.603 4714
1703403962.869 4714
1703403963.145 4714
1703403963.437 4715
1703403963.730 4715
1703403964.024 4715
1703403964.345 4715
1703403964.617 4715
1703403964.894 4715
1703403965.184 4715
1703403965.460 4716
1703403965.759 4718
1703403966.035 4718
1703403966.314 4718
1703403966.604 4718
1703403966.882 4718
1703403967.206 4718
1703403967.503 4718
1703403967.781 4718
1703403968.083 4718
1703403968.345 4723
1703403968.637 4723
1703403968.934 4724
1703403969.253 4724
1703403969.544 4724
1703403969.836 4724
1703403970.121 4724
1703403970.424 4724
1703403970.750 4724
1703403971.042 4724
1703403971.337 4724
1703403971.648 4724
1703403972.011 4724
1703403972.326 4724
1703403972.607 4724
1703403972.888 4724
1703403973.165 4724
1703403973.457 4724
1703403973.752 4724
1703403974.041 4724
1703403974.341 4724
1703403974.657 4724
1703403974.970 4724
1703403975.257 4725
1703403975.540 4725
1703403975.817 4725
1703403976.091 4726
1703403976.365 4726
1703403976.631 4726
1703403976.919 4729
1703403977.190 4729
1703403977.462 4729
1703403977.723 4729
1703403978.012 4729
1703403978.300 4729
1703403978.590 4736
1703403978.875 4750
1703403979.160 4751
1703403979.445 4751
1703403979.727 4751
1703403980.087 4801
1703403980.380 4817
1703403980.671 4886
1703403980.953 4886
1703403981.263 4886
1703403981.549 4886
1703403981.835 4887
1703403982.129 4887
1703403982.423 4888
1703403982.729 4900
1703403983.030 4908
1703403983.312 4912
1703403983.647 4917
1703403983.933 4917
1703403984.213 4917
1703403984.499 4917
1703403984.783 4917
1703403985.044 4917
1703403985.309 4917
1703403985.576 4925
1703403985.857 4925
1703403986.137 4925
1703403986.469 4925
1703403986.772 4925
1703403987.054 4925
1703403987.330 4925
1703403987.600 4925
1703403987.872 4925
1703403988.149 4925
1703403988.448 4925
1703403988.718 4925
1703403988.987 4925
1703403989.250 4925
1703403989.507 4925
1703403989.785 4925
1703403990.048 4925
1703403990.320 4925
1703403990.626 4925
1703403990.921 4925
1703403991.210 4926
1703403991.536 4927
1703403991.823 4927
1703403992.117 4927
1703403992.399 4927
1703403992.685 4927
1703403992.991 4928
1703403993.266 4929
1703403993.531 4929
1703403993.813 4929
1703403994.093 4931
1703403994.385 4931
1703403994.670 4932
1703403994.981 4934
1703403995.278 4935
1703403995.575 4935
1703403995.883 4937
1703403996.169 4937
1703403996.475 4937
1703403996.759 4937
1703403997.098 4937
1703403997.388 4937
1703403997.742 4955
1703403997.993 4955
1703403998.265 4955
1703403998.547 4955
1703403998.867 4955
1703403999.134 4955
1703403999.407 4955
1703403999.690 4955
1703403999.975 4955
1703404000.231 4955
1703404000.525 4955
1703404000.817 4955
1703404001.142 4955
1703404001.432 4955
1703404001.713 4955
1703404002.024 4955
1703404002.310 4955
1703404002.607 4955
1703404002.897 4955
1703404003.189 4955
1703404003.511 4955
1703404003.803 4955
1703404004.104 4955
1703404004.380 4955
1703404004.685 4955
1703404004.955 4955
1703404005.237 4955
1703404005.572 4955
1703404005.871 4955
1703404006.148 4955
1703404006.453 4955
1703404006.737 4955
1703404007.026 4955
1703404007.301 4955
1703404007.590 4955
1703404007.894 4957
1703404008.183 4957
1703404008.492 4977
1703404008.778 4978
1703404009.077 4986
1703404009.342 4986
1703404009.672 4988
1703404009.954 4988
1703404010.227 4988
1703404010.521 4990
1703404010.806 4992
1703404011.093 4998
1703404011.377 5005
1703404011.655 5007
1703404011.941 5014
1703404012.222 5014
1703404012.495 5014
1703404012.799 5016
1703404013.078 5021
1703404013.369 5030
1703404013.652 5044
1703404013.932 5055
1703404014.242 5071
1703404014.560 5077
1703404014.928 5083
1703404015.215 5084
1703404015.499 5085
1703404015.780 5087
1703404016.061 5088
1703404016.342 5088
1703404016.632 5089
1703404016.955 5093
1703404017.227 5094
1703404017.513 5094
1703404017.821 5094
1703404018.112 5094
1703404018.445 5094
1703404018.748 5094
1703404019.032 5094
1703404019.317 5094
1703404019.626 5094
1703404019.921 5094
1703404020.220 5094
1703404020.555 5094
1703404020.871 5094
1703404021.168 5094
1703404021.451 5094
1703404021.737 5094
1703404022.008 5094
1703404022.297 5094
1703404022.582 5094
1703404022.865 5094
1703404023.145 5094
1703404023.478 5094
1703404023.761 5094
1703404024.044 5094
1703404024.308 5094
1703404024.560 5094
1703404024.827 5094
1703404025.095 5096
1703404025.379 5116
1703404025.679 5140
1703404025.954 5144
1703404026.242 5148
1703404026.557 5171
1703404026.862 5251
1703404027.152 5279
1703404027.437 5309
1703404027.730 5325
1703404028.024 5336
1703404028.308 5337
1703404028.589 5339
1703404028.872 5340
1703404029.164 5340
1703404029.483 5340
1703404029.775 5342
1703404030.089 5342
1703404030.372 5342
1703404030.656 5342
1703404030.940 5342
1703404031.218 5342
1703404031.515 5342
1703404031.817 5342
1703404032.093 5342
1703404032.419 5342
1703404032.717 5342
1703404032.986 5342
1703404033.265 5342
1703404033.563 5342
1703404033.863 5343
1703404034.170 5345
1703404034.447 5348
1703404034.733 5372
1703404035.014 5413
1703404035.307 5449
1703404035.636 5463
1703404035.904 5476
1703404036.189 5490
1703404036.467 5492
1703404036.781 5508
1703404037.045 5509
1703404037.356 5509
1703404037.654 5509
1703404037.945 5510
1703404038.210 5511
1703404038.516 5513
1703404038.797 5517
1703404039.094 5519
1703404039.381 5524
1703404039.713 5542
1703404040.000 5574
1703404040.295 5630
1703404040.583 5665
1703404040.879 5673
1703404041.145 5673
1703404041.417 5674
1703404041.708 5690
1703404041.992 5701
1703404042.284 5706
1703404042.560 5707
1703404042.843 5708
1703404043.158 5708
1703404043.433 5708
1703404043.731 5708
1703404044.018 5709
1703404044.308 5709
1703404044.638 5709
1703404044.905 5709
1703404045.192 5709
1703404045.482 5709
1703404045.731 5709
1703404046.014 5709
1703404046.283 5709
1703404046.546 5709
1703404046.839 5709
1703404047.106 5709
1703404047.392 5709
1703404047.660 5709
1703404047.933 5709
1703404048.208 5709
1703404048.482 5712
1703404048.764 5715
1703404049.045 5715
1703404049.330 5715
1703404049.617 5715
1703404049.894 5715
1703404050.180 5715
1703404050.472 5715
1703404050.752 5715
1703404051.039 5716
1703404051.357 5716
1703404051.682 5733
1703404052.031 5766
1703404052.333 5802
1703404052.628 5816
1703404052.905 5828
1703404053.180 5854
1703404053.467 5876
1703404053.754 5884
1703404054.040 5887
1703404054.324 5887
1703404054.607 5887
1703404054.890 5887
1703404055.202 5887
1703404055.508 5887
1703404055.791 5887
1703404056.077 5887
1703404056.379 5887
1703404056.677 5887
1703404056.957 5887
1703404057.301 5887
1703404057.641 5887
1703404057.917 5887
1703404058.217 5887
1703404058.495 5887
1703404058.773 5896
1703404059.083 5896
1703404059.330 5897
1703404059.648 5947
1703404059.920 5947
1703404060.201 5947
1703404060.494 5950
1703404060.783 5958
1703404061.058 5958
1703404061.340 5958
1703404061.632 5979
1703404061.921 5992
1703404062.201 5996
1703404062.479 5997
1703404062.786 5997
1703404063.070 6001
1703404063.342 6055
1703404063.618 6056
1703404063.920 6056
1703404064.208 6058
1703404064.493 6058
1703404064.792 6058
1703404065.086 6058
1703404065.393 6060
1703404065.696 6061
1703404065.967 6063
1703404066.258 6063
1703404066.545 6066
1703404066.831 6066
1703404067.109 6066
1703404067.397 6066
1703404067.676 6066
1703404067.975 6066
1703404068.263 6066
1703404068.565 6066
1703404068.841 6066
1703404069.109 6066
1703404069.383 6066
1703404069.660 6066
1703404069.961 6066
1703404070.278 6066
1703404070.574 6066
1703404070.896 6067
1703404071.208 6067
1703404071.515 6067
1703404071.818 6067
1703404072.110 6067
1703404072.409 6067
1703404072.690 6067
1703404072.977 6067
1703404073.267 6067
1703404073.550 6067
1703404073.842 6067
1703404074.119 6067
1703404074.405 6067
1703404074.690 6067
1703404074.982 6067
1703404075.270 6067
1703404075.554 6067
1703404075.826 6067
1703404076.123 6067
1703404076.404 6067
1703404076.684 6071
1703404076.962 6071
1703404077.269 6071
1703404077.592 6071
1703404077.878 6071
1703404078.164 6071
1703404078.475 6071
1703404078.750 6071
1703404079.041 6071
1703404079.321 6071
1703404079.606 6071
1703404079.889 6071
1703404080.206 6071
1703404080.503 6071
1703404080.790 6071
1703404081.059 6071
1703404081.340 6071
1703404081.621 6071
1703404081.890 6071
1703404082.174 6071
1703404082.450 6071
1703404082.727 6071
1703404083.012 6071
1703404083.298 6071
1703404083.582 6071
1703404083.857 6071
1703404084.139 6071
1703404084.424 6072
1703404084.699 6072
1703404084.980 6072
1703404085.261 6072
1703404085.548 6072
1703404085.826 6073
1703404086.115 6074
1703404086.400 6074
1703404086.709 6074
1703404087.012 6078
1703404087.296 6078
1703404087.586 6078
1703404087.880 6078
1703404088.164 6078
1703404088.441 6078
1703404088.728 6078
1703404089.063 6078
1703404089.362 6078
1703404089.652 6079
1703404089.954 6081
1703404090.244 6105
1703404090.533 6127
1703404090.826 6183
1703404091.126 6194
1703404091.400 6212
1703404091.680 6213
1703404091.988 6214
1703404092.332 6216
1703404092.608 6220
1703404092.906 6226
1703404093.178 6239
1703404093.462 6240
1703404093.746 6250
1703404094.024 6263
1703404094.351 6274
1703404094.639 6275
1703404094.950 6277
1703404095.274 6278
1703404095.580 6283
1703404095.868 6285
1703404096.149 6293
1703404096.430 6307
1703404096.740 6330
1703404097.028 6346
1703404097.323 6364
1703404097.663 6374
1703404097.920 6394
1703404098.210 6403
1703404098.558 6406
1703404098.878 6419
1703404099.163 6423
1703404099.465 6442
1703404099.749 6445
1703404100.031 6461
1703404100.317 6464
1703404100.591 6465
1703404100.888 6465
1703404101.185 6466
1703404101.447 6466
1703404101.734 6466
1703404101.998 6466
1703404102.317 6466
1703404102.598 6466
1703404102.886 6466
1703404103.177 6466
1703404103.480 6466
1703404103.762 6466
1703404104.054 6466
1703404104.335 6466
1703404104.633 6466
1703404104.970 6478
1703404105.311 6480
1703404105.602 6489
1703404105.882 6500
1703404106.168 6506
1703404106.453 6510
1703404106.765 6510
1703404107.063 6512
1703404107.406 6513
1703404107.710 6514
1703404107.987 6514
1703404108.275 6518
1703404108.553 6518
1703404108.838 6525
1703404109.132 6529
1703404109.409 6531
1703404109.702 6533
1703404110.007 6535
1703404110.307 6535
1703404110.593 6535
1703404110.888 6535
1703404111.182 6535
1703404111.504 6536
1703404111.785 6542
1703404112.089 6560
1703404112.387 6567
1703404112.687 6626
1703404112.949 6631
1703404113.246 6641
1703404113.544 6646
1703404113.831 6646
1703404114.122 6647
1703404114.408 6649
1703404114.693 6649
1703404114.980 6650
1703404115.286 6650
1703404115.592 6657
1703404115.883 6658
1703404116.188 6658
1703404116.478 6658
1703404116.776 6658
1703404117.069 6658
1703404117.354 6658
1703404117.655 6659
1703404117.931 6660
1703404118.210 6660
1703404118.522 6660
1703404118.832 6663
1703404119.111 6681
1703404119.467 6687
1703404119.764 6693
1703404120.057 6700
1703404120.339 6708
1703404120.624 6716
1703404120.924 6719
1703404121.207 6724
1703404121.498 6729
1703404121.797 6729
1703404122.076 6730
1703404122.347 6730
1703404122.646 6743
1703404122.959 6743
1703404123.263 6743
1703404123.571 6745
1703404123.869 6745
1703404124.164 6745
1703404124.446 6746
1703404124.736 6746
1703404125.025 6747
1703404125.312 6748
1703404125.596 6753
1703404125.882 6765
1703404126.181 6773
1703404126.461 6776
1703404126.766 6777
1703404127.034 6778
1703404127.343 6778
1703404127.640 6779
1703404127.912 6779
1703404128.198 6780
1703404128.479 6780
1703404128.764 6780
1703404129.059 6786
1703404129.346 6786
1703404129.654 6786
1703404129.937 6786
1703404130.220 6786
1703404130.488 6786
1703404130.783 6786
1703404131.045 6786
1703404131.337 6786
1703404131.620 6786
1703404131.892 6786
1703404132.197 6786
1703404132.483 6786
1703404132.827 6786
1703404133.113 6786
1703404133.406 6787
1703404133.754 6787
1703404134.033 6787
1703404134.321 6787
1703404134.613 6787
1703404134.905 6787
1703404135.191 6787
1703404135.483 6788
1703404135.765 6788
1703404136.046 6788
1703404136.344 6788
1703404136.667 6788
1703404136.950 6788
1703404137.216 6789
1703404137.534 6789
1703404137.834 6789
1703404138.120 6789
1703404138.400 6789
1703404138.694 6789
1703404138.973 6789
1703404139.266 6789
1703404139.536 6789
1703404139.820 6789
1703404140.108 6789
1703404140.393 6789
