1703404182.730 58
1703404183.078 159
1703404183.545 173
1703404183.859 173
1703404184.278 173
1703404184.557 173
1703404184.833 173
1703404185.100 180
1703404185.362 183
1703404185.624 184
1703404185.887 187
1703404186.152 194
1703404186.413 196
1703404186.686 204
1703404186.956 218
1703404187.233 253
1703404187.505 294
1703404187.771 305
1703404188.038 318
1703404188.303 342
1703404188.582 370
1703404188.847 378
1703404189.125 390
1703404189.397 443
1703404189.660 492
1703404189.930 545
1703404190.213 617
1703404190.480 669
1703404190.754 686
1703404191.024 704
1703404191.292 721
1703404191.565 734
1703404191.835 751
1703404192.101 770
1703404192.365 798
1703404192.631 802
1703404192.900 811
1703404193.175 815
1703404193.452 816
1703404193.768 817
1703404194.075 897
1703404194.354 920
1703404194.641 936
1703404194.910 945
1703404195.199 964
1703404195.481 1007
1703404195.799 1081
1703404196.072 1138
1703404196.391 1218
1703404196.685 1250
1703404196.978 1255
1703404197.313 1255
1703404197.602 1256
1703404197.888 1256
1703404198.184 1257
1703404198.470 1257
1703404198.772 1260
1703404199.083 1260
1703404199.400 1260
1703404199.696 1260
1703404199.991 1260
1703404200.295 1265
1703404200.581 1272
1703404200.862 1284
1703404201.154 1298
1703404201.437 1306
1703404201.757 1320
1703404202.037 1341
1703404202.317 1346
1703404202.615 1348
1703404202.885 1348
1703404203.167 1348
1703404203.444 1349
1703404203.756 1353
1703404204.018 1359
1703404204.300 1372
1703404204.615 1393
1703404204.908 1421
1703404205.227 1455
1703404205.489 1474
1703404205.761 1485
1703404206.057 1494
1703404206.340 1527
1703404206.601 1550
1703404206.896 1585
1703404207.159 1662
1703404207.450 1669
1703404207.723 1678
1703404208.010 1678
1703404208.323 1683
1703404208.608 1689
1703404208.910 1704
1703404209.209 1708
1703404209.500 1731
1703404209.789 1742
1703404210.081 1749
1703404210.356 1749
1703404210.637 1749
1703404210.977 1755
1703404211.246 1757
1703404211.545 1758
1703404211.847 1764
1703404212.121 1777
1703404212.406 1794
1703404212.691 1806
1703404212.969 1820
1703404213.252 1847
1703404213.541 1914
1703404213.808 1936
1703404214.098 1973
1703404214.362 1985
1703404214.639 1994
1703404214.919 2034
1703404215.202 2080
1703404215.521 2094
1703404215.781 2098
1703404216.062 2104
1703404216.349 2104
1703404216.637 2105
1703404216.888 2106
1703404217.165 2106
1703404217.470 2106
1703404217.746 2106
1703404218.025 2106
1703404218.319 2106
1703404218.611 2106
1703404218.893 2106
1703404219.191 2109
1703404219.461 2109
1703404219.748 2110
1703404220.051 2113
1703404220.325 2114
1703404220.618 2126
1703404220.906 2163
1703404221.231 2189
1703404221.539 2225
1703404221.826 2253
1703404222.117 2279
1703404222.419 2318
1703404222.726 2347
1703404223.009 2363
1703404223.320 2377
1703404223.588 2389
1703404223.884 2402
1703404224.208 2420
1703404224.497 2438
1703404224.788 2460
1703404225.076 2480
1703404225.364 2491
1703404225.676 2510
1703404225.942 2520
1703404226.292 2531
1703404226.564 2537
1703404226.876 2540
1703404227.169 2540
1703404227.461 2540
1703404227.764 2544
1703404228.059 2544
1703404228.345 2544
1703404228.634 2544
1703404228.923 2544
1703404229.211 2544
1703404229.509 2547
1703404230.844 2566
1703404231.132 2570
1703404231.418 2573
1703404231.702 2573
1703404232.000 2575
1703404232.306 2576
1703404232.594 2576
1703404232.902 2579
1703404233.211 2582
1703404233.485 2584
1703404233.782 2586
1703404234.066 2586
1703404234.397 2596
1703404234.693 2599
1703404234.990 2603
1703404235.286 2606
1703404235.582 2614
1703404235.867 2618
1703404236.164 2624
1703404236.455 2635
1703404236.738 2644
1703404237.032 2658
1703404237.333 2673
1703404237.623 2687
1703404237.927 2704
1703404238.215 2713
1703404238.502 2720
1703404238.807 2728
1703404239.096 2742
1703404239.400 2766
1703404239.674 2785
1703404239.960 2798
1703404240.237 2810
1703404240.527 2822
1703404240.812 2827
1703404241.100 2828
1703404241.386 2828
1703404241.691 2832
1703404241.978 2832
1703404242.269 2832
1703404242.558 2833
1703404242.854 2833
1703404243.109 2833
1703404243.402 2833
1703404243.725 2833
1703404244.016 2833
1703404244.322 2833
1703404244.617 2833
1703404244.916 2833
1703404245.249 2833
1703404245.610 2833
1703404245.899 2833
1703404246.196 2836
1703404246.560 2836
1703404246.830 2836
1703404247.119 2836
1703404247.457 2836
1703404247.760 2836
1703404248.073 2836
1703404248.358 2836
1703404248.653 2836
1703404248.953 2836
1703404249.243 2836
1703404249.533 2836
1703404249.818 2836
1703404250.106 2836
1703404250.388 2836
1703404250.691 2836
1703404250.991 2836
1703404251.284 2836
1703404251.583 2836
1703404251.931 2836
1703404252.224 2836
1703404252.517 2838
1703404252.804 2838
1703404253.107 2839
1703404253.394 2839
1703404253.684 2839
1703404253.971 2842
1703404254.261 2851
1703404254.540 2853
1703404254.823 2854
1703404255.126 2857
1703404255.398 2865
1703404255.686 2872
1703404255.989 2891
1703404256.288 2915
1703404256.563 2931
1703404256.862 2969
1703404257.174 2994
1703404257.478 3044
1703404257.770 3191
1703404258.050 3229
1703404258.339 3269
1703404258.623 3298
1703404258.911 3329
1703404259.214 3338
1703404259.499 3347
1703404259.783 3363
1703404260.117 3365
1703404260.408 3371
1703404260.695 3374
1703404260.993 3377
1703404261.270 3378
1703404261.579 3381
1703404261.884 3396
1703404262.176 3409
1703404262.468 3418
1703404262.798 3425
1703404263.138 3427
1703404263.423 3430
1703404263.769 3431
1703404264.116 3432
1703404264.410 3433
1703404264.706 3433
1703404265.043 3433
1703404265.397 3433
1703404265.712 3433
1703404266.007 3433
1703404266.292 3433
1703404266.575 3433
1703404266.844 3434
1703404267.119 3437
1703404267.400 3437
1703404267.678 3437
1703404267.953 3437
1703404268.224 3437
1703404268.527 3437
1703404268.823 3442
1703404269.093 3446
1703404269.372 3452
1703404269.693 3468
1703404269.969 3474
1703404270.253 3486
1703404270.571 3507
1703404270.910 3529
1703404271.209 3551
1703404271.486 3581
1703404271.772 3608
1703404272.049 3635
1703404272.327 3646
1703404272.614 3669
1703404272.893 3696
1703404273.194 3715
1703404273.478 3732
1703404273.769 3749
1703404274.060 3752
1703404274.346 3752
1703404274.632 3754
1703404274.940 3755
1703404275.214 3760
1703404275.517 3761
1703404275.803 3763
1703404276.075 3765
1703404276.370 3765
1703404276.660 3769
1703404276.944 3770
1703404277.249 3770
1703404277.524 3770
1703404277.827 3772
1703404278.133 3774
1703404278.439 3774
1703404278.728 3780
1703404279.014 3782
1703404279.307 3797
1703404279.595 3815
1703404279.904 3836
1703404280.199 3883
1703404280.477 3935
1703404280.777 3951
1703404281.064 3981
1703404281.354 3998
1703404281.649 4005
1703404281.950 4010
1703404282.233 4016
1703404282.524 4017
1703404282.814 4018
1703404283.110 4021
1703404283.405 4021
1703404283.687 4024
1703404283.981 4024
1703404284.292 4024
1703404284.589 4024
1703404284.878 4026
1703404285.169 4030
1703404285.451 4030
1703404285.749 4036
1703404286.046 4036
1703404286.307 4036
1703404286.583 4043
1703404286.863 4043
1703404287.151 4043
1703404287.440 4043
1703404287.734 4043
1703404288.037 4043
1703404288.312 4043
1703404288.601 4043
1703404288.903 4043
1703404289.184 4043
1703404289.478 4043
1703404289.792 4043
1703404290.083 4043
1703404290.373 4046
1703404290.681 4052
1703404291.021 4069
1703404291.312 4085
1703404291.599 4106
1703404291.912 4110
1703404292.197 4112
1703404292.488 4112
1703404292.799 4115
1703404293.088 4124
1703404293.384 4136
1703404293.694 4141
1703404293.980 4147
1703404294.261 4152
1703404294.549 4152
1703404294.858 4153
1703404295.153 4153
1703404295.482 4153
1703404295.781 4159
1703404296.070 4160
1703404296.361 4160
1703404296.642 4160
1703404296.901 4160
1703404297.180 4160
1703404297.465 4160
1703404297.783 4160
1703404298.053 4160
1703404298.333 4160
1703404298.629 4160
1703404298.914 4160
1703404299.218 4160
1703404299.517 4160
1703404299.804 4168
1703404300.133 4182
1703404300.435 4201
1703404300.763 4236
1703404301.042 4272
1703404301.320 4293
1703404301.604 4310
1703404301.898 4318
1703404302.190 4318
1703404302.470 4318
1703404302.769 4318
1703404303.095 4318
1703404303.395 4318
1703404303.670 4318
1703404303.972 4318
1703404304.242 4318
1703404304.552 4318
1703404304.846 4318
1703404305.136 4318
1703404305.443 4318
1703404305.713 4318
1703404306.005 4318
1703404306.287 4318
1703404306.571 4318
1703404306.854 4318
1703404307.137 4318
1703404307.404 4318
1703404307.675 4318
1703404307.945 4320
1703404308.215 4324
1703404308.493 4330
1703404308.790 4335
1703404309.080 4336
1703404309.375 4346
1703404309.673 4362
1703404309.934 4374
1703404310.210 4374
1703404310.502 4381
1703404310.789 4385
1703404311.076 4386
1703404311.367 4386
1703404311.711 4386
1703404312.061 4386
1703404312.333 4386
1703404312.660 4386
1703404312.941 4386
1703404313.253 4386
1703404313.527 4386
1703404313.793 4386
1703404314.077 4386
1703404314.337 4386
1703404314.624 4386
1703404314.893 4386
1703404315.174 4386
1703404315.464 4386
1703404315.753 4386
1703404316.039 4386
1703404316.336 4386
1703404316.600 4386
1703404316.936 4386
1703404317.208 4386
1703404317.516 4386
1703404317.845 4386
1703404318.123 4386
1703404318.390 4386
1703404318.683 4386
1703404318.976 4386
1703404319.259 4386
1703404319.541 4386
1703404319.825 4386
1703404320.106 4386
1703404320.404 4387
1703404320.769 4387
1703404321.099 4387
1703404321.388 4387
1703404321.668 4387
1703404321.975 4387
1703404322.244 4387
1703404322.546 4387
1703404322.836 4387
1703404323.109 4387
1703404323.390 4387
1703404323.701 4387
1703404323.986 4388
1703404324.299 4405
1703404324.583 4424
1703404324.865 4431
1703404325.150 4433
1703404325.438 4435
1703404325.743 4435
1703404326.053 4435
1703404326.339 4439
1703404326.645 4456
1703404326.940 4494
1703404327.238 4516
1703404327.517 4524
1703404327.801 4529
1703404328.079 4531
1703404328.370 4555
1703404328.652 4574
1703404328.941 4590
1703404329.230 4598
1703404329.519 4598
1703404329.805 4599
1703404330.088 4604
1703404330.411 4620
1703404330.703 4624
1703404330.982 4631
1703404331.298 4632
1703404331.589 4638
1703404331.898 4641
1703404332.180 4641
1703404332.444 4643
1703404332.768 4643
1703404333.058 4644
1703404333.343 4652
1703404333.650 4657
1703404333.970 4663
1703404334.261 4668
1703404334.548 4680
1703404334.837 4691
1703404335.145 4715
1703404335.434 4722
1703404335.758 4725
1703404336.040 4742
1703404336.331 4742
1703404336.630 4742
1703404336.888 4742
1703404337.224 4742
1703404337.496 4742
1703404337.786 4742
1703404338.066 4742
1703404338.363 4742
1703404338.648 4742
1703404338.935 4746
1703404339.231 4755
1703404339.514 4757
1703404339.853 4764
1703404340.158 4775
1703404340.451 4782
1703404340.737 4789
1703404341.049 4791
1703404341.325 4791
1703404341.654 4793
1703404341.929 4793
1703404342.233 4793
1703404342.508 4793
1703404342.801 4793
1703404343.133 4793
1703404343.449 4793
1703404343.744 4793
1703404344.046 4793
1703404344.353 4793
1703404344.656 4794
1703404344.968 4794
1703404345.262 4794
1703404345.559 4794
1703404345.850 4798
1703404346.140 4798
1703404346.425 4798
1703404346.741 4798
1703404347.076 4798
1703404347.363 4798
1703404347.676 4798
1703404347.983 4798
1703404348.273 4798
1703404348.573 4798
1703404348.848 4798
1703404349.137 4798
1703404349.421 4798
1703404349.706 4798
1703404350.002 4798
1703404350.287 4798
1703404350.576 4798
1703404350.866 4798
1703404351.154 4799
1703404351.437 4799
1703404351.719 4799
1703404352.017 4799
1703404352.286 4799
1703404352.562 4800
1703404352.853 4800
1703404353.155 4800
1703404353.433 4800
1703404353.699 4801
1703404353.986 4801
1703404354.277 4801
1703404354.589 4801
1703404354.891 4801
1703404355.172 4801
1703404355.450 4801
1703404355.731 4801
1703404356.029 4801
1703404356.310 4801
1703404356.595 4801
1703404356.877 4801
1703404357.161 4801
1703404357.451 4801
1703404357.732 4801
1703404358.025 4801
1703404358.316 4801
1703404358.608 4801
1703404358.902 4801
1703404359.200 4801
1703404359.503 4801
1703404359.769 4801
1703404360.033 4801
1703404360.331 4801
1703404360.612 4803
1703404360.886 4804
1703404361.174 4805
1703404361.482 4808
1703404361.766 4815
1703404362.049 4828
1703404362.344 4838
1703404362.626 4848
1703404362.929 4862
1703404363.216 4873
1703404363.512 4888
1703404363.785 4902
1703404364.070 4913
1703404364.354 4925
1703404364.655 4934
1703404364.939 4950
1703404365.220 4955
1703404365.530 4972
1703404365.822 4975
1703404366.103 4989
1703404366.391 5003
1703404366.720 5019
1703404367.004 5019
1703404367.295 5019
1703404367.602 5019
1703404367.888 5019
1703404368.195 5019
1703404368.487 5019
1703404368.784 5019
1703404369.092 5019
1703404369.376 5019
1703404369.658 5019
1703404369.958 5019
1703404370.246 5019
1703404370.542 5022
1703404370.813 5028
1703404371.099 5042
1703404371.394 5052
1703404371.691 5143
1703404371.975 5186
1703404372.255 5203
1703404372.533 5220
1703404372.818 5241
1703404373.106 5253
1703404373.388 5273
1703404373.676 5302
1703404373.978 5334
1703404374.281 5352
1703404374.572 5359
1703404374.891 5366
1703404375.184 5387
1703404375.473 5391
1703404375.762 5436
1703404376.037 5459
1703404376.314 5471
1703404376.594 5474
1703404376.894 5476
1703404377.180 5480
1703404377.452 5482
1703404377.765 5482
1703404378.042 5482
1703404378.318 5482
1703404378.621 5483
1703404378.892 5483
1703404379.150 5483
1703404379.415 5483
1703404379.680 5483
1703404379.936 5484
1703404380.207 5484
1703404380.478 5484
1703404380.755 5484
1703404381.041 5484
1703404381.328 5484
1703404381.633 5484
1703404381.910 5484
1703404382.209 5484
1703404382.538 5484
1703404382.827 5484
1703404383.119 5485
1703404383.420 5485
1703404383.703 5487
1703404383.980 5487
1703404384.271 5489
1703404384.579 5492
1703404384.877 5508
1703404385.169 5511
1703404385.457 5520
1703404385.743 5522
1703404386.046 5527
1703404386.334 5535
1703404386.631 5571
1703404386.926 5576
1703404387.234 5576
1703404387.520 5577
1703404387.854 5582
1703404388.147 5582
1703404388.413 5582
1703404388.698 5582
1703404388.994 5582
1703404389.280 5582
1703404389.586 5582
1703404389.856 5582
1703404390.148 5584
1703404390.441 5586
1703404390.734 5594
1703404391.006 5597
1703404391.301 5601
1703404391.595 5604
1703404391.881 5607
1703404392.162 5607
1703404392.447 5610
1703404392.745 5611
1703404393.038 5611
1703404393.326 5611
1703404393.614 5611
1703404393.890 5611
1703404394.176 5611
1703404394.468 5611
1703404394.780 5611
1703404395.082 5611
1703404395.384 5611
1703404395.646 5611
1703404395.933 5611
1703404396.218 5611
1703404396.505 5611
1703404396.794 5611
1703404397.079 5611
1703404397.358 5611
1703404397.642 5611
1703404397.936 5612
1703404398.252 5612
1703404398.587 5612
1703404398.867 5612
1703404399.188 5612
1703404399.527 5612
1703404399.817 5612
1703404400.094 5612
1703404400.372 5612
1703404400.660 5612
1703404400.930 5612
1703404401.211 5612
1703404401.476 5612
1703404401.757 5612
1703404402.055 5612
1703404402.329 5612
1703404402.608 5612
1703404402.893 5612
1703404403.173 5612
1703404403.499 5612
1703404403.765 5612
1703404404.060 5612
1703404404.349 5612
1703404404.645 5612
1703404404.945 5612
1703404405.226 5612
1703404405.503 5612
1703404405.783 5612
1703404406.068 5612
1703404406.356 5612
1703404406.637 5612
1703404406.966 5612
1703404407.262 5612
1703404407.543 5612
1703404407.814 5613
1703404408.090 5613
1703404408.417 5613
1703404408.684 5613
1703404408.964 5615
1703404409.265 5615
1703404409.553 5615
1703404409.842 5616
1703404410.123 5617
1703404410.412 5617
1703404410.704 5622
1703404410.988 5623
1703404411.300 5626
1703404411.592 5626
1703404411.892 5627
1703404412.166 5630
1703404412.452 5649
1703404412.765 5667
1703404413.053 5678
1703404413.347 5680
1703404413.695 5684
1703404413.996 5695
1703404414.288 5699
1703404414.556 5700
1703404414.854 5700
1703404415.138 5700
1703404415.389 5700
1703404415.675 5700
1703404415.957 5700
1703404416.271 5700
1703404416.554 5700
1703404416.876 5700
1703404417.172 5701
1703404417.464 5701
1703404417.735 5702
1703404417.992 5702
1703404418.273 5704
1703404418.544 5711
1703404418.820 5728
1703404419.087 5746
1703404419.353 5751
1703404419.648 5767
1703404419.928 5792
1703404420.217 5845
1703404420.497 5896
1703404420.789 5916
1703404421.083 5944
1703404421.357 5956
1703404421.641 5971
1703404421.899 5973
1703404422.177 5974
1703404422.443 5975
1703404422.760 5975
1703404423.066 5975
1703404423.349 5975
1703404423.600 5976
1703404423.891 5976
1703404424.154 5978
1703404424.429 5978
1703404424.702 5978
1703404424.988 5978
1703404425.272 5978
1703404425.572 5978
1703404425.860 5981
1703404426.147 6002
1703404426.433 6010
1703404426.719 6015
1703404427.029 6024
1703404427.317 6031
1703404427.643 6034
1703404427.994 6038
1703404428.326 6038
1703404428.651 6050
1703404428.957 6077
1703404429.243 6120
1703404429.545 6173
1703404429.857 6180
1703404430.111 6186
1703404430.411 6231
1703404430.706 6244
1703404430.975 6245
1703404431.261 6247
1703404431.554 6261
1703404431.824 6262
1703404432.099 6264
1703404432.377 6264
1703404432.683 6264
1703404432.979 6264
1703404433.288 6340
1703404433.549 6345
1703404433.828 6348
1703404434.126 6353
1703404434.453 6357
1703404434.745 6360
1703404435.034 6363
1703404435.340 6369
1703404435.609 6372
1703404435.890 6372
1703404436.190 6372
1703404436.489 6372
1703404436.845 6372
1703404437.128 6372
1703404437.418 6375
1703404437.723 6380
1703404438.010 6384
1703404438.301 6398
1703404438.601 6402
1703404438.895 6447
1703404439.177 6448
1703404439.459 6448
1703404439.751 6448
1703404440.082 6448
1703404440.376 6448
1703404440.658 6451
1703404440.951 6453
1703404441.228 6453
1703404441.522 6453
1703404441.806 6453
1703404442.084 6454
1703404442.387 6454
