1703401445.222 62
1703401445.579 175
1703401446.059 179
1703401446.446 181
1703401446.716 181
1703401446.979 181
1703401447.243 181
1703401447.503 182
1703401447.770 182
1703401448.031 182
1703401448.296 184
1703401448.574 190
1703401448.831 194
1703401449.105 208
1703401449.365 222
1703401449.639 227
1703401449.908 229
1703401450.174 266
1703401450.457 328
1703401450.717 332
1703401450.982 339
1703401451.306 373
1703401451.572 377
1703401451.860 403
1703401452.160 441
1703401452.440 446
1703401452.719 476
1703401453.002 487
1703401453.270 501
1703401453.546 530
1703401453.818 551
1703401454.084 583
1703401454.363 610
1703401454.631 629
1703401454.908 636
1703401455.191 713
1703401455.514 892
1703401455.786 941
1703401456.063 976
1703401456.341 989
1703401456.607 998
1703401456.893 1011
1703401457.175 1018
1703401457.481 1028
1703401457.790 1051
1703401458.057 1064
1703401458.341 1082
1703401458.628 1165
1703401458.927 1193
1703401459.203 1196
1703401459.525 1203
1703401459.877 1227
1703401460.162 1245
1703401460.453 1268
1703401460.756 1290
1703401461.052 1301
1703401461.325 1313
1703401461.609 1349
1703401461.896 1359
1703401462.207 1359
1703401462.497 1359
1703401462.784 1364
1703401463.079 1367
1703401463.394 1368
1703401463.668 1368
1703401463.959 1393
1703401464.245 1393
1703401464.529 1400
1703401464.847 1411
1703401465.128 1424
1703401465.414 1450
1703401465.749 1499
1703401466.052 1571
1703401466.339 1604
1703401466.654 1695
1703401467.004 1737
1703401467.284 1743
1703401467.574 1743
1703401467.935 1743
1703401468.239 1744
1703401468.575 1746
1703401468.896 1750
1703401469.175 1756
1703401469.484 1760
1703401469.796 1760
1703401470.082 1762
1703401470.382 1764
1703401470.683 1773
1703401470.964 1796
1703401471.270 1811
1703401471.558 1812
1703401471.852 1812
1703401472.136 1816
1703401472.436 1819
1703401472.738 1822
1703401473.036 1824
1703401473.308 1826
1703401473.600 1826
1703401473.901 1829
1703401474.209 1852
1703401474.479 1869
1703401474.769 1885
1703401475.065 1904
1703401475.362 1923
1703401475.621 1936
1703401475.879 1954
1703401476.151 1982
1703401476.427 2017
1703401476.718 2064
1703401476.985 2093
1703401477.261 2116
1703401477.600 2141
1703401477.880 2156
1703401478.221 2161
1703401478.521 2163
1703401478.809 2164
1703401479.100 2166
1703401479.381 2166
1703401479.683 2171
1703401479.991 2179
1703401480.278 2194
1703401480.591 2202
1703401480.890 2216
1703401481.168 2218
1703401481.475 2221
1703401481.784 2226
1703401482.070 2227
1703401482.358 2230
1703401482.663 2232
1703401482.935 2234
1703401483.244 2259
1703401483.537 2282
1703401483.824 2282
1703401484.108 2282
1703401484.404 2282
1703401484.674 2282
1703401484.992 2283
1703401485.302 2308
1703401485.572 2312
1703401485.871 2319
1703401486.147 2322
1703401486.482 2344
1703401486.785 2363
1703401487.048 2375
1703401487.339 2383
1703401487.675 2390
1703401487.964 2399
1703401488.257 2408
1703401488.534 2414
1703401488.826 2423
1703401489.123 2431
1703401489.405 2432
1703401489.689 2432
1703401489.980 2432
1703401490.268 2432
1703401490.556 2432
1703401490.861 2432
1703401491.142 2432
1703401491.441 2432
1703401491.727 2432
1703401492.014 2434
1703401492.304 2435
1703401492.616 2435
1703401492.901 2438
1703401493.207 2455
1703401493.485 2479
1703401493.780 2511
1703401494.072 2545
1703401494.365 2585
1703401494.695 2610
1703401494.987 2655
1703401495.287 2691
1703401495.591 2720
1703401495.895 2734
1703401496.193 2749
1703401496.491 2767
1703401496.777 2777
1703401497.091 2785
1703401497.393 2799
1703401497.742 2811
1703401498.028 2823
1703401498.320 2826
1703401498.632 2826
1703401498.935 2827
1703401499.232 2827
1703401499.519 2827
1703401499.808 2827
1703401500.104 2827
1703401500.388 2827
1703401500.678 2827
1703401500.968 2828
1703401501.261 2828
1703401501.549 2828
1703401501.852 2828
1703401502.135 2828
1703401502.460 2828
1703401502.771 2828
1703401503.071 2828
1703401503.390 2828
1703401503.695 2828
1703401504.016 2828
1703401504.311 2828
1703401504.607 2828
1703401504.905 2828
1703401505.211 2829
1703401505.499 2829
1703401505.791 2829
1703401506.084 2829
1703401506.386 2831
1703401506.685 2831
1703401506.972 2831
1703401507.278 2831
1703401507.569 2831
1703401507.861 2832
1703401508.147 2833
1703401508.432 2833
1703401508.724 2833
1703401509.001 2833
1703401509.321 2833
1703401509.619 2838
1703401509.913 2843
1703401510.220 2846
1703401510.519 2851
1703401510.843 2856
1703401511.138 2866
1703401511.430 2882
1703401511.714 2893
1703401512.036 2903
1703401512.328 2920
1703401512.619 2937
1703401512.934 2948
1703401513.228 2954
1703401513.522 2957
1703401513.818 2967
1703401514.161 2977
1703401514.458 2993
1703401514.746 3013
1703401515.035 3043
1703401515.321 3056
1703401515.596 3061
1703401515.888 3068
1703401516.171 3075
1703401516.460 3081
1703401516.754 3081
1703401517.108 3082
1703401517.406 3085
1703401517.700 3085
1703401517.968 3085
1703401518.275 3085
1703401518.656 3085
1703401518.960 3085
1703401519.249 3085
1703401519.561 3085
1703401519.889 3085
1703401520.179 3085
1703401520.482 3085
1703401520.838 3085
1703401521.108 3085
1703401521.389 3085
1703401521.682 3085
1703401521.991 3085
1703401522.291 3085
1703401522.581 3085
1703401522.866 3085
1703401523.188 3085
1703401523.484 3086
1703401523.775 3088
1703401524.042 3088
1703401524.321 3091
1703401524.604 3100
1703401524.888 3107
1703401525.211 3126
1703401525.542 3145
1703401525.833 3166
1703401526.142 3193
1703401526.448 3214
1703401526.733 3239
1703401527.032 3260
1703401527.327 3287
1703401527.639 3310
1703401527.946 3341
1703401528.328 3365
1703401528.633 3371
1703401528.938 3374
1703401529.224 3378
1703401529.500 3387
1703401529.780 3407
1703401530.064 3473
1703401530.350 3520
1703401530.635 3540
1703401530.918 3561
1703401531.202 3577
1703401531.479 3587
1703401531.767 3607
1703401532.066 3607
1703401532.365 3626
1703401532.695 3637
1703401532.966 3638
1703401533.266 3644
1703401533.572 3682
1703401533.885 3727
1703401534.175 3741
1703401534.495 3744
1703401534.787 3749
1703401535.082 3755
1703401535.387 3755
1703401535.678 3755
1703401535.968 3755
1703401536.251 3755
1703401536.541 3755
1703401536.838 3755
1703401537.131 3755
1703401537.424 3755
1703401537.709 3755
1703401538.033 3756
1703401538.372 3759
1703401538.685 3768
1703401538.996 3784
1703401539.311 3813
1703401539.601 3830
1703401539.906 3843
1703401540.238 3853
1703401540.529 3866
1703401540.820 3878
1703401541.116 3889
1703401541.406 3898
1703401541.690 3905
1703401541.989 3912
1703401542.307 3914
1703401542.632 3914
1703401542.918 3919
1703401543.208 3932
1703401543.504 3935
1703401543.791 3939
1703401544.098 3950
1703401544.401 3956
1703401544.694 3962
1703401544.981 3965
1703401545.267 3967
1703401545.567 3967
1703401545.862 3972
1703401546.170 3973
1703401546.462 3975
1703401546.769 3977
1703401547.060 3980
1703401547.347 3984
1703401547.667 3984
1703401547.958 3985
1703401548.240 3985
1703401548.533 3988
1703401548.858 3988
1703401549.130 3988
1703401549.425 3988
1703401549.722 3988
1703401550.006 3988
1703401550.292 3988
1703401550.599 3989
1703401550.875 3989
1703401551.166 3990
1703401551.447 3990
1703401551.757 3992
1703401552.046 3992
1703401552.350 3992
1703401552.652 3992
1703401552.950 3992
1703401553.239 3994
1703401553.542 4007
1703401553.837 4014
1703401554.136 4024
1703401554.412 4028
1703401554.689 4031
1703401554.980 4037
1703401555.267 4041
1703401555.552 4041
1703401555.833 4041
1703401556.118 4041
1703401556.442 4041
1703401556.742 4041
1703401557.035 4041
1703401557.330 4041
1703401557.631 4041
1703401557.974 4041
1703401558.255 4041
1703401558.565 4041
1703401558.840 4041
1703401559.140 4042
1703401559.472 4044
1703401559.741 4045
1703401560.038 4048
1703401560.334 4050
1703401560.621 4054
1703401560.910 4054
1703401561.199 4054
1703401561.508 4054
1703401561.782 4054
1703401562.076 4055
1703401562.364 4055
1703401562.725 4055
1703401563.005 4062
1703401563.284 4067
1703401563.560 4067
1703401563.843 4067
1703401564.153 4067
1703401564.424 4067
1703401564.722 4067
1703401565.010 4067
1703401565.308 4067
1703401565.601 4067
1703401565.901 4067
1703401566.192 4067
1703401566.482 4067
1703401566.767 4067
1703401567.055 4067
1703401567.353 4067
1703401567.701 4067
1703401567.982 4067
1703401568.254 4067
1703401568.531 4067
1703401568.852 4067
1703401569.128 4067
1703401569.407 4067
1703401569.689 4067
1703401569.976 4067
1703401570.281 4070
1703401570.577 4070
1703401570.884 4070
1703401571.177 4070
1703401571.455 4070
1703401571.743 4070
1703401572.017 4070
1703401572.287 4070
1703401572.572 4070
1703401572.848 4070
1703401573.119 4070
1703401573.386 4070
1703401573.667 4070
1703401573.943 4070
1703401574.222 4070
1703401574.509 4073
1703401574.824 4079
1703401575.152 4099
1703401575.464 4137
1703401575.754 4207
1703401576.048 4243
1703401576.333 4258
1703401576.615 4264
1703401576.910 4264
1703401577.212 4271
1703401577.516 4280
1703401577.806 4284
1703401578.097 4348
1703401578.395 4391
1703401578.702 4413
1703401578.983 4438
1703401579.275 4468
1703401579.579 4502
1703401579.930 4566
1703401580.219 4615
1703401580.507 4619
1703401580.817 4621
1703401581.117 4627
1703401581.417 4640
1703401581.684 4657
1703401581.973 4674
1703401582.263 4676
1703401582.562 4680
1703401582.831 4682
1703401583.107 4688
1703401583.372 4688
1703401583.650 4688
1703401583.933 4693
1703401584.198 4693
1703401584.479 4698
1703401584.765 4699
1703401585.039 4699
1703401585.337 4701
1703401585.679 4706
1703401585.966 4722
1703401586.246 4751
1703401586.534 4771
1703401586.845 4778
1703401587.141 4786
1703401587.440 4819
1703401587.734 4820
1703401588.011 4824
1703401588.280 4830
1703401588.562 4842
1703401588.865 4866
1703401589.146 4884
1703401589.433 4895
1703401589.734 4903
1703401590.027 4933
1703401590.318 4944
1703401590.614 4946
1703401590.912 4947
1703401591.221 4948
1703401591.540 4948
1703401591.849 4948
1703401592.141 4948
1703401592.445 4948
1703401592.741 4948
1703401593.026 4948
1703401593.314 4948
1703401593.603 4949
1703401593.880 4949
1703401594.172 4949
1703401594.470 4949
1703401594.755 4949
1703401595.044 4949
1703401595.364 4949
1703401595.656 4949
1703401595.958 4949
1703401596.256 4949
1703401596.544 4949
1703401596.831 4949
1703401597.110 4953
1703401597.413 4953
1703401597.694 4953
1703401597.966 4953
1703401598.252 4953
1703401598.562 4953
1703401598.864 4954
1703401599.156 4954
1703401599.448 4954
1703401599.737 4954
1703401600.023 4955
1703401600.324 4955
1703401600.603 4955
1703401600.893 4955
1703401601.180 4955
1703401601.475 4955
1703401601.792 4955
1703401602.155 4955
1703401602.501 4955
1703401602.810 4955
1703401603.102 4955
1703401603.385 4955
1703401603.679 4955
1703401603.971 4955
1703401604.268 4955
1703401604.545 4955
1703401604.823 4955
1703401605.107 4955
1703401605.408 4955
1703401605.705 4955
1703401605.999 4955
1703401606.298 4955
1703401606.600 4955
1703401606.887 4955
1703401607.169 4955
1703401607.472 4955
1703401607.764 4955
1703401608.075 4955
1703401608.376 4955
1703401608.662 4957
1703401608.947 4957
1703401609.225 4957
1703401609.501 4957
1703401609.804 4957
1703401610.105 4958
1703401610.382 4958
1703401610.677 4958
1703401610.964 4959
1703401611.264 4961
1703401611.563 4963
1703401611.865 4975
1703401612.192 4991
1703401612.478 4997
1703401612.773 4998
1703401613.088 5003
1703401613.379 5020
1703401613.669 5043
1703401613.999 5059
1703401614.282 5062
1703401614.578 5066
1703401614.847 5066
1703401615.130 5067
1703401615.425 5067
1703401615.708 5067
1703401615.999 5067
1703401616.287 5067
1703401616.577 5067
1703401616.872 5067
1703401617.167 5067
1703401617.458 5067
1703401617.753 5067
1703401618.078 5067
1703401618.369 5067
1703401618.668 5067
1703401618.955 5067
1703401619.255 5067
1703401619.551 5067
1703401619.845 5067
1703401620.133 5067
1703401620.404 5067
1703401620.692 5067
1703401620.982 5067
1703401621.272 5067
1703401621.559 5067
1703401621.857 5067
1703401622.135 5067
1703401622.414 5069
1703401622.693 5069
1703401622.965 5069
1703401623.238 5069
1703401623.527 5071
1703401623.799 5074
1703401624.087 5074
1703401624.356 5074
1703401624.643 5075
1703401624.933 5076
1703401625.220 5076
1703401625.512 5076
1703401625.800 5076
1703401626.090 5076
1703401626.414 5076
1703401626.703 5076
1703401627.009 5077
1703401627.304 5077
1703401627.600 5077
1703401627.907 5077
1703401628.209 5079
1703401628.476 5079
1703401628.763 5079
1703401629.045 5079
1703401629.331 5079
1703401629.612 5079
1703401629.877 5080
1703401630.169 5081
1703401630.465 5082
1703401630.740 5085
1703401631.033 5085
1703401631.348 5085
1703401631.629 5085
1703401631.942 5087
1703401632.222 5089
1703401632.512 5089
1703401632.787 5089
1703401633.062 5089
1703401633.328 5090
1703401633.597 5090
1703401633.865 5096
1703401634.136 5096
1703401634.414 5098
1703401634.700 5098
1703401634.966 5098
1703401635.254 5098
1703401635.534 5098
1703401635.817 5098
1703401636.102 5098
1703401636.381 5098
1703401636.663 5100
1703401636.945 5110
1703401637.223 5112
1703401637.507 5130
1703401637.792 5134
1703401638.078 5145
1703401638.374 5152
1703401638.679 5166
1703401638.944 5209
1703401639.242 5288
1703401639.551 5330
1703401639.807 5357
1703401640.097 5452
1703401640.363 5495
1703401640.679 5581
1703401640.975 5593
1703401641.265 5600
1703401641.557 5617
1703401641.844 5630
1703401642.124 5636
1703401642.432 5655
1703401642.798 5668
1703401643.121 5674
1703401643.409 5683
1703401643.724 5688
1703401644.101 5690
1703401644.376 5690
1703401644.663 5692
1703401645.005 5692
1703401645.289 5692
1703401645.636 5692
1703401645.946 5693
1703401646.235 5693
1703401646.538 5693
1703401646.877 5693
1703401647.161 5693
1703401647.452 5696
1703401647.750 5696
1703401648.030 5696
1703401648.310 5696
1703401648.600 5696
1703401648.889 5696
1703401649.182 5696
1703401649.468 5696
1703401649.755 5696
1703401650.052 5696
1703401650.334 5696
1703401650.624 5697
1703401650.921 5702
1703401651.206 5702
1703401651.490 5705
1703401651.773 5706
1703401652.056 5718
1703401652.337 5728
1703401652.630 5736
1703401652.910 5739
1703401653.212 5750
1703401653.525 5756
1703401653.848 5766
1703401654.135 5766
1703401654.440 5766
1703401654.738 5766
1703401655.031 5767
1703401655.315 5768
1703401655.597 5768
1703401655.886 5769
1703401656.178 5770
1703401656.497 5772
1703401656.795 5773
1703401657.101 5774
1703401657.375 5775
1703401657.663 5777
1703401657.956 5778
1703401658.247 5782
1703401658.538 5784
1703401658.823 5788
1703401659.110 5789
1703401659.414 5791
1703401659.677 5794
1703401659.982 5796
1703401660.277 5796
1703401660.566 5796
1703401660.854 5797
1703401661.140 5797
1703401661.437 5797
1703401661.713 5797
1703401662.000 5797
1703401662.294 5797
1703401662.579 5798
1703401662.868 5798
1703401663.156 5805
1703401663.444 5817
1703401663.720 5818
1703401664.010 5818
1703401664.300 5818
1703401664.619 5823
1703401664.913 5824
1703401665.194 5825
1703401665.505 5827
1703401665.786 5827
1703401666.108 5827
1703401666.390 5827
1703401666.671 5827
1703401666.941 5827
1703401667.210 5827
1703401667.475 5827
1703401667.778 5827
1703401668.062 5827
1703401668.390 5827
1703401668.704 5843
1703401668.986 5843
1703401669.287 5843
1703401669.597 5843
1703401669.859 5843
1703401670.145 5843
1703401670.432 5843
1703401670.747 5843
1703401671.041 5843
1703401671.297 5843
1703401671.560 5844
1703401671.826 5844
1703401672.109 5844
1703401672.369 5844
1703401672.657 5844
1703401672.933 5844
1703401673.193 5844
1703401673.456 5845
1703401673.756 5845
1703401674.079 5846
1703401674.389 5846
1703401674.655 5846
1703401674.944 5846
1703401675.243 5846
1703401675.540 5846
1703401675.817 5846
1703401676.097 5846
1703401676.376 5846
1703401676.706 5846
1703401676.995 5850
1703401677.298 5861
1703401677.565 5922
1703401677.853 5950
1703401678.159 5965
1703401678.491 5985
1703401678.804 6002
1703401679.106 6022
1703401679.390 6045
1703401679.681 6063
1703401679.983 6078
1703401680.252 6087
1703401680.545 6112
1703401680.884 6135
1703401681.172 6156
1703401681.457 6162
1703401681.755 6163
1703401682.037 6164
1703401682.328 6166
1703401682.622 6169
1703401682.921 6201
1703401683.190 6201
1703401683.494 6201
1703401683.773 6201
1703401684.070 6201
1703401684.334 6201
1703401684.618 6207
1703401684.903 6208
1703401685.199 6215
1703401685.521 6222
1703401685.809 6256
1703401686.100 6264
1703401686.389 6269
1703401686.681 6276
1703401687.002 6292
1703401687.299 6292
1703401687.590 6292
1703401687.874 6292
1703401688.153 6292
1703401688.447 6292
1703401688.731 6292
1703401689.019 6292
1703401689.319 6292
1703401689.582 6292
1703401689.870 6292
1703401690.151 6292
1703401690.440 6292
1703401690.730 6292
1703401691.032 6292
1703401691.350 6292
1703401691.685 6292
1703401691.969 6292
1703401692.252 6292
1703401692.543 6294
1703401692.825 6294
1703401693.131 6294
1703401693.455 6294
1703401693.757 6294
1703401694.052 6301
1703401694.344 6321
1703401694.627 6334
1703401694.918 6338
1703401695.202 6341
1703401695.504 6346
1703401695.856 6357
1703401696.175 6357
1703401696.470 6362
1703401696.742 6362
1703401697.023 6362
1703401697.305 6362
1703401697.602 6362
1703401697.891 6362
1703401698.200 6362
1703401698.486 6362
1703401698.774 6362
1703401699.094 6362
1703401699.373 6362
1703401699.668 6362
1703401699.954 6362
1703401700.236 6362
1703401700.529 6362
1703401700.805 6362
1703401701.099 6362
1703401701.391 6362
1703401701.663 6362
1703401701.945 6365
1703401702.223 6365
1703401702.498 6365
1703401702.783 6365
1703401703.080 6365
1703401703.376 6369
1703401703.687 6383
1703401703.985 6410
1703401704.288 6424
1703401704.574 6441
1703401704.901 6516
1703401705.189 6550
1703401705.507 6617
1703401705.772 6633
1703401706.060 6660
1703401706.358 6666
1703401706.627 6669
1703401706.938 6669
1703401707.242 6669
1703401707.544 6669
1703401707.825 6674
1703401708.120 6677
1703401708.392 6680
1703401708.658 6694
1703401708.938 6704
1703401709.210 6706
1703401709.477 6708
1703401709.812 6708
1703401710.079 6708
1703401710.352 6708
1703401710.616 6708
1703401710.885 6709
1703401711.177 6709
1703401711.500 6710
1703401711.790 6710
1703401712.077 6713
1703401712.382 6713
1703401712.681 6713
1703401712.944 6713
1703401713.219 6713
1703401713.495 6713
1703401713.765 6713
1703401714.038 6713
1703401714.310 6713
1703401714.593 6713
1703401714.896 6713
1703401715.151 6713
1703401715.426 6713
1703401715.707 6713
1703401716.004 6713
1703401716.285 6713
1703401716.581 6713
1703401716.854 6713
1703401717.147 6713
1703401717.469 6746
1703401717.749 6746
1703401718.028 6746
1703401718.317 6746
1703401718.616 6746
1703401718.873 6746
1703401719.158 6746
1703401719.436 6746
1703401719.714 6746
1703401720.003 6746
1703401720.288 6746
1703401720.605 6746
1703401720.895 6746
1703401721.183 6746
1703401721.455 6746
1703401721.753 6746
1703401722.042 6746
1703401722.320 6746
1703401722.632 6746
1703401722.924 6746
1703401723.217 6746
1703401723.492 6746
