1703403139.005 58
1703403139.327 170
1703403139.769 179
1703403140.047 179
1703403140.427 179
1703403140.704 179
1703403140.977 179
1703403141.241 180
1703403141.501 182
1703403141.767 183
1703403142.029 183
1703403142.317 185
1703403142.600 194
1703403142.869 203
1703403143.138 218
1703403143.413 238
1703403143.688 291
1703403143.956 297
1703403144.232 324
1703403144.498 356
1703403144.790 369
1703403145.071 387
1703403145.350 409
1703403145.627 443
1703403145.905 495
1703403146.207 527
1703403146.478 548
1703403146.750 560
1703403147.029 591
1703403147.312 634
1703403147.583 674
1703403147.847 689
1703403148.121 703
1703403148.409 718
1703403148.693 730
1703403148.978 750
1703403149.255 803
1703403149.534 868
1703403149.809 887
1703403150.097 1043
1703403150.368 1078
1703403150.643 1101
1703403150.993 1118
1703403151.287 1128
1703403151.596 1128
1703403151.901 1145
1703403152.188 1170
1703403152.487 1187
1703403152.772 1208
1703403153.029 1234
1703403153.303 1242
1703403153.591 1243
1703403153.870 1248
1703403154.188 1254
1703403154.464 1258
1703403154.756 1265
1703403155.066 1277
1703403155.344 1286
1703403155.633 1289
1703403155.908 1289
1703403156.193 1290
1703403156.485 1296
1703403156.775 1355
1703403157.047 1356
1703403157.355 1357
1703403157.636 1359
1703403157.929 1365
1703403158.249 1389
1703403158.540 1426
1703403158.869 1461
1703403159.161 1524
1703403159.444 1573
1703403159.726 1581
1703403160.011 1595
1703403160.283 1601
1703403160.574 1604
1703403160.876 1609
1703403161.164 1615
1703403161.471 1619
1703403161.741 1621
1703403162.015 1625
1703403162.318 1626
1703403162.638 1631
1703403162.931 1632
1703403163.239 1638
1703403163.522 1638
1703403163.793 1644
1703403164.065 1652
1703403164.334 1652
1703403164.621 1653
1703403164.886 1665
1703403165.186 1681
1703403165.501 1704
1703403165.761 1719
1703403166.048 1746
1703403166.330 1785
1703403166.599 1833
1703403166.862 1882
1703403167.144 1937
1703403167.443 1946
1703403167.742 1956
1703403168.025 2023
1703403168.298 2027
1703403168.605 2063
1703403168.912 2067
1703403169.213 2067
1703403169.514 2086
1703403169.809 2088
1703403170.098 2090
1703403170.380 2093
1703403170.665 2093
1703403170.951 2108
1703403171.238 2112
1703403171.539 2125
1703403171.826 2162
1703403172.113 2204
1703403172.394 2226
1703403172.679 2235
1703403172.959 2235
1703403173.252 2235
1703403173.531 2235
1703403173.845 2235
1703403174.128 2235
1703403174.421 2235
1703403174.714 2235
1703403174.991 2235
1703403175.283 2235
1703403175.616 2235
1703403175.914 2235
1703403176.179 2235
1703403176.461 2235
1703403176.773 2236
1703403177.056 2249
1703403177.326 2251
1703403177.616 2267
1703403177.920 2289
1703403178.228 2311
1703403178.579 2345
1703403178.902 2382
1703403179.213 2409
1703403179.497 2429
1703403179.802 2445
1703403180.129 2450
1703403180.463 2450
1703403180.776 2450
1703403181.089 2450
1703403181.393 2450
1703403181.668 2450
1703403181.965 2450
1703403182.296 2450
1703403182.608 2450
1703403182.893 2450
1703403183.200 2450
1703403183.500 2450
1703403183.797 2450
1703403184.090 2450
1703403184.366 2450
1703403184.665 2450
1703403184.966 2451
1703403185.256 2452
1703403185.566 2457
1703403185.847 2466
1703403186.127 2477
1703403186.414 2490
1703403186.725 2512
1703403187.016 2532
1703403187.305 2547
1703403187.590 2557
1703403187.914 2571
1703403188.248 2584
1703403188.552 2592
1703403188.828 2601
1703403189.127 2603
1703403189.430 2603
1703403189.725 2605
1703403190.016 2605
1703403190.318 2605
1703403190.617 2605
1703403190.899 2605
1703403191.186 2605
1703403191.480 2605
1703403191.778 2605
1703403192.062 2605
1703403192.351 2605
1703403192.624 2606
1703403192.912 2607
1703403193.195 2610
1703403193.488 2610
1703403193.776 2614
1703403194.065 2624
1703403194.364 2626
1703403194.667 2643
1703403194.962 2661
1703403195.237 2675
1703403195.537 2679
1703403195.870 2689
1703403196.165 2702
1703403196.465 2707
1703403196.765 2707
1703403197.061 2716
1703403197.349 2725
1703403197.645 2732
1703403197.938 2761
1703403198.224 2777
1703403198.512 2789
1703403198.788 2797
1703403199.080 2814
1703403199.367 2817
1703403199.660 2827
1703403199.952 2847
1703403200.248 2867
1703403200.523 2873
1703403200.808 2876
1703403201.104 2891
1703403201.379 2894
1703403201.683 2895
1703403201.952 2896
1703403202.255 2900
1703403202.559 2904
1703403202.851 2908
1703403203.145 2910
1703403203.435 2911
1703403203.730 2911
1703403204.032 2911
1703403204.335 2912
1703403204.624 2912
1703403204.920 2912
1703403205.219 2913
1703403205.520 2913
1703403205.807 2914
1703403206.110 2915
1703403206.423 2923
1703403206.712 2923
1703403207.029 2923
1703403207.296 2923
1703403207.581 2923
1703403207.864 2923
1703403208.156 2923
1703403208.446 2923
1703403208.731 2923
1703403209.022 2923
1703403209.325 2923
1703403209.619 2924
1703403209.891 2926
1703403210.201 2927
1703403210.496 2927
1703403210.788 2927
1703403211.107 2950
1703403211.392 2951
1703403211.721 2970
1703403211.997 2985
1703403212.290 3005
1703403212.617 3032
1703403212.909 3078
1703403213.198 3097
1703403213.495 3106
1703403213.781 3117
1703403214.075 3125
1703403214.361 3135
1703403214.652 3143
1703403214.946 3145
1703403215.231 3149
1703403215.569 3152
1703403215.857 3153
1703403216.158 3158
1703403216.450 3158
1703403216.756 3158
1703403217.061 3158
1703403217.356 3160
1703403217.673 3160
1703403217.972 3160
1703403218.352 3160
1703403218.659 3160
1703403218.976 3160
1703403219.269 3160
1703403219.564 3160
1703403219.860 3230
1703403220.152 3230
1703403220.464 3230
1703403220.749 3230
1703403221.039 3230
1703403221.334 3230
1703403221.634 3230
1703403221.924 3230
1703403222.205 3230
1703403222.496 3230
1703403222.783 3230
1703403223.086 3230
1703403223.371 3230
1703403223.670 3230
1703403223.956 3230
1703403224.243 3230
1703403224.540 3230
1703403224.819 3230
1703403225.107 3230
1703403225.447 3230
1703403225.740 3230
1703403226.044 3230
1703403226.325 3230
1703403226.622 3230
1703403226.895 3230
1703403227.179 3231
1703403227.464 3237
1703403227.743 3240
1703403228.034 3246
1703403228.320 3259
1703403228.602 3286
1703403228.901 3334
1703403229.187 3363
1703403229.478 3393
1703403229.758 3419
1703403230.046 3424
1703403230.334 3427
1703403230.622 3427
1703403230.927 3428
1703403231.218 3428
1703403231.513 3428
1703403231.806 3430
1703403232.102 3439
1703403232.395 3439
1703403232.694 3439
1703403232.982 3439
1703403233.274 3439
1703403233.562 3443
1703403233.842 3443
1703403234.140 3443
1703403234.446 3443
1703403234.775 3443
1703403235.080 3443
1703403235.365 3443
1703403235.674 3443
1703403235.958 3443
1703403236.284 3443
1703403236.582 3443
1703403236.875 3443
1703403237.159 3443
1703403237.451 3451
1703403237.748 3456
1703403238.027 3456
1703403238.316 3457
1703403238.623 3458
1703403238.946 3459
1703403239.251 3459
1703403239.551 3459
1703403239.845 3459
1703403240.131 3459
1703403240.456 3459
1703403240.758 3468
1703403241.053 3468
1703403241.341 3472
1703403241.629 3478
1703403241.912 3489
1703403242.237 3501
1703403242.538 3538
1703403242.880 3572
1703403243.165 3590
1703403243.455 3600
1703403243.742 3603
1703403244.030 3606
1703403244.325 3606
1703403244.610 3606
1703403244.886 3606
1703403245.178 3606
1703403245.462 3606
1703403245.745 3607
1703403246.034 3608
1703403246.335 3608
1703403246.623 3608
1703403246.911 3608
1703403247.208 3610
1703403247.500 3613
1703403247.790 3614
1703403248.081 3614
1703403248.389 3614
1703403248.697 3614
1703403249.004 3617
1703403249.288 3628
1703403249.572 3632
1703403249.855 3635
1703403250.139 3639
1703403250.422 3640
1703403250.731 3640
1703403250.997 3640
1703403251.288 3640
1703403251.577 3640
1703403251.899 3640
1703403252.182 3640
1703403252.510 3640
1703403252.803 3640
1703403253.099 3640
1703403253.389 3640
1703403253.673 3640
1703403253.961 3640
1703403254.266 3640
1703403254.563 3640
1703403254.860 3640
1703403255.144 3640
1703403255.435 3640
1703403255.716 3640
1703403256.007 3640
1703403256.300 3646
1703403256.596 3666
1703403256.894 3666
1703403257.220 3668
1703403257.537 3668
1703403257.837 3675
1703403258.118 3689
1703403258.403 3702
1703403258.672 3711
1703403258.950 3727
1703403259.224 3762
1703403259.510 3780
1703403259.787 3792
1703403260.063 3815
1703403260.363 3826
1703403260.647 3836
1703403260.930 3845
1703403261.191 3850
1703403261.474 3863
1703403261.780 3868
1703403262.081 3868
1703403262.373 3868
1703403262.676 3873
1703403262.963 3885
1703403263.267 3910
1703403263.548 3954
1703403263.825 4014
1703403264.102 4047
1703403264.392 4063
1703403264.687 4085
1703403265.003 4099
1703403265.292 4113
1703403265.579 4130
1703403265.867 4173
1703403266.147 4211
1703403266.420 4214
1703403266.703 4218
1703403266.996 4252
1703403267.317 4262
1703403267.642 4293
1703403267.932 4311
1703403268.223 4319
1703403268.517 4321
1703403268.807 4322
1703403269.105 4322
1703403269.410 4322
1703403269.719 4330
1703403270.009 4350
1703403270.328 4371
1703403270.626 4371
1703403270.924 4372
1703403271.213 4373
1703403271.499 4379
1703403271.808 4388
1703403272.098 4404
1703403272.387 4414
1703403272.694 4423
1703403272.979 4426
1703403273.300 4426
1703403273.579 4428
1703403273.883 4431
1703403274.194 4434
1703403274.466 4436
1703403274.779 4441
1703403275.065 4441
1703403275.356 4445
1703403275.643 4448
1703403275.989 4464
1703403276.284 4465
1703403276.602 4467
1703403276.936 4468
1703403277.214 4470
1703403277.502 4476
1703403277.806 4477
1703403278.094 4477
1703403278.383 4477
1703403278.663 4484
1703403278.967 4484
1703403279.296 4488
1703403279.608 4524
1703403279.901 4547
1703403280.198 4569
1703403280.494 4597
1703403280.805 4629
1703403281.130 4683
1703403281.461 4707
1703403281.758 4729
1703403282.068 4748
1703403282.364 4753
1703403282.641 4754
1703403282.931 4755
1703403283.235 4756
1703403283.517 4756
1703403283.808 4758
1703403284.104 4758
1703403284.404 4758
1703403284.729 4758
1703403285.033 4758
1703403285.310 4758
1703403285.594 4758
1703403285.882 4758
1703403286.167 4758
1703403286.452 4758
1703403286.735 4758
1703403287.029 4758
1703403287.323 4758
1703403287.623 4758
1703403287.914 4759
1703403288.204 4764
1703403288.508 4764
1703403288.785 4764
1703403289.072 4764
1703403289.372 4764
1703403289.656 4768
1703403289.960 4775
1703403290.239 4777
1703403290.529 4783
1703403290.826 4797
1703403291.117 4821
1703403291.403 4839
1703403291.694 4854
1703403291.985 4868
1703403292.269 4877
1703403292.553 4890
1703403292.848 4901
1703403293.142 4905
1703403293.430 4910
1703403293.732 4911
1703403294.026 4911
1703403294.318 4928
1703403294.604 4941
1703403294.892 4952
1703403295.179 4957
1703403295.463 4962
1703403295.746 4966
1703403296.027 4967
1703403296.315 4967
1703403296.639 4967
1703403296.931 4978
1703403297.223 4997
1703403297.538 4997
1703403297.790 4997
1703403298.059 4997
1703403298.331 4998
1703403298.620 4998
1703403298.884 4998
1703403299.214 4998
1703403299.512 4998
1703403299.816 4998
1703403300.095 4998
1703403300.369 4998
1703403300.658 4998
1703403300.947 4998
1703403301.253 4998
1703403301.549 5002
1703403301.904 5002
1703403302.200 5011
1703403302.487 5016
1703403302.779 5018
1703403303.068 5018
1703403303.359 5018
1703403303.671 5018
1703403303.960 5018
1703403304.242 5018
1703403304.533 5018
1703403304.835 5018
1703403305.144 5018
1703403305.445 5018
1703403305.766 5018
1703403306.099 5018
1703403306.423 5018
1703403306.744 5018
1703403307.040 5019
1703403307.331 5019
1703403307.640 5019
1703403307.929 5019
1703403308.216 5019
1703403308.547 5019
1703403308.833 5019
1703403309.120 5019
1703403309.413 5019
1703403309.700 5019
1703403309.992 5019
1703403310.283 5019
1703403310.575 5019
1703403310.862 5019
1703403311.155 5019
1703403311.466 5019
1703403311.768 5019
1703403312.039 5019
1703403312.305 5019
1703403312.590 5019
1703403312.864 5019
1703403313.134 5022
1703403313.423 5022
1703403313.754 5022
1703403314.049 5025
1703403314.339 5025
1703403314.617 5025
1703403314.908 5025
1703403315.197 5025
1703403315.530 5025
1703403315.818 5025
1703403316.103 5025
1703403316.439 5029
1703403316.769 5050
1703403317.075 5051
1703403317.365 5054
1703403317.655 5054
1703403317.990 5056
1703403318.353 5056
1703403318.726 5060
1703403319.019 5060
1703403319.303 5060
1703403319.603 5060
1703403319.928 5060
1703403320.218 5060
1703403320.506 5060
1703403320.799 5060
1703403321.085 5060
1703403321.399 5060
1703403321.684 5060
1703403321.978 5060
1703403322.265 5060
1703403322.558 5060
1703403322.844 5060
1703403323.125 5060
1703403323.411 5060
1703403323.702 5060
1703403324.010 5062
1703403324.305 5062
1703403324.582 5063
1703403324.885 5063
1703403325.147 5063
1703403325.415 5063
1703403325.681 5064
1703403325.948 5064
1703403326.258 5064
1703403326.527 5064
1703403326.788 5064
1703403327.070 5064
1703403327.343 5064
1703403327.615 5068
1703403327.896 5068
1703403328.178 5083
1703403328.462 5083
1703403328.752 5083
1703403329.050 5083
1703403329.329 5083
1703403329.623 5083
1703403329.919 5083
1703403330.192 5083
1703403330.476 5083
1703403330.750 5084
1703403331.033 5085
1703403331.321 5085
1703403331.597 5085
1703403331.879 5085
1703403332.167 5090
1703403332.492 5092
1703403332.767 5103
1703403333.050 5115
1703403333.343 5151
1703403333.630 5211
1703403333.937 5268
1703403334.217 5328
1703403334.492 5388
1703403334.787 5441
1703403335.070 5492
1703403335.371 5529
1703403335.633 5557
1703403335.908 5575
1703403336.215 5594
1703403336.512 5621
1703403336.807 5624
1703403337.098 5626
1703403337.385 5631
1703403337.675 5643
1703403337.969 5658
1703403338.257 5662
1703403338.537 5669
1703403338.826 5687
1703403339.108 5700
1703403339.397 5716
1703403339.698 5734
1703403339.997 5739
1703403340.286 5739
1703403340.577 5739
1703403340.862 5740
1703403341.176 5740
1703403341.466 5740
1703403341.754 5741
1703403342.048 5746
1703403342.336 5747
1703403342.631 5757
1703403342.928 5757
1703403343.230 5757
1703403343.552 5757
1703403343.829 5757
1703403344.123 5757
1703403344.464 5757
1703403344.756 5757
1703403345.086 5757
1703403345.384 5757
1703403345.668 5757
1703403345.967 5766
1703403346.223 5768
1703403346.509 5768
1703403346.794 5768
1703403347.079 5768
1703403347.358 5768
1703403347.654 5768
1703403347.930 5769
1703403348.219 5770
1703403348.508 5773
1703403348.798 5816
1703403349.090 5825
1703403349.366 5832
1703403349.666 5844
1703403349.955 5846
1703403350.252 5848
1703403350.562 5850
1703403350.842 5852
1703403351.140 5858
1703403351.433 5860
1703403351.738 5869
1703403352.050 5885
1703403352.336 5894
1703403352.641 5902
1703403352.925 5910
1703403353.228 5945
1703403353.516 5971
1703403353.820 6001
1703403354.091 6011
1703403354.381 6035
1703403354.687 6052
1703403354.972 6064
1703403355.269 6064
1703403355.554 6065
1703403355.852 6070
1703403356.211 6070
1703403356.514 6070
1703403356.803 6070
1703403357.095 6071
1703403357.404 6074
1703403357.731 6093
1703403358.070 6112
1703403358.370 6135
1703403358.701 6138
1703403359.007 6138
1703403359.325 6138
1703403359.598 6138
1703403359.853 6138
1703403360.132 6138
1703403360.409 6138
1703403360.715 6138
1703403360.990 6138
1703403361.275 6138
1703403361.588 6138
1703403361.877 6145
1703403362.164 6161
1703403362.462 6179
1703403362.778 6198
1703403363.063 6199
1703403363.352 6236
1703403363.653 6236
1703403363.939 6240
1703403364.232 6249
1703403364.515 6313
1703403364.806 6313
1703403365.106 6314
1703403365.418 6315
1703403365.698 6315
1703403366.004 6315
1703403366.280 6315
1703403366.581 6315
1703403366.869 6315
1703403367.141 6317
1703403367.444 6317
1703403367.720 6327
1703403367.996 6327
1703403368.253 6327
1703403368.525 6327
1703403368.810 6327
1703403369.103 6327
1703403369.352 6327
1703403369.652 6327
1703403369.916 6327
1703403370.179 6327
1703403370.452 6327
1703403370.722 6328
1703403370.985 6336
1703403371.262 6336
1703403371.554 6337
1703403371.855 6337
1703403372.141 6337
1703403372.429 6337
1703403372.778 6343
1703403373.059 6343
1703403373.342 6352
1703403373.638 6370
1703403373.925 6386
1703403374.226 6395
1703403374.509 6397
1703403374.796 6399
1703403375.095 6418
1703403375.388 6427
1703403375.670 6435
1703403375.959 6441
1703403376.261 6444
1703403376.545 6444
1703403376.853 6444
1703403377.133 6444
1703403377.427 6444
1703403377.731 6444
1703403378.042 6450
1703403378.308 6450
1703403378.592 6450
1703403378.904 6450
1703403379.193 6450
1703403379.469 6451
1703403379.732 6451
1703403379.989 6451
1703403380.277 6452
1703403380.535 6452
1703403380.803 6452
1703403381.069 6452
1703403381.342 6452
1703403381.631 6452
1703403381.928 6452
1703403382.230 6452
1703403382.502 6452
1703403382.777 6452
1703403383.057 6452
1703403383.344 6452
1703403383.634 6452
1703403383.915 6452
1703403384.199 6452
1703403384.489 6452
1703403384.783 6452
1703403385.072 6452
1703403385.375 6452
1703403385.655 6453
1703403385.952 6453
1703403386.233 6453
1703403386.523 6453
1703403386.808 6453
1703403387.109 6459
1703403387.408 6464
1703403387.682 6472
1703403387.966 6473
1703403388.257 6474
1703403388.544 6474
1703403388.831 6484
1703403389.114 6485
1703403389.404 6497
1703403389.690 6499
1703403389.991 6499
1703403390.293 6500
1703403390.580 6501
1703403390.870 6501
1703403391.162 6516
1703403391.437 6516
1703403391.726 6518
1703403392.014 6525
1703403392.297 6526
1703403392.589 6527
1703403392.889 6529
1703403393.191 6529
1703403393.489 6553
1703403393.803 6568
1703403394.088 6571
1703403394.375 6571
1703403394.670 6571
1703403394.968 6572
1703403395.260 6575
1703403395.556 6575
1703403395.868 6578
1703403396.157 6578
1703403396.439 6578
1703403396.771 6578
1703403397.101 6579
1703403397.394 6579
1703403397.730 6580
1703403398.035 6587
1703403398.342 6630
1703403398.638 6636
1703403398.930 6636
1703403399.221 6637
1703403399.510 6646
1703403399.805 6648
1703403400.093 6648
1703403400.387 6648
1703403400.682 6648
1703403400.982 6653
1703403401.263 6653
1703403401.566 6654
1703403401.832 6654
1703403402.140 6663
1703403402.410 6667
1703403402.695 6670
1703403402.999 6678
1703403403.318 6678
1703403403.624 6687
1703403403.938 6687
1703403404.252 6687
1703403404.545 6687
1703403404.838 6687
1703403405.177 6687
1703403405.504 6689
1703403405.796 6689
1703403406.069 6689
1703403406.348 6692
1703403406.624 6692
1703403406.944 6692
1703403407.206 6692
1703403407.481 6692
1703403407.742 6692
1703403407.999 6692
1703403408.314 6692
1703403408.594 6692
1703403408.876 6692
1703403409.158 6692
1703403409.473 6692
1703403409.756 6692
1703403410.035 6692
1703403410.330 6692
1703403410.620 6692
1703403410.904 6692
1703403411.184 6692
1703403411.462 6692
1703403411.737 6692
1703403412.008 6692
1703403412.294 6692
1703403412.545 6692
1703403412.823 6692
1703403413.085 6692
1703403413.358 6692
1703403413.624 6692
1703403413.899 6692
1703403414.261 6692
1703403414.588 6692
1703403414.911 6692
1703403415.214 6692
1703403415.502 6692
1703403415.832 6692
1703403416.119 6692
1703403416.408 6692
1703403416.764 6692
1703403417.058 6693
1703403417.377 6693
1703403417.705 6693
1703403418.044 6694
1703403418.337 6694
1703403418.633 6694
1703403418.914 6694
1703403419.215 6694
1703403419.520 6694
1703403419.804 6694
1703403420.127 6694
1703403420.447 6694
1703403420.738 6694
1703403421.053 6694
1703403421.319 6694
1703403421.610 6694
1703403421.896 6694
1703403422.171 6694
1703403422.460 6694
1703403422.746 6694
1703403423.027 6694
1703403423.308 6694
1703403423.578 6694
1703403423.872 6694
1703403424.174 6695
1703403424.464 6696
1703403424.775 6697
1703403425.059 6697
1703403425.426 6697
1703403425.709 6699
1703403425.995 6699
