1703403490.458 3.158 1.743 
1703403490.459 3.158 1.743 
1703403490.559 3.195 1.769 
1703403490.660 3.239 1.860 
1703403490.760 3.288 1.987 
1703403490.860 3.319 2.097 
1703403490.960 3.361 2.205 
1703403491.060 3.417 2.309 
1703403491.160 3.464 2.368 
1703403491.260 3.502 2.388 
1703403491.360 3.525 2.399 
1703403491.460 3.596 2.444 
1703403491.560 3.707 2.511 
1703403491.661 3.794 2.571 
1703403491.761 3.826 2.599 
1703403491.861 3.867 2.619 
1703403491.960 3.939 2.653 
1703403492.061 4.027 2.690 
1703403492.161 4.076 2.728 
1703403492.262 4.072 2.764 
1703403492.361 4.062 2.789 
1703403492.462 4.089 2.799 
1703403492.562 4.187 2.747 
1703403492.661 4.232 2.715 
1703403492.762 4.233 2.755 
1703403492.862 4.246 2.803 
1703403492.962 4.291 2.742 
1703403493.063 4.327 2.640 
1703403493.162 4.339 2.517 
1703403493.262 4.355 2.447 
1703403493.363 4.389 2.410 
1703403493.462 4.415 2.375 
1703403493.563 4.413 2.298 
1703403493.663 4.410 2.194 
1703403493.765 4.402 2.096 
1703403493.864 4.389 2.011 
1703403493.965 4.370 1.920 
1703403494.065 4.360 1.840 
1703403494.164 4.372 1.778 
1703403494.264 4.390 1.719 
1703403494.365 4.371 1.648 
1703403494.465 4.312 1.561 
1703403494.565 4.253 1.464 
1703403494.679 4.221 1.378 
1703403494.774 4.178 1.310 
1703403494.873 4.121 1.233 
1703403494.973 4.063 1.156 
1703403495.074 4.007 1.075 
1703403495.173 3.957 1.010 
1703403495.272 3.917 0.956 
1703403495.374 3.889 0.880 
1703403495.474 3.854 0.786 
1703403495.574 3.823 0.690 
1703403495.673 3.808 0.609 
1703403495.774 3.788 0.548 
1703403495.873 3.756 0.506 
1703403495.973 3.795 0.430 
1703403496.073 3.823 0.355 
1703403496.174 3.842 0.270 
1703403496.274 3.885 0.186 
1703403496.373 3.943 0.109 
1703403496.474 4.002 0.038 
1703403496.575 4.080 -0.010 
1703403496.674 4.189 -0.029 
1703403496.774 4.296 -0.018 
1703403496.874 4.406 0.005 
1703403496.975 4.512 0.041 
1703403497.075 4.574 0.076 
1703403497.175 4.639 0.139 
1703403500.385 4.956 0.276 
1703403500.386 4.956 0.276 
1703403500.485 4.997 0.183 
1703403500.586 5.069 0.067 
1703403500.686 5.157 -0.042 
1703403500.786 5.226 -0.118 
1703403500.886 5.291 -0.222 
1703403500.986 5.362 -0.316 
1703403501.087 5.420 -0.426 
1703403501.187 5.468 -0.547 
1703403501.286 5.508 -0.651 
1703403501.387 5.543 -0.764 
1703403501.487 5.573 -0.879 
1703403501.586 5.601 -0.992 
1703403501.686 5.622 -1.107 
1703403501.788 5.640 -1.227 
1703403501.887 5.645 -1.346 
1703403501.988 5.630 -1.463 
1703403502.087 5.614 -1.581 
1703403502.188 5.603 -1.701 
1703403502.288 5.592 -1.822 
1703403502.388 5.563 -1.931 
1703403502.488 5.567 -2.023 
1703403502.589 5.566 -2.122 
1703403502.688 5.545 -2.244 
1703403505.895 5.638 -2.466 
1703403505.995 5.692 -2.406 
1703403506.095 5.775 -2.301 
1703403506.196 5.875 -2.206 
1703403506.296 5.969 -2.133 
1703403506.395 6.068 -2.070 
1703403506.496 6.162 -2.000 
1703403506.598 6.242 -1.944 
1703403506.698 6.315 -1.894 
1703403506.796 6.387 -1.844 
1703403506.896 6.466 -1.792 
1703403506.997 6.558 -1.737 
1703403507.097 6.650 -1.680 
1703403507.197 6.743 -1.624 
1703403507.296 6.837 -1.567 
1703403507.397 6.937 -1.510 
1703403507.497 7.043 -1.459 
1703403507.597 7.147 -1.403 
1703403507.697 7.250 -1.346 
1703403507.798 7.350 -1.291 
1703403507.898 7.447 -1.239 
1703403507.997 7.539 -1.189 
1703403508.098 7.639 -1.132 
1703403508.198 7.736 -1.062 
1703403508.299 7.827 -0.993 
1703403508.398 7.912 -0.922 
1703403508.498 7.997 -0.842 
1703403508.599 8.083 -0.764 
1703403508.698 8.163 -0.686 
1703403508.799 8.231 -0.605 
1703403508.899 8.285 -0.531 
1703403508.999 8.326 -0.448 
1703403509.099 8.337 -0.371 
1703403509.199 8.337 -0.343 
1703403509.300 8.326 -0.339 
1703403509.399 8.303 -0.343 
1703403509.499 8.245 -0.337 
1703403509.600 8.173 -0.325 
1703403509.699 8.131 -0.313 
1703403509.800 8.094 -0.269 
1703403509.900 8.035 -0.171 
1703403510.000 7.973 -0.065 
1703403510.100 7.929 0.023 
1703403510.200 7.882 0.110 
1703403510.301 7.836 0.184 
1703403510.400 7.800 0.248 
1703403510.501 7.759 0.309 
1703403510.601 7.722 0.383 
1703403510.701 7.673 0.472 
1703403510.800 7.633 0.552 
1703403510.901 7.598 0.628 
1703403511.001 7.562 0.705 
1703403511.101 7.516 0.789 
1703403511.202 7.475 0.870 
1703403511.303 7.435 0.949 
1703403511.402 7.393 1.030 
1703403511.502 7.351 1.110 
1703403511.603 7.310 1.191 
1703403511.703 7.277 1.274 
1703403511.803 7.245 1.355 
1703403511.903 7.204 1.437 
1703403512.003 7.167 1.518 
1703403512.104 7.134 1.598 
1703403512.203 7.107 1.675 
1703403512.303 7.089 1.747 
1703403512.403 7.075 1.828 
1703403512.504 7.076 1.944 
1703403512.604 7.082 2.072 
1703403512.704 7.078 2.192 
1703403512.804 7.068 2.292 
1703403512.905 7.058 2.375 
1703403513.005 7.057 2.451 
1703403513.105 7.064 2.524 
1703403513.205 7.070 2.595 
1703403513.305 7.074 2.684 
1703403513.406 7.079 2.765 
1703403513.506 7.079 2.826 
1703403513.607 7.098 2.898 
1703403513.706 7.111 2.969 
1703403513.806 7.142 2.995 
1703403513.906 7.183 3.005 
1703403515.610 7.326 3.121 
1703403515.713 7.237 3.085 
1703403515.813 7.119 3.025 
1703403515.914 6.971 2.989 
1703403516.014 6.894 2.946 
1703403516.116 6.833 2.903 
1703403516.214 6.814 2.884 
1703403516.314 6.762 2.889 
1703403516.414 6.673 2.895 
1703403516.514 6.560 2.905 
1703403516.615 6.427 2.925 
1703403516.714 6.297 2.941 
1703403516.814 6.164 2.960 
1703403516.915 6.039 2.978 
1703403517.014 5.922 3.002 
1703403517.115 5.805 3.037 
1703403517.215 5.690 3.074 
1703403517.315 5.569 3.122 
1703403517.416 5.451 3.166 
1703403517.515 5.354 3.217 
1703403517.622 5.256 3.281 
1703403517.720 5.152 3.358 
1703403517.818 5.045 3.438 
1703403517.917 4.947 3.492 
1703403518.017 4.859 3.547 
1703403518.116 4.762 3.613 
1703403518.216 4.672 3.698 
1703403518.316 4.591 3.791 
1703403518.417 4.523 3.907 
1703403518.517 4.450 3.997 
1703403518.617 4.386 4.096 
1703403518.717 4.344 4.203 
1703403518.817 4.308 4.316 
1703403518.918 4.280 4.431 
1703403519.018 4.257 4.545 
1703403519.119 4.244 4.662 
1703403519.219 4.251 4.777 
1703403519.319 4.258 4.890 
1703403519.418 4.260 5.002 
1703403519.519 4.261 5.116 
1703403519.620 4.275 5.228 
1703403519.719 4.292 5.333 
1703403519.819 4.309 5.437 
1703403519.920 4.324 5.552 
1703403520.019 4.334 5.660 
1703403520.119 4.363 5.765 
1703403520.219 4.411 5.866 
1703403520.320 4.484 5.958 
1703403520.420 4.562 6.042 
1703403520.520 4.646 6.122 
1703403520.620 4.716 6.181 
1703403526.829 4.494 5.511 
1703403526.930 4.505 5.518 
1703403527.030 4.527 5.550 
1703403527.130 4.581 5.581 
1703403527.230 4.628 5.590 
1703403527.330 4.537 5.596 
1703403527.430 4.404 5.606 
1703403527.530 4.260 5.600 
1703403527.631 4.128 5.567 
1703403527.731 4.026 5.574 
1703403527.831 3.915 5.591 
1703403527.930 3.797 5.607 
1703403528.031 3.676 5.643 
1703403528.131 3.565 5.681 
1703403528.232 3.452 5.713 
1703403528.333 3.334 5.745 
1703403528.431 3.227 5.786 
1703403528.531 3.118 5.838 
1703403528.632 3.008 5.892 
1703403528.731 2.924 5.937 
1703403528.831 2.860 5.967 
1703403528.932 2.793 5.983 
1703403529.032 2.697 5.992 
1703403529.132 2.598 6.003 
1703403529.232 2.528 6.004 
1703403529.332 2.479 5.995 
1703403529.432 2.454 5.990 
1703403529.532 2.466 6.003 
1703403529.632 2.508 6.045 
1703403529.733 2.522 6.047 
1703403530.935 2.575 5.940 
1703403531.035 2.574 6.002 
1703403531.135 2.555 6.088 
1703403531.236 2.562 6.108 
1703403531.335 2.638 6.020 
1703403531.436 2.734 5.936 
1703403531.536 2.713 5.889 
1703403531.636 2.677 5.879 
1703403531.736 2.638 5.898 
1703403531.836 2.608 5.920 
1703403531.936 2.620 5.874 
1703403532.036 2.650 5.756 
1703403532.141 2.689 5.617 
1703403532.236 2.773 5.473 
1703403532.337 2.847 5.356 
1703403532.436 2.919 5.273 
1703403532.537 2.968 5.179 
1703403532.637 2.999 5.056 
1703403532.736 3.024 4.925 
1703403532.838 3.039 4.853 
1703403532.938 3.054 4.792 
1703403533.037 3.070 4.705 
1703403533.137 3.081 4.615 
1703403533.238 3.082 4.532 
1703403533.337 3.083 4.449 
1703403533.438 3.083 4.356 
1703403533.537 3.083 4.264 
1703403533.638 3.083 4.173 
1703403533.738 3.079 4.080 
1703403533.838 3.075 3.988 
1703403533.938 3.070 3.894 
1703403534.038 3.063 3.798 
1703403534.139 3.057 3.703 
1703403534.238 3.051 3.608 
1703403534.339 3.043 3.509 
1703403534.439 3.036 3.412 
1703403534.539 3.032 3.318 
1703403534.639 3.027 3.225 
1703403534.739 3.023 3.132 
1703403534.839 3.029 3.032 
1703403534.939 3.033 2.940 
1703403535.039 3.038 2.846 
1703403535.139 3.044 2.754 
1703403535.240 3.050 2.663 
1703403535.340 3.056 2.572 
1703403535.441 3.060 2.482 
1703403535.540 3.064 2.394 
1703403535.640 3.069 2.306 
1703403535.741 3.077 2.217 
1703403535.841 3.084 2.131 
1703403535.941 3.091 2.044 
1703403536.041 3.098 1.959 
1703403536.141 3.105 1.872 
1703403536.240 3.112 1.784 
1703403536.341 3.125 1.699 
1703403536.441 3.134 1.617 
1703403536.541 3.141 1.533 
1703403536.642 3.143 1.444 
1703403536.741 3.143 1.360 
1703403536.841 3.148 1.274 
1703403536.942 3.142 1.175 
1703403537.041 3.138 1.086 
1703403537.142 3.139 1.004 
1703403537.242 3.118 0.930 
1703403537.342 3.095 0.850 
1703403537.443 3.064 0.758 
1703403537.542 3.018 0.658 
1703403537.642 2.984 0.572 
1703403537.742 2.943 0.488 
1703403537.843 2.897 0.403 
1703403537.942 2.840 0.329 
1703403538.043 2.754 0.258 
1703403538.143 2.670 0.193 
1703403538.243 2.594 0.123 
1703403538.342 2.518 0.069 
1703403538.443 2.440 0.020 
1703403538.543 2.367 -0.027 
1703403538.643 2.298 -0.074 
1703403538.743 2.237 -0.124 
1703403538.844 2.181 -0.174 
1703403538.943 2.132 -0.216 
1703403539.044 2.072 -0.260 
1703403539.144 1.998 -0.340 
1703403539.245 1.916 -0.457 
1703403539.348 1.860 -0.536 
1703403539.446 1.850 -0.563 
1703403539.545 1.862 -0.521 
1703403539.645 1.883 -0.475 
1703403539.745 1.906 -0.518 
1703403539.844 1.938 -0.646 
1703403539.945 1.950 -0.753 
1703403540.045 1.972 -0.839 
1703403540.144 1.992 -0.911 
1703403540.246 2.040 -0.970 
1703403540.345 2.095 -1.031 
1703403540.445 2.144 -1.083 
1703403540.545 2.179 -1.116 
1703403540.645 2.214 -1.137 
1703403540.746 2.253 -1.193 
1703403543.050 2.493 -1.511 
1703403543.051 2.493 -1.511 
1703403543.151 2.515 -1.527 
1703403543.251 2.530 -1.611 
1703403543.351 2.536 -1.738 
1703403543.452 2.554 -1.864 
1703403543.552 2.578 -1.976 
1703403543.652 2.602 -2.093 
1703403543.752 2.624 -2.211 
1703403543.852 2.643 -2.330 
1703403543.952 2.660 -2.448 
1703403544.052 2.678 -2.565 
1703403544.152 2.694 -2.685 
1703403544.251 2.710 -2.804 
1703403544.352 2.727 -2.922 
1703403544.452 2.740 -3.043 
1703403544.552 2.752 -3.162 
1703403544.652 2.762 -3.281 
1703403544.753 2.770 -3.399 
1703403544.853 2.775 -3.517 
1703403544.953 2.779 -3.635 
1703403545.054 2.781 -3.752 
1703403545.153 2.778 -3.862 
1703403545.254 2.781 -3.981 
1703403545.354 2.776 -4.098 
1703403545.454 2.765 -4.215 
1703403545.553 2.743 -4.324 
1703403545.654 2.721 -4.439 
1703403545.754 2.679 -4.549 
1703403545.854 2.617 -4.649 
1703403545.954 2.543 -4.746 
1703403546.054 2.454 -4.825 
1703403546.154 2.358 -4.869 
1703403546.255 2.268 -4.899 
1703403546.355 2.200 -4.928 
1703403546.465 2.107 -4.925 
1703403546.558 2.038 -4.917 
1703403546.657 2.000 -4.914 
1703403546.756 1.953 -4.881 
1703403546.856 1.901 -4.814 
1703403546.956 1.872 -4.766 
1703403547.056 1.852 -4.731 
1703403547.156 1.839 -4.652 
1703403547.256 1.812 -4.555 
1703403547.356 1.779 -4.471 
1703403547.456 1.756 -4.400 
1703403547.556 1.750 -4.344 
1703403547.656 1.727 -4.279 
1703403547.756 1.677 -4.195 
1703403547.857 1.642 -4.134 
1703403547.957 1.600 -4.070 
1703403548.058 1.553 -3.997 
1703403548.157 1.508 -3.921 
1703403548.257 1.453 -3.843 
1703403548.358 1.386 -3.770 
1703403548.458 1.312 -3.705 
1703403548.558 1.246 -3.640 
1703403548.658 1.183 -3.575 
1703403548.758 1.119 -3.512 
1703403548.860 1.016 -3.439 
1703403548.960 0.932 -3.366 
1703403549.060 0.874 -3.324 
1703403549.160 0.804 -3.278 
1703403549.260 0.714 -3.215 
1703403549.360 0.621 -3.150 
1703403549.461 0.540 -3.094 
1703403549.561 0.473 -3.040 
1703403549.661 0.398 -2.985 
1703403549.763 0.316 -2.927 
1703403549.863 0.238 -2.872 
1703403549.966 0.163 -2.818 
1703403550.066 0.095 -2.764 
1703403550.166 0.022 -2.709 
1703403550.266 -0.047 -2.657 
1703403550.366 -0.112 -2.603 
1703403550.466 -0.176 -2.542 
1703403550.568 -0.236 -2.484 
1703403550.666 -0.287 -2.428 
1703403550.767 -0.339 -2.369 
1703403550.866 -0.388 -2.317 
1703403550.967 -0.439 -2.262 
1703403551.066 -0.512 -2.181 
1703403551.167 -0.590 -2.104 
1703403551.267 -0.651 -2.041 
1703403551.367 -0.701 -1.983 
1703403551.468 -0.756 -1.919 
1703403551.569 -0.811 -1.857 
1703403551.668 -0.860 -1.796 
1703403551.768 -0.900 -1.740 
1703403551.868 -0.935 -1.692 
1703403551.968 -0.966 -1.638 
1703403552.068 -0.996 -1.550 
1703403552.169 -1.023 -1.441 
1703403552.269 -1.032 -1.350 
1703403552.368 -1.035 -1.315 
1703403552.469 -1.034 -1.368 
1703403552.568 -1.026 -1.455 
1703403552.670 -1.009 -1.504 
1703403552.769 -0.974 -1.458 
1703403552.871 -0.911 -1.369 
1703403552.972 -0.845 -1.285 
1703403553.074 -0.765 -1.187 
1703403553.174 -0.676 -1.083 
1703403553.275 -0.605 -0.978 
1703403553.375 -0.588 -0.892 
1703403553.475 -0.572 -0.833 
1703403553.576 -0.530 -0.785 
1703403553.675 -0.470 -0.732 
1703403553.775 -0.419 -0.686 
1703403553.879 -0.358 -0.632 
1703403553.978 -0.273 -0.558 
1703403554.077 -0.200 -0.490 
1703403554.176 -0.123 -0.420 
1703403554.278 -0.033 -0.342 
1703403554.377 0.062 -0.263 
1703403554.478 0.149 -0.185 
1703403554.579 0.224 -0.107 
1703403554.678 0.311 -0.025 
1703403554.778 0.396 0.055 
1703403554.878 0.475 0.134 
1703403554.979 0.552 0.214 
1703403555.079 0.636 0.305 
1703403555.179 0.714 0.389 
1703403555.278 0.788 0.484 
1703403555.379 0.862 0.580 
1703403555.479 0.934 0.679 
1703403555.582 1.008 0.781 
1703403555.681 1.081 0.878 
1703403555.780 1.146 0.978 
1703403555.880 1.212 1.081 
1703403555.980 1.275 1.186 
1703403556.079 1.339 1.290 
1703403556.181 1.397 1.400 
1703403556.280 1.449 1.512 
1703403556.380 1.499 1.624 
1703403556.480 1.546 1.736 
1703403556.581 1.587 1.851 
1703403556.680 1.619 1.966 
1703403556.781 1.648 2.087 
1703403556.881 1.668 2.203 
1703403556.981 1.683 2.321 
1703403557.081 1.693 2.439 
1703403557.181 1.690 2.557 
1703403557.282 1.669 2.668 
1703403557.382 1.644 2.781 
1703403557.481 1.610 2.906 
1703403557.582 1.562 3.020 
1703403557.681 1.502 3.121 
1703403557.782 1.423 3.214 
1703403557.882 1.331 3.302 
1703403557.998 1.258 3.390 
1703403558.087 1.195 3.446 
1703403558.183 1.141 3.493 
1703403558.284 1.059 3.543 
1703403558.383 0.967 3.607 
1703403558.482 0.896 3.659 
1703403558.583 0.846 3.690 
1703403558.682 0.794 3.729 
1703403558.783 0.728 3.779 
1703403558.882 0.675 3.830 
1703403558.983 0.632 3.878 
1703403559.082 0.589 3.929 
1703403563.889 0.639 4.042 
1703403563.990 0.657 4.032 
1703403564.092 0.718 3.991 
1703403564.193 0.807 3.905 
1703403564.292 0.891 3.832 
1703403568.304 1.153 3.682 
1703403568.305 1.153 3.682 
1703403568.406 1.128 3.661 
1703403568.506 1.054 3.607 
1703403568.606 0.968 3.501 
1703403568.706 0.883 3.367 
1703403568.806 0.820 3.265 
1703403568.906 0.755 3.170 
1703403569.007 0.659 3.067 
1703403569.107 0.562 2.965 
1703403569.206 0.472 2.865 
1703403569.305 0.400 2.774 
1703403569.407 0.295 2.690 
1703403569.510 0.212 2.658 
1703403569.607 0.118 2.592 
1703403569.706 0.010 2.513 
1703403569.807 -0.090 2.453 
1703403569.907 -0.194 2.393 
1703403570.007 -0.290 2.329 
1703403570.107 -0.380 2.271 
1703403570.207 -0.460 2.215 
1703403570.309 -0.551 2.120 
1703403570.407 -0.640 2.013 
1703403570.508 -0.720 1.909 
1703403570.608 -0.771 1.801 
1703403570.708 -0.772 1.701 
1703403570.808 -0.765 1.654 
1703403570.910 -0.803 1.657 
1703403571.010 -0.824 1.629 
1703403571.110 -0.796 1.584 
1703403571.210 -0.766 1.545 
1703403571.310 -0.710 1.476 
1703403571.413 -0.659 1.364 
1703403571.510 -0.603 1.265 
1703403571.610 -0.579 1.147 
1703403571.711 -0.562 1.046 
1703403571.811 -0.542 0.956 
1703403571.911 -0.518 0.887 
1703403572.011 -0.496 0.792 
1703403572.111 -0.488 0.672 
1703403572.211 -0.482 0.547 
1703403572.311 -0.472 0.427 
1703403572.412 -0.470 0.307 
1703403572.512 -0.470 0.190 
1703403572.612 -0.473 0.073 
1703403572.712 -0.482 -0.043 
1703403572.812 -0.493 -0.156 
1703403572.912 -0.503 -0.268 
1703403573.012 -0.520 -0.377 
1703403573.112 -0.548 -0.475 
1703403573.212 -0.578 -0.585 
1703403573.312 -0.617 -0.696 
1703403573.413 -0.650 -0.802 
1703403573.513 -0.696 -0.900 
1703403573.612 -0.765 -1.001 
1703403573.713 -0.831 -1.106 
1703403573.813 -0.897 -1.205 
1703403573.913 -0.965 -1.304 
1703403574.013 -1.037 -1.402 
1703403574.114 -1.112 -1.501 
1703403574.213 -1.185 -1.596 
1703403574.314 -1.259 -1.692 
1703403574.414 -1.337 -1.787 
1703403574.514 -1.414 -1.881 
1703403574.613 -1.491 -1.970 
1703403574.714 -1.573 -2.057 
1703403574.815 -1.663 -2.139 
1703403574.914 -1.753 -2.222 
1703403575.014 -1.841 -2.303 
1703403575.115 -1.933 -2.382 
1703403575.214 -2.025 -2.465 
1703403575.315 -2.115 -2.547 
1703403575.414 -2.207 -2.623 
1703403575.515 -2.298 -2.701 
1703403575.615 -2.399 -2.775 
1703403575.715 -2.494 -2.852 
1703403575.815 -2.590 -2.926 
1703403575.915 -2.688 -2.995 
1703403576.015 -2.790 -3.061 
1703403576.116 -2.910 -3.114 
1703403576.216 -3.009 -3.171 
1703403576.315 -3.113 -3.228 
1703403576.416 -3.227 -3.276 
1703403576.516 -3.343 -3.314 
1703403576.618 -3.459 -3.348 
1703403576.717 -3.589 -3.369 
1703403576.818 -3.713 -3.378 
1703403576.919 -3.837 -3.372 
1703403577.018 -3.956 -3.345 
1703403577.118 -4.058 -3.315 
1703403577.219 -4.149 -3.280 
1703403577.318 -4.239 -3.243 
1703403577.419 -4.330 -3.207 
1703403577.518 -4.425 -3.167 
1703403577.618 -4.521 -3.124 
1703403577.719 -4.615 -3.087 
1703403577.818 -4.699 -3.059 
1703403577.919 -4.760 -3.042 
1703403578.022 -4.802 -3.054 
1703403578.121 -4.850 -3.066 
1703403578.219 -4.914 -2.990 
1703403578.320 -4.982 -2.884 
1703403578.420 -5.067 -2.793 
1703403578.520 -5.134 -2.689 
1703403578.620 -5.177 -2.569 
1703403578.721 -5.185 -2.440 
1703403578.820 -5.181 -2.320 
1703403578.920 -5.162 -2.207 
1703403579.020 -5.103 -2.112 
1703403579.120 -5.008 -2.040 
1703403579.220 -4.918 -2.019 
1703403579.320 -4.805 -2.003 
1703403579.421 -4.673 -1.969 
1703403579.522 -4.562 -1.946 
1703403579.621 -4.447 -1.929 
1703403579.721 -4.327 -1.912 
1703403579.820 -4.210 -1.893 
1703403579.921 -4.089 -1.875 
1703403580.022 -3.970 -1.855 
1703403580.122 -3.851 -1.834 
1703403580.222 -3.733 -1.811 
1703403580.322 -3.616 -1.788 
1703403580.423 -3.496 -1.768 
1703403580.523 -3.378 -1.743 
1703403580.622 -3.261 -1.716 
1703403580.723 -3.147 -1.681 
1703403580.823 -3.030 -1.652 
1703403580.923 -2.914 -1.618 
1703403581.024 -2.797 -1.578 
1703403581.124 -2.688 -1.533 
1703403581.226 -2.577 -1.491 
1703403581.328 -2.465 -1.452 
1703403581.428 -2.354 -1.410 
1703403581.528 -2.249 -1.355 
1703403581.628 -2.146 -1.293 
1703403581.729 -2.039 -1.234 
1703403581.828 -1.936 -1.176 
1703403581.929 -1.832 -1.117 
1703403582.028 -1.729 -1.054 
1703403582.128 -1.628 -0.982 
1703403582.229 -1.531 -0.904 
1703403582.328 -1.436 -0.827 
1703403582.429 -1.349 -0.738 
1703403582.529 -1.267 -0.635 
1703403582.630 -1.203 -0.530 
1703403582.729 -1.144 -0.424 
1703403582.829 -1.099 -0.314 
1703403582.930 -1.062 -0.200 
1703403583.029 -1.031 -0.088 
1703403583.130 -1.012 0.029 
1703403583.230 -1.002 0.149 
1703403583.330 -0.996 0.265 
1703403583.430 -0.992 0.381 
1703403583.531 -1.002 0.495 
1703403583.631 -1.014 0.616 
1703403583.733 -1.028 0.735 
1703403583.832 -1.040 0.854 
1703403583.930 -1.055 0.970 
1703403584.031 -1.069 1.092 
1703403584.132 -1.080 1.209 
1703403584.231 -1.084 1.316 
1703403584.331 -1.090 1.418 
1703403584.432 -1.096 1.519 
1703403584.533 -1.077 1.644 
1703403584.632 -1.058 1.764 
1703403584.732 -1.048 1.875 
1703403584.832 -1.046 1.976 
1703403584.933 -1.036 2.083 
1703403585.032 -1.017 2.187 
1703403585.132 -0.999 2.288 
1703403585.232 -0.977 2.388 
1703403585.333 -0.958 2.479 
1703403585.432 -0.935 2.567 
1703403585.533 -0.910 2.657 
1703403585.633 -0.887 2.749 
1703403585.734 -0.861 2.823 
1703403585.834 -0.828 2.877 
1703403585.933 -0.809 2.943 
1703403586.033 -0.800 3.039 
1703403586.134 -0.786 3.139 
1703403586.234 -0.774 3.222 
1703403586.334 -0.782 3.292 
1703403586.434 -0.795 3.371 
1703403586.534 -0.827 3.455 
1703403586.634 -0.856 3.531 
1703403586.734 -0.895 3.578 
1703403586.835 -0.950 3.613 
1703403586.935 -1.020 3.660 
1703403587.035 -1.092 3.708 
1703403587.135 -1.190 3.747 
1703403587.235 -1.252 3.770 
1703403587.335 -1.312 3.789 
1703403587.435 -1.387 3.809 
1703403587.535 -1.514 3.805 
1703403587.635 -1.606 3.815 
1703403587.735 -1.677 3.818 
1703403587.835 -1.756 3.814 
1703403587.935 -1.859 3.803 
1703403588.035 -1.965 3.796 
1703403588.136 -2.064 3.794 
1703403588.236 -2.157 3.789 
1703403588.336 -2.249 3.783 
1703403588.436 -2.339 3.777 
1703403588.536 -2.428 3.774 
1703403588.637 -2.518 3.772 
1703403588.737 -2.597 3.766 
1703403588.837 -2.655 3.762 
1703403588.937 -2.704 3.776 
1703403589.037 -2.750 3.802 
1703403589.137 -2.815 3.855 
1703403589.238 -2.875 3.929 
1703403589.338 -2.900 3.910 
1703403589.438 -2.928 3.897 
1703403589.538 -2.949 3.954 
1703403589.645 -2.946 4.051 
1703403589.741 -2.967 4.117 
1703403589.839 -2.994 4.194 
1703403589.938 -2.947 4.312 
1703403590.039 -2.929 4.415 
1703403590.139 -2.918 4.458 
1703403590.239 -2.868 4.538 
1703403590.340 -2.805 4.660 
1703403590.440 -2.743 4.739 
1703403590.539 -2.699 4.800 
1703403590.639 -2.674 4.863 
1703403590.739 -2.656 4.923 
1703403590.840 -2.637 4.978 
1703403590.940 -2.617 5.035 
1703403591.040 -2.597 5.102 
1703403591.140 -2.579 5.187 
1703403591.241 -2.559 5.288 
1703403591.340 -2.543 5.396 
1703403591.440 -2.535 5.479 
1703403591.540 -2.525 5.571 
1703403591.641 -2.505 5.687 
1703403591.741 -2.493 5.803 
1703403591.841 -2.486 5.913 
1703403591.941 -2.483 5.994 
1703403592.041 -2.481 6.058 
1703403592.142 -2.488 6.123 
1703403592.242 -2.527 6.221 
1703403592.342 -2.588 6.307 
1703403592.443 -2.624 6.370 
1703403592.542 -2.653 6.454 
1703403592.642 -2.736 6.540 
1703403592.743 -2.858 6.606 
1703403592.842 -2.973 6.676 
1703403592.942 -3.054 6.743 
1703403593.043 -3.138 6.809 
1703403593.144 -3.242 6.869 
1703403593.243 -3.347 6.920 
1703403593.343 -3.453 6.969 
1703403593.443 -3.560 7.020 
1703403593.543 -3.665 7.066 
1703403593.643 -3.767 7.117 
1703403593.744 -3.858 7.186 
1703403593.843 -3.935 7.254 
1703403593.943 -4.033 7.317 
1703403594.044 -4.131 7.370 
1703403594.145 -4.219 7.426 
1703403594.245 -4.295 7.491 
1703403594.345 -4.314 7.604 
1703403594.445 -4.314 7.714 
1703403594.546 -4.297 7.829 
1703403595.147 -4.305 7.995 
1703403595.248 -4.280 7.984 
1703403595.348 -4.198 7.979 
1703403595.448 -4.077 7.942 
1703403595.549 -3.968 7.893 
1703403595.648 -3.863 7.835 
1703403595.749 -3.754 7.780 
1703403595.849 -3.647 7.728 
1703403595.949 -3.540 7.692 
1703403596.049 -3.431 7.645 
1703403596.149 -3.338 7.577 
1703403596.249 -3.253 7.492 
1703403596.350 -3.178 7.407 
1703403596.450 -3.107 7.346 
1703403596.549 -3.041 7.295 
1703403596.650 -2.968 7.229 
1703403596.750 -2.901 7.147 
1703403596.850 -2.841 7.061 
1703403596.950 -2.783 6.981 
1703403597.050 -2.727 6.903 
1703403597.150 -2.671 6.830 
1703403597.250 -2.615 6.756 
1703403597.350 -2.566 6.683 
1703403597.450 -2.522 6.613 
1703403597.551 -2.479 6.542 
1703403597.650 -2.449 6.460 
1703403597.751 -2.424 6.385 
1703403597.851 -2.409 6.305 
1703403597.951 -2.385 6.226 
1703403598.052 -2.355 6.154 
1703403598.151 -2.337 6.066 
1703403598.251 -2.329 5.972 
1703403598.351 -2.315 5.898 
1703403598.452 -2.306 5.833 
1703403598.551 -2.294 5.774 
1703403598.652 -2.290 5.703 
1703403598.752 -2.313 5.602 
1703403598.852 -2.331 5.501 
1703403598.951 -2.341 5.414 
1703403599.051 -2.340 5.337 
1703403599.153 -2.338 5.254 
1703403599.253 -2.332 5.172 
1703403599.352 -2.320 5.093 
1703403599.452 -2.311 5.002 
1703403599.552 -2.287 4.909 
1703403599.653 -2.248 4.806 
1703403599.753 -2.222 4.695 
1703403601.560 -2.051 4.768 
1703403601.561 -2.051 4.768 
1703403601.661 -1.964 4.759 
1703403601.760 -1.828 4.722 
1703403601.862 -1.664 4.684 
1703403601.961 -1.534 4.693 
1703403602.062 -1.423 4.699 
1703403602.162 -1.355 4.703 
1703403602.262 -1.330 4.688 
1703403602.362 -1.244 4.613 
1703403602.474 -1.137 4.531 
1703403602.562 -1.029 4.475 
1703403602.663 -0.914 4.425 
1703403602.762 -0.862 4.412 
1703403602.863 -0.821 4.409 
1703403602.964 -0.766 4.381 
1703403603.063 -0.643 4.334 
1703403603.163 -0.544 4.273 
1703403603.264 -0.481 4.222 
1703403603.363 -0.393 4.180 
1703403603.465 -0.309 4.149 
1703403603.564 -0.232 4.130 
1703403603.664 -0.157 4.131 
1703403603.763 -0.061 4.155 
1703403603.865 0.044 4.178 
1703403603.965 0.144 4.198 
1703403604.064 0.239 4.232 
1703403604.165 0.336 4.275 
1703403604.264 0.433 4.331 
1703403604.364 0.531 4.397 
1703403604.465 0.614 4.465 
1703403604.566 0.697 4.552 
1703403604.664 0.781 4.636 
1703403604.766 0.866 4.726 
1703403604.865 0.937 4.818 
1703403604.965 1.002 4.913 
1703403605.066 1.064 5.020 
1703403605.166 1.120 5.127 
1703403605.266 1.169 5.231 
1703403605.366 1.208 5.346 
1703403605.466 1.237 5.457 
1703403605.566 1.249 5.569 
1703403605.667 1.254 5.678 
1703403605.767 1.268 5.796 
1703403605.867 1.282 5.910 
1703403605.966 1.285 6.024 
1703403606.068 1.283 6.144 
1703403606.167 1.280 6.265 
1703403606.268 1.279 6.385 
1703403606.368 1.278 6.499 
1703403606.468 1.275 6.610 
1703403606.567 1.271 6.730 
1703403606.667 1.268 6.850 
1703403606.767 1.264 6.967 
1703403606.868 1.260 7.086 
1703403606.969 1.256 7.202 
1703403607.068 1.254 7.321 
1703403607.169 1.250 7.432 
1703403607.270 1.247 7.544 
1703403607.369 1.245 7.656 
1703403607.469 1.242 7.769 
1703403607.569 1.237 7.881 
1703403607.669 1.232 7.991 
1703403607.770 1.229 8.094 
1703403607.869 1.225 8.197 
1703403607.970 1.252 8.340 
1703403608.071 1.277 8.458 
1703403609.674 1.406 8.383 
1703403609.775 1.415 8.369 
1703403609.875 1.443 8.340 
1703403609.975 1.532 8.340 
1703403610.577 1.654 8.370 
1703403610.578 1.654 8.370 
1703403610.681 1.703 8.400 
1703403610.779 1.826 8.431 
1703403610.879 1.962 8.452 
1703403610.980 2.079 8.475 
1703403611.079 2.202 8.492 
1703403611.179 2.324 8.507 
1703403611.280 2.444 8.515 
1703403611.380 2.554 8.522 
1703403611.479 2.649 8.531 
1703403611.580 2.743 8.542 
1703403611.680 2.840 8.554 
1703403611.780 2.935 8.560 
1703403611.881 3.033 8.565 
1703403611.981 3.089 8.575 
1703403612.081 3.157 8.582 
1703403612.181 3.237 8.590 
1703403612.281 3.322 8.603 
1703403612.382 3.406 8.610 
1703403612.482 3.493 8.611 
1703403612.581 3.586 8.619 
1703403612.682 3.681 8.637 
1703403612.782 3.777 8.648 
1703403612.883 3.874 8.658 
1703403612.982 3.975 8.662 
1703403613.083 4.076 8.663 
1703403613.183 4.184 8.668 
1703403613.284 4.291 8.670 
1703403613.384 4.401 8.672 
1703403613.485 4.509 8.673 
1703403613.584 4.614 8.671 
1703403613.686 4.728 8.670 
1703403613.785 4.835 8.669 
1703403613.886 4.942 8.669 
1703403613.986 5.047 8.672 
1703403614.087 5.148 8.672 
1703403614.187 5.259 8.667 
1703403614.286 5.368 8.667 
1703403614.387 5.475 8.662 
1703403614.487 5.571 8.653 
1703403614.587 5.663 8.652 
1703403614.686 5.759 8.651 
1703403614.787 5.850 8.652 
1703403614.887 5.932 8.648 
1703403614.987 6.013 8.647 
1703403615.087 6.090 8.645 
1703403615.188 6.162 8.632 
1703403615.287 6.260 8.616 
1703403615.388 6.384 8.605 
1703403615.488 6.472 8.589 
1703403615.588 6.552 8.566 
1703403615.688 6.629 8.545 
1703403615.789 6.720 8.536 
1703403615.888 6.822 8.527 
1703403615.988 6.931 8.523 
1703403616.088 7.016 8.509 
1703403616.188 7.086 8.479 
1703403616.289 7.147 8.448 
1703403616.389 7.225 8.432 
1703403616.490 7.344 8.422 
1703403616.605 7.477 8.414 
1703403616.698 7.545 8.385 
1703403616.795 7.614 8.351 
1703403616.894 7.652 8.332 
1703403616.994 7.713 8.339 
1703403617.094 7.773 8.345 
1703403617.194 7.864 8.344 
1703403617.294 7.991 8.329 
1703403617.393 8.112 8.317 
1703403617.494 8.228 8.302 
1703403617.596 8.321 8.283 
1703403617.697 8.350 8.286 
1703403618.901 8.387 8.215 
1703403618.999 8.373 8.247 
1703403619.100 8.374 8.354 
1703403619.200 8.384 8.468 
1703403619.302 8.313 8.456 
1703403619.404 8.243 8.419 
1703403619.508 8.180 8.300 
1703403619.605 8.122 8.157 
1703403619.703 8.035 8.054 
1703403619.803 7.976 7.977 
1703403619.904 7.969 7.947 
1703403620.003 7.936 7.832 
1703403620.103 7.907 7.715 
1703403620.203 7.891 7.612 
1703403620.303 7.880 7.494 
1703403620.409 7.887 7.397 
1703403620.504 7.907 7.359 
1703403620.604 7.919 7.303 
1703403620.704 7.914 7.217 
1703403620.804 7.891 7.139 
1703403620.905 7.927 7.087 
1703403621.004 7.972 7.038 
1703403621.104 7.967 6.991 
1703403621.205 7.875 6.955 
1703403621.304 7.745 6.937 
1703403621.405 7.726 6.960 
1703403621.505 7.687 6.952 
1703403621.605 7.613 6.878 
1703403621.705 7.537 6.820 
1703403621.805 7.456 6.769 
1703403621.906 7.366 6.728 
1703403622.006 7.335 6.725 
1703403622.106 7.265 6.696 
1703403622.206 7.164 6.648 
1703403622.306 7.046 6.605 
1703403622.406 6.985 6.549 
1703403622.506 6.957 6.510 
1703403622.606 6.923 6.501 
1703403622.706 6.828 6.485 
1703403622.806 6.725 6.469 
1703403622.908 6.617 6.453 
1703403623.008 6.463 6.454 
1703403623.107 6.344 6.449 
1703403623.208 6.255 6.447 
1703403623.309 6.186 6.442 
1703403623.408 6.131 6.438 
1703403623.508 6.070 6.442 
1703403623.608 5.996 6.438 
1703403623.708 5.891 6.447 
1703403623.808 5.790 6.455 
1703403630.521 5.709 6.043 
1703403630.522 5.710 6.043 
1703403630.623 5.772 6.022 
1703403630.722 5.884 5.997 
1703403630.823 6.023 6.002 
1703403630.922 6.171 6.042 
1703403631.023 6.288 6.076 
1703403631.122 6.402 6.097 
1703403631.222 6.531 6.103 
1703403631.323 6.637 6.108 
1703403631.423 6.700 6.115 
1703403631.523 6.753 6.118 
1703403631.623 6.823 6.121 
1703403631.723 6.901 6.121 
1703403631.824 6.975 6.124 
1703403631.923 7.044 6.128 
1703403632.024 7.112 6.133 
1703403632.124 7.187 6.132 
1703403632.223 7.259 6.131 
1703403632.324 7.332 6.133 
1703403632.424 7.409 6.132 
1703403632.526 7.484 6.134 
1703403632.626 7.560 6.137 
1703403632.726 7.636 6.138 
1703403632.826 7.713 6.140 
1703403632.926 7.790 6.142 
1703403633.027 7.868 6.145 
1703403633.126 7.939 6.145 
1703403633.226 8.044 6.135 
1703403633.326 8.157 6.140 
1703403633.427 8.237 6.140 
1703403633.526 8.321 6.135 
1703403637.937 8.434 6.552 
1703403637.938 8.434 6.552 
1703403638.040 8.401 6.566 
1703403638.140 8.269 6.571 
1703403638.239 8.161 6.585 
1703403638.340 8.048 6.591 
1703403638.439 7.913 6.597 
1703403638.540 7.792 6.599 
1703403638.640 7.680 6.602 
1703403638.740 7.565 6.600 
1703403638.841 7.448 6.598 
1703403638.940 7.332 6.597 
1703403639.041 7.212 6.598 
1703403639.140 7.094 6.598 
1703403639.240 6.973 6.598 
1703403639.340 6.856 6.597 
1703403639.440 6.736 6.597 
1703403639.541 6.614 6.598 
1703403639.642 6.493 6.596 
1703403639.741 6.372 6.590 
1703403639.840 6.253 6.585 
1703403639.941 6.133 6.576 
1703403640.041 6.013 6.565 
1703403640.141 5.892 6.559 
1703403640.241 5.769 6.548 
1703403640.342 5.653 6.529 
1703403640.442 5.538 6.503 
1703403640.542 5.416 6.483 
1703403640.642 5.295 6.466 
1703403640.743 5.166 6.437 
1703403640.842 5.053 6.381 
1703403640.942 4.946 6.319 
1703403641.043 4.870 6.276 
1703403641.143 4.806 6.244 
1703403641.243 4.733 6.205 
1703403641.343 4.657 6.154 
1703403641.443 4.582 6.096 
1703403641.543 4.512 6.029 
1703403641.643 4.441 5.957 
1703403641.744 4.377 5.890 
1703403641.844 4.316 5.827 
1703403641.944 4.259 5.767 
1703403642.045 4.200 5.723 
1703403642.145 4.156 5.696 
1703403642.246 4.126 5.610 
1703403642.346 4.121 5.477 
1703403642.445 4.123 5.375 
1703403642.544 4.120 5.283 
1703403642.657 4.087 5.209 
1703403642.750 4.054 5.118 
1703403642.848 4.039 5.014 
1703403642.947 4.042 4.921 
1703403643.047 4.054 4.825 
1703403643.148 4.077 4.720 
1703403643.247 4.107 4.617 
1703403643.347 4.115 4.531 
1703403643.450 4.124 4.437 
1703403643.549 4.160 4.332 
1703403643.648 4.203 4.227 
1703403643.748 4.245 4.133 
1703403643.848 4.296 4.036 
1703403643.948 4.363 3.936 
1703403644.049 4.422 3.842 
1703403644.150 4.486 3.760 
1703403644.250 4.569 3.676 
1703403644.350 4.655 3.593 
1703403644.450 4.747 3.522 
1703403644.550 4.838 3.450 
1703403644.650 4.934 3.376 
1703403644.750 5.034 3.309 
1703403644.850 5.135 3.241 
1703403644.952 5.237 3.174 
1703403645.051 5.339 3.109 
1703403645.151 5.439 3.044 
1703403645.251 5.542 2.977 
1703403645.351 5.643 2.911 
1703403645.451 5.744 2.846 
1703403645.552 5.846 2.780 
1703403645.652 5.947 2.714 
1703403645.751 6.047 2.648 
1703403645.852 6.147 2.581 
1703403645.952 6.249 2.516 
1703403646.053 6.351 2.453 
1703403646.153 6.453 2.390 
1703403646.253 6.553 2.327 
1703403646.352 6.652 2.265 
1703403646.452 6.749 2.201 
1703403646.553 6.851 2.135 
1703403646.653 6.949 2.068 
1703403646.753 7.042 1.997 
1703403646.854 7.135 1.924 
1703403646.955 7.231 1.849 
1703403647.053 7.317 1.772 
1703403647.153 7.403 1.693 
1703403647.254 7.485 1.610 
1703403647.354 7.566 1.524 
1703403647.454 7.643 1.436 
1703403647.554 7.718 1.344 
1703403647.654 7.794 1.252 
1703403647.754 7.856 1.166 
1703403647.855 7.902 1.082 
1703403647.955 7.943 0.993 
1703403648.055 7.984 0.902 
1703403648.155 8.028 0.812 
1703403648.256 8.066 0.725 
1703403648.356 8.091 0.635 
1703403648.456 8.116 0.539 
1703403648.556 8.137 0.441 
1703403648.657 8.153 0.343 
1703403648.756 8.166 0.247 
1703403648.857 8.172 0.145 
1703403648.956 8.183 0.046 
1703403649.056 8.190 -0.058 
1703403649.157 8.197 -0.157 
1703403649.257 8.202 -0.260 
1703403649.357 8.209 -0.362 
1703403649.457 8.215 -0.466 
1703403649.557 8.221 -0.572 
1703403649.658 8.226 -0.678 
1703403649.758 8.232 -0.780 
1703403649.857 8.237 -0.881 
1703403649.958 8.243 -0.980 
1703403650.058 8.249 -1.078 
1703403650.158 8.257 -1.176 
1703403650.259 8.263 -1.270 
1703403650.359 8.264 -1.358 
1703403650.458 8.266 -1.437 
1703403650.559 8.263 -1.517 
1703403650.658 8.260 -1.591 
1703403650.759 8.254 -1.662 
1703403650.860 8.242 -1.766 
1703403650.959 8.231 -1.859 
1703403651.059 8.221 -1.943 
1703403651.159 8.213 -2.032 
1703403651.259 8.204 -2.118 
1703403651.360 8.188 -2.191 
1703403651.460 8.164 -2.241 
1703403651.560 8.140 -2.273 
1703403651.660 8.124 -2.338 
1703403651.760 8.096 -2.429 
1703403651.860 8.075 -2.515 
1703403651.960 8.057 -2.600 
1703403652.060 8.044 -2.689 
1703403652.161 8.028 -2.768 
1703403652.260 8.012 -2.846 
1703403652.360 8.000 -2.927 
1703403652.461 7.990 -3.003 
1703403652.561 7.975 -3.076 
1703403652.661 7.958 -3.147 
1703403652.761 7.938 -3.221 
1703403652.861 7.922 -3.291 
1703403652.961 7.904 -3.365 
1703403653.061 7.887 -3.442 
1703403653.161 7.869 -3.521 
1703403653.261 7.850 -3.608 
1703403653.361 7.832 -3.697 
1703403653.462 7.814 -3.786 
1703403653.562 7.792 -3.881 
1703403653.661 7.771 -3.980 
1703403653.762 7.768 -4.050 
1703403653.862 7.752 -4.107 
1703403653.962 7.728 -4.176 
1703403654.062 7.707 -4.265 
1703403654.163 7.683 -4.349 
1703403654.262 7.658 -4.427 
1703403654.362 7.635 -4.507 
1703403654.462 7.615 -4.584 
1703403654.563 7.588 -4.658 
1703403654.663 7.560 -4.729 
1703403654.763 7.520 -4.805 
1703403654.863 7.458 -4.884 
1703403654.964 7.397 -4.961 
1703403655.064 7.347 -5.035 
1703403655.164 7.311 -5.109 
1703403655.264 7.252 -5.192 
1703403655.364 7.179 -5.272 
1703403655.464 7.106 -5.351 
1703403655.564 7.023 -5.431 
1703403655.664 6.932 -5.509 
1703403655.764 6.842 -5.585 
1703403655.864 6.755 -5.659 
1703403655.964 6.660 -5.732 
1703403656.065 6.567 -5.807 
1703403656.165 6.474 -5.882 
1703403656.265 6.383 -5.957 
1703403656.367 6.290 -6.028 
1703403656.467 6.194 -6.098 
1703403656.567 6.101 -6.169 
1703403656.667 6.008 -6.244 
1703403656.768 5.919 -6.327 
1703403656.867 5.832 -6.402 
1703403656.967 5.747 -6.483 
1703403657.073 5.668 -6.570 
1703403657.172 5.604 -6.668 
1703403657.270 5.549 -6.769 
1703403657.370 5.489 -6.859 
1703403657.470 5.429 -6.956 
1703403657.570 5.381 -7.061 
1703403657.670 5.340 -7.165 
1703403657.770 5.297 -7.266 
1703403657.871 5.251 -7.367 
1703403657.971 5.212 -7.453 
1703403658.070 5.189 -7.508 
1703403658.170 5.185 -7.567 
1703403658.273 5.234 -7.660 
1703403658.374 5.325 -7.753 
1703403658.475 5.408 -7.820 
1703403658.574 5.487 -7.863 
1703403658.675 5.568 -7.869 
1703403658.781 5.669 -7.851 
1703403658.874 5.737 -7.822 
1703403658.975 5.796 -7.789 
1703403659.075 5.884 -7.776 
1703403659.175 5.953 -7.751 
1703403659.275 6.011 -7.737 
1703403659.376 6.086 -7.730 
1703403659.476 6.193 -7.700 
1703403659.575 6.292 -7.675 
1703403659.675 6.366 -7.664 
1703403659.776 6.436 -7.643 
1703403659.875 6.518 -7.595 
1703403659.976 6.589 -7.540 
1703403660.076 6.644 -7.481 
1703403660.176 6.677 -7.435 
1703403660.277 6.700 -7.384 
1703403660.377 6.710 -7.337 
1703403660.476 6.713 -7.306 
1703403660.577 6.707 -7.260 
1703403660.677 6.719 -7.196 
1703403660.778 6.738 -7.140 
1703403660.877 6.759 -7.076 
1703403660.978 6.775 -7.000 
1703403661.077 6.792 -6.918 
1703403661.177 6.810 -6.832 
1703403661.277 6.825 -6.740 
1703403661.377 6.840 -6.636 
1703403661.478 6.864 -6.539 
1703403661.582 6.891 -6.441 
1703403661.681 6.919 -6.343 
1703403661.780 6.952 -6.245 
1703403661.880 6.988 -6.146 
1703403661.980 7.027 -6.048 
1703403662.080 7.053 -5.967 
1703403662.180 7.084 -5.913 
1703403662.281 7.118 -5.866 
1703403662.381 7.141 -5.796 
1703403662.481 7.164 -5.712 
1703403662.581 7.187 -5.636 
1703403662.682 7.206 -5.563 
1703403662.781 7.228 -5.489 
1703403662.882 7.253 -5.417 
1703403662.982 7.273 -5.344 
1703403663.084 7.294 -5.269 
1703403663.183 7.315 -5.195 
1703403663.284 7.336 -5.117 
1703403663.383 7.358 -5.040 
1703403663.484 7.384 -4.962 
1703403663.584 7.406 -4.881 
1703403663.684 7.433 -4.801 
1703403663.783 7.460 -4.723 
1703403663.883 7.489 -4.645 
1703403663.984 7.518 -4.565 
1703403664.084 7.551 -4.480 
1703403669.997 7.051 -4.299 
1703403669.998 7.051 -4.299 
1703403670.098 7.028 -4.371 
1703403670.198 7.011 -4.502 
1703403670.298 6.966 -4.649 
1703403670.398 6.942 -4.765 
1703403670.498 6.893 -4.867 
1703403670.598 6.847 -4.981 
1703403670.699 6.801 -5.091 
1703403670.799 6.754 -5.197 
1703403670.899 6.706 -5.306 
1703403671.000 6.657 -5.414 
1703403671.100 6.608 -5.520 
1703403671.199 6.559 -5.627 
1703403671.300 6.510 -5.735 
1703403671.400 6.461 -5.842 
1703403671.500 6.408 -5.946 
1703403671.600 6.357 -6.051 
1703403671.700 6.307 -6.154 
1703403671.801 6.254 -6.261 
1703403671.900 6.201 -6.365 
1703403672.000 6.150 -6.467 
1703403672.101 6.099 -6.567 
1703403672.201 6.043 -6.669 
1703403672.300 5.989 -6.769 
1703403672.402 5.931 -6.869 
1703403672.501 5.879 -6.967 
1703403672.601 5.828 -7.064 
1703403672.701 5.768 -7.168 
1703403672.802 5.708 -7.268 
1703403672.902 5.654 -7.360 
1703403673.002 5.596 -7.456 
1703403673.102 5.533 -7.552 
1703403673.202 5.473 -7.650 
1703403673.304 5.413 -7.744 
1703403673.403 5.349 -7.836 
1703403673.502 5.278 -7.928 
1703403673.603 5.207 -8.021 
1703403673.703 5.139 -8.109 
1703403673.802 5.066 -8.192 
1703403673.903 4.981 -8.273 
1703403674.003 4.898 -8.355 
1703403674.103 4.828 -8.428 
1703403674.204 4.747 -8.496 
1703403674.304 4.667 -8.546 
1703403674.404 4.583 -8.580 
1703403674.504 4.533 -8.608 
1703403674.616 4.506 -8.626 
1703403674.712 4.479 -8.639 
1703403674.806 4.402 -8.656 
1703403674.905 4.260 -8.662 
1703403675.004 4.160 -8.668 
1703403675.104 4.105 -8.671 
1703403675.204 4.052 -8.670 
1703403675.305 3.978 -8.666 
1703403675.405 3.900 -8.665 
1703403675.505 3.828 -8.669 
1703403675.606 3.767 -8.676 
1703403675.705 3.708 -8.680 
1703403675.805 3.625 -8.665 
1703403675.905 3.539 -8.635 
1703403676.006 3.471 -8.597 
1703403676.105 3.413 -8.548 
1703403676.206 3.372 -8.517 
1703403676.309 3.348 -8.514 
1703403676.406 3.340 -8.519 
1703403676.506 3.326 -8.504 
1703403676.607 3.308 -8.480 
1703403676.706 3.272 -8.435 
1703403676.807 3.228 -8.381 
1703403676.906 3.192 -8.333 
1703403677.008 3.169 -8.299 
1703403677.109 3.151 -8.272 
1703403677.209 3.143 -8.317 
1703403677.309 3.131 -8.337 
1703403677.410 3.121 -8.267 
1703403677.509 3.124 -8.120 
1703403677.610 3.143 -7.998 
1703403677.711 3.173 -7.880 
1703403677.810 3.168 -7.818 
1703403677.910 3.141 -7.753 
1703403678.010 3.111 -7.625 
1703403678.110 3.084 -7.485 
1703403678.211 3.037 -7.339 
1703403678.310 2.984 -7.193 
1703403678.411 2.926 -7.064 
1703403678.510 2.871 -6.952 
1703403678.610 2.784 -6.860 
1703403678.711 2.665 -6.784 
1703403678.811 2.555 -6.721 
1703403678.913 2.458 -6.695 
1703403679.012 2.369 -6.712 
1703403679.112 2.271 -6.768 
1703403679.212 2.160 -6.827 
1703403679.312 2.052 -6.881 
1703403679.412 1.948 -6.938 
1703403679.512 1.846 -7.002 
1703403679.612 1.748 -7.071 
1703403679.712 1.651 -7.141 
1703403679.812 1.555 -7.210 
1703403679.913 1.453 -7.274 
1703403680.013 1.351 -7.337 
1703403680.112 1.249 -7.391 
1703403680.213 1.164 -7.447 
1703403680.313 1.054 -7.487 
1703403680.413 0.910 -7.505 
1703403680.513 0.789 -7.517 
1703403680.614 0.698 -7.526 
1703403683.430 0.906 -7.239 
1703403683.430 0.906 -7.239 
1703403683.530 0.899 -7.236 
1703403683.632 0.920 -7.167 
1703403683.732 0.928 -7.034 
1703403683.832 0.955 -6.911 
1703403683.932 0.959 -6.798 
1703403684.032 0.964 -6.689 
1703403684.132 0.970 -6.577 
1703403684.232 0.980 -6.469 
1703403684.333 0.988 -6.373 
1703403684.433 0.993 -6.269 
1703403684.533 0.996 -6.164 
1703403684.633 0.996 -6.057 
1703403684.733 0.995 -5.949 
1703403684.833 1.004 -5.857 
1703403684.935 1.003 -5.758 
1703403685.034 0.999 -5.653 
1703403685.134 0.994 -5.548 
1703403685.234 0.987 -5.447 
1703403685.334 0.975 -5.350 
1703403685.434 0.966 -5.252 
1703403685.534 0.952 -5.153 
1703403685.634 0.931 -5.053 
1703403685.734 0.911 -4.953 
1703403685.835 0.883 -4.851 
1703403685.935 0.847 -4.751 
1703403686.035 0.820 -4.660 
1703403686.135 0.784 -4.564 
1703403686.235 0.736 -4.470 
1703403686.335 0.676 -4.375 
1703403686.435 0.601 -4.285 
1703403686.536 0.554 -4.202 
1703403686.636 0.498 -4.119 
1703403686.737 0.409 -4.033 
1703403686.836 0.321 -3.949 
1703403686.936 0.239 -3.868 
1703403687.037 0.147 -3.788 
1703403687.137 0.050 -3.712 
1703403687.236 -0.051 -3.649 
1703403687.337 -0.156 -3.598 
1703403687.437 -0.269 -3.545 
1703403687.537 -0.389 -3.497 
1703403687.638 -0.504 -3.457 
1703403687.737 -0.621 -3.436 
1703403687.838 -0.746 -3.430 
1703403687.938 -0.879 -3.444 
1703403688.037 -1.000 -3.451 
1703403688.138 -1.123 -3.463 
1703403688.239 -1.246 -3.477 
1703403688.338 -1.366 -3.497 
1703403688.439 -1.483 -3.531 
1703403688.538 -1.602 -3.584 
1703403688.638 -1.727 -3.663 
1703403688.738 -1.839 -3.709 
1703403688.839 -1.942 -3.768 
1703403688.940 -2.038 -3.843 
1703403689.039 -2.125 -3.921 
1703403689.139 -2.213 -4.003 
1703403689.239 -2.294 -4.090 
1703403689.340 -2.367 -4.184 
1703403689.440 -2.426 -4.283 
1703403689.539 -2.479 -4.388 
1703403689.639 -2.526 -4.499 
1703403689.739 -2.574 -4.612 
1703403689.840 -2.619 -4.721 
1703403689.940 -2.662 -4.829 
1703403690.043 -2.701 -4.941 
1703403690.143 -2.733 -5.058 
1703403690.243 -2.766 -5.162 
1703403690.344 -2.797 -5.269 
1703403690.443 -2.829 -5.375 
1703403690.543 -2.862 -5.487 
1703403690.643 -2.896 -5.586 
1703403690.743 -2.933 -5.674 
1703403690.843 -2.972 -5.751 
1703403690.944 -3.023 -5.827 
1703403691.044 -3.096 -5.893 
1703403691.144 -3.194 -5.954 
1703403691.243 -3.269 -5.990 
1703403691.344 -3.302 -6.004 
1703403691.444 -3.329 -6.003 
1703403696.254 -3.317 -5.603 
1703403696.255 -3.317 -5.603 
1703403696.355 -3.270 -5.650 
1703403696.456 -3.211 -5.756 
1703403696.555 -3.135 -5.851 
1703403696.655 -3.070 -5.945 
1703403696.755 -3.005 -6.041 
1703403696.855 -2.945 -6.121 
1703403696.955 -2.893 -6.203 
1703403697.055 -2.852 -6.326 
1703403697.156 -2.811 -6.437 
1703403697.256 -2.765 -6.538 
1703403697.356 -2.726 -6.644 
1703403697.456 -2.705 -6.764 
1703403697.557 -2.688 -6.886 
1703403697.656 -2.673 -6.993 
1703403697.756 -2.655 -7.090 
1703403697.857 -2.636 -7.201 
1703403697.957 -2.591 -7.337 
1703403698.056 -2.551 -7.467 
1703403698.156 -2.522 -7.585 
1703403698.256 -2.479 -7.696 
1703403698.359 -2.426 -7.808 
1703403698.459 -2.379 -7.902 
1703403698.559 -2.344 -7.966 
1703403698.659 -2.310 -8.024 
1703403698.759 -2.274 -8.081 
1703403698.859 -2.258 -8.161 
1703403698.960 -2.247 -8.237 
1703403699.059 -2.242 -8.309 
1703403699.160 -2.241 -8.382 
1703403699.260 -2.266 -8.474 
1703403699.361 -2.285 -8.579 
1703403699.460 -2.301 -8.661 
1703403699.561 -2.328 -8.733 
1703403699.660 -2.390 -8.811 
1703403699.760 -2.496 -8.890 
1703403699.860 -2.600 -8.953 
1703403699.961 -2.685 -8.997 
1703403700.061 -2.752 -9.038 
1703403700.161 -2.819 -9.088 
1703403700.261 -2.906 -9.119 
1703403700.361 -3.000 -9.133 
1703403700.461 -3.089 -9.147 
1703403700.561 -3.172 -9.145 
1703403700.671 -3.257 -9.130 
1703403700.765 -3.341 -9.115 
1703403700.864 -3.419 -9.094 
1703403700.962 -3.495 -9.078 
1703403701.061 -3.577 -9.069 
1703403701.162 -3.660 -9.055 
1703403701.262 -3.741 -9.033 
1703403701.363 -3.826 -9.008 
1703403701.463 -3.915 -8.987 
1703403701.564 -4.009 -8.965 
1703403701.663 -4.104 -8.941 
1703403701.764 -4.168 -8.926 
1703403701.863 -4.228 -8.912 
1703403701.964 -4.319 -8.902 
1703403702.063 -4.416 -8.887 
1703403702.165 -4.509 -8.870 
1703403702.264 -4.600 -8.861 
1703403702.364 -4.706 -8.847 
1703403702.465 -4.814 -8.829 
1703403702.565 -4.923 -8.811 
1703403702.665 -5.038 -8.792 
1703403702.765 -5.155 -8.774 
1703403702.865 -5.264 -8.751 
1703403702.965 -5.368 -8.726 
1703403703.066 -5.469 -8.698 
1703403703.165 -5.571 -8.674 
1703403703.265 -5.665 -8.655 
1703403703.365 -5.756 -8.632 
1703403703.466 -5.843 -8.607 
1703403703.566 -5.926 -8.583 
1703403703.666 -6.009 -8.558 
1703403703.766 -6.087 -8.534 
1703403703.867 -6.161 -8.514 
1703403703.966 -6.232 -8.493 
1703403704.067 -6.335 -8.450 
1703403704.166 -6.423 -8.414 
1703403704.267 -6.503 -8.386 
1703403704.367 -6.576 -8.364 
1703403704.467 -6.643 -8.342 
1703403704.567 -6.705 -8.324 
1703403704.668 -6.784 -8.283 
1703403704.767 -6.844 -8.284 
1703403704.868 -6.910 -8.270 
1703403704.967 -6.988 -8.209 
1703403705.068 -7.069 -8.154 
1703403705.169 -7.146 -8.068 
1703403705.269 -7.222 -7.961 
1703403705.369 -7.270 -7.840 
1703403705.470 -7.294 -7.714 
1703403705.569 -7.289 -7.586 
1703403705.670 -7.252 -7.466 
1703403705.772 -7.199 -7.368 
1703403705.872 -7.132 -7.285 
1703403705.973 -7.042 -7.213 
1703403706.072 -6.940 -7.143 
1703403706.173 -6.826 -7.088 
1703403706.273 -6.720 -7.030 
1703403706.373 -6.621 -6.967 
1703403706.473 -6.511 -6.915 
1703403706.573 -6.392 -6.881 
1703403706.673 -6.273 -6.859 
1703403706.774 -6.149 -6.847 
1703403706.874 -6.028 -6.834 
1703403706.974 -5.909 -6.828 
1703403707.074 -5.785 -6.825 
1703403707.174 -5.665 -6.812 
1703403707.274 -5.546 -6.785 
1703403707.374 -5.424 -6.758 
1703403707.476 -5.296 -6.735 
1703403707.575 -5.172 -6.699 
1703403707.675 -5.061 -6.668 
1703403707.776 -4.949 -6.636 
1703403707.875 -4.840 -6.587 
1703403707.977 -4.733 -6.517 
1703403708.077 -4.638 -6.444 
1703403708.176 -4.554 -6.375 
1703403708.275 -4.478 -6.311 
1703403708.376 -4.410 -6.231 
1703403708.476 -4.351 -6.125 
1703403708.577 -4.303 -6.017 
1703403708.677 -4.270 -5.914 
1703403708.778 -4.242 -5.806 
1703403708.879 -4.222 -5.691 
1703403708.978 -4.213 -5.575 
1703403709.078 -4.217 -5.459 
1703403709.178 -4.229 -5.339 
1703403709.280 -4.246 -5.220 
1703403709.379 -4.263 -5.109 
1703403709.480 -4.289 -4.996 
1703403709.579 -4.326 -4.883 
1703403709.680 -4.376 -4.776 
1703403709.780 -4.426 -4.666 
1703403709.880 -4.481 -4.552 
1703403709.980 -4.542 -4.445 
1703403710.080 -4.612 -4.345 
1703403710.181 -4.688 -4.253 
1703403710.280 -4.775 -4.162 
1703403710.380 -4.890 -4.079 
1703403710.480 -5.004 -3.993 
1703403710.581 -5.111 -3.915 
1703403710.681 -5.219 -3.852 
1703403710.782 -5.326 -3.803 
1703403710.881 -5.443 -3.766 
1703403710.981 -5.565 -3.748 
1703403711.082 -5.679 -3.728 
1703403711.185 -5.795 -3.714 
1703403711.287 -5.912 -3.708 
1703403711.385 -6.034 -3.711 
1703403711.484 -6.157 -3.715 
1703403711.584 -6.279 -3.713 
1703403711.684 -6.397 -3.719 
1703403711.785 -6.513 -3.729 
1703403711.885 -6.634 -3.738 
1703403711.986 -6.753 -3.745 
1703403712.087 -6.872 -3.747 
1703403712.186 -6.991 -3.744 
1703403712.286 -7.113 -3.737 
1703403712.387 -7.231 -3.722 
1703403712.488 -7.361 -3.708 
1703403712.586 -7.431 -3.726 
1703403712.687 -7.480 -3.768 
1703403712.786 -7.542 -3.742 
1703403712.886 -7.606 -3.659 
1703403712.987 -7.692 -3.571 
1703403713.089 -7.783 -3.485 
1703403713.187 -7.858 -3.391 
1703403713.288 -7.905 -3.287 
1703403713.388 -7.905 -3.220 
1703403713.488 -7.905 -3.114 
1703403713.590 -7.896 -2.994 
1703403713.690 -7.889 -2.891 
1703403713.791 -7.878 -2.807 
1703403713.890 -7.859 -2.740 
1703403713.991 -7.840 -2.674 
1703403714.091 -7.829 -2.603 
1703403714.192 -7.821 -2.510 
1703403714.290 -7.805 -2.406 
1703403714.391 -7.795 -2.296 
1703403716.095 -7.848 -2.274 
1703403716.095 -7.849 -2.274 
1703403716.196 -7.896 -2.255 
1703403716.296 -7.996 -2.177 
1703403716.396 -8.097 -2.099 
1703403716.497 -8.184 -2.023 
1703403716.597 -8.274 -1.943 
1703403716.697 -8.359 -1.860 
1703403716.797 -8.442 -1.778 
1703403716.897 -8.531 -1.701 
1703403716.997 -8.618 -1.628 
1703403719.703 -8.771 -1.705 
1703403719.802 -8.803 -1.706 
1703403720.508 -8.988 -1.706 
1703403720.508 -8.988 -1.706 
1703403720.616 -8.973 -1.720 
1703403720.712 -8.924 -1.785 
1703403720.810 -8.831 -1.876 
1703403720.919 -8.735 -1.970 
1703403721.013 -8.655 -2.051 
1703403721.111 -8.569 -2.135 
1703403721.210 -8.482 -2.222 
1703403721.310 -8.397 -2.306 
1703403721.411 -8.313 -2.388 
1703403721.511 -8.227 -2.467 
1703403721.610 -8.139 -2.548 
1703403721.711 -8.050 -2.628 
1703403721.817 -7.951 -2.711 
1703403721.910 -7.867 -2.785 
1703403722.011 -7.776 -2.862 
1703403722.112 -7.687 -2.934 
1703403722.212 -7.593 -2.995 
1703403722.312 -7.496 -3.064 
1703403722.413 -7.398 -3.135 
1703403722.513 -7.295 -3.192 
1703403722.613 -7.188 -3.239 
1703403722.713 -7.079 -3.287 
1703403722.813 -6.969 -3.343 
1703403722.914 -6.863 -3.391 
1703403723.014 -6.752 -3.417 
1703403723.113 -6.638 -3.438 
1703403723.214 -6.518 -3.460 
1703403723.314 -6.402 -3.486 
1703403723.414 -6.285 -3.507 
1703403723.514 -6.169 -3.528 
1703403723.614 -6.050 -3.541 
1703403723.716 -5.931 -3.555 
1703403723.815 -5.814 -3.569 
1703403723.915 -5.696 -3.587 
1703403724.015 -5.578 -3.604 
1703403724.115 -5.459 -3.624 
1703403724.215 -5.346 -3.639 
1703403724.315 -5.226 -3.664 
1703403724.415 -5.109 -3.691 
1703403724.515 -5.005 -3.743 
1703403724.615 -4.905 -3.803 
1703403724.715 -4.795 -3.853 
1703403724.816 -4.705 -3.885 
1703403724.916 -4.631 -3.935 
1703403725.016 -4.557 -3.996 
1703403725.116 -4.480 -4.070 
1703403725.216 -4.409 -4.153 
1703403725.317 -4.344 -4.241 
1703403725.416 -4.284 -4.340 
1703403725.518 -4.234 -4.447 
1703403725.617 -4.194 -4.552 
1703403725.716 -4.160 -4.662 
1703403725.817 -4.129 -4.775 
1703403725.917 -4.115 -4.894 
1703403726.017 -4.105 -5.010 
1703403726.117 -4.086 -5.118 
1703403726.217 -4.067 -5.229 
1703403726.317 -4.067 -5.342 
1703403726.418 -4.077 -5.455 
1703403726.517 -4.083 -5.561 
1703403726.634 -4.085 -5.666 
1703403726.724 -4.106 -5.781 
1703403726.821 -4.127 -5.894 
1703403726.919 -4.152 -6.000 
1703403727.018 -4.195 -6.114 
1703403727.118 -4.221 -6.226 
1703403727.218 -4.262 -6.332 
1703403727.319 -4.319 -6.434 
1703403727.419 -4.410 -6.525 
1703403727.519 -4.497 -6.609 
1703403727.619 -4.588 -6.686 
1703403727.721 -4.688 -6.750 
1703403727.820 -4.789 -6.810 
1703403727.924 -4.877 -6.872 
1703403728.021 -4.981 -6.927 
1703403728.120 -5.099 -6.977 
1703403728.220 -5.205 -7.031 
1703403728.320 -5.307 -7.084 
1703403728.422 -5.418 -7.134 
1703403728.520 -5.536 -7.173 
1703403728.621 -5.652 -7.212 
1703403728.721 -5.762 -7.254 
1703403728.820 -5.866 -7.292 
1703403728.920 -5.970 -7.320 
1703403729.021 -6.072 -7.340 
1703403729.121 -6.174 -7.359 
1703403729.220 -6.272 -7.375 
1703403729.321 -6.370 -7.389 
1703403729.421 -6.463 -7.399 
1703403729.521 -6.552 -7.410 
1703403729.621 -6.641 -7.419 
1703403729.721 -6.742 -7.419 
1703403729.822 -6.829 -7.423 
1703403729.922 -6.912 -7.425 
1703403730.022 -6.995 -7.430 
1703403730.122 -7.077 -7.436 
1703403730.222 -7.162 -7.436 
1703403730.322 -7.242 -7.431 
1703403730.422 -7.320 -7.424 
1703403730.522 -7.396 -7.416 
1703403730.622 -7.465 -7.416 
1703403730.723 -7.533 -7.417 
1703403730.823 -7.609 -7.415 
1703403730.923 -7.686 -7.396 
1703403731.023 -7.792 -7.351 
1703403731.123 -7.894 -7.316 
1703403731.223 -7.975 -7.306 
1703403731.323 -8.062 -7.274 
1703403731.423 -8.145 -7.229 
1703403731.524 -8.218 -7.176 
1703403731.624 -8.283 -7.128 
1703403731.723 -8.356 -7.055 
1703403731.823 -8.419 -6.972 
1703403731.924 -8.470 -6.911 
1703403732.024 -8.519 -6.869 
1703403732.124 -8.569 -6.826 
1703403732.224 -8.623 -6.765 
1703403732.325 -8.656 -6.702 
1703403732.425 -8.682 -6.641 
1703403732.525 -8.695 -6.584 
1703403732.625 -8.695 -6.530 
1703403735.033 -8.505 -6.739 
1703403735.034 -8.505 -6.739 
1703403735.134 -8.421 -6.786 
1703403735.234 -8.297 -6.858 
1703403735.337 -8.165 -6.902 
1703403735.435 -8.072 -6.936 
1703403735.534 -7.999 -6.965 
1703403735.635 -7.951 -6.983 
1703403735.734 -7.902 -7.003 
1703403735.834 -7.823 -7.037 
1703403735.935 -7.710 -7.090 
1703403736.035 -7.632 -7.112 
1703403736.135 -7.539 -7.122 
1703403736.235 -7.441 -7.136 
1703403736.336 -7.343 -7.159 
1703403736.436 -7.246 -7.170 
1703403736.535 -7.155 -7.170 
1703403736.636 -7.053 -7.165 
1703403736.736 -6.949 -7.160 
1703403736.837 -6.850 -7.154 
1703403736.938 -6.752 -7.151 
1703403737.039 -6.651 -7.146 
1703403737.140 -6.552 -7.140 
1703403737.240 -6.452 -7.134 
1703403737.340 -6.353 -7.130 
1703403737.440 -6.257 -7.125 
1703403737.541 -6.159 -7.119 
1703403737.642 -6.061 -7.111 
1703403737.742 -5.961 -7.101 
1703403737.842 -5.862 -7.094 
1703403737.942 -5.764 -7.092 
1703403738.042 -5.669 -7.089 
1703403738.142 -5.578 -7.084 
1703403738.243 -5.481 -7.080 
1703403738.342 -5.385 -7.072 
1703403738.442 -5.289 -7.068 
1703403738.543 -5.191 -7.063 
1703403738.642 -5.097 -7.059 
1703403738.743 -4.997 -7.052 
1703403738.843 -4.888 -7.037 
1703403738.943 -4.788 -7.015 
1703403739.043 -4.698 -6.990 
1703403739.144 -4.618 -6.960 
1703403739.243 -4.529 -6.916 
1703403739.343 -4.417 -6.837 
1703403739.443 -4.318 -6.768 
1703403739.545 -4.248 -6.719 
1703403739.644 -4.194 -6.680 
1703403739.744 -4.136 -6.592 
1703403739.845 -4.103 -6.501 
1703403739.944 -4.063 -6.453 
1703403740.045 -4.011 -6.384 
1703403740.145 -3.978 -6.266 
1703403740.246 -3.949 -6.136 
1703403740.345 -3.918 -6.053 
1703403740.445 -3.890 -5.949 
1703403740.545 -3.863 -5.834 
1703403740.647 -3.836 -5.726 
1703403740.747 -3.808 -5.616 
1703403740.848 -3.781 -5.504 
1703403740.947 -3.754 -5.399 
1703403741.048 -3.720 -5.292 
1703403741.148 -3.690 -5.185 
1703403741.248 -3.659 -5.080 
1703403741.348 -3.623 -4.991 
1703403741.447 -3.590 -4.899 
1703403741.548 -3.557 -4.805 
1703403741.648 -3.527 -4.714 
1703403741.749 -3.498 -4.626 
1703403741.848 -3.472 -4.540 
1703403741.949 -3.446 -4.453 
1703403742.049 -3.419 -4.367 
1703403742.149 -3.394 -4.282 
1703403742.249 -3.368 -4.197 
1703403742.349 -3.345 -4.115 
1703403742.449 -3.321 -4.033 
1703403742.550 -3.297 -3.949 
1703403742.649 -3.273 -3.868 
1703403742.750 -3.244 -3.790 
1703403742.850 -3.209 -3.710 
1703403742.950 -3.178 -3.633 
1703403743.050 -3.149 -3.556 
1703403743.152 -3.119 -3.478 
1703403743.251 -3.088 -3.403 
1703403743.351 -3.050 -3.328 
1703403743.451 -3.012 -3.254 
1703403743.551 -2.973 -3.172 
1703403743.651 -2.936 -3.090 
1703403743.752 -2.894 -3.006 
1703403743.852 -2.842 -2.926 
1703403743.951 -2.786 -2.844 
1703403744.051 -2.728 -2.760 
1703403744.151 -2.676 -2.673 
1703403744.251 -2.621 -2.583 
1703403744.352 -2.557 -2.503 
1703403744.452 -2.486 -2.426 
1703403744.553 -2.415 -2.352 
1703403744.652 -2.351 -2.273 
1703403744.752 -2.281 -2.200 
1703403744.853 -2.212 -2.128 
1703403744.952 -2.142 -2.057 
1703403745.053 -2.063 -1.982 
1703403745.153 -1.990 -1.907 
1703403745.253 -1.917 -1.834 
1703403745.353 -1.841 -1.767 
1703403745.456 -1.760 -1.702 
1703403745.556 -1.679 -1.638 
1703403745.656 -1.601 -1.576 
1703403745.755 -1.524 -1.507 
1703403745.856 -1.448 -1.448 
1703403745.956 -1.361 -1.386 
1703403746.056 -1.263 -1.317 
1703403746.156 -1.176 -1.243 
1703403746.256 -1.100 -1.161 
1703403746.356 -1.026 -1.067 
1703403746.457 -0.950 -0.980 
1703403746.558 -0.878 -0.887 
1703403746.658 -0.827 -0.785 
1703403746.758 -0.771 -0.679 
1703403746.858 -0.719 -0.563 
1703403746.958 -0.673 -0.436 
1703403747.059 -0.638 -0.326 
1703403747.159 -0.620 -0.209 
1703403747.260 -0.610 -0.094 
1703403747.359 -0.605 0.012 
1703403747.459 -0.597 0.127 
1703403747.560 -0.594 0.242 
1703403747.660 -0.598 0.356 
1703403747.760 -0.614 0.467 
1703403747.859 -0.623 0.582 
1703403747.960 -0.633 0.704 
1703403748.060 -0.639 0.820 
1703403748.160 -0.656 0.929 
1703403748.261 -0.702 1.043 
1703403748.360 -0.767 1.159 
1703403748.460 -0.827 1.274 
1703403748.561 -0.868 1.375 
1703403748.661 -0.934 1.473 
1703403748.760 -1.022 1.567 
1703403748.862 -1.122 1.642 
1703403748.961 -1.228 1.704 
1703403749.062 -1.354 1.742 
1703403749.161 -1.461 1.779 
1703403749.261 -1.565 1.815 
1703403749.362 -1.675 1.829 
1703403749.462 -1.790 1.829 
1703403749.563 -1.903 1.828 
1703403749.662 -2.020 1.818 
1703403749.762 -2.137 1.811 
1703403749.862 -2.256 1.804 
1703403749.962 -2.376 1.800 
1703403750.062 -2.490 1.795 
1703403750.163 -2.609 1.786 
1703403750.262 -2.731 1.781 
1703403750.363 -2.855 1.775 
1703403750.463 -2.978 1.772 
1703403750.563 -3.094 1.766 
1703403750.663 -3.210 1.765 
1703403750.763 -3.333 1.770 
1703403750.864 -3.444 1.774 
1703403750.964 -3.534 1.767 
1703403751.063 -3.608 1.760 
1703403751.164 -3.689 1.764 
1703403751.263 -3.787 1.793 
1703403751.365 -3.873 1.822 
1703403751.464 -3.939 1.840 
1703403751.564 -4.003 1.860 
1703403751.664 -4.071 1.884 
1703403751.767 -4.171 1.904 
1703403751.865 -4.296 1.937 
1703403751.964 -4.400 1.966 
1703403752.065 -4.488 1.990 
1703403752.165 -4.568 2.012 
1703403752.265 -4.642 2.027 
1703403752.365 -4.724 2.019 
1703403752.465 -4.808 2.002 
1703403752.565 -4.885 1.979 
1703403752.665 -4.959 1.951 
1703403752.766 -5.036 1.926 
1703403752.865 -5.116 1.911 
1703403752.966 -5.194 1.904 
1703403753.066 -5.267 1.900 
1703403753.166 -5.342 1.900 
1703403753.267 -5.420 1.905 
1703403753.366 -5.504 1.908 
1703403753.466 -5.593 1.914 
1703403753.567 -5.677 1.917 
1703403753.666 -5.755 1.913 
1703403753.767 -5.834 1.912 
1703403753.867 -5.912 1.923 
1703403753.968 -5.990 1.935 
1703403754.067 -6.049 1.908 
1703403754.167 -6.106 1.880 
1703403754.267 -6.179 1.879 
1703403754.368 -6.278 1.894 
1703403754.468 -6.373 1.946 
1703403754.567 -6.419 1.975 
1703403754.668 -6.444 2.002 
1703403754.768 -6.461 2.079 
1703403754.869 -6.514 2.192 
1703403754.968 -6.552 2.308 
1703403755.069 -6.568 2.412 
1703403755.168 -6.587 2.484 
1703403755.269 -6.600 2.564 
1703403755.369 -6.618 2.644 
1703403755.469 -6.638 2.722 
1703403755.569 -6.654 2.800 
1703403755.674 -6.665 2.879 
1703403755.771 -6.665 2.957 
1703403755.874 -6.661 3.041 
1703403755.972 -6.657 3.122 
1703403756.072 -6.654 3.202 
1703403756.173 -6.642 3.284 
1703403756.273 -6.635 3.367 
1703403756.373 -6.630 3.449 
1703403756.473 -6.624 3.531 
1703403756.574 -6.615 3.614 
1703403756.673 -6.608 3.697 
1703403756.773 -6.601 3.786 
1703403756.874 -6.593 3.874 
1703403756.974 -6.574 3.923 
1703403757.077 -6.558 3.993 
1703403757.174 -6.562 4.108 
1703403757.274 -6.566 4.224 
1703403757.374 -6.573 4.328 
1703403757.473 -6.583 4.430 
1703403757.574 -6.608 4.545 
1703403757.674 -6.632 4.650 
1703403757.775 -6.649 4.729 
1703403757.875 -6.658 4.792 
1703403757.974 -6.630 4.823 
1703403758.074 -6.603 4.857 
1703403762.086 -6.676 5.303 
1703403762.186 -6.646 5.293 
1703403762.286 -6.560 5.230 
1703403762.386 -6.442 5.174 
1703403762.486 -6.320 5.114 
1703403762.587 -6.226 5.053 
1703403762.686 -6.142 5.014 
1703403767.796 -5.132 4.909 
1703403767.797 -5.132 4.909 
1703403767.897 -5.215 4.877 
1703403767.997 -5.319 4.801 
1703403768.097 -5.411 4.702 
1703403768.197 -5.503 4.619 
1703403768.298 -5.594 4.543 
1703403768.397 -5.683 4.459 
1703403768.497 -5.770 4.380 
1703403768.598 -5.859 4.296 
1703403768.698 -5.948 4.214 
1703403768.797 -6.034 4.135 
1703403768.898 -6.121 4.055 
1703403768.998 -6.205 3.978 
1703403769.099 -6.297 3.902 
1703403769.198 -6.389 3.823 
1703403769.299 -6.479 3.742 
1703403769.398 -6.566 3.667 
1703403769.498 -6.660 3.591 
1703403769.599 -6.755 3.519 
1703403769.699 -6.847 3.446 
1703403769.799 -6.935 3.375 
1703403769.899 -7.026 3.307 
1703403769.999 -7.130 3.243 
1703403770.099 -7.229 3.177 
1703403770.199 -7.335 3.111 
1703403770.299 -7.438 3.046 
1703403770.400 -7.546 2.994 
1703403770.499 -7.656 2.951 
1703403770.602 -7.773 2.908 
1703403770.699 -7.930 2.877 
1703403770.801 -8.106 2.852 
1703403770.901 -8.213 2.794 
1703403771.001 -8.345 2.768 
1703403772.404 -8.478 2.621 
1703403772.405 -8.478 2.621 
1703403772.504 -8.483 2.688 
1703403772.604 -8.501 2.825 
1703403772.705 -8.523 2.962 
1703403772.805 -8.545 3.071 
1703403772.905 -8.561 3.200 
1703403773.007 -8.573 3.328 
1703403773.107 -8.580 3.433 
1703403773.207 -8.588 3.521 
1703403773.307 -8.602 3.593 
1703403773.407 -8.610 3.670 
1703403773.507 -8.616 3.753 
1703403773.608 -8.622 3.840 
1703403773.707 -8.628 3.927 
1703403773.807 -8.634 4.015 
1703403773.908 -8.641 4.106 
1703403774.007 -8.648 4.198 
1703403774.108 -8.652 4.295 
1703403774.208 -8.657 4.388 
1703403774.308 -8.662 4.493 
1703403774.408 -8.666 4.597 
1703403774.508 -8.672 4.699 
1703403774.608 -8.676 4.805 
1703403774.709 -8.677 4.912 
1703403774.808 -8.680 5.018 
1703403774.909 -8.684 5.124 
1703403775.010 -8.687 5.230 
1703403775.109 -8.691 5.338 
1703403775.209 -8.689 5.440 
1703403775.309 -8.695 5.545 
1703403775.409 -8.705 5.639 
1703403775.509 -8.710 5.733 
1703403775.610 -8.713 5.825 
1703403775.710 -8.717 5.914 
1703403775.809 -8.723 6.000 
1703403775.910 -8.729 6.084 
1703403776.010 -8.736 6.165 
1703403776.110 -8.742 6.242 
1703403776.210 -8.747 6.317 
1703403776.310 -8.746 6.431 
1703403776.410 -8.748 6.531 
1703403776.510 -8.760 6.621 
1703403776.611 -8.781 6.701 
1703403776.711 -8.785 6.784 
1703403776.811 -8.775 6.861 
1703403776.912 -8.748 6.936 
1703403777.013 -8.716 7.013 
1703403777.113 -8.685 7.108 
1703403777.213 -8.659 7.190 
1703403777.314 -8.633 7.251 
1703403777.413 -8.605 7.309 
1703403777.513 -8.499 7.362 
1703403777.613 -8.391 7.406 
1703403777.714 -8.297 7.453 
1703403777.814 -8.213 7.491 
1703403777.914 -8.141 7.514 
1703403778.015 -8.064 7.503 
1703403778.114 -7.961 7.471 
1703403778.215 -7.892 7.442 
1703403778.314 -7.827 7.428 
1703403778.414 -7.782 7.419 
1703403778.514 -7.747 7.406 
1703403781.120 -7.764 7.455 
1703403781.121 -7.764 7.455 
1703403781.221 -7.759 7.432 
1703403781.321 -7.757 7.320 
1703403781.422 -7.755 7.191 
1703403781.521 -7.751 7.094 
1703403781.622 -7.737 6.997 
1703403781.721 -7.715 6.881 
1703403781.822 -7.680 6.761 
1703403781.922 -7.653 6.644 
1703403782.022 -7.629 6.535 
1703403782.123 -7.605 6.421 
1703403782.222 -7.578 6.311 
1703403782.322 -7.539 6.205 
1703403782.423 -7.503 6.088 
1703403782.523 -7.462 5.975 
1703403782.623 -7.406 5.881 
1703403782.726 -7.329 5.790 
1703403782.823 -7.253 5.702 
1703403782.923 -7.173 5.609 
1703403783.023 -7.092 5.520 
1703403783.124 -7.020 5.431 
1703403783.224 -6.928 5.355 
1703403783.324 -6.819 5.297 
1703403783.423 -6.707 5.241 
1703403783.525 -6.608 5.174 
1703403783.624 -6.513 5.122 
1703403783.724 -6.403 5.092 
1703403783.824 -6.305 5.069 
1703403783.925 -6.223 5.042 
1703403784.025 -6.131 5.009 
1703403784.125 -6.048 4.992 
1703403784.225 -5.994 4.996 
1703403784.326 -5.961 5.034 
1703403784.425 -5.911 5.085 
1703403784.525 -5.842 5.128 
1703403784.625 -5.745 5.158 
1703403784.725 -5.653 5.190 
1703403784.826 -5.577 5.214 
1703403784.926 -5.495 5.244 
1703403785.026 -5.384 5.289 
1703403785.126 -5.256 5.350 
1703403785.227 -5.127 5.413 
1703403785.326 -5.022 5.457 
1703403785.427 -4.910 5.506 
1703403785.526 -4.786 5.575 
1703403785.627 -4.671 5.647 
1703403785.728 -4.607 5.707 
1703403785.827 -4.565 5.739 
1703403785.927 -4.560 5.763 
1703403786.028 -4.535 5.823 
1703403786.127 -4.479 5.927 
1703403786.228 -4.414 6.015 
1703403786.327 -4.354 6.104 
1703403786.428 -4.282 6.181 
1703403786.529 -4.201 6.240 
1703403786.633 -4.122 6.319 
1703403786.729 -4.076 6.393 
1703403786.828 -4.018 6.474 
1703403786.928 -3.951 6.567 
1703403787.035 -3.883 6.647 
1703403787.131 -3.822 6.725 
1703403787.230 -3.760 6.808 
1703403787.329 -3.698 6.890 
1703403787.429 -3.640 6.975 
1703403787.529 -3.579 7.055 
1703403787.629 -3.524 7.133 
1703403787.729 -3.456 7.220 
1703403787.830 -3.384 7.313 
1703403787.930 -3.311 7.403 
1703403788.030 -3.242 7.497 
1703403788.132 -3.175 7.594 
1703403788.232 -3.112 7.692 
1703403788.331 -3.054 7.792 
1703403788.433 -2.995 7.888 
1703403788.532 -2.936 7.982 
1703403788.632 -2.877 8.079 
1703403788.732 -2.822 8.182 
1703403788.833 -2.767 8.285 
1703403788.933 -2.710 8.384 
1703403789.033 -2.652 8.483 
1703403789.133 -2.605 8.587 
1703403789.233 -2.567 8.672 
1703403789.332 -2.544 8.716 
1703403789.433 -2.525 8.738 
1703403794.141 -2.802 8.239 
1703403794.242 -2.801 8.285 
1703403796.350 -2.684 8.284 
1703403796.450 -2.642 8.257 
