1703404187.115 3.150 2.011 
1703404187.116 3.150 2.011 
1703404187.216 3.186 1.993 
1703404187.316 3.250 1.909 
1703404187.417 3.293 1.785 
1703404187.517 3.345 1.672 
1703404187.617 3.408 1.575 
1703404187.718 3.476 1.468 
1703404187.818 3.543 1.358 
1703404187.918 3.584 1.296 
1703404188.018 3.604 1.252 
1703404188.121 3.639 1.197 
1703404188.219 3.677 1.132 
1703404188.322 3.715 1.064 
1703404188.421 3.754 1.007 
1703404188.521 3.800 0.945 
1703404188.620 3.849 0.878 
1703404188.721 3.898 0.809 
1703404188.822 3.934 0.757 
1703404188.922 3.956 0.719 
1703404189.022 3.951 0.689 
1703404189.122 3.955 0.663 
1703404189.221 3.968 0.634 
1703404189.322 4.033 0.605 
1703404189.422 4.131 0.578 
1703404189.522 4.201 0.549 
1703404189.622 4.237 0.534 
1703404189.723 4.276 0.521 
1703404189.823 4.337 0.526 
1703404189.923 4.400 0.543 
1703404190.022 4.450 0.541 
1703404190.123 4.495 0.579 
1703404190.223 4.514 0.699 
1703404190.323 4.523 0.793 
1703404190.423 4.528 0.879 
1703404190.523 4.523 0.980 
1703404190.623 4.526 1.082 
1703404190.724 4.521 1.155 
1703404190.824 4.514 1.217 
1703404190.924 4.501 1.299 
1703404191.024 4.481 1.399 
1703404191.124 4.465 1.492 
1703404191.224 4.449 1.579 
1703404191.324 4.431 1.671 
1703404191.424 4.414 1.772 
1703404191.525 4.393 1.868 
1703404191.625 4.367 1.957 
1703404191.724 4.344 2.042 
1703404191.825 4.317 2.131 
1703404191.925 4.276 2.235 
1703404192.026 4.252 2.327 
1703404192.125 4.226 2.413 
1703404192.225 4.199 2.494 
1703404192.325 4.170 2.572 
1703404192.426 4.146 2.656 
1703404192.525 4.131 2.737 
1703404192.626 4.118 2.810 
1703404192.726 4.103 2.892 
1703404192.825 4.120 3.028 
1703404192.926 4.140 3.156 
1703404193.026 4.151 3.232 
1703404193.832 4.171 3.305 
1703404193.832 4.171 3.305 
1703404193.933 4.209 3.356 
1703404194.032 4.226 3.490 
1703404194.132 4.233 3.635 
1703404194.232 4.257 3.763 
1703404194.332 4.264 3.872 
1703404194.433 4.256 3.993 
1703404194.533 4.255 4.109 
1703404194.634 4.231 4.233 
1703404194.733 4.214 4.355 
1703404194.833 4.200 4.472 
1703404194.933 4.173 4.579 
1703404195.033 4.149 4.695 
1703404195.134 4.128 4.805 
1703404195.234 4.108 4.916 
1703404195.333 4.082 5.029 
1703404195.434 4.067 5.146 
1703404195.533 4.062 5.253 
1703404195.634 4.064 5.365 
1703404195.734 4.103 5.477 
1703404195.835 4.156 5.581 
1703404195.934 4.212 5.676 
1703404196.035 4.282 5.766 
1703404196.135 4.348 5.854 
1703404196.236 4.379 5.917 
1703404196.335 4.413 5.963 
1703404196.436 4.494 5.980 
1703404196.536 4.588 6.012 
1703404203.147 4.306 5.605 
1703404203.247 4.328 5.599 
1703404203.347 4.351 5.597 
1703404203.447 4.309 5.607 
1703404203.548 4.202 5.636 
1703404203.647 4.098 5.654 
1703404203.748 3.997 5.663 
1703404203.848 3.901 5.667 
1703404203.948 3.830 5.676 
1703404204.048 3.769 5.685 
1703404204.148 3.695 5.677 
1703404204.248 3.613 5.668 
1703404204.348 3.526 5.659 
1703404204.449 3.451 5.654 
1703404204.549 3.376 5.646 
1703404204.649 3.293 5.630 
1703404204.749 3.203 5.599 
1703404204.849 3.121 5.571 
1703404204.949 3.043 5.541 
1703404205.049 2.964 5.508 
1703404205.150 2.884 5.477 
1703404205.250 2.804 5.445 
1703404205.351 2.725 5.410 
1703404205.450 2.650 5.376 
1703404205.550 2.576 5.342 
1703404205.650 2.498 5.307 
1703404205.750 2.421 5.283 
1703404205.851 2.344 5.249 
1703404205.950 2.281 5.214 
1703404206.050 2.216 5.176 
1703404206.151 2.148 5.139 
1703404206.251 2.079 5.100 
1703404206.351 2.000 5.046 
1703404206.451 1.911 4.995 
1703404206.551 1.831 4.948 
1703404206.651 1.765 4.914 
1703404206.752 1.715 4.903 
1703404206.851 1.674 4.905 
1703404206.951 1.639 4.854 
1703404207.052 1.619 4.794 
1703404207.152 1.606 4.786 
1703404207.253 1.562 4.848 
1703404207.352 1.529 4.889 
1703404207.453 1.517 4.883 
1703404207.553 1.590 4.805 
1703404207.653 1.693 4.720 
1703404207.755 1.783 4.623 
1703404207.854 1.872 4.554 
1703404207.957 1.952 4.503 
1703404208.056 2.014 4.477 
1703404208.156 2.063 4.471 
1703404208.257 2.124 4.414 
1703404208.356 2.205 4.329 
1703404208.456 2.261 4.262 
1703404208.556 2.304 4.229 
1703404208.657 2.353 4.154 
1703404208.757 2.417 4.070 
1703404208.857 2.485 3.985 
1703404208.958 2.547 3.901 
1703404209.057 2.605 3.803 
1703404209.157 2.668 3.723 
1703404209.258 2.733 3.654 
1703404209.358 2.782 3.565 
1703404209.458 2.822 3.450 
1703404209.558 2.866 3.338 
1703404209.658 2.909 3.217 
1703404209.758 2.950 3.105 
1703404209.858 2.980 2.991 
1703404209.958 3.001 2.875 
1703404210.060 3.026 2.753 
1703404210.160 3.046 2.631 
1703404210.259 3.066 2.511 
1703404210.359 3.083 2.389 
1703404210.462 3.098 2.269 
1703404210.560 3.121 2.153 
1703404210.659 3.145 2.042 
1703404210.760 3.165 1.929 
1703404210.860 3.176 1.830 
1703404210.960 3.194 1.728 
1703404211.060 3.217 1.628 
1703404211.161 3.243 1.529 
1703404211.261 3.278 1.435 
1703404211.361 3.313 1.340 
1703404211.461 3.345 1.246 
1703404211.562 3.381 1.154 
1703404211.669 3.418 1.063 
1703404211.765 3.454 0.973 
1703404211.863 3.485 0.885 
1703404211.965 3.519 0.791 
1703404212.063 3.546 0.695 
1703404212.163 3.576 0.610 
1703404212.264 3.601 0.521 
1703404212.363 3.621 0.435 
1703404212.463 3.635 0.353 
1703404212.563 3.647 0.268 
1703404212.664 3.647 0.180 
1703404212.764 3.625 0.054 
1703404212.863 3.636 -0.045 
1703404212.963 3.638 -0.135 
1703404213.064 3.631 -0.227 
1703404213.164 3.617 -0.318 
1703404213.264 3.590 -0.393 
1703404213.365 3.570 -0.467 
1703404213.465 3.516 -0.559 
1703404213.565 3.433 -0.655 
1703404213.664 3.381 -0.736 
1703404213.765 3.371 -0.765 
1703404213.865 3.357 -0.781 
1703404213.965 3.327 -0.813 
1703404214.064 3.274 -0.879 
1703404218.872 3.610 -0.633 
1703404218.972 3.554 -0.675 
1703404219.073 3.432 -0.746 
1703404219.172 3.368 -0.811 
1703404219.273 3.340 -0.857 
1703404219.373 3.371 -0.839 
1703404219.474 3.465 -0.762 
1703404219.574 3.567 -0.677 
1703404219.674 3.642 -0.599 
1703404219.773 3.736 -0.534 
1703404219.874 3.839 -0.480 
1703404219.973 3.927 -0.441 
1703404220.073 4.013 -0.413 
1703404220.173 4.126 -0.393 
1703404220.273 4.241 -0.367 
1703404220.374 4.355 -0.362 
1703404220.473 4.469 -0.377 
1703404220.574 4.590 -0.389 
1703404220.674 4.711 -0.394 
1703404220.774 4.825 -0.407 
1703404220.875 4.936 -0.433 
1703404220.974 5.047 -0.481 
1703404221.074 5.145 -0.544 
1703404221.175 5.241 -0.615 
1703404221.275 5.343 -0.682 
1703404221.375 5.441 -0.750 
1703404221.475 5.534 -0.822 
1703404221.575 5.624 -0.900 
1703404221.675 5.701 -0.991 
1703404221.776 5.769 -1.089 
1703404221.876 5.831 -1.183 
1703404221.976 5.883 -1.265 
1703404222.076 5.934 -1.340 
1703404222.176 5.993 -1.408 
1703404222.276 6.095 -1.490 
1703404222.377 6.195 -1.574 
1703404222.476 6.284 -1.647 
1703404222.577 6.369 -1.715 
1703404223.779 6.471 -1.842 
1703404223.880 6.470 -1.815 
1703404223.980 6.524 -1.726 
1703404224.081 6.593 -1.621 
1703404224.181 6.657 -1.517 
1703404224.280 6.699 -1.412 
1703404224.381 6.734 -1.300 
1703404224.481 6.775 -1.194 
1703404224.581 6.818 -1.096 
1703404224.681 6.861 -1.039 
1703404224.781 6.893 -0.969 
1703404224.882 6.902 -0.861 
1703404224.982 6.894 -0.743 
1703404225.082 6.889 -0.635 
1703404225.184 6.880 -0.528 
1703404225.283 6.874 -0.452 
1703404225.383 6.868 -0.402 
1703404225.483 6.861 -0.328 
1703404225.582 6.849 -0.244 
1703404225.683 6.839 -0.165 
1703404225.783 6.837 -0.083 
1703404225.883 6.845 0.001 
1703404225.982 6.854 0.077 
1703404226.083 6.864 0.161 
1703404226.183 6.867 0.255 
1703404226.284 6.875 0.342 
1703404226.383 6.882 0.422 
1703404226.483 6.895 0.511 
1703404226.584 6.911 0.601 
1703404226.683 6.925 0.688 
1703404226.783 6.938 0.779 
1703404226.884 6.950 0.869 
1703404226.984 6.958 0.956 
1703404227.090 6.962 1.061 
1703404227.185 6.968 1.152 
1703404227.284 6.974 1.253 
1703404227.385 6.980 1.348 
1703404227.485 6.985 1.445 
1703404227.585 6.984 1.550 
1703404231.000 6.870 1.631 
1703404231.001 6.870 1.630 
1703404231.100 6.937 1.624 
1703404231.201 7.075 1.607 
1703404231.300 7.189 1.604 
1703404231.401 7.274 1.595 
1703404231.501 7.389 1.618 
1703404231.601 7.526 1.638 
1703404231.700 7.630 1.663 
1703404231.801 7.742 1.674 
1703404231.901 7.859 1.670 
1703404232.002 7.988 1.627 
1703404232.101 8.092 1.588 
1703404232.202 8.196 1.515 
1703404232.301 8.276 1.419 
1703404232.402 8.348 1.328 
1703404232.501 8.411 1.252 
1703404232.602 8.445 1.198 
1703404232.702 8.456 1.164 
1703404232.802 8.459 1.138 
1703404232.903 8.476 1.090 
1703404233.002 8.475 1.024 
1703404233.102 8.464 0.958 
1703404233.202 8.454 0.886 
1703404233.303 8.438 0.808 
1703404233.402 8.422 0.726 
1703404233.503 8.405 0.641 
1703404233.604 8.392 0.557 
1703404233.703 8.378 0.467 
1703404233.804 8.362 0.372 
1703404233.904 8.342 0.272 
1703404234.003 8.328 0.163 
1703404234.103 8.322 0.036 
1703404234.204 8.302 -0.067 
1703404234.303 8.301 -0.123 
1703404234.404 8.313 -0.201 
1703404234.504 8.323 -0.304 
1703404234.604 8.331 -0.395 
1703404234.704 8.345 -0.480 
1703404234.804 8.361 -0.565 
1703404234.905 8.378 -0.647 
1703404235.005 8.391 -0.728 
1703404235.104 8.403 -0.806 
1703404235.205 8.414 -0.887 
1703404235.304 8.427 -0.969 
1703404235.405 8.438 -1.039 
1703404235.505 8.437 -1.115 
1703404235.604 8.439 -1.197 
1703404235.705 8.440 -1.277 
1703404235.805 8.439 -1.353 
1703404235.905 8.436 -1.430 
1703404236.005 8.429 -1.511 
1703404236.106 8.416 -1.590 
1703404236.205 8.407 -1.669 
1703404236.306 8.398 -1.749 
1703404236.407 8.388 -1.831 
1703404236.506 8.376 -1.912 
1703404236.606 8.363 -1.995 
1703404236.708 8.349 -2.077 
1703404236.808 8.335 -2.160 
1703404236.908 8.320 -2.243 
1703404237.008 8.306 -2.328 
1703404237.108 8.293 -2.415 
1703404237.209 8.278 -2.504 
1703404237.309 8.261 -2.591 
1703404237.410 8.245 -2.680 
1703404237.509 8.234 -2.767 
1703404237.610 8.222 -2.854 
1703404237.710 8.211 -2.940 
1703404237.813 8.198 -3.025 
1703404237.911 8.184 -3.107 
1703404238.011 8.168 -3.189 
1703404238.110 8.153 -3.267 
1703404238.210 8.139 -3.348 
1703404238.311 8.125 -3.431 
1703404238.410 8.110 -3.514 
1703404238.511 8.096 -3.593 
1703404238.611 8.080 -3.674 
1703404238.711 8.071 -3.750 
1703404238.811 8.056 -3.824 
1703404238.911 8.034 -3.897 
1703404239.011 8.013 -3.966 
1703404239.112 7.996 -4.024 
1703404239.212 7.965 -4.084 
1703404239.312 7.910 -4.185 
1703404239.412 7.861 -4.286 
1703404239.513 7.868 -4.353 
1703404239.612 7.862 -4.417 
1703404239.712 7.820 -4.485 
1703404239.812 7.758 -4.553 
1703404239.913 7.701 -4.626 
1703404240.013 7.655 -4.676 
1703404240.113 7.619 -4.709 
1703404240.213 7.559 -4.734 
1703404240.313 7.463 -4.746 
1703404240.414 7.365 -4.764 
1703404240.514 7.277 -4.778 
1703404240.614 7.176 -4.800 
1703404240.713 7.086 -4.821 
1703404240.814 6.996 -4.836 
1703404240.914 6.903 -4.846 
1703404241.014 6.806 -4.852 
1703404241.113 6.706 -4.854 
1703404241.214 6.609 -4.850 
1703404241.314 6.523 -4.845 
1703404241.418 6.447 -4.830 
1703404241.514 6.386 -4.809 
1703404241.615 6.325 -4.789 
1703404241.714 6.253 -4.745 
1703404241.815 6.186 -4.686 
1703404241.915 6.123 -4.623 
1703404242.015 6.059 -4.553 
1703404242.115 6.008 -4.456 
1703404242.217 5.956 -4.348 
1703404242.316 5.915 -4.215 
1703404242.416 5.875 -4.085 
1703404242.516 5.835 -4.016 
1703404242.615 5.815 -3.951 
1703404242.716 5.829 -3.862 
1703404242.816 5.854 -3.775 
1703404242.916 5.878 -3.683 
1703404243.016 5.905 -3.594 
1703404243.116 5.934 -3.505 
1703404243.216 5.961 -3.421 
1703404243.316 5.975 -3.342 
1703404243.416 5.978 -3.263 
1703404243.517 5.986 -3.182 
1703404243.619 6.004 -3.094 
1703404243.718 6.016 -3.013 
1703404243.819 6.023 -2.935 
1703404243.919 6.013 -2.873 
1703404244.019 5.999 -2.828 
1703404244.119 5.969 -2.775 
1703404244.219 5.928 -2.706 
1703404244.320 5.858 -2.603 
1703404244.420 5.808 -2.516 
1703404244.520 5.771 -2.447 
1703404244.625 5.729 -2.378 
1703404244.724 5.681 -2.309 
1703404244.822 5.646 -2.246 
1703404244.921 5.639 -2.164 
1703404245.024 5.643 -2.062 
1703404245.122 5.648 -1.968 
1703404245.223 5.662 -1.865 
1703404245.322 5.675 -1.760 
1703404245.422 5.695 -1.704 
1703404245.522 5.691 -1.633 
1703404245.623 5.694 -1.541 
1703404245.723 5.703 -1.456 
1703404245.823 5.703 -1.364 
1703404245.924 5.673 -1.260 
1703404246.024 5.635 -1.163 
1703404250.933 5.974 -1.150 
1703404250.934 5.974 -1.150 
1703404251.035 5.954 -1.102 
1703404251.134 5.876 -0.985 
1703404251.234 5.824 -0.884 
1703404251.335 5.747 -0.789 
1703404251.436 5.675 -0.695 
1703404251.535 5.587 -0.607 
1703404251.636 5.472 -0.544 
1703404251.735 5.364 -0.489 
1703404251.835 5.259 -0.441 
1703404251.935 5.141 -0.408 
1703404252.036 5.040 -0.379 
1703404252.135 4.964 -0.368 
1703404252.235 4.887 -0.367 
1703404252.335 4.800 -0.370 
1703404252.436 4.710 -0.370 
1703404252.535 4.619 -0.372 
1703404252.637 4.521 -0.372 
1703404252.736 4.426 -0.372 
1703404252.836 4.323 -0.375 
1703404252.936 4.221 -0.377 
1703404253.036 4.119 -0.379 
1703404253.137 4.019 -0.380 
1703404253.236 3.921 -0.381 
1703404253.337 3.815 -0.389 
1703404253.437 3.714 -0.400 
1703404253.537 3.611 -0.410 
1703404253.638 3.514 -0.416 
1703404253.737 3.420 -0.425 
1703404253.837 3.314 -0.439 
1703404253.937 3.217 -0.449 
1703404254.037 3.121 -0.462 
1703404254.137 3.027 -0.477 
1703404254.238 2.929 -0.498 
1703404254.338 2.826 -0.524 
1703404254.437 2.731 -0.546 
1703404254.537 2.643 -0.565 
1703404254.638 2.551 -0.587 
1703404254.738 2.458 -0.616 
1703404254.839 2.365 -0.640 
1703404254.939 2.277 -0.663 
1703404255.040 2.196 -0.689 
1703404255.139 2.111 -0.713 
1703404255.239 2.025 -0.739 
1703404255.339 1.937 -0.769 
1703404255.439 1.851 -0.796 
1703404255.540 1.773 -0.821 
1703404255.639 1.696 -0.845 
1703404255.740 1.616 -0.870 
1703404255.839 1.537 -0.896 
1703404255.940 1.460 -0.925 
1703404256.040 1.390 -0.955 
1703404256.140 1.319 -0.982 
1703404256.240 1.253 -1.009 
1703404256.340 1.186 -1.038 
1703404256.440 1.114 -1.077 
1703404256.540 1.044 -1.115 
1703404256.641 0.942 -1.170 
1703404256.741 0.843 -1.210 
1703404256.840 0.766 -1.254 
1703404256.941 0.685 -1.292 
1703404257.041 0.613 -1.332 
1703404257.142 0.549 -1.381 
1703404257.241 0.493 -1.432 
1703404257.341 0.439 -1.487 
1703404257.441 0.374 -1.547 
1703404257.541 0.318 -1.630 
1703404257.642 0.258 -1.728 
1703404257.742 0.201 -1.817 
1703404257.842 0.151 -1.891 
1703404257.942 0.114 -1.963 
1703404258.042 0.082 -2.039 
1703404258.142 0.042 -2.132 
1703404258.242 -0.010 -2.231 
1703404258.343 -0.046 -2.311 
1703404258.450 -0.069 -2.401 
1703404258.542 -0.082 -2.475 
1703404258.643 -0.075 -2.582 
1703404258.743 -0.069 -2.675 
1703404258.844 -0.068 -2.751 
1703404258.944 -0.064 -2.836 
1703404259.043 -0.063 -2.942 
1703404259.143 -0.061 -3.039 
1703404259.244 -0.056 -3.119 
1703404259.344 -0.049 -3.167 
1703404259.444 -0.038 -3.187 
1703404259.544 -0.001 -3.189 
1703404259.643 0.053 -3.213 
1703404259.744 0.134 -3.259 
1703404259.846 0.218 -3.340 
1703404259.947 0.298 -3.438 
1703404260.048 0.380 -3.526 
1703404260.148 0.453 -3.603 
1703404260.248 0.471 -3.627 
1703404260.347 0.465 -3.577 
1703404260.448 0.467 -3.518 
1703404260.548 0.484 -3.506 
1703404260.648 0.504 -3.549 
1703404260.748 0.533 -3.595 
1703404260.847 0.572 -3.649 
1703404260.949 0.659 -3.748 
1703404261.048 0.774 -3.853 
1703404261.148 0.888 -3.947 
1703404261.249 0.983 -4.035 
1703404261.349 1.041 -4.091 
1703404261.449 1.099 -4.139 
1703404261.549 1.160 -4.193 
1703404261.649 1.226 -4.247 
1703404261.749 1.293 -4.298 
1703404261.849 1.350 -4.342 
1703404261.951 1.397 -4.378 
1703404262.051 1.446 -4.406 
1703404262.152 1.503 -4.428 
1703404262.251 1.545 -4.455 
1703404262.351 1.585 -4.483 
1703404262.454 1.630 -4.511 
1703404262.551 1.680 -4.525 
1703404262.651 1.741 -4.540 
1703404262.752 1.809 -4.555 
1703404262.852 1.883 -4.574 
1703404262.952 1.960 -4.595 
1703404263.052 2.034 -4.619 
1703404263.152 2.107 -4.639 
1703404263.253 2.176 -4.657 
1703404263.353 2.245 -4.663 
1703404263.453 2.311 -4.663 
1703404263.552 2.382 -4.668 
1703404263.654 2.457 -4.684 
1703404263.754 2.514 -4.696 
1703404263.853 2.542 -4.715 
1703404263.954 2.545 -4.750 
1703404264.056 2.571 -4.758 
1703404264.155 2.625 -4.746 
1703404264.254 2.689 -4.738 
1703404267.063 3.057 -4.674 
1703404267.064 3.057 -4.674 
1703404267.164 2.964 -4.638 
1703404267.263 2.858 -4.603 
1703404267.364 2.742 -4.536 
1703404267.465 2.644 -4.484 
1703404267.565 2.566 -4.400 
1703404267.665 2.486 -4.316 
1703404267.765 2.399 -4.235 
1703404267.865 2.314 -4.155 
1703404267.965 2.230 -4.075 
1703404268.068 2.140 -3.990 
1703404268.165 2.057 -3.911 
1703404268.266 1.971 -3.829 
1703404268.366 1.888 -3.746 
1703404268.465 1.806 -3.664 
1703404268.566 1.722 -3.582 
1703404268.678 1.637 -3.502 
1703404268.771 1.551 -3.423 
1703404268.868 1.466 -3.344 
1703404268.967 1.378 -3.263 
1703404269.067 1.293 -3.178 
1703404269.166 1.207 -3.095 
1703404269.268 1.122 -3.012 
1703404269.366 1.040 -2.933 
1703404269.466 0.961 -2.857 
1703404269.566 0.879 -2.771 
1703404269.667 0.792 -2.689 
1703404269.767 0.700 -2.615 
1703404269.867 0.611 -2.546 
1703404269.967 0.519 -2.471 
1703404270.068 0.427 -2.395 
1703404270.167 0.330 -2.326 
1703404270.268 0.235 -2.266 
1703404270.368 0.135 -2.206 
1703404270.468 0.018 -2.152 
1703404270.567 -0.087 -2.096 
1703404270.668 -0.191 -2.043 
1703404270.768 -0.296 -1.989 
1703404270.869 -0.404 -1.935 
1703404270.968 -0.511 -1.888 
1703404271.068 -0.619 -1.846 
1703404271.169 -0.727 -1.809 
1703404271.269 -0.839 -1.768 
1703404271.368 -0.954 -1.735 
1703404271.469 -1.068 -1.699 
1703404271.571 -1.185 -1.670 
1703404271.670 -1.302 -1.647 
1703404271.770 -1.416 -1.633 
1703404271.869 -1.528 -1.619 
1703404271.969 -1.628 -1.604 
1703404272.070 -1.719 -1.592 
1703404272.170 -1.806 -1.588 
1703404272.270 -1.891 -1.593 
1703404272.370 -1.979 -1.602 
1703404272.472 -2.063 -1.607 
1703404272.571 -2.143 -1.610 
1703404272.671 -2.215 -1.616 
1703404272.771 -2.294 -1.617 
1703404272.871 -2.387 -1.612 
1703404272.972 -2.480 -1.617 
1703404273.071 -2.578 -1.628 
1703404273.171 -2.666 -1.631 
1703404273.272 -2.740 -1.631 
1703404273.371 -2.802 -1.646 
1703404274.374 -2.752 -1.700 
1703404274.476 -2.724 -1.776 
1703404274.575 -2.710 -1.832 
1703404274.675 -2.729 -1.872 
1703404274.775 -2.694 -1.938 
1703404274.875 -2.623 -2.026 
1703404274.976 -2.535 -2.138 
1703404275.077 -2.446 -2.251 
1703404275.176 -2.366 -2.340 
1703404275.276 -2.313 -2.397 
1703404275.376 -2.289 -2.401 
1703404276.379 -2.237 -2.399 
1703404276.479 -2.228 -2.446 
1703404276.582 -2.232 -2.526 
1703404276.679 -2.228 -2.648 
1703404276.780 -2.230 -2.779 
1703404276.880 -2.259 -2.907 
1703404276.979 -2.318 -3.018 
1703404277.080 -2.414 -3.105 
1703404277.180 -2.511 -3.178 
1703404277.280 -2.610 -3.253 
1703404277.380 -2.702 -3.330 
1703404277.481 -2.802 -3.400 
1703404277.581 -2.905 -3.461 
1703404277.680 -3.014 -3.520 
1703404277.780 -3.120 -3.581 
1703404277.881 -3.227 -3.635 
1703404277.981 -3.335 -3.681 
1703404278.081 -3.445 -3.733 
1703404278.184 -3.553 -3.788 
1703404278.285 -3.651 -3.850 
1703404278.384 -3.739 -3.918 
1703404278.484 -3.818 -3.980 
1703404278.584 -3.892 -4.042 
1703404278.684 -3.958 -4.100 
1703404278.784 -4.021 -4.158 
1703404278.884 -4.077 -4.217 
1703404278.985 -4.134 -4.270 
1703404279.085 -4.183 -4.310 
1703404279.184 -4.195 -4.337 
1703404279.285 -4.203 -4.390 
1703404279.385 -4.221 -4.467 
1703404279.485 -4.214 -4.545 
1703404279.595 -4.190 -4.603 
1703404279.685 -4.193 -4.633 
1703404279.785 -4.183 -4.683 
1703404279.885 -4.169 -4.753 
1703404279.987 -4.164 -4.841 
1703404280.086 -4.168 -4.938 
1703404280.187 -4.155 -5.029 
1703404280.285 -4.144 -5.117 
1703404280.386 -4.131 -5.203 
1703404280.486 -4.130 -5.297 
1703404280.586 -4.131 -5.394 
1703404280.686 -4.128 -5.494 
1703404280.786 -4.122 -5.602 
1703404280.886 -4.126 -5.719 
1703404280.986 -4.129 -5.837 
1703404281.087 -4.129 -5.945 
1703404281.186 -4.128 -6.038 
1703404281.286 -4.128 -6.122 
1703404281.387 -4.101 -6.223 
1703404281.487 -4.063 -6.317 
1703404281.587 -4.038 -6.387 
1703404281.687 -4.009 -6.451 
1703404281.787 -3.997 -6.503 
1703404281.887 -3.927 -6.571 
1703404281.987 -3.863 -6.625 
1703404282.088 -3.832 -6.666 
1703404282.188 -3.798 -6.695 
1703404282.288 -3.724 -6.702 
1703404282.388 -3.660 -6.713 
1703404282.488 -3.621 -6.732 
1703404282.588 -3.595 -6.753 
1703404282.689 -3.559 -6.764 
1703404282.788 -3.455 -6.730 
1703404282.888 -3.395 -6.729 
1703404282.989 -3.361 -6.733 
1703404283.089 -3.321 -6.717 
1703404283.189 -3.273 -6.656 
1703404283.289 -3.243 -6.581 
1703404283.389 -3.214 -6.543 
1703404283.490 -3.179 -6.505 
1703404283.590 -3.131 -6.436 
1703404283.689 -3.071 -6.356 
1703404283.790 -3.017 -6.277 
1703404283.890 -2.964 -6.197 
1703404283.991 -2.919 -6.157 
1703404284.092 -2.878 -6.123 
1703404284.192 -2.844 -6.068 
1703404284.292 -2.816 -5.992 
1703404284.392 -2.784 -5.910 
1703404284.492 -2.752 -5.835 
1703404284.593 -2.721 -5.764 
1703404284.693 -2.702 -5.682 
1703404284.792 -2.683 -5.595 
1703404284.892 -2.662 -5.508 
1703404284.992 -2.644 -5.407 
1703404285.092 -2.628 -5.306 
1703404285.192 -2.614 -5.199 
1703404285.292 -2.601 -5.086 
1703404285.394 -2.579 -4.970 
1703404287.697 -2.654 -4.731 
1703404287.697 -2.654 -4.731 
1703404287.799 -2.680 -4.702 
1703404287.903 -2.742 -4.638 
1703404288.000 -2.839 -4.559 
1703404288.100 -2.919 -4.485 
1703404288.199 -3.010 -4.428 
1703404288.299 -3.105 -4.356 
1703404288.399 -3.196 -4.275 
1703404288.499 -3.283 -4.196 
1703404288.600 -3.372 -4.117 
1703404288.700 -3.461 -4.037 
1703404288.799 -3.551 -3.955 
1703404288.900 -3.640 -3.871 
1703404289.000 -3.726 -3.789 
1703404289.100 -3.811 -3.707 
1703404289.201 -3.897 -3.624 
1703404289.300 -3.982 -3.541 
1703404289.400 -4.068 -3.456 
1703404289.501 -4.154 -3.372 
1703404289.600 -4.239 -3.287 
1703404289.700 -4.325 -3.202 
1703404289.800 -4.409 -3.119 
1703404289.901 -4.495 -3.038 
1703404290.002 -4.582 -2.955 
1703404290.101 -4.667 -2.873 
1703404290.201 -4.756 -2.792 
1703404290.302 -4.847 -2.714 
1703404290.401 -4.937 -2.637 
1703404290.501 -5.025 -2.558 
1703404290.602 -5.116 -2.480 
1703404290.701 -5.207 -2.411 
1703404290.802 -5.302 -2.343 
1703404290.902 -5.400 -2.273 
1703404291.003 -5.496 -2.199 
1703404291.102 -5.592 -2.139 
1703404291.203 -5.694 -2.084 
1703404291.302 -5.800 -2.030 
1703404291.402 -5.908 -1.979 
1703404291.503 -6.018 -1.931 
1703404291.603 -6.129 -1.887 
1703404291.703 -6.241 -1.845 
1703404291.803 -6.342 -1.810 
1703404291.903 -6.436 -1.781 
1703404292.004 -6.534 -1.759 
1703404292.104 -6.630 -1.737 
1703404292.203 -6.723 -1.714 
1703404292.304 -6.811 -1.699 
1703404292.405 -6.889 -1.685 
1703404292.504 -6.967 -1.672 
1703404292.605 -7.059 -1.670 
1703404292.705 -7.133 -1.671 
1703404292.808 -7.233 -1.682 
1703404292.907 -7.312 -1.671 
1703404293.005 -7.355 -1.644 
1703404293.106 -7.396 -1.637 
1703404293.205 -7.474 -1.692 
1703404293.305 -7.521 -1.678 
1703404293.405 -7.564 -1.660 
1703404293.506 -7.611 -1.715 
1703404293.605 -7.619 -1.850 
1703404293.705 -7.624 -1.958 
1703404293.806 -7.601 -2.023 
1703404293.906 -7.592 -2.105 
1703404294.006 -7.612 -2.214 
1703404294.106 -7.643 -2.306 
1703404294.206 -7.660 -2.402 
1703404294.307 -7.677 -2.510 
1703404294.407 -7.688 -2.614 
1703404294.507 -7.698 -2.707 
1703404294.606 -7.707 -2.789 
1703404294.706 -7.709 -2.864 
1703404294.807 -7.701 -2.915 
1703404294.907 -7.703 -2.961 
1703404295.007 -7.704 -3.041 
1703404295.107 -7.696 -3.115 
1703404295.207 -7.683 -3.187 
1703404295.307 -7.679 -3.274 
1703404295.407 -7.683 -3.359 
1703404295.508 -7.683 -3.421 
1703404295.607 -7.680 -3.453 
1703404295.708 -7.666 -3.464 
1703404295.809 -7.608 -3.483 
1703404295.909 -7.493 -3.502 
1703404296.008 -7.399 -3.506 
1703404296.108 -7.348 -3.539 
1703404296.209 -7.293 -3.556 
1703404296.308 -7.205 -3.551 
1703404296.409 -7.110 -3.551 
1703404296.509 -7.016 -3.552 
1703404296.610 -6.916 -3.557 
1703404296.711 -6.809 -3.558 
1703404296.810 -6.697 -3.558 
1703404296.911 -6.581 -3.558 
1703404297.010 -6.465 -3.561 
1703404297.110 -6.347 -3.567 
1703404297.210 -6.228 -3.569 
1703404297.310 -6.107 -3.572 
1703404297.411 -5.987 -3.577 
1703404297.511 -5.871 -3.589 
1703404297.611 -5.751 -3.605 
1703404297.711 -5.633 -3.620 
1703404297.811 -5.515 -3.647 
1703404297.911 -5.391 -3.665 
1703404298.011 -5.270 -3.689 
1703404298.111 -5.156 -3.737 
1703404298.212 -5.048 -3.784 
1703404298.311 -4.940 -3.850 
1703404298.411 -4.840 -3.931 
1703404298.511 -4.746 -3.998 
1703404298.611 -4.650 -4.073 
1703404298.712 -4.561 -4.158 
1703404298.812 -4.486 -4.256 
1703404298.911 -4.413 -4.355 
1703404299.012 -4.338 -4.453 
1703404299.112 -4.272 -4.555 
1703404299.212 -4.218 -4.659 
1703404299.313 -4.171 -4.765 
1703404299.412 -4.142 -4.883 
1703404299.513 -4.130 -5.003 
1703404299.613 -4.109 -5.111 
1703404299.713 -4.092 -5.222 
1703404299.813 -4.088 -5.335 
1703404299.912 -4.093 -5.443 
1703404300.013 -4.106 -5.553 
1703404300.114 -4.131 -5.666 
1703404300.214 -4.167 -5.774 
1703404300.313 -4.193 -5.873 
1703404300.413 -4.225 -5.965 
1703404300.514 -4.302 -6.057 
1703404300.625 -4.374 -6.145 
1703404300.719 -4.434 -6.229 
1703404300.816 -4.505 -6.310 
1703404300.915 -4.595 -6.389 
1703404301.015 -4.675 -6.472 
1703404301.115 -4.765 -6.555 
1703404301.215 -4.855 -6.636 
1703404301.316 -4.945 -6.711 
1703404301.415 -5.034 -6.792 
1703404301.516 -5.118 -6.891 
1703404301.616 -5.196 -6.976 
1703404301.715 -5.266 -7.058 
1703404301.816 -5.331 -7.163 
1703404301.917 -5.395 -7.264 
1703404302.016 -5.464 -7.359 
1703404302.117 -5.535 -7.456 
1703404302.217 -5.596 -7.565 
1703404302.317 -5.654 -7.662 
1703404302.418 -5.690 -7.718 
1703404302.525 -5.724 -7.785 
1703404302.619 -5.753 -7.846 
1703404302.718 -5.794 -7.946 
1703404302.818 -5.838 -8.051 
1703404302.918 -5.876 -8.144 
1703404303.017 -5.903 -8.203 
1703404303.119 -5.924 -8.248 
1703404303.217 -5.962 -8.307 
1703404303.318 -5.998 -8.380 
1703404303.417 -6.026 -8.462 
1703404303.518 -6.044 -8.534 
1703404303.618 -6.052 -8.586 
1703404308.028 -5.859 -8.247 
1703404308.129 -5.866 -8.294 
1703404308.229 -5.931 -8.418 
1703404308.328 -5.992 -8.460 
1703404309.833 -5.980 -8.293 
1703404309.834 -5.981 -8.293 
1703404309.935 -6.029 -8.250 
1703404310.034 -6.137 -8.170 
1703404310.135 -6.247 -8.089 
1703404310.235 -6.337 -8.011 
1703404310.334 -6.398 -7.920 
1703404310.435 -6.473 -7.826 
1703404310.534 -6.560 -7.747 
1703404310.634 -6.647 -7.663 
1703404310.734 -6.732 -7.565 
1703404310.835 -6.822 -7.469 
1703404310.936 -6.916 -7.387 
1703404311.038 -7.023 -7.330 
1703404311.136 -7.134 -7.299 
1703404311.236 -7.251 -7.279 
1703404311.335 -7.367 -7.255 
1703404311.435 -7.483 -7.234 
1703404311.536 -7.600 -7.210 
1703404311.636 -7.716 -7.189 
1703404316.447 -8.026 -7.322 
1703404316.447 -8.026 -7.322 
1703404316.548 -8.002 -7.319 
1703404316.649 -7.906 -7.320 
1703404316.748 -7.781 -7.335 
1703404316.848 -7.660 -7.338 
1703404316.949 -7.545 -7.353 
1703404317.049 -7.428 -7.366 
1703404317.149 -7.309 -7.378 
1703404317.249 -7.189 -7.390 
1703404317.349 -7.071 -7.399 
1703404317.449 -6.951 -7.404 
1703404317.549 -6.833 -7.406 
1703404317.650 -6.716 -7.406 
1703404317.749 -6.594 -7.411 
1703404317.849 -6.473 -7.417 
1703404317.950 -6.355 -7.414 
1703404318.050 -6.240 -7.394 
1703404318.151 -6.120 -7.373 
1703404318.250 -6.000 -7.358 
1703404318.350 -5.883 -7.335 
1703404318.455 -5.773 -7.309 
1703404318.553 -5.673 -7.285 
1703404318.651 -5.604 -7.263 
1703404318.751 -5.538 -7.253 
1703404318.851 -5.465 -7.243 
1703404318.952 -5.391 -7.228 
1703404319.052 -5.318 -7.202 
1703404319.152 -5.246 -7.177 
1703404319.252 -5.174 -7.152 
1703404319.352 -5.100 -7.129 
1703404319.452 -5.021 -7.109 
1703404319.555 -4.940 -7.085 
1703404319.653 -4.864 -7.057 
1703404319.753 -4.791 -7.028 
1703404319.852 -4.720 -6.995 
1703404319.953 -4.646 -6.954 
1703404320.053 -4.574 -6.908 
1703404320.153 -4.512 -6.851 
1703404320.253 -4.453 -6.787 
1703404320.353 -4.383 -6.720 
1703404320.454 -4.318 -6.659 
1703404320.553 -4.257 -6.609 
1703404320.654 -4.198 -6.540 
1703404320.757 -4.139 -6.457 
1703404320.855 -4.079 -6.369 
1703404320.954 -4.021 -6.283 
1703404321.054 -3.957 -6.196 
1703404321.154 -3.906 -6.127 
1703404321.254 -3.847 -6.059 
1703404321.354 -3.781 -5.961 
1703404321.455 -3.714 -5.861 
1703404321.555 -3.649 -5.770 
1703404321.655 -3.582 -5.681 
1703404321.755 -3.516 -5.586 
1703404321.854 -3.450 -5.493 
1703404321.956 -3.380 -5.396 
1703404322.055 -3.311 -5.301 
1703404322.155 -3.242 -5.204 
1703404322.256 -3.173 -5.108 
1703404322.356 -3.107 -5.014 
1703404322.455 -3.042 -4.924 
1703404322.556 -2.971 -4.830 
1703404322.656 -2.897 -4.738 
1703404322.756 -2.819 -4.647 
1703404322.856 -2.741 -4.557 
1703404322.956 -2.656 -4.469 
1703404323.058 -2.574 -4.381 
1703404323.158 -2.489 -4.298 
1703404323.256 -2.402 -4.220 
1703404323.357 -2.306 -4.146 
1703404323.457 -2.205 -4.080 
1703404323.557 -2.110 -4.010 
1703404323.657 -2.013 -3.943 
1703404323.757 -1.914 -3.878 
1703404323.857 -1.795 -3.832 
1703404323.957 -1.668 -3.797 
1703404324.059 -1.544 -3.761 
1703404324.159 -1.422 -3.727 
1703404324.259 -1.298 -3.709 
1703404324.359 -1.177 -3.703 
1703404324.459 -1.052 -3.709 
1703404324.559 -0.916 -3.733 
1703404324.659 -0.813 -3.730 
1703404324.759 -0.711 -3.748 
1703404324.859 -0.600 -3.781 
1703404324.960 -0.486 -3.819 
1703404325.060 -0.378 -3.863 
1703404325.159 -0.271 -3.916 
1703404325.259 -0.167 -3.974 
1703404325.360 -0.067 -4.041 
1703404325.460 0.031 -4.118 
1703404325.560 0.122 -4.200 
1703404325.660 0.212 -4.284 
1703404325.760 0.297 -4.371 
1703404325.861 0.377 -4.462 
1703404325.961 0.454 -4.551 
1703404326.060 0.528 -4.641 
1703404326.161 0.598 -4.736 
1703404326.261 0.660 -4.830 
1703404326.361 0.721 -4.927 
1703404326.461 0.774 -5.036 
1703404326.561 0.822 -5.142 
1703404326.664 0.859 -5.248 
1703404326.763 0.887 -5.359 
1703404326.862 0.903 -5.477 
1703404326.962 0.904 -5.592 
1703404327.062 0.908 -5.706 
1703404327.162 0.915 -5.822 
1703404327.263 0.912 -5.939 
1703404327.362 0.903 -6.056 
1703404327.464 0.896 -6.175 
1703404327.564 0.889 -6.293 
1703404327.664 0.881 -6.410 
1703404327.764 0.874 -6.528 
1703404327.865 0.863 -6.620 
1703404327.964 0.865 -6.714 
1703404328.064 0.858 -6.802 
1703404328.165 0.842 -6.860 
1703404328.265 0.832 -6.917 
1703404329.870 0.827 -6.897 
1703404329.971 0.878 -6.913 
1703404330.070 1.009 -6.922 
1703404330.171 1.110 -6.942 
1703404330.270 1.204 -6.973 
1703404330.370 1.293 -6.993 
1703404330.470 1.374 -6.999 
1703404330.571 1.426 -6.998 
1703404330.671 1.473 -6.986 
1703404330.773 1.530 -6.973 
1703404330.872 1.599 -6.960 
1703404330.973 1.677 -6.939 
1703404331.074 1.752 -6.922 
1703404331.174 1.815 -6.917 
1703404331.274 1.896 -6.926 
1703404331.375 1.970 -6.928 
1703404331.474 2.034 -6.925 
1703404333.280 2.333 -6.713 
1703404333.280 2.333 -6.713 
1703404333.381 2.362 -6.772 
1703404333.480 2.412 -6.898 
1703404333.580 2.459 -6.985 
1703404333.680 2.513 -7.082 
1703404333.781 2.575 -7.187 
1703404333.880 2.638 -7.285 
1703404333.981 2.706 -7.384 
1703404334.081 2.773 -7.482 
1703404334.181 2.841 -7.580 
1703404334.282 2.907 -7.675 
1703404334.383 2.978 -7.766 
1703404334.483 3.055 -7.852 
1703404334.583 3.141 -7.935 
1703404334.683 3.228 -8.017 
1703404334.784 3.311 -8.092 
1703404334.883 3.398 -8.168 
1703404334.983 3.496 -8.234 
1703404335.084 3.606 -8.290 
1703404335.184 3.717 -8.330 
1703404335.284 3.852 -8.357 
1703404335.384 3.990 -8.363 
1703404335.484 4.093 -8.366 
1703404335.584 4.140 -8.361 
1703404335.685 4.112 -8.342 
1703404335.784 4.057 -8.304 
1703404335.885 4.009 -8.261 
1703404335.985 3.974 -8.212 
1703404336.085 3.927 -8.183 
1703404336.185 3.893 -8.158 
1703404336.285 3.872 -8.126 
1703404336.385 3.865 -8.098 
1703404336.486 3.896 -8.064 
1703404336.585 3.936 -8.045 
1703404336.685 3.962 -8.026 
1703404336.785 3.991 -7.980 
1703404336.886 4.027 -7.940 
1703404336.986 4.059 -7.899 
1703404337.086 4.086 -7.872 
1703404337.186 4.116 -7.839 
1703404337.286 4.152 -7.788 
1703404337.387 4.191 -7.729 
1703404337.486 4.233 -7.666 
1703404337.588 4.278 -7.605 
1703404337.687 4.321 -7.543 
1703404337.787 4.368 -7.471 
1703404337.887 4.415 -7.395 
1703404337.987 4.472 -7.314 
1703404338.086 4.533 -7.227 
1703404338.187 4.589 -7.135 
1703404338.287 4.638 -7.045 
1703404338.388 4.709 -6.953 
1703404338.488 4.786 -6.863 
1703404338.587 4.862 -6.772 
1703404338.688 4.945 -6.670 
1703404338.787 5.034 -6.583 
1703404338.889 5.139 -6.535 
1703404338.988 5.244 -6.507 
1703404339.089 5.360 -6.497 
1703404339.188 5.473 -6.501 
1703404339.288 5.593 -6.501 
1703404339.389 5.715 -6.515 
1703404339.488 5.830 -6.539 
1703404339.588 5.935 -6.568 
1703404339.689 6.048 -6.605 
1703404339.789 6.165 -6.643 
1703404339.889 6.278 -6.682 
1703404339.989 6.391 -6.712 
1703404340.089 6.503 -6.751 
1703404340.190 6.612 -6.800 
1703404340.289 6.720 -6.848 
1703404340.389 6.827 -6.899 
1703404340.490 6.931 -6.956 
1703404340.590 7.037 -7.014 
1703404341.895 7.260 -7.048 
1703404341.896 7.260 -7.048 
1703404341.995 7.268 -7.120 
1703404342.095 7.281 -7.234 
1703404342.199 7.291 -7.341 
1703404342.298 7.314 -7.445 
1703404342.399 7.369 -7.536 
1703404342.499 7.438 -7.628 
1703404342.598 7.502 -7.712 
1703404342.698 7.561 -7.795 
1703404342.798 7.620 -7.880 
1703404342.899 7.703 -7.962 
1703404342.999 7.785 -8.056 
1703404343.100 7.855 -8.142 
1703404343.199 7.930 -8.218 
1703404343.300 8.022 -8.295 
1703404343.400 8.107 -8.361 
1703404343.499 8.182 -8.412 
1703404343.600 8.294 -8.446 
1703404343.700 8.426 -8.463 
1703404343.800 8.530 -8.493 
1703404343.901 8.567 -8.558 
1703404348.610 8.389 -8.043 
1703404348.611 8.389 -8.043 
1703404348.712 8.315 -8.023 
1703404348.812 8.218 -7.977 
1703404348.912 8.133 -7.910 
1703404349.013 8.049 -7.830 
1703404349.113 7.975 -7.764 
1703404349.212 7.897 -7.697 
1703404349.313 7.811 -7.627 
1703404349.413 7.732 -7.562 
1703404349.512 7.655 -7.490 
1703404349.613 7.580 -7.415 
1703404349.713 7.506 -7.346 
1703404349.813 7.434 -7.289 
1703404349.913 7.360 -7.236 
1703404350.014 7.291 -7.170 
1703404350.114 7.224 -7.098 
1703404350.214 7.160 -7.022 
1703404350.314 7.094 -6.949 
1703404350.414 7.029 -6.883 
1703404350.514 6.973 -6.826 
1703404350.613 6.914 -6.760 
1703404350.714 6.856 -6.691 
1703404350.814 6.806 -6.622 
1703404350.914 6.759 -6.550 
1703404351.014 6.710 -6.477 
1703404351.115 6.657 -6.412 
1703404351.215 6.610 -6.348 
1703404351.315 6.564 -6.281 
1703404351.415 6.523 -6.211 
1703404351.515 6.488 -6.141 
1703404351.615 6.451 -6.071 
1703404351.715 6.413 -6.000 
1703404351.815 6.371 -5.941 
1703404351.915 6.333 -5.874 
1703404352.016 6.299 -5.811 
1703404352.115 6.266 -5.746 
1703404352.216 6.237 -5.681 
1703404352.316 6.210 -5.616 
1703404352.416 6.189 -5.543 
1703404352.518 6.174 -5.460 
1703404352.617 6.162 -5.356 
1703404352.717 6.133 -5.266 
1703404352.817 6.124 -5.184 
1703404352.917 6.119 -5.085 
1703404353.017 6.115 -4.982 
1703404353.117 6.112 -4.885 
1703404353.217 6.107 -4.788 
1703404353.317 6.099 -4.692 
1703404353.417 6.096 -4.595 
1703404353.517 6.095 -4.496 
1703404353.617 6.093 -4.415 
1703404353.717 6.092 -4.358 
1703404353.818 6.099 -4.294 
1703404353.918 6.106 -4.222 
1703404354.018 6.109 -4.143 
1703404354.118 6.116 -4.062 
1703404354.218 6.125 -3.985 
1703404354.318 6.135 -3.908 
1703404354.420 6.147 -3.826 
1703404354.519 6.158 -3.750 
1703404354.619 6.170 -3.669 
1703404354.719 6.181 -3.587 
1703404354.819 6.191 -3.504 
1703404354.919 6.202 -3.419 
1703404355.019 6.215 -3.334 
1703404355.119 6.228 -3.247 
1703404355.220 6.233 -3.160 
1703404355.319 6.238 -3.072 
1703404355.420 6.243 -2.983 
1703404355.519 6.249 -2.894 
1703404355.620 6.257 -2.803 
1703404355.720 6.262 -2.715 
1703404355.820 6.261 -2.624 
1703404355.920 6.264 -2.533 
1703404356.021 6.264 -2.440 
1703404356.121 6.259 -2.349 
1703404356.221 6.251 -2.258 
1703404356.321 6.242 -2.167 
1703404356.420 6.239 -2.075 
1703404356.520 6.237 -1.982 
1703404356.620 6.227 -1.890 
1703404356.720 6.209 -1.800 
1703404356.820 6.189 -1.709 
1703404356.921 6.165 -1.618 
1703404357.021 6.150 -1.529 
1703404357.122 6.135 -1.437 
1703404357.221 6.114 -1.347 
1703404357.322 6.093 -1.259 
1703404357.421 6.067 -1.170 
1703404357.521 6.021 -1.084 
1703404357.622 5.990 -0.998 
1703404357.722 5.955 -0.922 
1703404357.823 5.903 -0.851 
1703404357.921 5.833 -0.778 
1703404358.023 5.759 -0.708 
1703404358.122 5.691 -0.645 
1703404358.222 5.623 -0.585 
1703404358.323 5.553 -0.524 
1703404358.423 5.484 -0.461 
1703404358.523 5.410 -0.401 
1703404358.624 5.331 -0.347 
1703404358.724 5.258 -0.292 
1703404358.823 5.174 -0.238 
1703404358.923 5.086 -0.188 
1703404359.022 5.002 -0.138 
1703404359.124 4.917 -0.087 
1703404359.227 4.840 -0.035 
1703404359.329 4.750 0.014 
1703404359.427 4.662 0.057 
1703404359.526 4.574 0.096 
1703404359.626 4.491 0.135 
1703404359.726 4.408 0.178 
1703404359.826 4.319 0.219 
1703404359.926 4.226 0.254 
1703404360.027 4.139 0.287 
1703404360.126 4.056 0.322 
1703404360.227 3.973 0.355 
1703404360.330 3.887 0.386 
1703404360.429 3.799 0.409 
1703404360.530 3.708 0.434 
1703404360.629 3.617 0.465 
1703404360.729 3.528 0.495 
1703404360.830 3.442 0.520 
1703404360.930 3.359 0.539 
1703404361.030 3.265 0.562 
1703404361.130 3.178 0.587 
1703404361.230 3.097 0.611 
1703404361.331 3.004 0.634 
1703404361.430 2.905 0.652 
1703404361.530 2.810 0.671 
1703404361.630 2.722 0.692 
1703404361.733 2.636 0.711 
1703404361.831 2.545 0.730 
1703404361.931 2.444 0.746 
1703404362.031 2.349 0.764 
1703404362.132 2.253 0.781 
1703404362.232 2.160 0.799 
1703404362.333 2.060 0.821 
1703404362.432 1.958 0.837 
1703404362.532 1.856 0.850 
1703404362.632 1.755 0.863 
1703404362.732 1.652 0.878 
1703404362.832 1.544 0.890 
1703404362.932 1.437 0.901 
1703404363.033 1.329 0.910 
1703404363.133 1.222 0.918 
1703404363.233 1.112 0.926 
1703404363.332 1.004 0.932 
1703404363.433 0.894 0.937 
1703404363.533 0.788 0.941 
1703404363.632 0.683 0.944 
1703404363.733 0.573 0.949 
1703404363.834 0.471 0.949 
1703404363.933 0.372 0.948 
1703404364.033 0.270 0.950 
1703404364.134 0.173 0.952 
1703404364.234 0.074 0.945 
1703404364.334 -0.020 0.938 
1703404364.434 -0.113 0.934 
1703404364.534 -0.201 0.931 
1703404364.634 -0.286 0.929 
1703404364.734 -0.373 0.923 
1703404364.834 -0.467 0.908 
1703404364.934 -0.552 0.895 
1703404365.035 -0.627 0.883 
1703404365.135 -0.696 0.875 
1703404365.235 -0.766 0.871 
1703404365.334 -0.838 0.861 
1703404365.435 -0.953 0.837 
1703404365.536 -1.062 0.817 
1703404365.636 -1.148 0.805 
1703404365.738 -1.190 0.783 
1703404365.838 -1.242 0.771 
1703404365.937 -1.268 0.794 
1703404370.148 -0.792 0.772 
1703404370.249 -0.800 0.778 
1703404370.349 -0.884 0.804 
1703404370.448 -0.999 0.830 
1703404370.548 -1.081 0.860 
1703404370.650 -1.113 0.896 
1703404370.749 -1.031 0.955 
1703404370.849 -0.917 1.010 
1703404370.949 -0.790 1.046 
1703404371.049 -0.663 1.073 
1703404371.149 -0.623 1.078 
1703404371.249 -0.545 1.133 
1703404371.349 -0.466 1.200 
1703404371.449 -0.389 1.241 
1703404371.550 -0.303 1.298 
1703404371.649 -0.227 1.399 
1703404371.750 -0.175 1.535 
1703404371.850 -0.154 1.658 
1703404371.951 -0.144 1.785 
1703404372.051 -0.125 1.909 
1703404372.151 -0.114 2.032 
1703404372.251 -0.127 2.154 
1703404372.350 -0.144 2.273 
1703404372.450 -0.167 2.388 
1703404372.551 -0.196 2.501 
1703404372.651 -0.231 2.611 
1703404372.751 -0.261 2.717 
1703404372.851 -0.290 2.839 
1703404372.952 -0.325 2.960 
1703404373.051 -0.366 3.067 
1703404373.151 -0.413 3.172 
1703404373.253 -0.462 3.286 
1703404373.352 -0.516 3.397 
1703404373.452 -0.572 3.502 
1703404373.552 -0.635 3.601 
1703404373.652 -0.701 3.698 
1703404373.753 -0.773 3.788 
1703404373.853 -0.846 3.874 
1703404373.953 -0.920 3.966 
1703404374.052 -0.998 4.044 
1703404374.153 -1.081 4.116 
1703404374.254 -1.160 4.180 
1703404374.353 -1.241 4.249 
1703404374.453 -1.318 4.314 
1703404374.553 -1.386 4.371 
1703404374.653 -1.455 4.427 
1703404374.753 -1.521 4.479 
1703404374.853 -1.582 4.528 
1703404374.953 -1.642 4.576 
1703404375.054 -1.726 4.631 
1703404375.154 -1.806 4.694 
1703404375.254 -1.867 4.750 
1703404375.355 -1.916 4.788 
1703404375.454 -1.957 4.820 
1703404375.555 -2.003 4.864 
1703404375.654 -2.116 4.904 
1703404379.662 -1.970 5.229 
1703404379.761 -1.953 5.204 
1703404379.861 -1.901 5.148 
1703404379.961 -1.806 5.065 
1703404380.061 -1.724 4.994 
1703404380.162 -1.637 4.923 
1703404380.261 -1.548 4.835 
1703404380.361 -1.450 4.744 
1703404380.461 -1.394 4.666 
1703404380.561 -1.330 4.610 
1703404380.661 -1.267 4.561 
1703404380.762 -1.197 4.522 
1703404380.861 -1.126 4.493 
1703404380.962 -1.059 4.465 
1703404381.062 -0.981 4.437 
1703404381.162 -0.920 4.407 
1703404381.262 -0.867 4.371 
1703404381.363 -0.808 4.347 
1703404381.463 -0.747 4.344 
1703404381.563 -0.688 4.358 
1703404381.664 -0.627 4.383 
1703404381.763 -0.563 4.410 
1703404381.863 -0.503 4.423 
1703404381.963 -0.434 4.428 
1703404382.063 -0.360 4.434 
1703404382.163 -0.286 4.434 
1703404382.264 -0.219 4.447 
1703404382.364 -0.139 4.492 
1703404382.464 -0.053 4.562 
1703404382.564 0.044 4.644 
1703404382.673 0.140 4.724 
1703404382.767 0.227 4.796 
1703404382.866 0.319 4.865 
1703404382.965 0.414 4.934 
1703404383.064 0.514 5.006 
1703404383.164 0.625 5.096 
1703404383.264 0.728 5.203 
1703404383.365 0.819 5.318 
1703404383.465 0.883 5.422 
1703404383.566 0.924 5.522 
1703404383.666 0.944 5.623 
1703404383.767 0.958 5.712 
1703404383.867 0.972 5.789 
1703404383.967 0.988 5.873 
1703404384.070 0.999 5.967 
1703404384.168 0.996 6.085 
1703404384.271 0.992 6.215 
1703404384.368 0.993 6.332 
1703404384.469 1.001 6.452 
1703404384.568 1.009 6.566 
1703404384.668 1.009 6.681 
1703404384.769 1.006 6.801 
1703404384.869 1.004 6.919 
1703404384.968 1.002 7.034 
1703404385.069 1.001 7.152 
1703404385.170 1.000 7.271 
1703404385.271 0.998 7.387 
1703404385.370 0.996 7.498 
1703404385.472 1.003 7.611 
1703404385.570 1.006 7.725 
1703404385.670 1.002 7.836 
1703404385.770 1.007 7.930 
1703404385.870 1.021 8.011 
1703404385.970 1.077 8.106 
1703404386.071 1.157 8.180 
1703404386.170 1.241 8.224 
1703404386.270 1.295 8.239 
1703404386.370 1.304 8.240 
1703404386.470 1.314 8.212 
1703404386.570 1.367 8.174 
1703404386.671 1.481 8.136 
1703404386.771 1.604 8.115 
1703404386.871 1.705 8.095 
1703404386.972 1.776 8.074 
1703404387.071 1.841 8.045 
1703404387.172 1.926 8.019 
1703404387.271 2.020 8.019 
1703404387.372 2.106 8.055 
1703404387.472 2.195 8.105 
1703404387.572 2.283 8.149 
1703404387.673 2.369 8.186 
1703404387.772 2.443 8.212 
1703404387.872 2.507 8.240 
1703404387.972 2.574 8.262 
1703404388.072 2.642 8.267 
1703404388.173 2.717 8.267 
1703404388.274 2.790 8.277 
1703404388.373 2.869 8.284 
1703404388.473 2.913 8.295 
1703404388.573 2.961 8.299 
1703404388.673 3.032 8.299 
1703404388.775 3.098 8.297 
1703404388.874 3.163 8.298 
1703404388.974 3.235 8.299 
1703404389.074 3.311 8.300 
1703404389.174 3.389 8.301 
1703404389.274 3.472 8.302 
1703404389.374 3.555 8.302 
1703404389.474 3.644 8.307 
1703404389.574 3.734 8.312 
1703404389.675 3.820 8.319 
1703404389.775 3.906 8.324 
1703404389.875 3.991 8.331 
1703404389.975 4.076 8.338 
1703404390.074 4.160 8.343 
1703404390.174 4.245 8.348 
1703404390.276 4.331 8.352 
1703404390.378 4.422 8.354 
1703404390.475 4.501 8.362 
1703404390.576 4.589 8.369 
1703404390.676 4.679 8.377 
1703404390.775 4.764 8.386 
1703404390.876 4.851 8.392 
1703404390.976 4.940 8.399 
1703404391.076 5.026 8.408 
1703404391.176 5.116 8.417 
1703404391.276 5.204 8.427 
1703404391.376 5.295 8.437 
1703404391.477 5.388 8.446 
1703404391.577 5.484 8.457 
1703404391.676 5.580 8.467 
1703404391.777 5.681 8.478 
1703404391.876 5.788 8.484 
1703404391.977 5.893 8.489 
1703404392.077 6.010 8.495 
1703404392.178 6.128 8.506 
1703404392.277 6.244 8.514 
1703404392.377 6.362 8.521 
1703404392.478 6.482 8.527 
1703404392.577 6.598 8.535 
1703404392.677 6.718 8.545 
1703404392.778 6.840 8.554 
1703404392.877 6.958 8.559 
1703404392.979 7.065 8.557 
1703404393.078 7.158 8.547 
1703404393.179 7.245 8.530 
1703404393.278 7.326 8.512 
1703404393.379 7.409 8.495 
1703404393.478 7.485 8.496 
1703404393.579 7.565 8.480 
1703404393.679 7.663 8.446 
1703404393.779 7.766 8.405 
1703404393.879 7.851 8.359 
1703404393.979 7.918 8.309 
1703404394.079 7.958 8.265 
1703404394.179 7.966 8.249 
1703404399.291 8.371 7.718 
1703404399.292 8.371 7.717 
1703404399.392 8.319 7.717 
1703404399.493 8.198 7.720 
1703404399.593 8.081 7.710 
1703404399.694 7.970 7.695 
1703404399.794 7.850 7.683 
1703404399.894 7.731 7.673 
1703404399.994 7.614 7.663 
1703404400.096 7.496 7.652 
1703404400.195 7.383 7.643 
1703404400.295 7.264 7.635 
1703404400.399 7.148 7.630 
1703404400.500 7.029 7.621 
1703404400.600 6.914 7.615 
1703404400.699 6.797 7.611 
1703404400.800 6.676 7.607 
1703404400.900 6.556 7.603 
1703404401.000 6.436 7.601 
1703404401.105 6.316 7.598 
1703404401.204 6.205 7.597 
1703404401.304 6.126 7.595 
1703404401.404 6.055 7.591 
1703404401.504 5.977 7.588 
1703404401.604 5.900 7.586 
1703404401.704 5.824 7.582 
1703404401.805 5.746 7.576 
1703404401.904 5.669 7.572 
1703404402.004 5.594 7.567 
1703404402.105 5.519 7.562 
1703404402.204 5.447 7.558 
1703404402.305 5.373 7.553 
1703404402.405 5.298 7.546 
1703404402.506 5.221 7.537 
1703404402.605 5.147 7.528 
1703404402.705 5.073 7.520 
1703404402.805 4.969 7.495 
1703404402.906 4.856 7.479 
1703404403.006 4.754 7.468 
1703404403.106 4.659 7.449 
1703404403.205 4.568 7.428 
1703404403.306 4.484 7.418 
1703404403.406 4.396 7.405 
1703404403.507 4.300 7.388 
1703404403.606 4.207 7.366 
1703404403.706 4.120 7.334 
1703404403.806 4.037 7.295 
1703404403.907 3.953 7.256 
1703404404.007 3.867 7.225 
1703404404.106 3.779 7.190 
1703404404.207 3.692 7.150 
1703404404.307 3.605 7.107 
1703404404.407 3.548 7.071 
1703404404.509 3.491 7.042 
1703404404.608 3.426 7.015 
1703404404.708 3.364 6.982 
1703404404.808 3.297 6.933 
1703404404.908 3.231 6.878 
1703404405.008 3.170 6.821 
1703404405.108 3.109 6.763 
1703404405.207 3.048 6.716 
1703404405.308 2.979 6.664 
1703404405.408 2.910 6.606 
1703404405.508 2.854 6.559 
1703404405.608 2.791 6.503 
1703404405.708 2.723 6.442 
1703404405.808 2.654 6.365 
1703404405.909 2.584 6.288 
1703404406.009 2.525 6.218 
1703404406.109 2.471 6.153 
1703404406.210 2.407 6.094 
1703404406.309 2.334 6.019 
1703404406.409 2.256 5.940 
1703404406.509 2.181 5.866 
1703404406.610 2.110 5.800 
1703404406.709 2.039 5.728 
1703404406.810 1.956 5.650 
1703404406.910 1.875 5.574 
1703404407.010 1.800 5.500 
1703404407.110 1.717 5.422 
1703404407.210 1.635 5.345 
1703404407.310 1.548 5.265 
1703404407.410 1.468 5.187 
1703404407.510 1.388 5.106 
1703404407.610 1.300 5.026 
1703404407.711 1.213 4.945 
1703404407.811 1.129 4.865 
1703404407.911 1.043 4.785 
1703404408.011 0.957 4.707 
1703404408.111 0.869 4.631 
1703404408.211 0.778 4.557 
1703404408.311 0.689 4.483 
1703404408.411 0.604 4.404 
1703404408.512 0.514 4.326 
1703404408.612 0.420 4.252 
1703404408.711 0.331 4.185 
1703404408.812 0.234 4.123 
1703404408.911 0.135 4.065 
1703404409.012 0.042 4.011 
1703404409.113 -0.054 3.964 
1703404409.212 -0.165 3.938 
1703404409.313 -0.279 3.927 
1703404409.412 -0.390 3.924 
1703404409.512 -0.506 3.933 
1703404409.613 -0.626 3.957 
1703404409.712 -0.739 3.980 
1703404409.813 -0.851 4.007 
1703404409.914 -0.962 4.064 
1703404410.014 -1.066 4.136 
1703404410.114 -1.159 4.208 
1703404410.214 -1.250 4.287 
1703404410.314 -1.340 4.369 
1703404410.415 -1.424 4.458 
1703404410.514 -1.506 4.547 
1703404410.615 -1.584 4.640 
1703404410.714 -1.650 4.741 
1703404410.815 -1.712 4.842 
1703404410.915 -1.766 4.946 
1703404411.015 -1.834 5.058 
1703404411.115 -1.900 5.171 
1703404411.215 -1.953 5.276 
1703404411.315 -2.012 5.390 
1703404411.415 -2.060 5.506 
1703404411.523 -2.095 5.618 
1703404411.619 -2.112 5.725 
1703404411.717 -2.133 5.836 
1703404411.816 -2.150 5.958 
1703404411.917 -2.159 6.084 
1703404412.017 -2.160 6.205 
1703404412.116 -2.151 6.314 
1703404412.217 -2.142 6.425 
1703404412.317 -2.132 6.540 
1703404412.417 -2.110 6.651 
1703404412.517 -2.084 6.772 
1703404412.617 -2.058 6.889 
1703404412.718 -2.035 6.999 
1703404412.817 -2.015 7.096 
1703404412.918 -2.000 7.187 
1703404413.017 -1.992 7.269 
1703404413.118 -1.992 7.345 
1703404413.218 -1.993 7.434 
1703404413.318 -1.984 7.547 
1703404413.418 -1.967 7.670 
1703404413.518 -1.963 7.770 
1703404413.619 -1.962 7.867 
1703404413.721 -1.963 7.969 
1703404413.821 -1.965 8.071 
1703404413.922 -1.981 8.175 
1703404414.021 -2.034 8.291 
1703404414.120 -2.105 8.402 
1703404414.221 -2.190 8.499 
1703404414.321 -2.293 8.559 
1703404414.421 -2.394 8.577 
1703404414.522 -2.482 8.585 
1703404414.622 -2.562 8.593 
1703404414.722 -2.626 8.594 
1703404414.822 -2.666 8.574 
1703404414.922 -2.699 8.542 
1703404415.022 -2.760 8.539 
1703404415.122 -2.828 8.577 
1703404415.223 -2.938 8.626 
1703404415.323 -3.037 8.663 
1703404415.424 -3.093 8.697 
1703404415.523 -3.173 8.730 
1703404415.622 -3.249 8.767 
1703404415.724 -3.329 8.798 
1703404415.824 -3.406 8.830 
1703404415.923 -3.499 8.851 
1703404416.023 -3.627 8.860 
1703404416.124 -3.738 8.861 
1703404416.223 -3.846 8.857 
1703404416.324 -3.968 8.820 
1703404416.424 -4.074 8.772 
1703404416.524 -4.166 8.706 
1703404416.624 -4.232 8.627 
1703404416.724 -4.273 8.537 
1703404416.825 -4.307 8.447 
1703404416.924 -4.332 8.359 
1703404417.027 -4.338 8.271 
1703404417.125 -4.344 8.200 
1703404417.225 -4.344 8.113 
1703404417.325 -4.337 8.002 
1703404417.424 -4.342 7.920 
1703404417.527 -4.332 7.847 
1703404417.626 -4.324 7.750 
1703404417.726 -4.317 7.637 
1703404417.825 -4.312 7.524 
1703404417.926 -4.305 7.405 
1703404418.025 -4.294 7.289 
1703404418.125 -4.286 7.172 
1703404418.226 -4.283 7.057 
1703404418.326 -4.280 6.943 
1703404418.426 -4.278 6.830 
1703404418.526 -4.289 6.715 
1703404418.626 -4.304 6.610 
1703404418.726 -4.314 6.517 
1703404418.828 -4.314 6.410 
1703404418.926 -4.327 6.303 
1703404419.027 -4.353 6.197 
1703404419.126 -4.391 6.095 
1703404419.227 -4.441 5.988 
1703404419.327 -4.504 5.889 
1703404419.429 -4.561 5.800 
1703404419.527 -4.606 5.703 
1703404419.628 -4.676 5.607 
1703404419.727 -4.752 5.526 
1703404419.827 -4.832 5.462 
1703404419.930 -4.939 5.400 
1703404420.028 -5.040 5.358 
1703404420.127 -5.138 5.320 
1703404420.228 -5.245 5.267 
1703404420.328 -5.360 5.213 
1703404420.429 -5.479 5.167 
1703404420.528 -5.593 5.131 
1703404420.629 -5.703 5.094 
1703404420.728 -5.817 5.052 
1703404420.840 -5.941 5.012 
1703404420.937 -6.060 4.979 
1703404421.034 -6.156 4.957 
1703404421.134 -6.265 4.899 
1703404421.233 -6.368 4.842 
1703404421.333 -6.456 4.764 
1703404421.433 -6.517 4.649 
1703404421.533 -6.558 4.523 
1703404421.633 -6.552 4.412 
1703404421.734 -6.512 4.305 
1703404421.834 -6.467 4.205 
1703404421.934 -6.420 4.094 
1703404422.034 -6.384 3.979 
1703404422.134 -6.364 3.867 
1703404422.234 -6.328 3.751 
1703404422.335 -6.297 3.632 
1703404422.435 -6.266 3.516 
1703404422.536 -6.224 3.400 
1703404422.635 -6.178 3.290 
1703404422.736 -6.139 3.180 
1703404422.835 -6.108 3.076 
1703404422.935 -6.050 2.966 
1703404423.036 -5.981 2.870 
1703404423.135 -5.924 2.787 
1703404423.236 -5.875 2.705 
1703404423.336 -5.813 2.618 
1703404423.438 -5.714 2.525 
1703404423.536 -5.652 2.463 
1703404425.944 -5.500 2.416 
1703404425.944 -5.501 2.416 
1703404426.044 -5.585 2.394 
1703404426.144 -5.678 2.354 
1703404426.244 -5.780 2.293 
1703404426.344 -5.837 2.244 
1703404426.445 -5.927 2.191 
1703404426.544 -6.011 2.140 
1703404426.645 -6.098 2.084 
1703404426.745 -6.200 2.035 
1703404426.845 -6.313 1.999 
1703404426.947 -6.439 1.991 
1703404427.045 -6.553 1.984 
1703404427.145 -6.688 1.993 
1703404427.245 -6.826 2.002 
1703404427.346 -6.926 1.992 
1703404427.445 -7.017 1.974 
1703404427.545 -7.139 1.971 
1703404427.646 -7.281 1.980 
1703404427.747 -7.426 1.989 
1703404427.846 -7.570 1.996 
1703404429.250 -7.605 2.105 
1703404429.350 -7.614 2.015 
1703404429.455 -7.607 1.892 
1703404429.550 -7.602 1.837 
1703404429.650 -7.656 1.899 
1703404429.750 -7.734 1.981 
1703404429.851 -7.853 2.073 
1703404429.950 -8.002 2.158 
1703404430.051 -8.144 2.217 
1703404430.151 -8.283 2.251 
1703404430.250 -8.372 2.254 
1703404430.351 -8.446 2.289 
1703404430.451 -8.488 2.412 
1703404430.551 -8.520 2.531 
1703404430.652 -8.527 2.615 
1703404430.751 -8.529 2.743 
1703404430.852 -8.524 2.867 
1703404430.952 -8.520 2.976 
1703404431.052 -8.509 3.073 
1703404431.152 -8.501 3.171 
1703404431.253 -8.505 3.280 
1703404431.352 -8.487 3.420 
1703404431.453 -8.462 3.559 
1703404431.553 -8.416 3.701 
1703404431.652 -8.358 3.839 
1703404431.752 -8.328 3.902 
1703404431.853 -8.295 3.927 
1703404431.953 -8.210 3.994 
1703404432.053 -8.127 4.053 
1703404432.153 -8.032 4.131 
1703404432.253 -7.934 4.213 
1703404432.353 -7.840 4.292 
1703404432.454 -7.753 4.354 
1703404432.553 -7.654 4.454 
1703404432.658 -7.553 4.564 
1703404432.755 -7.553 4.581 
1703404432.854 -7.594 4.499 
1703404432.954 -7.630 4.409 
1703404433.054 -7.649 4.341 
1703404433.154 -7.647 4.409 
1703404433.254 -7.648 4.551 
1703404433.354 -7.665 4.703 
1703404433.455 -7.676 4.858 
1703404433.555 -7.673 4.997 
1703404433.654 -7.678 5.167 
1703404433.755 -7.689 5.268 
1703404435.558 -7.530 5.312 
1703404435.658 -7.471 5.297 
1703404435.759 -7.345 5.295 
1703404435.859 -7.236 5.308 
1703404438.163 -7.103 5.483 
1703404438.164 -7.103 5.483 
1703404438.265 -7.132 5.553 
1703404438.364 -7.172 5.656 
1703404438.465 -7.222 5.758 
1703404438.565 -7.255 5.864 
1703404438.665 -7.279 5.978 
1703404438.765 -7.301 6.097 
1703404438.865 -7.321 6.213 
1703404438.966 -7.345 6.329 
1703404439.065 -7.364 6.445 
1703404439.166 -7.378 6.564 
1703404439.266 -7.392 6.682 
1703404439.365 -7.407 6.798 
1703404439.466 -7.421 6.916 
1703404439.566 -7.432 7.035 
1703404439.666 -7.445 7.154 
1703404439.766 -7.458 7.273 
1703404439.866 -7.471 7.373 
1703404439.967 -7.481 7.459 
1703404440.067 -7.490 7.543 
1703404440.166 -7.499 7.623 
1703404440.267 -7.512 7.698 
1703404440.367 -7.524 7.786 
1703404440.466 -7.541 7.876 
1703404440.567 -7.570 7.982 
1703404440.667 -7.599 8.081 
1703404440.768 -7.617 8.157 
1703404440.868 -7.653 8.247 
1703404440.967 -7.701 8.350 
1703404441.069 -7.744 8.431 
1703404441.169 -7.791 8.514 
1703404441.268 -7.863 8.592 
1703404441.369 -7.936 8.652 
1703404441.469 -8.002 8.678 
1703404441.568 -8.085 8.699 
1703404441.669 -8.189 8.735 
1703404441.769 -8.279 8.760 
1703404441.868 -8.341 8.786 
1703404441.969 -8.397 8.798 
1703404442.069 -8.455 8.808 
1703404442.169 -8.519 8.820 
1703404442.271 -8.590 8.842 
1703404442.370 -8.651 8.873 
