1703403849.091 3.099 1.950 
1703403849.092 3.099 1.950 
1703403849.192 3.126 1.918 
1703403849.292 3.189 1.839 
1703403849.392 3.273 1.738 
1703403849.492 3.331 1.647 
1703403849.592 3.388 1.544 
1703403849.693 3.465 1.442 
1703403849.793 3.548 1.351 
1703403849.893 3.629 1.270 
1703403849.992 3.698 1.195 
1703403850.094 3.747 1.138 
1703403850.193 3.791 1.093 
1703403850.293 3.856 1.045 
1703403850.394 3.907 0.988 
1703403850.494 3.955 0.936 
1703403850.593 4.002 0.900 
1703403850.694 4.066 0.880 
1703403850.794 4.101 0.853 
1703403850.895 4.111 0.820 
1703403850.995 4.113 0.778 
1703403851.094 4.153 0.760 
1703403851.194 4.247 0.814 
1703403851.295 4.345 0.852 
1703403851.394 4.449 0.914 
1703403851.495 4.545 0.995 
1703403851.594 4.617 1.085 
1703403851.696 4.675 1.196 
1703403851.795 4.709 1.316 
1703403851.895 4.717 1.439 
1703403851.995 4.685 1.554 
1703403852.095 4.631 1.650 
1703403852.196 4.564 1.741 
1703403852.295 4.517 1.812 
1703403852.397 4.483 1.863 
1703403852.497 4.450 1.900 
1703403852.597 4.423 1.928 
1703403852.696 4.401 1.980 
1703403852.798 4.365 2.059 
1703403852.897 4.331 2.128 
1703403852.997 4.309 2.191 
1703403853.097 4.295 2.246 
1703403853.198 4.282 2.301 
1703403853.297 4.272 2.365 
1703403853.399 4.289 2.445 
1703403853.498 4.307 2.519 
1703403853.598 4.319 2.582 
1703403853.698 4.335 2.647 
1703403853.798 4.375 2.736 
1703403855.804 4.359 2.761 
1703403855.804 4.359 2.761 
1703403855.905 4.378 2.776 
1703403856.005 4.489 2.810 
1703403856.105 4.622 2.838 
1703403856.205 4.724 2.865 
1703403856.305 4.826 2.892 
1703403856.406 4.942 2.925 
1703403856.506 5.053 2.955 
1703403856.606 5.161 2.981 
1703403856.706 5.260 2.992 
1703403856.806 5.382 2.986 
1703403856.905 5.497 2.986 
1703403857.007 5.617 2.982 
1703403857.106 5.742 2.962 
1703403857.206 5.854 2.949 
1703403857.306 5.966 2.940 
1703403857.407 6.083 2.918 
1703403857.507 6.199 2.883 
1703403857.632 6.315 2.848 
1703403857.715 6.427 2.814 
1703403857.810 6.538 2.781 
1703403857.908 6.661 2.746 
1703403858.008 6.776 2.713 
1703403858.107 6.882 2.680 
1703403858.207 6.951 2.655 
1703403858.308 6.963 2.651 
1703403859.711 6.918 2.455 
1703403859.811 6.908 2.503 
1703403859.911 6.913 2.643 
1703403860.012 6.920 2.797 
1703403860.112 6.883 2.885 
1703403860.211 6.843 2.934 
1703403860.311 6.767 2.939 
1703403860.411 6.628 2.884 
1703403860.511 6.474 2.763 
1703403860.612 6.322 2.643 
1703403860.712 6.192 2.567 
1703403860.811 6.073 2.516 
1703403860.913 5.959 2.426 
1703403861.012 5.861 2.321 
1703403861.112 5.794 2.201 
1703403861.213 5.780 2.101 
1703403861.313 5.828 1.996 
1703403861.413 5.893 1.873 
1703403861.513 5.966 1.733 
1703403861.613 6.038 1.579 
1703403861.714 6.095 1.518 
1703403861.813 6.127 1.491 
1703403861.913 6.137 1.447 
1703403862.014 6.156 1.335 
1703403862.114 6.173 1.203 
1703403862.214 6.180 1.080 
1703403862.314 6.178 0.989 
1703403862.414 6.185 0.931 
1703403862.514 6.185 0.892 
1703403862.614 6.163 0.863 
1703403862.715 6.134 0.817 
1703403862.814 6.071 0.739 
1703403862.915 6.020 0.649 
1703403863.014 5.958 0.580 
1703403863.114 5.922 0.549 
1703403863.215 5.920 0.506 
1703403863.315 5.889 0.375 
1703403863.414 5.876 0.250 
1703403863.515 5.860 0.147 
1703403863.616 5.849 0.058 
1703403863.715 5.843 -0.038 
1703403863.815 5.848 -0.121 
1703403863.915 5.857 -0.185 
1703403864.015 5.868 -0.236 
1703403864.116 5.883 -0.271 
1703403864.216 5.891 -0.305 
1703403864.315 5.931 -0.329 
1703403864.417 5.974 -0.350 
1703403864.516 6.017 -0.373 
1703403864.616 6.058 -0.384 
1703403864.716 6.085 -0.393 
1703403864.816 6.085 -0.407 
1703403864.917 6.017 -0.374 
1703403865.016 5.916 -0.325 
1703403865.117 5.852 -0.294 
1703403865.217 5.775 -0.277 
1703403865.317 5.675 -0.246 
1703403865.416 5.566 -0.211 
1703403865.517 5.446 -0.181 
1703403865.617 5.327 -0.152 
1703403865.717 5.213 -0.121 
1703403865.817 5.098 -0.091 
1703403865.918 4.980 -0.076 
1703403866.017 4.859 -0.075 
1703403866.118 4.743 -0.070 
1703403866.218 4.626 -0.060 
1703403866.318 4.509 -0.058 
1703403866.419 4.390 -0.065 
1703403866.518 4.273 -0.074 
1703403866.618 4.158 -0.080 
1703403866.719 4.042 -0.086 
1703403866.818 3.927 -0.098 
1703403866.919 3.814 -0.115 
1703403867.018 3.703 -0.132 
1703403867.118 3.585 -0.156 
1703403867.219 3.462 -0.174 
1703403869.324 3.321 -0.265 
1703403869.424 3.331 -0.212 
1703403869.525 3.342 -0.142 
1703403869.624 3.363 -0.062 
1703403869.725 3.408 0.030 
1703403869.824 3.454 0.129 
1703403869.925 3.490 0.228 
1703403870.025 3.509 0.296 
1703403870.125 3.532 0.352 
1703403870.225 3.559 0.411 
1703403870.325 3.577 0.479 
1703403870.426 3.567 0.566 
1703403870.525 3.557 0.655 
1703403870.625 3.550 0.753 
1703403870.725 3.536 0.859 
1703403870.825 3.513 0.961 
1703403870.926 3.478 1.063 
1703403871.026 3.448 1.128 
1703403871.125 3.415 1.178 
1703403871.226 3.369 1.245 
1703403871.326 3.327 1.320 
1703403871.426 3.282 1.403 
1703403871.526 3.244 1.477 
1703403871.626 3.211 1.551 
1703403871.727 3.171 1.630 
1703403871.826 3.135 1.704 
1703403871.926 3.097 1.781 
1703403872.027 3.060 1.858 
1703403872.127 3.025 1.931 
1703403872.227 2.990 2.004 
1703403872.327 2.952 2.087 
1703403872.427 2.915 2.165 
1703403872.527 2.876 2.241 
1703403872.628 2.833 2.316 
1703403872.727 2.792 2.386 
1703403872.827 2.749 2.458 
1703403872.929 2.694 2.535 
1703403873.028 2.648 2.604 
1703403873.128 2.605 2.667 
1703403873.228 2.561 2.736 
1703403873.328 2.516 2.807 
1703403873.429 2.473 2.874 
1703403873.530 2.431 2.940 
1703403873.629 2.393 3.000 
1703403873.729 2.355 3.059 
1703403873.829 2.303 3.141 
1703403873.929 2.253 3.243 
1703403874.029 2.205 3.342 
1703403874.129 2.166 3.416 
1703403874.229 2.136 3.483 
1703403874.329 2.120 3.579 
1703403874.430 2.112 3.671 
1703403874.530 2.111 3.749 
1703403874.630 2.115 3.810 
1703403874.731 2.118 3.877 
1703403874.830 2.125 3.956 
1703403874.931 2.126 4.036 
1703403875.030 2.126 4.115 
1703403875.131 2.128 4.192 
1703403875.233 2.128 4.277 
1703403875.331 2.128 4.356 
1703403875.431 2.130 4.435 
1703403875.532 2.132 4.515 
1703403875.632 2.138 4.592 
1703403875.731 2.149 4.668 
1703403875.831 2.153 4.731 
1703403875.931 2.155 4.791 
1703403876.032 2.177 4.863 
1703403876.132 2.211 4.938 
1703403876.231 2.259 5.027 
1703403876.332 2.304 5.110 
1703403876.433 2.325 5.150 
1703403876.532 2.342 5.159 
1703403876.632 2.343 5.133 
1703403876.732 2.360 5.127 
1703403876.832 2.474 5.170 
1703403876.932 2.600 5.201 
1703403877.032 2.704 5.244 
1703403877.133 2.762 5.262 
1703403877.233 2.812 5.290 
1703403877.333 2.886 5.342 
1703403877.433 2.977 5.398 
1703403877.533 3.063 5.444 
1703403877.633 3.108 5.474 
1703403877.733 3.160 5.487 
1703403877.833 3.226 5.508 
1703403877.933 3.293 5.525 
1703403878.034 3.358 5.536 
1703403878.134 3.428 5.543 
1703403878.234 3.505 5.552 
1703403878.334 3.586 5.569 
1703403878.434 3.668 5.580 
1703403880.740 3.851 5.544 
1703403880.741 3.851 5.543 
1703403880.843 3.874 5.559 
1703403880.941 3.916 5.631 
1703403881.041 4.032 5.710 
1703403881.141 4.142 5.769 
1703403881.242 4.232 5.815 
1703403881.341 4.325 5.872 
1703403881.442 4.427 5.931 
1703403881.541 4.520 5.980 
1703403881.642 4.618 6.019 
1703403881.743 4.732 6.046 
1703403881.842 4.856 6.070 
1703403881.943 4.972 6.106 
1703403882.043 5.097 6.137 
1703403882.144 5.239 6.152 
1703403882.243 5.365 6.159 
1703403882.343 5.479 6.166 
1703403882.443 5.590 6.170 
1703403882.543 5.686 6.171 
1703403882.643 5.767 6.167 
1703403882.743 5.842 6.159 
1703403882.843 5.916 6.152 
1703403882.944 5.992 6.151 
1703403883.043 6.074 6.148 
1703403883.144 6.157 6.139 
1703403883.244 6.278 6.143 
1703403883.344 6.412 6.145 
1703403883.444 6.529 6.151 
1703403883.544 6.642 6.165 
1703403883.645 6.740 6.187 
1703403883.744 6.815 6.204 
1703403883.845 6.901 6.216 
1703403883.945 6.976 6.229 
1703403884.045 7.034 6.250 
1703403884.145 7.122 6.277 
1703403884.245 7.215 6.295 
1703403884.346 7.267 6.313 
1703403884.445 7.248 6.348 
1703403884.546 7.262 6.341 
1703403889.053 7.126 6.209 
1703403889.162 7.091 6.292 
1703403889.258 7.043 6.393 
1703403889.366 6.989 6.513 
1703403889.458 6.942 6.628 
1703403889.556 6.888 6.759 
1703403889.655 6.853 6.897 
1703403889.755 6.845 7.004 
1703403889.855 6.836 7.117 
1703403889.955 6.812 7.223 
1703403890.055 6.773 7.322 
1703403890.155 6.716 7.432 
1703403890.255 6.653 7.541 
1703403890.355 6.605 7.630 
1703403890.455 6.559 7.698 
1703403890.555 6.509 7.754 
1703403890.656 6.449 7.793 
1703403890.756 6.370 7.827 
1703403890.855 6.289 7.848 
1703403890.956 6.212 7.863 
1703403891.056 6.168 7.874 
1703403891.157 6.130 7.871 
1703403891.256 6.066 7.871 
1703403891.356 5.998 7.866 
1703403891.456 5.928 7.858 
1703403891.556 5.862 7.851 
1703403891.656 5.800 7.857 
1703403891.756 5.732 7.852 
1703403891.857 5.655 7.846 
1703403891.956 5.567 7.841 
1703403892.056 5.473 7.836 
1703403892.157 5.382 7.830 
1703403892.258 5.292 7.827 
1703403892.358 5.196 7.822 
1703403892.459 5.105 7.816 
1703403892.560 5.015 7.815 
1703403892.658 4.925 7.815 
1703403892.759 4.834 7.816 
1703403892.859 4.745 7.817 
1703403892.959 4.658 7.818 
1703403893.060 4.573 7.820 
1703403893.159 4.488 7.819 
1703403893.260 4.401 7.815 
1703403893.360 4.316 7.813 
1703403893.459 4.232 7.812 
1703403893.560 4.153 7.813 
1703403893.660 4.075 7.812 
1703403893.761 3.993 7.806 
1703403893.860 3.905 7.791 
1703403893.960 3.825 7.779 
1703403894.060 3.747 7.766 
1703403894.161 3.678 7.761 
1703403894.261 3.605 7.756 
1703403894.363 3.528 7.745 
1703403894.464 3.455 7.731 
1703403894.564 3.384 7.715 
1703403894.664 3.314 7.696 
1703403894.763 3.205 7.685 
1703403894.863 3.095 7.663 
1703403894.964 2.977 7.643 
1703403895.064 2.868 7.629 
1703403895.165 2.766 7.621 
1703403895.264 2.666 7.609 
1703403895.364 2.604 7.604 
1703403895.464 2.539 7.609 
1703403895.565 2.445 7.621 
1703403895.666 2.355 7.624 
1703403895.765 2.279 7.626 
1703403895.865 2.198 7.630 
1703403895.966 2.110 7.644 
1703403896.066 2.029 7.659 
1703403896.165 1.928 7.704 
1703403896.266 1.819 7.742 
1703403896.367 1.715 7.765 
1703403896.467 1.643 7.788 
1703403896.568 1.584 7.805 
1703403896.667 1.518 7.815 
1703403896.767 1.437 7.813 
1703403896.868 1.347 7.806 
1703403896.967 1.278 7.802 
1703403897.068 1.254 7.812 
1703403898.578 1.242 7.780 
1703403898.678 1.246 7.783 
1703403898.778 1.255 7.812 
1703403898.878 1.261 7.800 
1703403898.978 1.300 7.677 
1703403899.079 1.307 7.592 
1703403899.180 1.278 7.541 
1703403899.279 1.275 7.494 
1703403899.379 1.255 7.352 
1703403899.479 1.261 7.249 
1703403899.581 1.271 7.151 
1703403899.680 1.274 7.044 
1703403899.779 1.278 6.929 
1703403899.880 1.284 6.811 
1703403899.979 1.287 6.693 
1703403900.079 1.290 6.569 
1703403900.179 1.295 6.452 
1703403900.280 1.297 6.333 
1703403900.380 1.297 6.216 
1703403900.479 1.283 6.092 
1703403900.580 1.272 5.966 
1703403900.680 1.271 5.849 
1703403900.781 1.258 5.736 
1703403900.881 1.226 5.619 
1703403900.980 1.187 5.497 
1703403901.080 1.148 5.374 
1703403901.181 1.107 5.261 
1703403901.281 1.051 5.162 
1703403901.383 0.982 5.071 
1703403901.484 0.911 4.981 
1703403901.584 0.835 4.884 
1703403901.683 0.770 4.789 
1703403901.784 0.694 4.700 
1703403901.884 0.609 4.620 
1703403901.984 0.511 4.541 
1703403902.085 0.415 4.467 
1703403902.184 0.332 4.392 
1703403902.285 0.246 4.319 
1703403902.385 0.137 4.260 
1703403902.486 0.038 4.206 
1703403902.585 -0.060 4.157 
1703403902.686 -0.168 4.108 
1703403902.785 -0.277 4.065 
1703403902.885 -0.373 4.046 
1703403902.986 -0.453 4.037 
1703403903.086 -0.532 4.052 
1703403903.186 -0.604 4.077 
1703403903.286 -0.672 4.105 
1703403903.386 -0.742 4.134 
1703403903.486 -0.821 4.185 
1703403903.587 -0.900 4.229 
1703403903.687 -0.971 4.266 
1703403903.787 -1.083 4.301 
1703403903.887 -1.225 4.335 
1703403903.987 -1.333 4.366 
1703403906.197 -1.492 4.494 
1703403906.296 -1.523 4.456 
1703403909.404 -1.576 4.452 
1703403909.504 -1.561 4.438 
1703403909.604 -1.474 4.386 
1703403909.704 -1.366 4.328 
1703403909.804 -1.253 4.278 
1703403909.905 -1.112 4.217 
1703403910.004 -0.958 4.151 
1703403910.104 -0.799 4.067 
1703403910.205 -0.663 4.014 
1703403910.307 -0.550 3.980 
1703403910.406 -0.448 3.927 
1703403910.506 -0.372 3.841 
1703403910.605 -0.292 3.716 
1703403910.706 -0.228 3.616 
1703403910.806 -0.183 3.545 
1703403910.906 -0.111 3.462 
1703403911.006 -0.014 3.355 
1703403911.107 0.072 3.254 
1703403911.208 0.136 3.181 
1703403911.308 0.199 3.110 
1703403911.408 0.242 3.011 
1703403911.508 0.271 2.896 
1703403911.608 0.302 2.781 
1703403911.709 0.343 2.663 
1703403911.808 0.377 2.542 
1703403911.908 0.393 2.427 
1703403912.008 0.401 2.315 
1703403912.108 0.400 2.197 
1703403912.208 0.392 2.088 
1703403912.309 0.368 1.981 
1703403912.409 0.340 1.876 
1703403912.509 0.306 1.772 
1703403912.609 0.266 1.670 
1703403912.709 0.226 1.573 
1703403912.809 0.177 1.480 
1703403912.909 0.126 1.393 
1703403913.009 0.080 1.307 
1703403913.110 0.030 1.223 
1703403913.210 -0.020 1.149 
1703403913.310 -0.069 1.074 
1703403913.410 -0.115 0.999 
1703403913.510 -0.156 0.931 
1703403913.611 -0.194 0.865 
1703403913.711 -0.234 0.800 
1703403913.811 -0.278 0.717 
1703403918.119 0.285 -0.035 
1703403918.120 0.285 -0.035 
1703403918.221 0.286 -0.063 
1703403918.321 0.257 -0.122 
1703403918.421 0.188 -0.203 
1703403918.522 0.106 -0.273 
1703403918.621 0.014 -0.354 
1703403918.724 -0.094 -0.449 
1703403918.822 -0.189 -0.525 
1703403918.923 -0.283 -0.582 
1703403919.024 -0.391 -0.628 
1703403919.124 -0.502 -0.666 
1703403919.223 -0.602 -0.704 
1703403919.324 -0.710 -0.742 
1703403919.424 -0.822 -0.781 
1703403919.524 -0.936 -0.811 
1703403919.639 -1.046 -0.837 
1703403919.735 -1.159 -0.860 
1703403919.834 -1.277 -0.885 
1703403919.933 -1.408 -0.915 
1703403920.033 -1.530 -0.946 
1703403920.133 -1.648 -0.978 
1703403920.233 -1.759 -1.003 
1703403920.333 -1.877 -1.032 
1703403920.433 -1.991 -1.061 
1703403920.534 -2.103 -1.089 
1703403920.634 -2.218 -1.121 
1703403920.738 -2.336 -1.149 
1703403920.834 -2.452 -1.169 
1703403920.934 -2.569 -1.187 
1703403922.939 -2.372 -1.219 
1703403923.040 -2.410 -1.213 
1703403923.141 -2.498 -1.168 
1703403923.240 -2.604 -1.102 
1703403923.340 -2.667 -1.030 
1703403923.440 -2.621 -1.035 
1703403923.540 -2.509 -1.128 
1703403923.641 -2.388 -1.246 
1703403923.741 -2.271 -1.389 
1703403923.841 -2.190 -1.409 
1703403923.940 -2.159 -1.378 
1703403924.041 -2.137 -1.339 
1703403924.141 -2.127 -1.305 
1703403924.241 -2.140 -1.279 
1703403924.342 -2.131 -1.291 
1703403924.441 -2.106 -1.345 
1703403924.542 -2.018 -1.448 
1703403924.642 -1.914 -1.557 
1703403924.743 -1.855 -1.670 
1703403924.843 -1.780 -1.761 
1703403924.942 -1.708 -1.809 
1703403925.043 -1.663 -1.834 
1703403925.143 -1.651 -1.820 
1703403925.242 -1.693 -1.777 
1703403925.343 -1.745 -1.709 
1703403925.443 -1.792 -1.640 
1703403925.543 -1.820 -1.594 
1703403925.644 -1.821 -1.571 
1703403925.743 -1.748 -1.558 
1703403925.843 -1.619 -1.528 
1703403925.944 -1.531 -1.528 
1703403926.043 -1.497 -1.517 
1703403926.144 -1.449 -1.514 
1703403926.244 -1.359 -1.547 
1703403926.344 -1.232 -1.554 
1703403926.443 -1.104 -1.551 
1703403926.546 -1.000 -1.544 
1703403926.647 -0.887 -1.558 
1703403926.746 -0.783 -1.574 
1703403926.846 -0.677 -1.588 
1703403926.946 -0.577 -1.600 
1703403927.047 -0.486 -1.609 
1703403927.147 -0.391 -1.626 
1703403927.247 -0.297 -1.646 
1703403927.347 -0.211 -1.665 
1703403927.447 -0.123 -1.676 
1703403927.547 -0.041 -1.683 
1703403927.647 0.040 -1.688 
1703403927.747 0.123 -1.697 
1703403927.847 0.209 -1.707 
1703403927.947 0.296 -1.716 
1703403928.047 0.375 -1.727 
1703403928.148 0.459 -1.733 
1703403928.248 0.528 -1.741 
1703403928.353 0.584 -1.748 
1703403928.448 0.613 -1.768 
1703403928.549 0.617 -1.808 
1703403928.648 0.688 -1.774 
1703403928.748 0.785 -1.712 
1703403928.848 0.806 -1.663 
1703403928.948 0.810 -1.611 
1703403929.049 0.824 -1.564 
1703403929.157 0.875 -1.542 
1703403929.249 0.988 -1.519 
1703403929.349 1.133 -1.497 
1703403929.459 1.236 -1.536 
1703403929.549 1.309 -1.570 
1703403929.650 1.390 -1.590 
1703403929.750 1.459 -1.572 
1703403929.854 1.537 -1.492 
1703403929.950 1.595 -1.416 
1703403930.050 1.642 -1.324 
1703403930.151 1.710 -1.253 
1703403930.250 1.794 -1.200 
1703403930.350 1.908 -1.170 
1703403933.156 2.608 -1.190 
1703403933.156 2.608 -1.190 
1703403933.257 2.625 -1.185 
1703403933.357 2.615 -1.162 
1703403933.458 2.521 -1.116 
1703403933.557 2.402 -1.040 
1703403933.658 2.302 -0.986 
1703403933.758 2.219 -0.916 
1703403933.857 2.133 -0.840 
1703403933.958 2.039 -0.759 
1703403934.058 1.951 -0.681 
1703403934.159 1.860 -0.605 
1703403934.258 1.767 -0.529 
1703403934.358 1.680 -0.454 
1703403934.459 1.591 -0.373 
1703403934.559 1.506 -0.295 
1703403934.659 1.420 -0.216 
1703403934.759 1.335 -0.136 
1703403934.860 1.246 -0.057 
1703403934.959 1.160 0.021 
1703403935.059 1.071 0.100 
1703403935.160 0.983 0.178 
1703403935.262 0.893 0.258 
1703403935.360 0.809 0.333 
1703403935.460 0.725 0.409 
1703403935.560 0.638 0.485 
1703403935.660 0.549 0.558 
1703403935.761 0.464 0.627 
1703403935.860 0.378 0.694 
1703403935.960 0.282 0.766 
1703403936.061 0.189 0.842 
1703403936.161 0.097 0.917 
1703403936.260 0.007 0.989 
1703403936.361 -0.091 1.058 
1703403936.464 -0.188 1.130 
1703403936.562 -0.282 1.200 
1703403936.661 -0.374 1.267 
1703403936.762 -0.476 1.331 
1703403936.867 -0.582 1.397 
1703403936.962 -0.675 1.458 
1703403937.062 -0.768 1.522 
1703403937.162 -0.873 1.582 
1703403937.263 -0.980 1.634 
1703403937.364 -1.085 1.690 
1703403937.464 -1.191 1.755 
1703403937.564 -1.296 1.817 
1703403937.663 -1.402 1.877 
1703403937.763 -1.506 1.936 
1703403937.863 -1.609 1.993 
1703403937.963 -1.712 2.049 
1703403938.063 -1.820 2.098 
1703403938.164 -1.928 2.147 
1703403938.263 -2.030 2.196 
1703403938.365 -2.135 2.249 
1703403938.464 -2.251 2.296 
1703403938.564 -2.365 2.339 
1703403938.665 -2.473 2.382 
1703403938.764 -2.584 2.421 
1703403938.865 -2.703 2.456 
1703403938.965 -2.823 2.483 
1703403939.065 -2.936 2.513 
1703403939.166 -3.051 2.545 
1703403939.265 -3.141 2.571 
1703403939.365 -3.213 2.582 
1703403939.466 -3.281 2.587 
1703403939.568 -3.339 2.594 
1703403939.667 -3.418 2.593 
1703403939.767 -3.548 2.575 
1703403939.868 -3.667 2.560 
1703403939.967 -3.725 2.600 
1703403940.067 -3.780 2.626 
1703403940.168 -3.826 2.617 
1703403940.267 -3.873 2.568 
1703403940.367 -3.975 2.486 
1703403940.468 -4.053 2.421 
1703403940.567 -4.110 2.386 
1703403940.668 -4.158 2.248 
1703403940.767 -4.208 2.184 
1703403940.868 -4.261 2.152 
1703403940.967 -4.237 2.043 
1703403941.068 -4.213 1.939 
1703403941.171 -4.190 1.837 
1703403941.270 -4.128 1.729 
1703403941.370 -4.086 1.656 
1703403941.469 -4.033 1.620 
1703403941.570 -3.921 1.578 
1703403941.669 -3.824 1.546 
1703403941.769 -3.679 1.546 
1703403941.869 -3.586 1.545 
1703403941.969 -3.503 1.525 
1703403946.080 -2.610 1.642 
1703403946.080 -2.610 1.642 
1703403946.181 -2.694 1.647 
1703403946.281 -2.784 1.635 
1703403946.381 -2.873 1.621 
1703403946.482 -2.984 1.649 
1703403946.589 -3.097 1.701 
1703403946.686 -3.207 1.746 
1703403946.786 -3.322 1.783 
1703403946.886 -3.442 1.810 
1703403946.986 -3.561 1.836 
1703403947.085 -3.679 1.861 
1703403947.185 -3.790 1.884 
1703403947.286 -3.901 1.910 
1703403947.386 -4.022 1.942 
1703403947.486 -4.136 1.968 
1703403947.587 -4.252 1.987 
1703403947.687 -4.370 2.007 
1703403947.787 -4.492 2.028 
1703403947.887 -4.615 2.046 
1703403947.988 -4.733 2.058 
1703403948.087 -4.851 2.070 
1703403948.187 -4.971 2.085 
1703403948.287 -5.089 2.097 
1703403948.387 -5.207 2.109 
1703403948.487 -5.323 2.120 
1703403948.587 -5.440 2.131 
1703403948.687 -5.561 2.141 
1703403948.787 -5.681 2.151 
1703403948.888 -5.799 2.161 
1703403948.988 -5.914 2.170 
1703403949.088 -6.032 2.183 
1703403949.188 -6.151 2.197 
1703403949.288 -6.274 2.213 
1703403949.388 -6.382 2.244 
1703403949.489 -6.476 2.279 
1703403949.589 -6.538 2.317 
1703403949.689 -6.602 2.362 
1703403949.788 -6.690 2.463 
1703403949.889 -6.774 2.557 
1703403949.988 -6.843 2.680 
1703403950.089 -6.905 2.800 
1703403950.189 -6.949 2.898 
1703403950.289 -6.965 2.957 
1703403950.390 -6.957 2.972 
1703403950.489 -6.943 2.984 
1703403950.590 -6.945 3.051 
1703403950.689 -6.957 3.164 
1703403950.790 -6.957 3.264 
1703403950.889 -6.981 3.315 
1703403950.990 -6.994 3.371 
1703403951.090 -6.987 3.445 
1703403951.190 -6.978 3.529 
1703403951.290 -6.968 3.620 
1703403951.390 -6.961 3.713 
1703403951.490 -6.958 3.791 
1703403951.591 -6.969 3.829 
1703403951.692 -7.011 3.826 
1703403951.791 -7.026 3.840 
1703403951.892 -6.921 3.908 
1703403951.991 -6.821 3.985 
1703403952.091 -6.741 4.054 
1703403952.192 -6.679 4.092 
1703403952.293 -6.639 4.119 
1703403952.392 -6.567 4.154 
1703403952.492 -6.475 4.199 
1703403952.593 -6.392 4.243 
1703403952.692 -6.301 4.290 
1703403952.793 -6.194 4.343 
1703403952.893 -6.085 4.399 
1703403952.993 -5.978 4.456 
1703403953.093 -5.874 4.517 
1703403953.194 -5.762 4.573 
1703403953.293 -5.657 4.619 
1703403953.393 -5.549 4.665 
1703403953.494 -5.444 4.716 
1703403953.593 -5.345 4.774 
1703403953.693 -5.247 4.842 
1703403953.793 -5.147 4.920 
1703403953.894 -5.045 5.005 
1703403953.994 -4.939 5.089 
1703403954.094 -4.837 5.158 
1703403954.194 -4.748 5.237 
1703403954.294 -4.672 5.325 
1703403954.394 -4.598 5.427 
1703403954.495 -4.522 5.525 
1703403954.594 -4.451 5.628 
1703403954.695 -4.401 5.732 
1703403954.794 -4.354 5.841 
1703403954.897 -4.310 5.961 
1703403954.995 -4.286 6.075 
1703403955.095 -4.257 6.190 
1703403955.196 -4.236 6.301 
1703403955.295 -4.225 6.411 
1703403955.396 -4.217 6.522 
1703403955.497 -4.208 6.634 
1703403955.596 -4.208 6.748 
1703403955.695 -4.207 6.865 
1703403955.796 -4.207 6.980 
1703403955.896 -4.210 7.096 
1703403955.997 -4.212 7.213 
1703403956.096 -4.215 7.331 
1703403956.197 -4.217 7.448 
1703403956.297 -4.217 7.563 
1703403956.397 -4.218 7.672 
1703403956.498 -4.211 7.784 
1703403956.597 -4.198 7.904 
1703403956.697 -4.186 8.017 
1703403956.797 -4.196 8.103 
1703403956.897 -4.175 8.198 
1703403956.998 -4.099 8.286 
1703403958.000 -4.060 8.266 
1703403958.101 -4.022 8.280 
1703403958.201 -3.963 8.274 
1703403958.301 -3.928 8.270 
1703403958.401 -3.901 8.245 
1703403958.501 -3.885 8.199 
1703403958.602 -3.857 8.136 
1703403958.702 -3.849 8.063 
1703403958.801 -3.841 8.015 
1703403958.902 -3.821 7.953 
1703403959.002 -3.776 7.859 
1703403959.101 -3.731 7.774 
1703403959.202 -3.689 7.696 
1703403959.302 -3.646 7.617 
1703403959.402 -3.619 7.569 
1703403959.504 -3.585 7.503 
1703403959.604 -3.546 7.430 
1703403959.705 -3.504 7.353 
1703403959.804 -3.462 7.279 
1703403959.904 -3.420 7.203 
1703403960.004 -3.377 7.125 
1703403960.105 -3.333 7.048 
1703403960.205 -3.288 6.971 
1703403960.305 -3.240 6.890 
1703403960.404 -3.194 6.814 
1703403960.505 -3.147 6.742 
1703403960.605 -3.102 6.671 
1703403960.705 -3.058 6.598 
1703403960.806 -3.012 6.522 
1703403960.907 -2.967 6.449 
1703403961.011 -2.918 6.372 
1703403961.107 -2.871 6.301 
1703403961.208 -2.822 6.232 
1703403961.307 -2.773 6.166 
1703403961.408 -2.727 6.102 
1703403961.508 -2.679 6.041 
1703403961.607 -2.626 5.958 
1703403961.708 -2.569 5.873 
1703403961.808 -2.497 5.791 
1703403962.310 -2.286 5.677 
1703403962.311 -2.286 5.677 
1703403962.412 -2.263 5.679 
1703403962.512 -2.193 5.666 
1703403962.612 -2.095 5.672 
1703403963.719 -2.029 5.526 
1703403963.820 -2.030 5.485 
1703403963.919 -2.031 5.518 
1703403964.020 -2.030 5.589 
1703403964.120 -2.018 5.629 
1703403964.221 -2.001 5.663 
1703403964.320 -2.006 5.741 
1703403964.420 -2.012 5.891 
1703403964.520 -2.012 6.029 
1703403964.624 -1.999 6.109 
1703403964.720 -1.998 6.163 
1703403964.820 -2.004 6.216 
1703403964.921 -2.011 6.277 
1703403965.022 -2.043 6.323 
1703403965.122 -2.041 6.390 
1703403965.221 -2.020 6.515 
1703403965.321 -1.988 6.578 
1703403965.421 -1.982 6.610 
1703403965.521 -1.973 6.658 
1703403965.622 -1.908 6.768 
1703403965.721 -1.848 6.870 
1703403965.822 -1.823 6.959 
1703403965.922 -1.796 7.044 
1703403966.022 -1.775 7.084 
1703403967.725 -1.775 7.090 
1703403967.825 -1.790 7.084 
1703403967.926 -1.811 7.091 
1703403968.025 -1.844 7.118 
1703403968.125 -1.877 7.172 
1703403968.226 -1.915 7.275 
1703403968.326 -1.958 7.379 
1703403968.426 -2.012 7.464 
1703403968.526 -2.030 7.555 
1703403968.626 -2.026 7.649 
1703403968.726 -2.025 7.738 
1703403968.829 -2.034 7.825 
1703403968.927 -2.046 7.909 
1703403969.027 -2.053 8.004 
1703403969.126 -2.065 8.107 
1703403969.227 -2.072 8.209 
1703403969.329 -2.076 8.302 
1703403969.430 -2.075 8.390 
1703403969.529 -2.062 8.476 
1703403974.938 -2.414 8.367 
1703403974.939 -2.414 8.367 
1703403975.040 -2.424 8.266 
1703403975.140 -2.478 8.125 
1703403975.240 -2.520 8.010 
1703403975.340 -2.555 7.914 
1703403975.440 -2.622 7.809 
1703403975.540 -2.692 7.702 
1703403975.640 -2.756 7.602 
1703403975.741 -2.816 7.503 
1703403975.840 -2.877 7.403 
1703403975.941 -2.940 7.305 
1703403976.041 -3.003 7.209 
1703403976.141 -3.070 7.114 
1703403976.241 -3.136 7.017 
1703403976.341 -3.202 6.920 
1703403976.443 -3.268 6.824 
1703403976.544 -3.336 6.734 
1703403976.644 -3.406 6.647 
1703403976.743 -3.475 6.561 
1703403976.843 -3.541 6.476 
1703403976.946 -3.611 6.392 
1703403977.045 -3.695 6.307 
1703403977.146 -3.778 6.221 
1703403977.246 -3.850 6.144 
1703403977.346 -3.926 6.071 
1703403977.447 -4.011 5.991 
1703403977.547 -4.096 5.905 
1703403977.647 -4.175 5.822 
1703403977.747 -4.251 5.743 
1703403977.847 -4.329 5.658 
1703403977.947 -4.420 5.585 
1703403978.048 -4.512 5.518 
1703403978.147 -4.606 5.454 
1703403978.247 -4.715 5.389 
1703403978.347 -4.823 5.343 
1703403978.448 -4.920 5.298 
1703403978.548 -5.003 5.259 
1703403978.648 -5.120 5.232 
1703403978.748 -5.253 5.210 
1703403978.848 -5.371 5.192 
1703403978.949 -5.489 5.178 
1703403979.048 -5.610 5.174 
1703403979.150 -5.722 5.177 
1703403979.250 -5.833 5.184 
1703403979.350 -5.963 5.200 
1703403979.449 -6.086 5.223 
1703403979.551 -6.198 5.235 
1703403979.651 -6.297 5.257 
1703403979.751 -6.411 5.320 
1703403979.852 -6.514 5.392 
1703403979.952 -6.601 5.449 
1703403980.052 -6.697 5.508 
1703403980.152 -6.799 5.589 
1703403980.253 -6.887 5.666 
1703403980.352 -6.957 5.721 
1703403980.453 -7.017 5.788 
1703403980.554 -7.079 5.884 
1703403980.654 -7.160 5.987 
1703403980.754 -7.237 6.077 
1703403980.854 -7.317 6.171 
1703403980.954 -7.390 6.271 
1703403981.059 -7.460 6.366 
1703403981.156 -7.532 6.456 
1703403981.256 -7.601 6.555 
1703403981.356 -7.659 6.656 
1703403981.458 -7.715 6.758 
1703403981.558 -7.777 6.855 
1703403981.658 -7.843 6.952 
1703403981.758 -7.896 7.042 
1703403981.858 -7.938 7.124 
1703403981.958 -7.969 7.190 
1703403982.058 -7.993 7.263 
1703403982.158 -8.014 7.340 
1703403982.259 -8.030 7.389 
1703403983.462 -8.004 7.427 
1703403983.562 -8.015 7.398 
1703403983.663 -8.052 7.327 
1703403985.366 -8.416 7.132 
1703403985.467 -8.314 7.108 
1703403985.566 -8.199 7.071 
1703403985.667 -8.044 7.040 
1703403985.767 -7.897 7.007 
1703403990.976 -7.959 6.831 
1703403990.977 -7.959 6.832 
1703403991.077 -8.014 6.806 
1703403991.177 -8.095 6.700 
1703403991.277 -8.184 6.624 
1703403991.377 -8.253 6.550 
1703403991.477 -8.302 6.436 
1703403991.578 -8.352 6.320 
1703403991.678 -8.405 6.232 
1703403991.777 -8.465 6.148 
1703403991.878 -8.520 6.044 
1703403991.977 -8.570 5.931 
1703403992.078 -8.612 5.816 
1703403992.179 -8.654 5.712 
1703403992.278 -8.692 5.601 
1703403992.379 -8.723 5.484 
1703403992.479 -8.744 5.366 
1703403992.579 -8.757 5.242 
1703403992.680 -8.775 5.141 
1703403992.780 -8.792 5.057 
1703403992.880 -8.792 4.965 
1703403992.979 -8.792 4.850 
1703403993.080 -8.782 4.725 
1703403993.179 -8.800 4.649 
1703403993.280 -8.811 4.590 
1703403993.380 -8.805 4.527 
1703403993.479 -8.794 4.429 
1703403993.580 -8.783 4.317 
1703403993.680 -8.765 4.283 
1703403993.781 -8.756 4.250 
1703403993.880 -8.756 4.197 
1703403993.981 -8.762 4.106 
1703403994.081 -8.753 3.983 
1703403994.182 -8.751 3.881 
1703403994.281 -8.739 3.845 
1703403994.386 -8.744 3.809 
1703403994.486 -8.759 3.741 
1703403994.586 -8.766 3.631 
1703403994.686 -8.779 3.507 
1703403994.786 -8.785 3.420 
1703403994.886 -8.773 3.378 
1703403994.988 -8.787 3.329 
1703403995.086 -8.815 3.234 
1703403995.187 -8.839 3.116 
1703403995.287 -8.870 3.008 
1703403995.386 -8.879 2.948 
1703403995.487 -8.887 2.901 
1703403995.587 -8.894 2.844 
1703403995.687 -8.889 2.748 
1703403995.787 -8.895 2.646 
1703403995.887 -8.900 2.565 
1703403995.987 -8.900 2.501 
1703403996.087 -8.898 2.427 
1703403996.188 -8.882 2.326 
1703403996.288 -8.874 2.228 
1703403996.387 -8.870 2.137 
1703403998.093 -9.074 1.943 
1703403998.093 -9.074 1.943 
1703403998.193 -9.011 1.975 
1703403998.293 -8.948 2.000 
1703403998.394 -8.863 2.012 
1703403998.494 -8.783 2.028 
1703403998.594 -8.670 2.004 
1703403998.693 -8.523 1.962 
1703403998.794 -8.376 1.927 
1703403998.898 -8.269 1.920 
1703403998.994 -8.161 1.909 
1703403999.095 -8.024 1.914 
1703403999.194 -7.896 1.916 
1703403999.295 -7.777 1.916 
1703403999.394 -7.661 1.909 
1703403999.494 -7.538 1.905 
1703403999.595 -7.412 1.901 
1703403999.695 -7.291 1.895 
1703403999.795 -7.173 1.888 
1703403999.895 -7.058 1.884 
1703403999.995 -6.963 1.877 
1703404000.095 -6.897 1.882 
1703404000.195 -6.825 1.879 
1703404000.296 -6.743 1.873 
1703404000.396 -6.664 1.870 
1703404000.496 -6.586 1.866 
1703404000.596 -6.506 1.863 
1703404000.695 -6.429 1.863 
1703404000.797 -6.348 1.866 
1703404000.896 -6.266 1.863 
1703404000.996 -6.186 1.863 
1703404001.096 -6.107 1.863 
1703404001.196 -6.024 1.866 
1703404001.296 -5.944 1.869 
1703404001.397 -5.864 1.873 
1703404001.497 -5.778 1.876 
1703404001.596 -5.695 1.879 
1703404001.697 -5.607 1.883 
1703404001.797 -5.523 1.888 
1703404001.897 -5.437 1.894 
1703404001.997 -5.350 1.902 
1703404002.098 -5.261 1.908 
1703404002.198 -5.172 1.915 
1703404002.298 -5.086 1.922 
1703404002.397 -5.001 1.930 
1703404002.497 -4.910 1.938 
1703404002.598 -4.819 1.949 
1703404002.698 -4.731 1.958 
1703404002.798 -4.641 1.968 
1703404002.899 -4.550 1.977 
1703404002.998 -4.459 1.986 
1703404003.099 -4.363 1.996 
1703404003.200 -4.271 2.005 
1703404003.299 -4.176 2.014 
1703404003.399 -4.079 2.025 
1703404003.499 -3.984 2.034 
1703404003.599 -3.887 2.043 
1703404003.699 -3.795 2.053 
1703404003.799 -3.696 2.063 
1703404003.899 -3.600 2.072 
1703404003.999 -3.506 2.074 
1703404004.102 -3.401 2.077 
1703404004.199 -3.311 2.085 
1703404004.300 -3.217 2.091 
1703404004.400 -3.122 2.090 
1703404004.500 -3.030 2.086 
1703404004.600 -2.935 2.083 
1703404004.703 -2.830 2.072 
1703404004.801 -2.735 2.066 
1703404004.900 -2.650 2.064 
1703404005.000 -2.557 2.052 
1703404005.101 -2.458 2.033 
1703404005.201 -2.361 2.015 
1703404005.301 -2.268 2.001 
1703404005.401 -2.168 1.985 
1703404005.502 -2.068 1.961 
1703404005.603 -1.973 1.932 
1703404005.703 -1.878 1.901 
1703404005.801 -1.783 1.868 
1703404005.902 -1.684 1.830 
1703404006.005 -1.590 1.786 
1703404006.103 -1.496 1.737 
1703404006.202 -1.403 1.685 
1703404006.303 -1.314 1.629 
1703404006.402 -1.228 1.566 
1703404006.503 -1.144 1.495 
1703404006.605 -1.065 1.415 
1703404006.704 -0.994 1.340 
1703404006.803 -0.934 1.266 
1703404006.903 -0.870 1.174 
1703404007.003 -0.803 1.071 
1703404007.104 -0.735 0.963 
1703404007.204 -0.666 0.854 
1703404007.304 -0.596 0.782 
1703404007.409 -0.532 0.725 
1703404007.504 -0.482 0.653 
1703404007.604 -0.446 0.566 
1703404007.705 -0.434 0.457 
1703404007.805 -0.419 0.326 
1703404007.905 -0.378 0.216 
1703404008.004 -0.343 0.107 
1703404008.105 -0.347 0.001 
1703404008.207 -0.372 -0.113 
1703404008.307 -0.387 -0.237 
1703404008.405 -0.396 -0.354 
1703404008.506 -0.419 -0.464 
1703404008.605 -0.476 -0.576 
1703404008.705 -0.537 -0.674 
1703404008.806 -0.589 -0.774 
1703404008.905 -0.640 -0.873 
1703404009.006 -0.722 -0.962 
1703404009.106 -0.814 -1.043 
1703404009.206 -0.905 -1.119 
1703404009.306 -1.011 -1.189 
1703404009.407 -1.109 -1.257 
1703404009.507 -1.207 -1.320 
1703404009.607 -1.315 -1.374 
1703404009.708 -1.422 -1.422 
1703404009.807 -1.532 -1.453 
1703404009.907 -1.634 -1.488 
1703404010.007 -1.730 -1.523 
1703404010.109 -1.830 -1.550 
1703404010.208 -1.929 -1.577 
1703404010.308 -2.025 -1.600 
1703404010.408 -2.126 -1.618 
1703404010.508 -2.235 -1.626 
1703404010.609 -2.339 -1.636 
1703404010.708 -2.437 -1.652 
1703404010.808 -2.540 -1.666 
1703404010.908 -2.647 -1.675 
1703404011.009 -2.753 -1.682 
1703404011.108 -2.853 -1.691 
1703404011.210 -2.952 -1.695 
1703404011.309 -3.055 -1.699 
1703404011.409 -3.163 -1.702 
1703404011.510 -3.274 -1.706 
1703404011.609 -3.379 -1.712 
1703404011.710 -3.484 -1.714 
1703404011.810 -3.591 -1.713 
1703404011.911 -3.706 -1.714 
1703404012.010 -3.816 -1.714 
1703404012.110 -3.926 -1.715 
1703404012.211 -4.036 -1.713 
1703404012.310 -4.144 -1.711 
1703404012.411 -4.256 -1.706 
1703404012.511 -4.365 -1.702 
1703404012.610 -4.471 -1.703 
1703404012.711 -4.578 -1.697 
1703404012.811 -4.683 -1.692 
1703404012.911 -4.788 -1.684 
1703404013.012 -4.894 -1.677 
1703404013.111 -4.997 -1.672 
1703404013.212 -5.096 -1.669 
1703404013.312 -5.194 -1.664 
1703404013.412 -5.291 -1.658 
1703404013.513 -5.389 -1.654 
1703404013.612 -5.484 -1.649 
1703404013.712 -5.579 -1.647 
1703404013.813 -5.673 -1.645 
1703404013.912 -5.763 -1.642 
1703404014.012 -5.855 -1.641 
1703404014.112 -5.943 -1.642 
1703404014.212 -6.030 -1.640 
1703404014.313 -6.114 -1.642 
1703404014.415 -6.195 -1.644 
1703404014.516 -6.276 -1.646 
1703404014.616 -6.353 -1.649 
1703404014.716 -6.428 -1.653 
1703404014.816 -6.538 -1.652 
1703404014.916 -6.640 -1.656 
1703404015.016 -6.730 -1.663 
1703404015.116 -6.813 -1.670 
1703404015.217 -6.893 -1.683 
1703404015.316 -6.960 -1.701 
1703404015.416 -7.036 -1.736 
1703404015.518 -7.117 -1.780 
1703404015.617 -7.179 -1.819 
1703404015.717 -7.203 -1.825 
1703404015.817 -7.208 -1.826 
1703404015.917 -7.208 -1.813 
1703404016.018 -7.225 -1.845 
1703404016.118 -7.247 -1.969 
1703404016.218 -7.287 -2.064 
1703404016.318 -7.313 -2.172 
1703404016.418 -7.344 -2.305 
1703404016.518 -7.357 -2.416 
1703404016.618 -7.369 -2.485 
1703404016.718 -7.376 -2.558 
1703404016.819 -7.382 -2.616 
1703404016.918 -7.399 -2.675 
1703404017.019 -7.434 -2.760 
1703404017.119 -7.465 -2.845 
1703404017.219 -7.473 -2.911 
1703404017.319 -7.504 -2.989 
1703404017.419 -7.546 -3.069 
1703404017.537 -7.597 -3.140 
1703404017.626 -7.643 -3.183 
1703404017.724 -7.695 -3.237 
1703404017.824 -7.790 -3.301 
1703404017.924 -7.917 -3.354 
1703404022.536 -7.774 -3.421 
1703404022.537 -7.774 -3.421 
1703404022.638 -7.745 -3.414 
1703404022.740 -7.648 -3.386 
1703404022.839 -7.526 -3.351 
1703404022.939 -7.408 -3.323 
1703404023.038 -7.309 -3.313 
1703404023.140 -7.215 -3.301 
1703404023.239 -7.125 -3.287 
1703404023.339 -7.034 -3.274 
1703404023.439 -6.939 -3.265 
1703404023.542 -6.844 -3.258 
1703404023.642 -6.746 -3.253 
1703404023.740 -6.650 -3.251 
1703404023.839 -6.552 -3.255 
1703404023.939 -6.455 -3.267 
1703404024.041 -6.354 -3.272 
1703404024.140 -6.251 -3.278 
1703404024.239 -6.149 -3.288 
1703404024.340 -6.044 -3.304 
1703404024.440 -5.943 -3.321 
1703404024.540 -5.836 -3.351 
1703404024.640 -5.729 -3.385 
1703404024.740 -5.627 -3.414 
1703404024.840 -5.529 -3.450 
1703404024.940 -5.423 -3.494 
1703404025.041 -5.324 -3.563 
1703404025.143 -5.233 -3.639 
1703404025.243 -5.147 -3.694 
1703404025.342 -5.058 -3.762 
1703404025.443 -4.970 -3.842 
1703404025.543 -4.888 -3.926 
1703404025.643 -4.806 -4.011 
1703404025.743 -4.723 -4.108 
1703404025.844 -4.645 -4.212 
1703404025.944 -4.575 -4.306 
1703404026.044 -4.508 -4.403 
1703404026.144 -4.446 -4.513 
1703404026.245 -4.378 -4.617 
1703404026.345 -4.321 -4.722 
1703404026.444 -4.268 -4.829 
1703404026.544 -4.226 -4.942 
1703404026.645 -4.197 -5.055 
1703404026.745 -4.171 -5.168 
1703404026.845 -4.151 -5.281 
1703404026.945 -4.143 -5.394 
1703404027.045 -4.141 -5.504 
1703404027.145 -4.142 -5.615 
1703404027.245 -4.143 -5.733 
1703404027.345 -4.143 -5.848 
1703404027.446 -4.146 -5.956 
1703404027.546 -4.150 -6.036 
1703404027.646 -4.143 -6.103 
1703404027.747 -4.124 -6.174 
1703404027.847 -4.125 -6.224 
1703404027.947 -4.072 -6.296 
1703404028.047 -4.009 -6.363 
1703404028.146 -3.974 -6.413 
1703404028.246 -3.948 -6.454 
1703404028.347 -3.888 -6.475 
1703404028.448 -3.804 -6.476 
1703404028.547 -3.721 -6.477 
1703404028.648 -3.633 -6.468 
1703404028.747 -3.569 -6.458 
1703404028.847 -3.530 -6.451 
1703404028.948 -3.458 -6.431 
1703404029.048 -3.377 -6.411 
1703404029.148 -3.286 -6.389 
1703404029.248 -3.204 -6.367 
1703404029.348 -3.136 -6.345 
1703404029.448 -3.091 -6.328 
1703404029.549 -3.055 -6.316 
1703404029.649 -3.022 -6.296 
1703404031.354 -2.963 -5.956 
1703404031.455 -2.975 -5.973 
1703404031.554 -2.998 -6.072 
1703404031.664 -3.020 -6.186 
1703404031.762 -3.058 -6.263 
1703404031.862 -3.087 -6.264 
1703404031.962 -3.070 -6.154 
1703404032.062 -3.058 -6.036 
1703404032.162 -3.039 -5.917 
1703404032.262 -3.015 -5.800 
1703404032.362 -2.997 -5.693 
1703404032.463 -2.970 -5.588 
1703404032.563 -2.946 -5.470 
1703404032.664 -2.918 -5.354 
1703404032.763 -2.899 -5.246 
1703404032.864 -2.871 -5.143 
1703404032.964 -2.836 -5.040 
1703404033.063 -2.796 -4.934 
1703404033.163 -2.748 -4.826 
1703404033.263 -2.703 -4.716 
1703404033.364 -2.654 -4.605 
1703404033.464 -2.598 -4.502 
1703404033.566 -2.531 -4.411 
1703404033.664 -2.458 -4.317 
1703404033.764 -2.385 -4.219 
1703404033.868 -2.310 -4.120 
1703404033.969 -2.230 -4.032 
1703404034.065 -2.145 -3.952 
1703404034.165 -2.042 -3.884 
1703404034.265 -1.939 -3.819 
1703404034.365 -1.836 -3.754 
1703404034.466 -1.731 -3.704 
1703404034.565 -1.611 -3.678 
1703404034.666 -1.492 -3.666 
1703404034.766 -1.364 -3.652 
1703404034.865 -1.232 -3.635 
1703404035.468 -1.105 -3.604 
1703404035.469 -1.105 -3.604 
1703404035.571 -1.072 -3.589 
1703404035.672 -0.983 -3.570 
1703404035.771 -0.863 -3.538 
1703404035.872 -0.727 -3.512 
1703404035.971 -0.587 -3.504 
1703404036.071 -0.449 -3.505 
1703404036.172 -0.336 -3.534 
1703404036.272 -0.233 -3.588 
1703404036.371 -0.107 -3.655 
1703404036.472 0.023 -3.717 
1703404036.575 0.110 -3.726 
1703404036.672 0.165 -3.742 
1703404036.772 0.230 -3.799 
1703404036.872 0.330 -3.867 
1703404036.972 0.442 -3.944 
1703404037.073 0.520 -4.018 
1703404037.172 0.584 -4.064 
1703404037.273 0.648 -4.115 
1703404037.373 0.732 -4.181 
1703404037.473 0.817 -4.248 
1703404037.573 0.889 -4.306 
1703404037.673 0.961 -4.361 
1703404037.773 1.036 -4.418 
1703404037.873 1.112 -4.479 
1703404037.974 1.191 -4.541 
1703404038.074 1.274 -4.603 
1703404038.173 1.362 -4.661 
1703404038.274 1.413 -4.707 
1703404038.375 1.488 -4.752 
1703404038.474 1.577 -4.799 
1703404038.574 1.658 -4.845 
1703404038.674 1.731 -4.887 
1703404038.774 1.806 -4.931 
1703404038.874 1.879 -4.975 
1703404038.974 1.954 -5.018 
1703404039.075 2.029 -5.061 
1703404039.175 2.105 -5.105 
1703404039.274 2.176 -5.133 
1703404039.375 2.250 -5.169 
1703404039.475 2.321 -5.213 
1703404039.575 2.402 -5.271 
1703404039.675 2.488 -5.363 
1703404039.775 2.573 -5.439 
1703404039.875 2.649 -5.510 
1703404039.975 2.720 -5.566 
1703404040.076 2.790 -5.643 
1703404040.175 2.846 -5.723 
1703404040.276 2.883 -5.819 
1703404040.376 2.902 -5.915 
1703404040.476 2.910 -6.011 
1703404040.576 2.906 -6.100 
1703404040.676 2.900 -6.190 
1703404040.776 2.890 -6.274 
1703404040.877 2.867 -6.352 
1703404040.976 2.846 -6.440 
1703404041.076 2.828 -6.511 
1703404041.177 2.818 -6.561 
1703404041.278 2.805 -6.621 
1703404041.377 2.794 -6.707 
1703404041.477 2.784 -6.794 
1703404043.681 3.034 -6.735 
1703404043.782 3.006 -6.684 
1703404043.881 2.931 -6.585 
1703404043.981 2.851 -6.502 
1703404044.082 2.732 -6.421 
1703404044.182 2.622 -6.332 
1703404044.283 2.532 -6.275 
1703404044.382 2.439 -6.227 
1703404044.483 2.346 -6.177 
1703404044.582 2.244 -6.116 
1703404044.683 2.142 -6.055 
1703404044.783 2.040 -5.993 
1703404044.883 1.936 -5.936 
1703404044.984 1.831 -5.882 
1703404045.083 1.726 -5.837 
1703404045.183 1.620 -5.783 
1703404045.284 1.517 -5.729 
1703404045.383 1.406 -5.688 
1703404045.484 1.296 -5.652 
1703404045.585 1.184 -5.613 
1703404045.685 1.078 -5.581 
1703404045.784 0.967 -5.547 
1703404045.884 0.871 -5.526 
1703404045.984 0.812 -5.540 
1703404046.084 0.760 -5.522 
1703404046.185 0.715 -5.496 
1703404046.285 0.671 -5.478 
1703404046.384 0.627 -5.467 
1703404046.485 0.582 -5.449 
1703404046.586 0.579 -5.393 
1703404046.887 0.626 -5.234 
1703404046.988 0.626 -5.229 
1703404047.087 0.623 -5.182 
1703404047.186 0.579 -5.068 
1703404047.288 0.545 -4.950 
1703404047.387 0.514 -4.837 
1703404047.487 0.467 -4.726 
1703404047.588 0.419 -4.623 
1703404047.688 0.353 -4.526 
1703404047.788 0.274 -4.431 
1703404047.887 0.192 -4.342 
1703404047.987 0.106 -4.258 
1703404048.087 0.007 -4.188 
1703404048.188 -0.098 -4.132 
1703404048.288 -0.204 -4.089 
1703404048.388 -0.313 -4.057 
1703404048.488 -0.437 -4.028 
1703404048.590 -0.559 -4.008 
1703404048.688 -0.665 -3.981 
1703404048.788 -0.783 -3.966 
1703404048.888 -0.915 -3.968 
1703404048.988 -1.036 -3.963 
1703404049.088 -1.160 -3.961 
1703404049.189 -1.282 -3.953 
1703404049.289 -1.403 -3.957 
1703404049.388 -1.519 -3.976 
1703404049.489 -1.632 -3.998 
1703404049.589 -1.730 -4.035 
1703404049.689 -1.836 -4.099 
1703404049.790 -1.949 -4.162 
1703404049.890 -2.051 -4.226 
1703404049.990 -2.153 -4.289 
1703404050.089 -2.246 -4.349 
1703404050.190 -2.341 -4.415 
1703404050.290 -2.434 -4.488 
1703404050.390 -2.516 -4.561 
1703404050.490 -2.595 -4.630 
1703404050.591 -2.668 -4.697 
1703404050.690 -2.743 -4.763 
1703404050.790 -2.818 -4.832 
1703404050.890 -2.893 -4.903 
1703404050.991 -2.968 -4.974 
1703404051.091 -3.044 -5.045 
1703404051.190 -3.118 -5.119 
1703404051.292 -3.193 -5.192 
1703404051.391 -3.261 -5.262 
1703404051.491 -3.329 -5.335 
1703404051.591 -3.399 -5.408 
1703404051.693 -3.471 -5.485 
1703404051.791 -3.539 -5.556 
1703404051.892 -3.605 -5.629 
1703404051.992 -3.679 -5.714 
1703404052.093 -3.756 -5.799 
1703404052.193 -3.835 -5.881 
1703404052.293 -3.910 -5.964 
1703404052.393 -3.984 -6.050 
1703404052.493 -4.057 -6.136 
1703404052.594 -4.133 -6.223 
1703404052.694 -4.205 -6.307 
1703404052.794 -4.275 -6.402 
1703404052.894 -4.347 -6.496 
1703404052.995 -4.417 -6.589 
1703404053.094 -4.493 -6.683 
1703404053.194 -4.563 -6.785 
1703404053.293 -4.627 -6.882 
1703404053.394 -4.690 -6.987 
1703404053.494 -4.754 -7.094 
1703404053.594 -4.810 -7.201 
1703404053.695 -4.868 -7.295 
1703404053.796 -4.920 -7.365 
1703404053.896 -4.954 -7.416 
1703404053.996 -4.975 -7.485 
1703404054.096 -4.994 -7.559 
1703404054.196 -5.006 -7.637 
1703404058.518 -4.619 -7.381 
1703404058.619 -4.634 -7.409 
1703404058.719 -4.644 -7.515 
1703404058.820 -4.650 -7.595 
1703404058.919 -4.610 -7.570 
1703404059.020 -4.576 -7.492 
1703404063.034 -4.330 -6.840 
1703404063.035 -4.330 -6.840 
1703404063.136 -4.403 -6.890 
1703404063.235 -4.488 -6.961 
1703404063.335 -4.581 -7.046 
1703404063.436 -4.681 -7.144 
1703404063.536 -4.784 -7.220 
1703404063.635 -4.891 -7.277 
1703404063.736 -4.997 -7.331 
1703404063.837 -5.107 -7.385 
1703404063.936 -5.216 -7.436 
1703404064.036 -5.326 -7.485 
1703404064.137 -5.434 -7.536 
1703404064.236 -5.546 -7.587 
1703404064.337 -5.658 -7.635 
1703404064.437 -5.768 -7.680 
1703404064.537 -5.881 -7.730 
1703404064.641 -5.994 -7.777 
1703404064.739 -6.106 -7.820 
1703404064.839 -6.219 -7.859 
1703404066.342 -6.358 -7.828 
1703404066.343 -6.358 -7.828 
1703404066.443 -6.408 -7.774 
1703404066.544 -6.537 -7.730 
1703404066.644 -6.655 -7.686 
1703404066.743 -6.757 -7.640 
1703404066.844 -6.873 -7.595 
1703404066.945 -6.982 -7.552 
1703404067.044 -7.092 -7.512 
1703404067.144 -7.204 -7.471 
1703404067.245 -7.316 -7.427 
1703404067.344 -7.424 -7.385 
1703404067.446 -7.534 -7.346 
1703404067.545 -7.646 -7.307 
1703404067.645 -7.754 -7.259 
1703404067.745 -7.859 -7.208 
1703404067.845 -7.963 -7.156 
1703404067.946 -8.069 -7.101 
1703404068.047 -8.173 -7.046 
1703404068.146 -8.266 -6.973 
1703404068.246 -8.354 -6.892 
1703404068.350 -8.435 -6.804 
1703404068.449 -8.516 -6.718 
1703404068.549 -8.573 -6.631 
1703404068.649 -8.607 -6.546 
1703404068.749 -8.630 -6.517 
1703404068.850 -8.665 -6.512 
1703404073.562 -8.371 -6.835 
1703404073.563 -8.371 -6.836 
1703404073.664 -8.352 -6.857 
1703404073.764 -8.263 -6.917 
1703404073.864 -8.163 -7.002 
1703404073.964 -8.071 -7.075 
1703404074.064 -7.980 -7.161 
1703404074.164 -7.900 -7.247 
1703404074.265 -7.811 -7.324 
1703404074.365 -7.719 -7.398 
1703404074.464 -7.629 -7.475 
1703404074.565 -7.538 -7.554 
1703404074.665 -7.444 -7.624 
1703404074.765 -7.346 -7.687 
1703404074.865 -7.246 -7.752 
1703404074.965 -7.148 -7.821 
1703404075.066 -7.047 -7.882 
1703404075.167 -6.945 -7.929 
1703404075.266 -6.833 -7.972 
1703404075.366 -6.738 -8.014 
1703404075.466 -6.655 -8.050 
1703404075.566 -6.576 -8.078 
1703404075.666 -6.500 -8.107 
1703404075.767 -6.427 -8.141 
1703404075.867 -6.340 -8.176 
1703404075.966 -6.245 -8.198 
1703404076.067 -6.157 -8.209 
1703404076.166 -6.077 -8.201 
1703404076.266 -5.993 -8.164 
1703404076.367 -5.914 -8.122 
1703404076.467 -5.832 -8.080 
1703404076.567 -5.770 -8.064 
1703404076.668 -5.716 -8.043 
1703404076.767 -5.650 -7.999 
1703404076.867 -5.581 -7.952 
1703404076.968 -5.518 -7.909 
1703404077.068 -5.451 -7.869 
1703404077.168 -5.383 -7.817 
1703404077.268 -5.314 -7.767 
1703404077.368 -5.244 -7.716 
1703404077.468 -5.174 -7.665 
1703404077.568 -5.101 -7.608 
1703404077.669 -5.029 -7.547 
1703404077.769 -4.963 -7.478 
1703404077.868 -4.893 -7.410 
1703404077.969 -4.823 -7.345 
1703404078.069 -4.757 -7.269 
1703404078.170 -4.690 -7.188 
1703404078.270 -4.619 -7.107 
1703404078.376 -4.551 -7.024 
1703404078.472 -4.483 -6.939 
1703404078.572 -4.416 -6.849 
1703404078.670 -4.348 -6.754 
1703404078.770 -4.282 -6.670 
1703404078.871 -4.211 -6.580 
1703404078.971 -4.142 -6.481 
1703404079.070 -4.073 -6.377 
1703404079.170 -4.007 -6.286 
1703404079.270 -3.937 -6.190 
1703404079.370 -3.867 -6.091 
1703404079.471 -3.799 -5.999 
1703404079.571 -3.731 -5.909 
1703404079.670 -3.663 -5.818 
1703404079.771 -3.594 -5.726 
1703404079.870 -3.524 -5.634 
1703404079.972 -3.453 -5.541 
1703404080.071 -3.382 -5.450 
1703404080.172 -3.308 -5.357 
1703404080.272 -3.235 -5.263 
1703404080.372 -3.163 -5.170 
1703404080.472 -3.091 -5.077 
1703404080.573 -3.023 -4.987 
1703404080.672 -2.955 -4.896 
1703404080.773 -2.884 -4.803 
1703404080.873 -2.812 -4.709 
1703404080.973 -2.737 -4.617 
1703404081.073 -2.659 -4.527 
1703404081.175 -2.576 -4.439 
1703404081.275 -2.495 -4.350 
1703404081.374 -2.412 -4.267 
1703404081.475 -2.325 -4.190 
1703404081.574 -2.234 -4.114 
1703404081.674 -2.139 -4.038 
1703404081.778 -2.044 -3.958 
1703404081.875 -1.953 -3.889 
1703404081.974 -1.850 -3.821 
1703404082.075 -1.739 -3.763 
1703404082.185 -1.633 -3.701 
1703404082.281 -1.523 -3.643 
1703404082.381 -1.408 -3.594 
1703404082.479 -1.290 -3.554 
1703404082.580 -1.179 -3.522 
1703404082.680 -1.057 -3.495 
1703404082.779 -0.928 -3.490 
1703404082.879 -0.801 -3.497 
1703404082.982 -0.688 -3.505 
1703404083.082 -0.588 -3.514 
1703404083.182 -0.495 -3.526 
1703404083.282 -0.396 -3.563 
1703404083.383 -0.302 -3.591 
1703404083.483 -0.210 -3.616 
1703404083.583 -0.119 -3.660 
1703404083.682 -0.029 -3.717 
1703404083.782 0.058 -3.774 
1703404083.884 0.142 -3.844 
1703404083.983 0.222 -3.931 
1703404084.083 0.303 -4.008 
1703404084.183 0.379 -4.089 
1703404084.284 0.438 -4.182 
1703404084.383 0.499 -4.280 
1703404084.486 0.559 -4.382 
1703404084.584 0.617 -4.480 
1703404084.685 0.667 -4.583 
1703404084.784 0.715 -4.689 
1703404084.884 0.758 -4.797 
1703404084.985 0.800 -4.908 
1703404085.087 0.840 -5.023 
1703404085.185 0.875 -5.132 
1703404085.284 0.912 -5.241 
1703404085.385 0.945 -5.352 
1703404085.485 0.980 -5.462 
1703404085.589 1.010 -5.582 
1703404085.685 1.034 -5.694 
1703404085.785 1.049 -5.810 
1703404085.885 1.066 -5.922 
1703404085.986 1.089 -6.034 
1703404086.086 1.104 -6.154 
1703404086.186 1.113 -6.270 
1703404086.286 1.122 -6.382 
1703404086.387 1.137 -6.498 
1703404086.486 1.147 -6.612 
1703404086.590 1.151 -6.734 
1703404086.686 1.152 -6.846 
1703404086.786 1.157 -6.963 
1703404086.887 1.159 -7.082 
1703404086.986 1.157 -7.200 
1703404087.087 1.153 -7.316 
1703404087.187 1.151 -7.433 
1703404087.287 1.148 -7.552 
1703404087.387 1.142 -7.670 
1703404087.487 1.135 -7.787 
1703404087.588 1.128 -7.905 
1703404087.688 1.121 -8.018 
1703404087.787 1.115 -8.116 
1703404087.888 1.110 -8.201 
1703404087.987 1.108 -8.283 
1703404088.088 1.104 -8.366 
1703404088.189 1.101 -8.444 
1703404088.288 1.103 -8.553 
1703404088.389 1.098 -8.655 
1703404088.488 1.100 -8.737 
1703404088.588 1.110 -8.817 
1703404088.687 1.133 -8.898 
1703404088.788 1.160 -8.964 
1703404088.889 1.175 -9.004 
1703404090.592 1.152 -8.882 
1703404090.693 1.236 -8.860 
1703404090.793 1.331 -8.825 
1703404090.893 1.394 -8.804 
1703404090.996 1.474 -8.799 
1703404091.095 1.548 -8.781 
1703404091.194 1.574 -8.737 
1703404091.295 1.599 -8.705 
1703404091.395 1.643 -8.705 
1703404091.495 1.767 -8.691 
1703404091.595 1.892 -8.675 
1703404091.695 1.997 -8.665 
1703404091.795 2.077 -8.659 
1703404091.895 2.134 -8.647 
1703404091.996 2.199 -8.646 
1703404092.097 2.277 -8.649 
1703404092.196 2.363 -8.651 
1703404092.296 2.447 -8.653 
1703404092.397 2.526 -8.657 
1703404092.496 2.607 -8.661 
1703404092.597 2.686 -8.664 
1703404092.697 2.761 -8.664 
1703404092.797 2.838 -8.663 
1703404092.896 2.912 -8.658 
1703404092.998 2.987 -8.652 
1703404093.099 3.083 -8.649 
1703404093.199 3.207 -8.632 
1703404093.299 3.317 -8.619 
1703404093.400 3.387 -8.602 
1703404093.500 3.442 -8.596 
1703404093.600 3.493 -8.581 
1703404093.700 3.540 -8.554 
1703404093.799 3.599 -8.487 
1703404093.900 3.621 -8.443 
1703404094.000 3.644 -8.446 
1703404094.100 3.676 -8.420 
1703404094.200 3.707 -8.352 
1703404094.301 3.749 -8.240 
1703404094.400 3.817 -8.139 
1703404094.500 3.893 -8.057 
1703404095.609 3.933 -7.737 
1703404095.611 3.933 -7.736 
1703404095.710 3.945 -7.711 
1703404095.810 4.017 -7.714 
1703404095.910 4.132 -7.733 
1703404096.010 4.229 -7.748 
1703404096.110 4.335 -7.766 
1703404096.210 4.467 -7.770 
1703404096.311 4.584 -7.777 
1703404096.410 4.702 -7.793 
1703404096.511 4.821 -7.807 
1703404096.611 4.945 -7.821 
1703404096.711 5.063 -7.835 
1703404096.812 5.185 -7.851 
1703404096.911 5.303 -7.862 
1703404097.012 5.422 -7.872 
1703404097.112 5.542 -7.880 
1703404097.212 5.662 -7.885 
1703404097.312 5.781 -7.894 
1703404097.412 5.902 -7.890 
1703404097.512 6.017 -7.886 
1703404097.612 6.136 -7.869 
1703404097.713 6.272 -7.821 
1703404097.813 6.401 -7.767 
1703404097.914 6.506 -7.751 
1703404098.013 6.570 -7.794 
1703404098.113 6.625 -7.838 
1703404098.214 6.652 -7.864 
1703404098.315 6.646 -7.838 
1703404098.415 6.642 -7.790 
1703404098.514 6.642 -7.719 
1703404098.615 6.651 -7.626 
1703404098.715 6.657 -7.530 
1703404098.815 6.663 -7.443 
1703404098.916 6.667 -7.368 
1703404099.016 6.659 -7.303 
1703404099.116 6.642 -7.260 
1703404099.215 6.662 -7.245 
1703404099.316 6.660 -7.187 
1703404099.416 6.642 -7.096 
1703404099.517 6.595 -6.972 
1703404099.616 6.528 -6.866 
1703404099.716 6.506 -6.788 
1703404099.817 6.491 -6.723 
1703404099.917 6.437 -6.634 
1703404100.017 6.377 -6.533 
1703404100.116 6.329 -6.450 
1703404100.217 6.298 -6.378 
1703404100.318 6.268 -6.309 
1703404100.418 6.230 -6.240 
1703404100.517 6.192 -6.175 
1703404100.618 6.138 -6.091 
1703404100.718 6.082 -6.014 
1703404100.817 6.036 -5.934 
1703404100.918 5.994 -5.864 
1703404104.426 5.769 -5.679 
1703404104.527 5.756 -5.705 
1703404104.627 5.745 -5.815 
1703404107.737 5.924 -5.884 
1703404107.738 5.924 -5.884 
1703404107.838 5.942 -5.922 
1703404107.938 5.990 -6.025 
1703404108.043 6.061 -6.122 
1703404108.137 6.127 -6.201 
1703404108.238 6.208 -6.284 
1703404108.338 6.289 -6.372 
1703404108.439 6.371 -6.462 
1703404108.539 6.453 -6.550 
1703404108.638 6.535 -6.635 
1703404108.739 6.615 -6.718 
1703404108.839 6.692 -6.802 
1703404108.940 6.768 -6.886 
1703404109.039 6.850 -6.969 
1703404109.139 6.938 -7.052 
1703404109.239 7.023 -7.137 
1703404109.340 7.106 -7.220 
1703404109.439 7.188 -7.298 
1703404109.540 7.270 -7.374 
1703404109.640 7.351 -7.449 
1703404109.740 7.436 -7.526 
1703404109.840 7.517 -7.598 
1703404109.940 7.594 -7.671 
1703404110.040 7.680 -7.740 
1703404110.141 7.775 -7.814 
1703404110.241 7.865 -7.888 
1703404110.340 7.947 -7.954 
1703404110.441 8.035 -8.012 
1703404110.542 8.141 -8.079 
1703404110.642 8.238 -8.142 
1703404110.742 8.325 -8.198 
1703404110.841 8.402 -8.254 
1703404110.941 8.528 -8.281 
1703404111.042 8.638 -8.305 
1703404112.144 8.635 -8.192 
1703404112.246 8.607 -8.279 
1703404112.345 8.575 -8.393 
1703404112.445 8.520 -8.517 
1703404112.547 8.462 -8.518 
1703404112.647 8.401 -8.472 
1703404112.748 8.323 -8.397 
1703404112.847 8.239 -8.308 
1703404112.947 8.190 -8.244 
1703404113.048 8.188 -8.212 
1703404113.148 8.187 -8.201 
1703404113.248 8.178 -8.193 
1703404113.349 8.143 -8.114 
1703404113.448 8.082 -8.001 
1703404113.549 8.002 -7.880 
1703404113.656 7.953 -7.797 
1703404113.751 7.919 -7.740 
1703404113.849 7.894 -7.688 
1703404113.949 7.849 -7.594 
1703404114.049 7.787 -7.490 
1703404114.149 7.749 -7.414 
1703404114.250 7.710 -7.342 
1703404114.349 7.665 -7.254 
1703404114.449 7.621 -7.165 
1703404114.552 7.578 -7.076 
1703404114.651 7.541 -6.994 
1703404114.751 7.506 -6.919 
1703404114.851 7.471 -6.837 
1703404114.951 7.437 -6.749 
1703404115.052 7.405 -6.666 
1703404115.152 7.374 -6.586 
1703404115.255 7.347 -6.512 
1703404115.354 7.318 -6.437 
1703404115.454 7.290 -6.360 
1703404115.553 7.261 -6.285 
1703404115.653 7.229 -6.212 
1703404115.753 7.187 -6.144 
1703404115.853 7.142 -6.078 
1703404115.954 7.108 -6.010 
1703404116.054 7.072 -5.942 
1703404116.155 7.028 -5.874 
1703404116.254 6.979 -5.806 
1703404116.354 6.929 -5.736 
1703404116.455 6.877 -5.664 
1703404116.555 6.828 -5.590 
1703404116.655 6.782 -5.509 
1703404116.756 6.734 -5.424 
1703404116.856 6.681 -5.342 
1703404116.956 6.631 -5.252 
1703404117.057 6.576 -5.175 
1703404117.156 6.530 -5.086 
1703404117.257 6.481 -4.992 
1703404117.358 6.437 -4.895 
1703404117.456 6.404 -4.793 
1703404117.557 6.366 -4.696 
1703404117.661 6.327 -4.596 
1703404117.759 6.299 -4.501 
1703404117.858 6.275 -4.398 
1703404117.959 6.249 -4.293 
1703404118.060 6.226 -4.189 
1703404118.164 6.199 -4.094 
1703404118.272 6.178 -3.995 
1703404118.371 6.158 -3.895 
1703404118.468 6.143 -3.796 
1703404118.566 6.133 -3.700 
1703404118.667 6.138 -3.594 
1703404118.768 6.158 -3.479 
1703404118.869 6.137 -3.407 
1703404118.968 6.122 -3.330 
1703404119.074 6.145 -3.248 
1703404119.168 6.200 -3.167 
1703404119.270 6.272 -3.057 
1703404119.369 6.333 -2.951 
1703404119.470 6.371 -2.868 
1703404119.574 6.429 -2.795 
1703404119.670 6.499 -2.729 
1703404119.770 6.565 -2.664 
1703404119.871 6.625 -2.601 
1703404119.972 6.683 -2.538 
1703404120.073 6.736 -2.473 
1703404120.173 6.789 -2.406 
1703404120.272 6.844 -2.343 
1703404120.372 6.900 -2.286 
1703404120.472 6.948 -2.228 
1703404120.572 6.989 -2.164 
1703404120.672 7.028 -2.099 
1703404120.772 7.068 -2.032 
1703404120.873 7.110 -1.967 
1703404120.972 7.151 -1.902 
1703404121.073 7.191 -1.840 
1703404121.173 7.225 -1.775 
1703404121.274 7.269 -1.705 
1703404121.373 7.314 -1.638 
1703404121.474 7.359 -1.570 
1703404121.574 7.405 -1.504 
1703404121.673 7.449 -1.440 
1703404121.773 7.491 -1.375 
1703404121.874 7.535 -1.311 
1703404121.974 7.576 -1.249 
1703404122.074 7.617 -1.186 
1703404122.175 7.656 -1.120 
1703404122.274 7.693 -1.057 
1703404122.375 7.730 -0.995 
1703404122.475 7.757 -0.936 
1703404127.489 7.394 -1.057 
1703404127.490 7.394 -1.057 
1703404127.590 7.380 -1.096 
1703404127.690 7.350 -1.183 
1703404127.790 7.324 -1.309 
1703404127.890 7.295 -1.427 
1703404127.990 7.307 -1.500 
1703404128.090 7.288 -1.620 
1703404128.189 7.272 -1.750 
1703404128.290 7.253 -1.876 
1703404128.390 7.240 -2.002 
1703404128.490 7.257 -2.118 
1703404128.590 7.313 -2.227 
1703404128.690 7.371 -2.333 
1703404128.791 7.411 -2.432 
1703404128.891 7.455 -2.537 
1703404128.991 7.513 -2.641 
1703404129.091 7.573 -2.701 
1703404129.191 7.631 -2.725 
1703404129.291 7.671 -2.757 
1703404129.392 7.709 -2.850 
1703404129.492 7.739 -2.989 
1703404129.591 7.754 -3.120 
1703404129.692 7.760 -3.221 
1703404129.792 7.756 -3.276 
1703404129.892 7.761 -3.281 
1703404129.992 7.807 -3.231 
1703404130.092 7.844 -3.181 
1703404130.192 7.824 -3.170 
1703404130.293 7.766 -3.185 
1703404130.392 7.715 -3.190 
1703404131.695 7.675 -3.302 
1703404131.795 7.689 -3.298 
1703404131.896 7.748 -3.300 
1703404131.999 7.805 -3.299 
1703404132.095 7.848 -3.295 
1703404133.299 7.752 -3.335 
1703404133.399 7.736 -3.298 
1703404133.500 7.740 -3.202 
1703404133.599 7.734 -3.074 
1703404133.699 7.690 -2.972 
1703404133.800 7.679 -2.896 
1703404133.899 7.693 -2.824 
1703404133.999 7.725 -2.737 
1703404134.100 7.775 -2.643 
1703404134.200 7.811 -2.556 
1703404134.300 7.838 -2.467 
1703404134.400 7.912 -2.375 
1703404134.500 8.005 -2.292 
1703404134.600 8.074 -2.249 
1703404134.701 8.142 -2.201 
1703404134.800 8.219 -2.129 
1703404134.901 8.294 -2.045 
1703404135.001 8.351 -1.984 
1703404135.101 8.386 -1.978 
1703404135.201 8.411 -1.933 
1703404135.301 8.422 -1.804 
1703404135.401 8.446 -1.757 
1703404135.501 8.470 -1.723 
1703404135.601 8.436 -1.653 
1703404135.701 8.381 -1.582 
1703404135.801 8.323 -1.487 
1703404135.901 8.280 -1.393 
1703404136.001 8.241 -1.313 
1703404136.101 8.198 -1.242 
1703404136.205 8.153 -1.168 
1703404136.302 8.136 -1.071 
1703404136.402 8.132 -0.954 
1703404136.503 8.133 -0.839 
1703404136.602 8.130 -0.726 
1703404136.703 8.126 -0.605 
1703404136.802 8.132 -0.487 
1703404136.903 8.131 -0.367 
1703404137.004 8.133 -0.248 
1703404137.103 8.135 -0.131 
1703404137.203 8.137 -0.018 
1703404137.303 8.131 0.087 
1703404137.404 8.123 0.185 
1703404137.503 8.131 0.285 
1703404137.604 8.143 0.387 
1703404137.704 8.156 0.493 
1703404137.804 8.166 0.600 
1703404137.904 8.173 0.706 
1703404138.004 8.185 0.818 
1703404138.104 8.200 0.931 
1703404138.204 8.224 1.042 
1703404138.305 8.249 1.152 
1703404138.404 8.278 1.264 
1703404138.507 8.311 1.374 
1703404138.606 8.345 1.480 
1703404138.707 8.382 1.577 
1703404138.806 8.432 1.670 
1703404138.907 8.484 1.754 
1703404139.007 8.527 1.824 
1703404139.107 8.590 1.909 
1703404139.208 8.645 1.990 
1703404139.309 8.680 2.055 
1703404139.407 8.698 2.117 
1703404139.508 8.697 2.176 
1703404139.608 8.684 2.244 
1703404139.710 8.682 2.316 
1703404139.808 8.701 2.386 
1703404139.908 8.709 2.440 
1703404140.007 8.721 2.494 
1703404140.108 8.718 2.551 
1703404140.208 8.716 2.616 
1703404140.308 8.716 2.683 
1703404140.409 8.728 2.726 
1703404140.509 8.736 2.758 
