1703401450.090 3.237 1.952 
1703401450.091 3.237 1.952 
1703401450.191 3.273 1.933 
1703401450.290 3.331 1.817 
1703401450.391 3.400 1.687 
1703401450.491 3.449 1.563 
1703401450.591 3.500 1.472 
1703401450.691 3.556 1.404 
1703401450.791 3.604 1.344 
1703401450.891 3.657 1.281 
1703401450.991 3.691 1.231 
1703401451.092 3.712 1.179 
1703401451.192 3.755 1.128 
1703401451.292 3.812 1.076 
1703401451.392 3.872 1.022 
1703401451.492 3.936 0.971 
1703401451.593 4.000 0.925 
1703401451.692 4.070 0.882 
1703401451.793 4.142 0.837 
1703401451.893 4.209 0.792 
1703401451.993 4.271 0.748 
1703401452.093 4.333 0.709 
1703401452.193 4.395 0.670 
1703401452.293 4.457 0.634 
1703401452.394 4.516 0.603 
1703401452.493 4.591 0.577 
1703401452.594 4.685 0.553 
1703401452.694 4.763 0.527 
1703401452.794 4.770 0.535 
1703401454.898 4.653 0.626 
1703401454.999 4.625 0.553 
1703401455.098 4.596 0.459 
1703401455.198 4.608 0.438 
1703401455.298 4.642 0.487 
1703401455.399 4.677 0.615 
1703401455.499 4.701 0.758 
1703401455.599 4.759 0.868 
1703401455.698 4.796 0.973 
1703401455.799 4.790 1.066 
1703401455.900 4.785 1.152 
1703401455.999 4.773 1.237 
1703401456.100 4.765 1.320 
1703401456.200 4.754 1.390 
1703401456.300 4.732 1.471 
1703401456.400 4.709 1.561 
1703401456.501 4.689 1.646 
1703401456.601 4.669 1.729 
1703401456.700 4.648 1.810 
1703401456.801 4.628 1.893 
1703401456.901 4.610 1.977 
1703401457.001 4.590 2.060 
1703401457.101 4.569 2.137 
1703401457.201 4.546 2.214 
1703401457.301 4.524 2.285 
1703401457.401 4.499 2.356 
1703401457.501 4.457 2.438 
1703401457.602 4.385 2.534 
1703401457.702 4.339 2.623 
1703401457.802 4.314 2.705 
1703401457.902 4.279 2.781 
1703401458.002 4.224 2.848 
1703401458.102 4.170 2.911 
1703401458.202 4.118 2.966 
1703401458.302 4.033 3.004 
1703401458.403 3.932 3.016 
1703401458.503 3.834 3.023 
1703401458.603 3.747 3.030 
1703401463.719 3.787 3.022 
1703401463.720 3.787 3.022 
1703401463.821 3.813 3.035 
1703401463.920 3.856 3.079 
1703401464.022 3.884 3.142 
1703401464.120 3.923 3.225 
1703401464.220 3.949 3.334 
1703401464.322 3.974 3.455 
1703401464.420 3.999 3.572 
1703401464.521 4.019 3.692 
1703401464.621 4.024 3.811 
1703401464.721 4.025 3.931 
1703401464.822 4.030 4.050 
1703401464.923 4.035 4.169 
1703401465.022 4.036 4.287 
1703401465.122 4.034 4.405 
1703401465.221 4.036 4.521 
1703401465.324 4.039 4.638 
1703401465.424 4.041 4.753 
1703401465.524 4.042 4.871 
1703401465.625 4.044 4.986 
1703401465.724 4.055 5.100 
1703401465.827 4.065 5.210 
1703401465.926 4.069 5.321 
1703401466.026 4.086 5.436 
1703401466.126 4.112 5.545 
1703401466.226 4.135 5.645 
1703401466.328 4.183 5.751 
1703401466.426 4.229 5.829 
1703401466.526 4.255 5.880 
1703401466.627 4.281 5.926 
1703401466.727 4.341 5.965 
1703401466.827 4.421 5.999 
1703401466.927 4.516 6.067 
1703401472.334 4.410 5.696 
1703401472.436 4.366 5.675 
1703401472.535 4.250 5.637 
1703401472.635 4.172 5.612 
1703401472.736 4.116 5.597 
1703401472.836 4.057 5.587 
1703401472.935 3.997 5.567 
1703401473.036 3.937 5.542 
1703401473.136 3.869 5.516 
1703401473.236 3.794 5.495 
1703401473.336 3.738 5.494 
1703401473.436 3.680 5.480 
1703401473.537 3.608 5.453 
1703401473.637 3.532 5.423 
1703401473.736 3.455 5.393 
1703401473.836 3.379 5.362 
1703401473.936 3.300 5.331 
1703401474.037 3.213 5.297 
1703401474.137 3.125 5.258 
1703401474.238 3.036 5.219 
1703401474.338 2.945 5.179 
1703401474.437 2.851 5.139 
1703401474.537 2.759 5.104 
1703401474.638 2.668 5.061 
1703401474.739 2.585 5.012 
1703401474.839 2.511 4.964 
1703401474.938 2.442 4.918 
1703401475.039 2.378 4.892 
1703401475.138 2.317 4.845 
1703401475.239 2.265 4.792 
1703401475.339 2.222 4.737 
1703401475.439 2.180 4.700 
1703401475.545 2.138 4.666 
1703401475.648 2.097 4.607 
1703401475.739 2.068 4.536 
1703401475.839 2.045 4.470 
1703401475.940 2.020 4.409 
1703401476.040 1.993 4.346 
1703401476.140 1.955 4.270 
1703401476.240 1.908 4.191 
1703401476.340 1.858 4.109 
1703401476.439 1.805 4.028 
1703401476.540 1.756 3.945 
1703401476.640 1.706 3.863 
1703401476.739 1.653 3.783 
1703401476.840 1.604 3.703 
1703401476.941 1.560 3.623 
1703401477.040 1.525 3.549 
1703401477.141 1.498 3.485 
1703401477.240 1.480 3.423 
1703401477.340 1.471 3.364 
1703401477.441 1.475 3.305 
1703401477.541 1.488 3.248 
1703401477.643 1.510 3.181 
1703401477.741 1.534 3.133 
1703401477.847 1.571 3.081 
1703401477.943 1.594 3.020 
1703401478.043 1.606 2.951 
1703401478.150 1.624 2.887 
1703401478.243 1.631 2.804 
1703401478.342 1.645 2.694 
1703401478.443 1.667 2.587 
1703401478.542 1.690 2.482 
1703401478.643 1.714 2.383 
1703401478.742 1.734 2.293 
1703401478.843 1.759 2.209 
1703401478.943 1.775 2.142 
1703401479.043 1.791 2.062 
1703401479.143 1.807 1.972 
1703401479.243 1.823 1.888 
1703401479.343 1.836 1.803 
1703401479.444 1.848 1.713 
1703401479.544 1.858 1.623 
1703401479.643 1.866 1.532 
1703401479.744 1.869 1.437 
1703401479.843 1.867 1.343 
1703401479.944 1.856 1.261 
1703401480.044 1.848 1.176 
1703401480.144 1.840 1.071 
1703401480.245 1.824 0.954 
1703401480.346 1.805 0.850 
1703401480.444 1.789 0.761 
1703401480.544 1.775 0.684 
1703401480.645 1.762 0.635 
1703401480.745 1.739 0.641 
1703401482.949 1.803 0.521 
1703401483.050 1.704 0.532 
1703401483.149 1.602 0.532 
1703401483.249 1.566 0.517 
1703401483.353 1.599 0.499 
1703401483.450 1.739 0.492 
1703401483.550 1.912 0.494 
1703401483.650 2.095 0.483 
1703401483.750 2.263 0.478 
1703401483.850 2.371 0.475 
1703401483.951 2.435 0.457 
1703401484.050 2.495 0.459 
1703401484.151 2.568 0.471 
1703401484.251 2.646 0.501 
1703401484.351 2.713 0.544 
1703401484.451 2.779 0.581 
1703401484.551 2.836 0.613 
1703401484.651 2.896 0.633 
1703401484.750 2.947 0.668 
1703401484.851 3.010 0.710 
1703401484.951 3.070 0.752 
1703401485.051 3.124 0.780 
1703401485.152 3.181 0.788 
1703401485.252 3.262 0.755 
1703401485.352 3.307 0.646 
1703401485.453 3.341 0.556 
1703401485.552 3.355 0.511 
1703401485.653 3.362 0.442 
1703401485.753 3.380 0.357 
1703401485.853 3.395 0.269 
1703401485.954 3.398 0.186 
1703401486.054 3.400 0.105 
1703401486.153 3.402 0.025 
1703401486.254 3.401 -0.052 
1703401486.355 3.399 -0.126 
1703401486.455 3.374 -0.227 
1703401486.555 3.364 -0.319 
1703401486.655 3.349 -0.398 
1703401486.755 3.320 -0.491 
1703401486.855 3.315 -0.560 
1703401486.955 3.325 -0.605 
1703401487.055 3.334 -0.649 
1703401487.156 3.329 -0.704 
1703401491.169 3.341 -0.962 
1703401491.271 3.391 -0.905 
1703401491.370 3.459 -0.791 
1703401491.471 3.549 -0.677 
1703401491.570 3.611 -0.588 
1703401491.670 3.637 -0.524 
1703401491.769 3.620 -0.474 
1703401491.870 3.624 -0.427 
1703401491.970 3.694 -0.378 
1703401492.070 3.808 -0.343 
1703401492.169 3.920 -0.313 
1703401492.271 4.042 -0.289 
1703401492.370 4.154 -0.258 
1703401492.471 4.267 -0.236 
1703401492.571 4.383 -0.237 
1703401492.671 4.502 -0.247 
1703401492.771 4.622 -0.250 
1703401492.872 4.742 -0.255 
1703401492.972 4.855 -0.272 
1703401493.072 4.969 -0.303 
1703401493.173 5.079 -0.357 
1703401493.272 5.174 -0.420 
1703401493.372 5.275 -0.491 
1703401493.473 5.382 -0.555 
1703401493.572 5.477 -0.623 
1703401493.676 5.564 -0.705 
1703401493.775 5.644 -0.793 
1703401493.875 5.711 -0.894 
1703401493.976 5.770 -0.998 
1703401494.076 5.825 -1.102 
1703401494.176 5.877 -1.209 
1703401494.277 5.917 -1.318 
1703401494.377 5.957 -1.432 
1703401494.477 5.996 -1.546 
1703401494.577 6.033 -1.659 
1703401494.676 6.082 -1.773 
1703401494.777 6.112 -1.880 
1703401494.877 6.156 -1.989 
1703401494.978 6.172 -2.089 
1703401495.077 6.239 -2.191 
1703401495.177 6.318 -2.291 
1703401495.278 6.417 -2.375 
1703401495.378 6.533 -2.429 
1703401495.477 6.649 -2.457 
1703401495.578 6.776 -2.463 
1703401495.678 6.898 -2.442 
1703401495.779 7.016 -2.401 
1703401495.879 7.119 -2.339 
1703401495.978 7.189 -2.273 
1703401496.078 7.205 -2.216 
1703401496.179 7.253 -2.120 
1703401496.279 7.291 -2.028 
1703401496.379 7.326 -1.920 
1703401496.479 7.352 -1.787 
1703401496.579 7.383 -1.669 
1703401496.679 7.418 -1.555 
1703401496.779 7.443 -1.438 
1703401496.884 7.471 -1.310 
1703401496.980 7.498 -1.200 
1703401497.080 7.527 -1.084 
1703401497.181 7.558 -0.968 
1703401497.280 7.577 -0.854 
1703401497.379 7.594 -0.737 
1703401497.480 7.610 -0.616 
1703401497.582 7.624 -0.498 
1703401497.683 7.639 -0.383 
1703401497.782 7.655 -0.269 
1703401497.883 7.670 -0.151 
1703401497.982 7.688 -0.032 
1703401498.082 7.703 0.084 
1703401498.183 7.717 0.203 
1703401498.283 7.735 0.315 
1703401498.383 7.751 0.407 
1703401498.483 7.765 0.487 
1703401498.583 7.779 0.571 
1703401498.684 7.793 0.655 
1703401498.783 7.807 0.733 
1703401498.884 7.820 0.813 
1703401498.984 7.827 0.902 
1703401499.084 7.837 0.984 
1703401499.184 7.847 1.060 
1703401499.284 7.858 1.136 
1703401499.384 7.867 1.212 
1703401499.485 7.882 1.315 
1703401499.585 7.897 1.429 
1703401499.685 7.908 1.531 
1703401499.785 7.916 1.621 
1703401499.885 7.930 1.714 
1703401499.986 7.945 1.816 
1703401500.086 7.957 1.895 
1703401500.186 7.962 1.951 
1703401500.286 7.967 2.026 
1703401500.387 7.967 2.103 
1703401500.486 7.974 2.182 
1703401500.586 7.985 2.260 
1703401500.687 7.992 2.347 
1703401500.786 8.000 2.429 
1703401500.887 8.006 2.506 
1703401500.987 8.011 2.582 
1703401501.087 8.019 2.661 
1703401501.187 8.033 2.744 
1703401501.287 8.043 2.824 
1703401501.388 8.055 2.904 
1703401501.487 8.070 2.983 
1703401501.588 8.089 3.062 
1703401506.195 8.063 3.044 
1703401506.196 8.063 3.044 
1703401506.297 8.072 2.990 
1703401506.396 8.063 2.877 
1703401506.497 8.057 2.752 
1703401506.597 8.063 2.634 
1703401506.697 8.082 2.506 
1703401506.797 8.107 2.384 
1703401506.896 8.120 2.269 
1703401506.998 8.134 2.147 
1703401507.097 8.145 2.026 
1703401507.199 8.158 1.902 
1703401507.298 8.165 1.783 
1703401507.399 8.175 1.663 
1703401507.500 8.184 1.542 
1703401507.599 8.191 1.436 
1703401507.699 8.195 1.345 
1703401507.800 8.198 1.263 
1703401507.900 8.204 1.175 
1703401508.000 8.209 1.087 
1703401508.100 8.215 0.998 
1703401508.200 8.220 0.910 
1703401508.301 8.221 0.820 
1703401508.401 8.223 0.730 
1703401508.500 8.228 0.641 
1703401508.600 8.234 0.551 
1703401508.700 8.240 0.464 
1703401508.800 8.245 0.374 
1703401508.901 8.247 0.286 
1703401509.002 8.252 0.198 
1703401509.102 8.259 0.111 
1703401509.201 8.265 0.024 
1703401509.303 8.273 -0.066 
1703401509.402 8.279 -0.150 
1703401509.503 8.281 -0.237 
1703401509.602 8.286 -0.322 
1703401509.702 8.293 -0.408 
1703401509.803 8.300 -0.494 
1703401509.904 8.307 -0.581 
1703401510.004 8.314 -0.667 
1703401510.104 8.319 -0.750 
1703401510.203 8.326 -0.832 
1703401510.303 8.336 -0.915 
1703401510.404 8.346 -0.998 
1703401510.504 8.355 -1.079 
1703401510.604 8.364 -1.160 
1703401510.704 8.372 -1.242 
1703401510.804 8.382 -1.322 
1703401510.904 8.391 -1.402 
1703401511.004 8.401 -1.480 
1703401511.105 8.412 -1.558 
1703401511.205 8.424 -1.636 
1703401511.305 8.448 -1.727 
1703401511.405 8.481 -1.840 
1703401511.505 8.503 -1.949 
1703401511.605 8.526 -2.053 
1703401511.706 8.552 -2.086 
1703401511.805 8.550 -2.183 
1703401511.906 8.540 -2.292 
1703401512.007 8.551 -2.338 
1703401512.106 8.547 -2.379 
1703401512.206 8.527 -2.429 
1703401512.306 8.481 -2.509 
1703401512.406 8.432 -2.576 
1703401512.506 8.412 -2.614 
1703401512.607 8.398 -2.645 
1703401512.707 8.370 -2.686 
1703401512.808 8.314 -2.761 
1703401512.907 8.257 -2.839 
1703401513.007 8.204 -2.915 
1703401513.107 8.148 -2.999 
1703401513.207 8.089 -3.088 
1703401513.308 8.027 -3.166 
1703401513.408 7.975 -3.243 
1703401513.508 7.965 -3.281 
1703401513.608 7.931 -3.362 
1703401513.710 7.891 -3.485 
1703401513.809 7.852 -3.600 
1703401513.908 7.819 -3.687 
1703401514.008 7.810 -3.740 
1703401514.111 7.802 -3.818 
1703401514.208 7.786 -3.904 
1703401514.308 7.766 -3.989 
1703401514.409 7.749 -4.062 
1703401514.509 7.730 -4.125 
1703401514.609 7.704 -4.184 
1703401514.709 7.677 -4.241 
1703401514.809 7.649 -4.306 
1703401514.909 7.644 -4.376 
1703401515.010 7.632 -4.450 
1703401515.109 7.607 -4.520 
1703401515.209 7.572 -4.589 
1703401515.310 7.527 -4.656 
1703401515.410 7.468 -4.716 
1703401515.510 7.403 -4.775 
1703401515.611 7.334 -4.833 
1703401515.710 7.263 -4.892 
1703401515.810 7.210 -4.944 
1703401515.911 7.135 -4.988 
1703401516.011 7.075 -5.040 
1703401516.111 7.018 -5.092 
1703401516.210 6.958 -5.140 
1703401516.314 6.892 -5.182 
1703401516.412 6.828 -5.210 
1703401516.511 6.762 -5.217 
1703401516.611 6.680 -5.215 
1703401516.711 6.599 -5.218 
1703401516.812 6.516 -5.211 
1703401516.912 6.428 -5.190 
1703401517.012 6.344 -5.139 
1703401517.112 6.267 -5.061 
1703401517.212 6.195 -5.021 
1703401517.312 6.139 -4.986 
1703401517.412 6.118 -4.943 
1703401517.513 6.087 -4.849 
1703401517.612 6.052 -4.722 
1703401517.715 6.018 -4.581 
1703401517.815 5.974 -4.498 
1703401517.914 5.952 -4.407 
1703401518.015 5.932 -4.291 
1703401518.115 5.914 -4.166 
1703401518.215 5.897 -4.047 
1703401518.315 5.880 -3.949 
1703401518.415 5.866 -3.847 
1703401518.515 5.853 -3.749 
1703401518.615 5.846 -3.656 
1703401518.716 5.836 -3.566 
1703401518.815 5.827 -3.488 
1703401518.915 5.815 -3.414 
1703401519.018 5.801 -3.339 
1703401519.117 5.775 -3.243 
1703401519.218 5.746 -3.138 
1703401519.319 5.719 -3.042 
1703401519.419 5.697 -2.954 
1703401519.519 5.670 -2.864 
1703401519.619 5.649 -2.782 
1703401519.719 5.628 -2.710 
1703401519.819 5.602 -2.644 
1703401519.919 5.582 -2.597 
1703401520.020 5.582 -2.534 
1703401520.120 5.618 -2.428 
1703401520.220 5.652 -2.325 
1703401520.320 5.685 -2.233 
1703401520.419 5.719 -2.143 
1703401520.520 5.746 -2.081 
1703401520.620 5.761 -2.004 
1703401520.721 5.772 -1.917 
1703401520.821 5.782 -1.831 
1703401520.920 5.790 -1.742 
1703401521.020 5.788 -1.636 
1703401521.121 5.783 -1.534 
1703401521.221 5.778 -1.434 
1703401521.321 5.783 -1.342 
1703401521.421 5.774 -1.237 
1703401521.521 5.724 -1.116 
1703401521.621 5.677 -1.010 
1703401521.722 5.666 -0.925 
1703401521.821 5.640 -0.828 
1703401521.922 5.594 -0.727 
1703401522.021 5.527 -0.648 
1703401522.122 5.444 -0.577 
1703401522.222 5.370 -0.502 
1703401522.322 5.298 -0.420 
1703401522.422 5.229 -0.342 
1703401522.523 5.151 -0.268 
1703401522.623 5.063 -0.202 
1703401522.723 4.967 -0.145 
1703401522.823 4.866 -0.094 
1703401522.923 4.756 -0.063 
1703401523.024 4.639 -0.052 
1703401523.123 4.544 -0.030 
1703401523.224 4.432 -0.020 
1703401523.324 4.310 -0.029 
1703401523.424 4.194 -0.052 
1703401523.524 4.089 -0.089 
1703401523.623 3.981 -0.128 
1703401523.724 3.876 -0.174 
1703401523.824 3.783 -0.235 
1703401523.925 3.701 -0.310 
1703401524.025 3.619 -0.390 
1703401524.126 3.543 -0.474 
1703401524.225 3.472 -0.562 
1703401524.325 3.410 -0.658 
1703401524.430 3.353 -0.765 
1703401524.526 3.303 -0.871 
1703401524.625 3.257 -0.983 
1703401524.726 3.205 -1.094 
1703401524.826 3.149 -1.198 
1703401524.926 3.111 -1.311 
1703401525.026 3.076 -1.421 
1703401525.126 3.050 -1.539 
1703401525.227 3.023 -1.656 
1703401525.327 2.994 -1.766 
1703401525.426 2.967 -1.871 
1703401525.527 2.955 -1.997 
1703401525.627 2.943 -2.120 
1703401525.727 2.931 -2.240 
1703401525.827 2.915 -2.350 
1703401525.928 2.911 -2.472 
1703401526.027 2.912 -2.591 
1703401526.127 2.907 -2.710 
1703401526.228 2.903 -2.826 
1703401526.328 2.904 -2.943 
1703401526.428 2.909 -3.063 
1703401526.528 2.911 -3.181 
1703401526.628 2.918 -3.301 
1703401526.728 2.924 -3.420 
1703401526.828 2.930 -3.538 
1703401526.929 2.936 -3.656 
1703401527.028 2.941 -3.774 
1703401527.129 2.946 -3.887 
1703401527.228 2.956 -4.005 
1703401527.329 2.968 -4.124 
1703401527.429 2.977 -4.232 
1703401527.529 2.973 -4.310 
1703401527.629 2.966 -4.380 
1703401527.730 2.954 -4.458 
1703401527.830 2.938 -4.575 
1703401527.930 2.936 -4.688 
1703401528.031 2.918 -4.813 
1703401528.131 2.885 -4.933 
1703401528.231 2.838 -5.043 
1703401528.331 2.765 -5.135 
1703401528.432 2.667 -5.200 
1703401528.532 2.588 -5.216 
1703401528.640 2.498 -5.201 
1703401528.740 2.362 -5.215 
1703401528.837 2.231 -5.224 
1703401528.936 2.123 -5.233 
1703401529.035 2.005 -5.216 
1703401529.135 1.892 -5.173 
1703401529.236 1.798 -5.128 
1703401529.335 1.731 -5.101 
1703401529.438 1.664 -5.060 
1703401529.537 1.585 -4.983 
1703401529.635 1.511 -4.909 
1703401529.736 1.440 -4.819 
1703401529.836 1.366 -4.720 
1703401529.936 1.287 -4.628 
1703401530.037 1.240 -4.569 
1703401530.137 1.190 -4.504 
1703401530.237 1.136 -4.435 
1703401530.337 1.081 -4.364 
1703401530.437 1.027 -4.297 
1703401530.538 0.981 -4.234 
1703401530.639 0.934 -4.168 
1703401530.738 0.884 -4.100 
1703401530.839 0.824 -4.029 
1703401530.939 0.768 -3.965 
1703401531.039 0.713 -3.910 
1703401531.139 0.660 -3.861 
1703401531.240 0.602 -3.810 
1703401531.341 0.548 -3.758 
1703401531.440 0.489 -3.707 
1703401537.153 0.694 -3.869 
1703401537.154 0.694 -3.869 
1703401537.254 0.705 -3.873 
1703401537.355 0.770 -3.936 
1703401537.455 0.857 -4.037 
1703401537.555 0.942 -4.130 
1703401537.656 1.005 -4.218 
1703401537.755 1.069 -4.315 
1703401537.856 1.143 -4.408 
1703401537.956 1.216 -4.499 
1703401538.056 1.288 -4.590 
1703401538.155 1.359 -4.683 
1703401538.256 1.431 -4.776 
1703401538.356 1.503 -4.870 
1703401538.456 1.575 -4.965 
1703401538.556 1.647 -5.056 
1703401538.656 1.720 -5.148 
1703401538.756 1.795 -5.240 
1703401538.857 1.871 -5.332 
1703401538.956 1.947 -5.423 
1703401539.056 2.025 -5.513 
1703401539.157 2.102 -5.602 
1703401539.256 2.181 -5.690 
1703401539.357 2.261 -5.780 
1703401539.458 2.346 -5.866 
1703401539.557 2.431 -5.950 
1703401539.657 2.519 -6.032 
1703401539.758 2.610 -6.114 
1703401539.858 2.697 -6.198 
1703401539.957 2.786 -6.272 
1703401540.058 2.885 -6.345 
1703401540.158 2.989 -6.414 
1703401540.258 3.088 -6.491 
1703401540.357 3.181 -6.561 
1703401540.458 3.288 -6.618 
1703401540.559 3.396 -6.673 
1703401540.659 3.504 -6.725 
1703401540.758 3.611 -6.784 
1703401540.858 3.720 -6.823 
1703401540.959 3.835 -6.859 
1703401541.059 3.949 -6.891 
1703401541.159 4.062 -6.917 
1703401541.259 4.164 -6.938 
1703401541.359 4.253 -6.948 
1703401541.459 4.338 -6.958 
1703401541.560 4.425 -6.965 
1703401541.659 4.507 -6.967 
1703401541.759 4.586 -6.963 
1703401541.859 4.660 -6.958 
1703401541.959 4.736 -6.956 
1703401542.060 4.800 -6.966 
1703401542.160 4.882 -6.952 
1703401542.260 4.966 -6.934 
1703401542.360 5.030 -6.925 
1703401542.461 5.096 -6.912 
1703401542.561 5.166 -6.890 
1703401542.662 5.237 -6.864 
1703401542.761 5.309 -6.837 
1703401542.861 5.378 -6.807 
1703401542.960 5.465 -6.772 
1703401543.062 5.591 -6.737 
1703401543.162 5.720 -6.726 
1703401543.263 5.846 -6.742 
1703401543.363 5.961 -6.784 
1703401543.462 6.069 -6.852 
1703401543.561 6.112 -6.907 
1703401543.662 6.139 -6.945 
1703401543.762 6.192 -6.974 
1703401543.862 6.285 -7.025 
1703401543.961 6.388 -7.079 
1703401544.062 6.487 -7.129 
1703401544.162 6.525 -7.169 
1703401544.262 6.562 -7.188 
1703401544.363 6.633 -7.219 
1703401544.463 6.734 -7.274 
1703401544.562 6.830 -7.316 
1703401544.663 6.902 -7.349 
1703401544.764 6.982 -7.375 
1703401544.863 7.071 -7.407 
1703401544.963 7.157 -7.448 
1703401545.064 7.240 -7.487 
1703401545.164 7.309 -7.521 
1703401545.263 7.373 -7.555 
1703401545.364 7.454 -7.591 
1703401545.464 7.551 -7.644 
1703401545.564 7.625 -7.698 
1703401545.664 7.697 -7.776 
1703401545.764 7.754 -7.883 
1703401549.570 7.671 -7.467 
1703401549.670 7.626 -7.467 
1703401549.770 7.555 -7.467 
1703401549.870 7.426 -7.431 
1703401549.970 7.325 -7.399 
1703401550.071 7.257 -7.383 
1703401550.171 7.213 -7.374 
1703401550.270 7.202 -7.375 
1703401550.371 7.188 -7.360 
1703401550.470 7.152 -7.303 
1703401550.571 7.074 -7.239 
1703401550.671 7.034 -7.186 
1703401550.772 7.003 -7.151 
1703401550.875 6.969 -7.120 
1703401550.975 6.910 -7.071 
1703401551.075 6.827 -7.022 
1703401551.175 6.740 -6.977 
1703401551.275 6.667 -6.942 
1703401551.376 6.593 -6.904 
1703401551.476 6.520 -6.864 
1703401551.576 6.450 -6.825 
1703401551.676 6.383 -6.788 
1703401551.776 6.318 -6.747 
1703401551.876 6.244 -6.694 
1703401551.977 6.144 -6.629 
1703401552.077 6.036 -6.558 
1703401552.176 5.917 -6.504 
1703401552.277 5.792 -6.481 
1703401552.377 5.667 -6.488 
1703401552.477 5.553 -6.515 
1703401552.577 5.441 -6.560 
1703401552.676 5.334 -6.601 
1703401552.777 5.224 -6.644 
1703401552.877 5.118 -6.686 
1703401552.977 5.023 -6.709 
1703401553.078 4.950 -6.717 
1703401553.178 4.886 -6.722 
1703401553.278 4.809 -6.737 
1703401553.378 4.745 -6.748 
1703401553.478 4.671 -6.760 
1703401553.579 4.584 -6.773 
1703401553.679 4.476 -6.782 
1703401553.778 4.362 -6.803 
1703401553.879 4.250 -6.833 
1703401553.980 4.143 -6.862 
1703401554.080 4.030 -6.886 
1703401554.180 3.926 -6.909 
1703401554.280 3.819 -6.942 
1703401554.380 3.706 -6.977 
1703401554.480 3.593 -7.014 
1703401554.580 3.485 -7.050 
1703401554.683 3.373 -7.084 
1703401554.780 3.261 -7.108 
1703401554.880 3.144 -7.134 
1703401554.982 3.034 -7.161 
1703401555.081 2.931 -7.184 
1703401555.181 2.807 -7.192 
1703401555.281 2.684 -7.194 
1703401555.381 2.603 -7.199 
1703401555.482 2.532 -7.204 
1703401555.581 2.456 -7.210 
1703401555.682 2.364 -7.204 
1703401555.782 2.274 -7.203 
1703401555.882 2.195 -7.205 
1703401555.982 2.125 -7.205 
1703401556.083 2.050 -7.205 
1703401556.182 1.968 -7.208 
1703401556.282 1.889 -7.208 
1703401556.383 1.775 -7.222 
1703401556.482 1.661 -7.233 
1703401556.583 1.569 -7.239 
1703401556.682 1.485 -7.245 
1703401556.783 1.400 -7.252 
1703401556.883 1.321 -7.264 
1703401556.983 1.252 -7.276 
1703401560.493 1.327 -7.139 
1703401560.494 1.327 -7.139 
1703401560.595 1.379 -7.181 
1703401560.694 1.455 -7.301 
1703401560.795 1.541 -7.434 
1703401560.895 1.614 -7.504 
1703401560.995 1.660 -7.564 
1703401561.095 1.716 -7.658 
1703401561.195 1.801 -7.775 
1703401561.295 1.885 -7.895 
1703401561.395 1.931 -8.006 
1703401561.496 1.986 -8.101 
1703401561.596 2.068 -8.186 
1703401561.696 2.162 -8.254 
1703401561.796 2.270 -8.292 
1703401561.896 2.353 -8.315 
1703401561.996 2.399 -8.328 
1703401562.096 2.440 -8.340 
1703401562.196 2.474 -8.342 
1703401562.297 2.509 -8.326 
1703401562.396 2.566 -8.318 
1703401562.497 2.652 -8.318 
1703401562.596 2.746 -8.317 
1703401562.697 2.852 -8.325 
1703401562.797 2.916 -8.342 
1703401562.897 2.960 -8.367 
1703401562.997 3.023 -8.362 
1703401563.097 3.107 -8.353 
1703401563.198 3.183 -8.345 
1703401563.297 3.265 -8.355 
1703401563.398 3.357 -8.363 
1703401563.498 3.435 -8.367 
1703401563.598 3.493 -8.375 
1703401563.698 3.557 -8.382 
1703401563.799 3.643 -8.390 
1703401563.899 3.733 -8.385 
1703401569.819 4.405 -7.657 
1703401569.820 4.405 -7.657 
1703401569.921 4.388 -7.617 
1703401570.021 4.359 -7.548 
1703401570.121 4.275 -7.465 
1703401570.221 4.204 -7.409 
1703401570.321 4.134 -7.337 
1703401570.422 4.049 -7.257 
1703401570.523 3.953 -7.178 
1703401570.622 3.863 -7.103 
1703401570.722 3.773 -7.025 
1703401570.822 3.683 -6.952 
1703401570.922 3.595 -6.874 
1703401571.022 3.506 -6.795 
1703401571.122 3.418 -6.716 
1703401571.223 3.330 -6.639 
1703401571.322 3.244 -6.560 
1703401571.428 3.155 -6.477 
1703401571.527 3.069 -6.395 
1703401571.627 2.986 -6.315 
1703401571.726 2.903 -6.236 
1703401571.827 2.817 -6.150 
1703401571.927 2.732 -6.068 
1703401572.029 2.646 -5.985 
1703401572.128 2.561 -5.903 
1703401572.227 2.472 -5.818 
1703401572.328 2.387 -5.734 
1703401572.428 2.307 -5.650 
1703401572.529 2.223 -5.566 
1703401572.627 2.138 -5.484 
1703401572.728 2.054 -5.402 
1703401572.828 1.969 -5.320 
1703401572.929 1.887 -5.235 
1703401573.029 1.803 -5.152 
1703401573.129 1.715 -5.071 
1703401573.229 1.625 -4.993 
1703401573.330 1.540 -4.913 
1703401573.429 1.453 -4.833 
1703401573.529 1.365 -4.759 
1703401573.631 1.274 -4.686 
1703401573.730 1.190 -4.617 
1703401573.830 1.106 -4.545 
1703401573.930 1.024 -4.471 
1703401574.030 0.932 -4.404 
1703401574.131 0.839 -4.342 
1703401574.232 0.744 -4.273 
1703401574.330 0.652 -4.200 
1703401574.431 0.557 -4.135 
1703401574.531 0.456 -4.077 
1703401574.631 0.347 -4.028 
1703401574.732 0.218 -3.995 
1703401574.832 0.109 -3.961 
1703401574.932 0.001 -3.929 
1703401575.032 -0.108 -3.903 
1703401575.131 -0.224 -3.878 
1703401575.232 -0.341 -3.866 
1703401575.332 -0.460 -3.862 
1703401575.433 -0.583 -3.859 
1703401575.532 -0.701 -3.863 
1703401575.632 -0.818 -3.875 
1703401575.733 -0.943 -3.913 
1703401575.832 -1.067 -3.969 
1703401575.933 -1.190 -4.000 
1703401576.033 -1.309 -4.035 
1703401576.135 -1.420 -4.087 
1703401576.233 -1.518 -4.153 
1703401576.333 -1.616 -4.224 
1703401576.433 -1.710 -4.311 
1703401576.533 -1.784 -4.386 
1703401576.633 -1.833 -4.457 
1703401576.733 -1.893 -4.532 
1703401576.833 -1.949 -4.607 
1703401576.934 -2.000 -4.680 
1703401577.034 -2.056 -4.723 
1703401577.134 -2.112 -4.768 
1703401577.235 -2.161 -4.826 
1703401577.334 -2.199 -4.909 
1703401577.435 -2.245 -4.980 
1703401577.535 -2.288 -5.055 
1703401577.635 -2.334 -5.128 
1703401577.736 -2.374 -5.189 
1703401577.836 -2.413 -5.255 
1703401577.936 -2.449 -5.332 
1703401578.036 -2.495 -5.415 
1703401578.135 -2.560 -5.488 
1703401578.236 -2.651 -5.559 
1703401578.335 -2.751 -5.627 
1703401578.437 -2.850 -5.688 
1703401578.537 -2.936 -5.738 
1703401578.636 -2.994 -5.787 
1703401578.736 -3.063 -5.848 
1703401578.837 -3.150 -5.919 
1703401578.937 -3.223 -5.978 
1703401579.037 -3.284 -6.029 
1703401579.138 -3.345 -6.079 
1703401579.237 -3.414 -6.132 
1703401579.337 -3.513 -6.178 
1703401579.438 -3.604 -6.213 
1703401579.538 -3.678 -6.239 
1703401579.638 -3.766 -6.248 
1703401579.738 -3.881 -6.239 
1703401579.838 -3.984 -6.219 
1703401579.938 -4.044 -6.196 
1703401580.039 -4.080 -6.164 
1703401580.138 -4.112 -6.121 
1703401580.238 -4.169 -6.025 
1703401580.339 -4.222 -5.929 
1703401580.438 -4.283 -5.920 
1703401580.539 -4.348 -5.868 
1703401580.639 -4.364 -5.736 
1703401580.738 -4.361 -5.593 
1703401580.840 -4.376 -5.445 
1703401580.939 -4.400 -5.343 
1703401581.039 -4.400 -5.233 
1703401581.139 -4.393 -5.106 
1703401581.239 -4.382 -4.984 
1703401581.340 -4.369 -4.881 
1703401581.440 -4.362 -4.816 
1703401581.540 -4.353 -4.768 
1703401581.641 -4.330 -4.735 
1703401581.740 -4.365 -4.654 
1703401581.841 -4.431 -4.532 
1703401581.940 -4.497 -4.465 
1703401582.041 -4.551 -4.417 
1703401582.140 -4.576 -4.368 
1703401582.242 -4.602 -4.313 
1703401582.341 -4.610 -4.225 
1703401582.441 -4.583 -4.110 
1703401582.541 -4.567 -3.999 
1703401582.643 -4.563 -3.902 
1703401582.742 -4.527 -3.817 
1703401582.841 -4.464 -3.739 
1703401582.942 -4.407 -3.665 
1703401583.041 -4.366 -3.603 
1703401583.143 -4.323 -3.543 
1703401583.243 -4.274 -3.476 
1703401583.343 -4.228 -3.409 
1703401583.442 -4.186 -3.347 
1703401583.543 -4.143 -3.287 
1703401583.643 -4.101 -3.219 
1703401583.743 -4.065 -3.128 
1703401583.843 -4.034 -3.055 
1703401583.944 -4.005 -2.984 
1703401584.044 -3.975 -2.914 
1703401584.144 -3.949 -2.836 
1703401584.244 -3.934 -2.742 
1703401584.348 -3.910 -2.650 
1703401584.446 -3.884 -2.560 
1703401587.251 -4.083 -2.427 
1703401587.251 -4.083 -2.427 
1703401587.352 -4.140 -2.404 
1703401587.452 -4.283 -2.397 
1703401587.552 -4.430 -2.391 
1703401587.652 -4.551 -2.376 
1703401587.753 -4.663 -2.363 
1703401587.853 -4.790 -2.364 
1703401587.953 -4.914 -2.364 
1703401588.053 -5.033 -2.363 
1703401588.153 -5.151 -2.368 
1703401588.253 -5.269 -2.374 
1703401588.353 -5.389 -2.383 
1703401588.453 -5.509 -2.386 
1703401588.554 -5.628 -2.392 
1703401588.653 -5.743 -2.405 
1703401588.754 -5.858 -2.415 
1703401588.853 -5.977 -2.430 
1703401588.953 -6.095 -2.442 
1703401589.054 -6.212 -2.458 
1703401589.154 -6.324 -2.470 
1703401589.254 -6.437 -2.496 
1703401589.355 -6.533 -2.531 
1703401589.456 -6.609 -2.556 
1703401589.556 -6.671 -2.578 
1703401589.655 -6.716 -2.586 
1703401589.755 -6.744 -2.570 
1703401589.855 -6.786 -2.574 
1703401589.956 -6.840 -2.684 
1703401590.055 -6.878 -2.772 
1703401590.156 -6.927 -2.782 
1703401590.255 -6.974 -2.765 
1703401590.356 -6.960 -2.814 
1703401590.457 -6.897 -2.909 
1703401590.556 -6.844 -2.988 
1703401590.656 -6.806 -3.031 
1703401590.756 -6.791 -3.074 
1703401590.859 -6.749 -3.156 
1703401590.956 -6.699 -3.226 
1703401591.057 -6.646 -3.300 
1703401591.157 -6.606 -3.374 
1703401591.256 -6.575 -3.447 
1703401591.357 -6.546 -3.505 
1703401591.457 -6.520 -3.530 
1703401591.558 -6.490 -3.531 
1703401596.668 -6.585 -3.729 
1703401596.669 -6.585 -3.729 
1703401596.769 -6.644 -3.702 
1703401596.868 -6.789 -3.684 
1703401596.970 -6.926 -3.649 
1703401597.069 -7.020 -3.616 
1703401597.169 -7.123 -3.627 
1703401597.270 -7.259 -3.661 
1703401597.370 -7.380 -3.695 
1703401597.470 -7.468 -3.708 
1703401597.570 -7.555 -3.699 
1703401597.670 -7.634 -3.698 
1703401597.770 -7.752 -3.691 
1703401597.870 -7.855 -3.684 
1703401597.970 -7.921 -3.689 
1703401598.071 -7.994 -3.669 
1703401598.172 -8.097 -3.617 
1703401598.271 -8.185 -3.584 
1703401598.372 -8.249 -3.568 
1703401598.471 -8.312 -3.536 
1703401598.572 -8.373 -3.474 
1703401598.672 -8.420 -3.417 
1703401598.773 -8.460 -3.356 
1703401598.872 -8.487 -3.290 
1703401598.973 -8.499 -3.228 
1703401599.073 -8.501 -3.185 
1703401599.173 -8.507 -3.143 
1703401599.273 -8.527 -3.070 
1703401599.373 -8.552 -3.002 
1703401599.473 -8.579 -2.969 
1703401599.578 -8.592 -2.918 
1703401599.674 -8.584 -2.858 
1703401599.774 -8.577 -2.788 
1703401599.875 -8.571 -2.689 
1703401599.976 -8.583 -2.559 
1703401600.074 -8.604 -2.495 
1703401600.174 -8.621 -2.428 
1703401600.274 -8.626 -2.344 
1703401600.375 -8.631 -2.268 
1703401600.475 -8.632 -2.195 
1703401600.575 -8.638 -2.132 
1703401600.676 -8.637 -2.066 
1703401600.775 -8.620 -1.984 
1703401600.876 -8.601 -1.906 
1703401600.975 -8.589 -1.826 
1703401601.076 -8.571 -1.738 
1703401601.176 -8.557 -1.656 
1703401601.276 -8.567 -1.563 
1703401601.376 -8.579 -1.479 
1703401601.478 -8.593 -1.397 
1703401601.576 -8.619 -1.301 
1703401601.677 -8.662 -1.184 
1703401601.776 -8.705 -1.072 
1703401601.877 -8.746 -0.958 
1703401601.977 -8.784 -0.862 
1703401602.077 -8.831 -0.802 
1703401602.177 -8.874 -0.790 
1703401606.286 -8.792 -1.566 
1703401606.287 -8.792 -1.566 
1703401606.387 -8.715 -1.608 
1703401606.492 -8.609 -1.698 
1703401606.590 -8.512 -1.784 
1703401606.689 -8.436 -1.857 
1703401606.790 -8.348 -1.941 
1703401606.891 -8.258 -2.025 
1703401606.989 -8.174 -2.105 
1703401607.090 -8.084 -2.188 
1703401607.189 -7.997 -2.269 
1703401607.290 -7.911 -2.350 
1703401607.390 -7.823 -2.430 
1703401607.490 -7.736 -2.509 
1703401607.591 -7.650 -2.588 
1703401607.692 -7.558 -2.663 
1703401607.791 -7.463 -2.735 
1703401607.891 -7.367 -2.814 
1703401608.006 -7.274 -2.894 
1703401608.104 -7.187 -2.958 
1703401608.196 -7.094 -3.015 
1703401608.293 -6.997 -3.075 
1703401608.392 -6.903 -3.133 
1703401608.492 -6.816 -3.179 
1703401608.592 -6.739 -3.215 
1703401608.692 -6.651 -3.249 
1703401608.793 -6.539 -3.280 
1703401608.905 -6.429 -3.310 
1703401608.998 -6.333 -3.339 
1703401609.095 -6.238 -3.369 
1703401609.195 -6.132 -3.396 
1703401609.294 -6.020 -3.423 
1703401609.394 -5.907 -3.452 
1703401609.495 -5.790 -3.479 
1703401609.594 -5.675 -3.503 
1703401609.695 -5.558 -3.534 
1703401609.795 -5.443 -3.579 
1703401609.896 -5.330 -3.618 
1703401609.995 -5.219 -3.649 
1703401610.095 -5.105 -3.695 
1703401610.199 -5.000 -3.754 
1703401610.297 -4.909 -3.817 
1703401610.397 -4.804 -3.879 
1703401610.498 -4.697 -3.938 
1703401610.598 -4.601 -4.005 
1703401610.699 -4.512 -4.072 
1703401610.798 -4.424 -4.148 
1703401610.898 -4.350 -4.246 
1703401610.998 -4.289 -4.344 
1703401611.098 -4.229 -4.441 
1703401611.198 -4.177 -4.547 
1703401611.299 -4.135 -4.656 
1703401611.399 -4.103 -4.764 
1703401611.498 -4.082 -4.878 
1703401611.599 -4.077 -4.999 
1703401611.699 -4.069 -5.111 
1703401611.800 -4.057 -5.220 
1703401611.899 -4.048 -5.330 
1703401612.000 -4.057 -5.443 
1703401612.100 -4.064 -5.557 
1703401612.200 -4.068 -5.667 
1703401612.299 -4.074 -5.776 
1703401612.400 -4.106 -5.894 
1703401612.502 -4.138 -5.998 
1703401612.605 -4.162 -6.095 
1703401612.703 -4.193 -6.197 
1703401612.803 -4.245 -6.300 
1703401612.904 -4.286 -6.394 
1703401613.004 -4.334 -6.482 
1703401613.105 -4.433 -6.574 
1703401613.204 -4.521 -6.654 
1703401613.304 -4.570 -6.716 
1703401613.404 -4.616 -6.768 
1703401613.505 -4.716 -6.804 
1703401613.604 -4.833 -6.840 
1703401613.705 -4.919 -6.885 
1703401613.805 -5.001 -6.914 
1703401613.905 -5.100 -6.918 
1703401614.005 -5.214 -6.929 
1703401614.106 -5.324 -6.945 
1703401614.206 -5.437 -6.961 
1703401614.305 -5.566 -6.962 
1703401614.406 -5.696 -6.968 
1703401614.506 -5.821 -6.976 
1703401614.606 -5.939 -6.980 
1703401614.706 -6.062 -6.980 
1703401614.807 -6.183 -6.980 
1703401614.906 -6.305 -6.979 
1703401615.007 -6.424 -6.978 
1703401615.107 -6.543 -6.974 
1703401615.206 -6.661 -6.968 
1703401615.307 -6.781 -6.959 
1703401615.407 -6.901 -6.942 
1703401615.508 -7.019 -6.928 
1703401615.608 -7.136 -6.914 
1703401615.707 -7.252 -6.897 
1703401615.808 -7.371 -6.870 
1703401615.908 -7.485 -6.842 
1703401616.008 -7.598 -6.816 
1703401616.108 -7.709 -6.785 
1703401616.208 -7.823 -6.749 
1703401616.308 -7.935 -6.711 
1703401616.409 -8.045 -6.673 
1703401616.509 -8.152 -6.633 
1703401616.609 -8.259 -6.586 
1703401616.709 -8.357 -6.547 
1703401616.809 -8.436 -6.515 
1703401616.909 -8.526 -6.487 
1703401619.414 -8.396 -6.665 
1703401619.513 -8.376 -6.677 
1703401619.613 -8.331 -6.736 
1703401619.714 -8.295 -6.833 
1703401619.813 -8.266 -6.945 
1703401619.914 -8.248 -7.038 
1703401620.015 -8.236 -7.096 
1703401620.115 -8.226 -7.139 
1703401620.215 -8.225 -7.200 
1703401620.315 -8.214 -7.279 
1703401620.415 -8.193 -7.356 
1703401620.515 -8.175 -7.431 
1703401620.616 -8.162 -7.514 
1703401620.716 -8.147 -7.607 
1703401620.816 -8.129 -7.706 
1703401620.916 -8.106 -7.803 
1703401621.017 -8.080 -7.898 
1703401621.116 -8.055 -7.989 
1703401621.217 -8.028 -8.082 
1703401621.316 -8.011 -8.161 
1703401621.417 -7.996 -8.235 
1703401621.517 -7.981 -8.302 
1703401621.619 -7.976 -8.360 
1703401621.717 -7.954 -8.421 
1703401621.817 -7.880 -8.482 
1703401621.918 -7.820 -8.522 
1703401622.017 -7.788 -8.547 
1703401622.117 -7.753 -8.560 
1703401622.217 -7.703 -8.560 
1703401622.317 -7.654 -8.534 
1703401622.418 -7.597 -8.497 
1703401622.518 -7.521 -8.461 
1703401622.618 -7.433 -8.424 
1703401622.718 -7.345 -8.389 
1703401622.818 -7.252 -8.357 
1703401622.919 -7.137 -8.345 
1703401623.018 -7.028 -8.339 
1703401623.118 -6.927 -8.340 
1703401623.219 -6.831 -8.340 
1703401623.319 -6.725 -8.344 
1703401623.419 -6.607 -8.368 
1703401623.520 -6.494 -8.399 
1703401623.620 -6.437 -8.426 
1703401623.720 -6.379 -8.448 
1703401623.819 -6.292 -8.473 
1703401623.919 -6.206 -8.502 
1703401624.020 -6.124 -8.528 
1703401624.120 -6.039 -8.545 
1703401624.220 -5.950 -8.565 
1703401624.320 -5.856 -8.586 
1703401624.421 -5.761 -8.607 
1703401624.521 -5.664 -8.631 
1703401624.621 -5.565 -8.649 
1703401624.721 -5.468 -8.668 
1703401624.821 -5.367 -8.687 
1703401624.920 -5.263 -8.709 
1703401625.021 -5.154 -8.729 
1703401625.120 -5.049 -8.753 
1703401625.223 -4.943 -8.777 
1703401625.321 -4.844 -8.800 
1703401625.422 -4.744 -8.822 
1703401625.523 -4.647 -8.843 
1703401625.621 -4.555 -8.862 
1703401625.722 -4.470 -8.881 
1703401625.822 -4.398 -8.901 
1703401625.922 -4.332 -8.921 
1703401626.024 -4.234 -8.924 
1703401626.123 -4.127 -8.919 
1703401626.223 -4.030 -8.901 
1703401626.322 -3.946 -8.890 
1703401626.422 -3.875 -8.884 
1703401626.530 -3.832 -8.868 
1703401626.622 -3.799 -8.843 
1703401626.723 -3.710 -8.793 
1703401626.822 -3.626 -8.730 
1703401626.924 -3.542 -8.677 
1703401627.023 -3.448 -8.625 
1703401627.124 -3.361 -8.572 
1703401627.224 -3.293 -8.533 
1703401627.324 -3.236 -8.495 
1703401627.423 -3.189 -8.455 
1703401627.523 -3.146 -8.407 
1703401627.624 -3.079 -8.348 
1703401627.724 -3.011 -8.286 
1703401627.824 -2.952 -8.235 
1703401627.924 -2.897 -8.193 
1703401628.024 -2.839 -8.146 
1703401628.125 -2.781 -8.068 
1703401628.225 -2.728 -7.968 
1703401628.325 -2.671 -7.890 
1703401628.425 -2.624 -7.807 
1703401628.525 -2.594 -7.707 
1703401628.625 -2.560 -7.608 
1703401628.725 -2.516 -7.563 
1703401628.826 -2.484 -7.482 
1703401628.926 -2.489 -7.366 
1703401629.025 -2.487 -7.261 
1703401629.125 -2.489 -7.163 
1703401629.226 -2.491 -7.067 
1703401629.326 -2.496 -6.974 
1703401629.426 -2.500 -6.880 
1703401629.527 -2.500 -6.779 
1703401629.626 -2.500 -6.674 
1703401629.726 -2.500 -6.560 
1703401629.828 -2.497 -6.446 
1703401629.927 -2.490 -6.366 
1703401630.027 -2.494 -6.294 
1703401630.127 -2.503 -6.221 
1703401630.227 -2.517 -6.149 
1703401630.328 -2.527 -6.081 
1703401630.431 -2.516 -6.043 
1703401630.528 -2.496 -6.000 
1703401630.628 -2.459 -5.933 
1703401630.729 -2.417 -5.806 
1703401630.829 -2.370 -5.718 
1703401630.929 -2.332 -5.674 
1703401631.029 -2.330 -5.626 
1703401631.129 -2.353 -5.542 
1703401631.240 -2.368 -5.425 
1703401631.336 -2.384 -5.314 
1703401631.433 -2.387 -5.232 
1703401631.532 -2.393 -5.166 
1703401632.034 -2.411 -5.087 
1703401632.035 -2.411 -5.087 
1703401632.135 -2.424 -5.046 
1703401632.235 -2.399 -4.918 
1703401632.335 -2.374 -4.779 
1703401632.436 -2.349 -4.630 
1703401632.536 -2.331 -4.502 
1703401632.636 -2.292 -4.394 
1703401632.735 -2.229 -4.291 
1703401632.836 -2.160 -4.193 
1703401632.936 -2.090 -4.096 
1703401633.037 -2.020 -4.003 
1703401633.136 -1.943 -3.915 
1703401633.236 -1.864 -3.823 
1703401633.336 -1.788 -3.737 
1703401633.437 -1.716 -3.656 
1703401633.536 -1.646 -3.575 
1703401633.637 -1.575 -3.488 
1703401633.736 -1.503 -3.391 
1703401633.837 -1.432 -3.300 
1703401633.937 -1.362 -3.215 
1703401634.037 -1.300 -3.138 
1703401634.138 -1.239 -3.045 
1703401634.237 -1.177 -2.953 
1703401634.337 -1.119 -2.867 
1703401634.438 -1.063 -2.794 
1703401634.539 -1.004 -2.708 
1703401634.638 -0.949 -2.621 
1703401634.738 -0.902 -2.532 
1703401634.839 -0.853 -2.440 
1703401634.938 -0.805 -2.361 
1703401635.039 -0.758 -2.288 
1703401635.138 -0.724 -2.203 
1703401635.239 -0.688 -2.113 
1703401635.339 -0.649 -2.026 
1703401635.439 -0.616 -1.941 
1703401635.539 -0.587 -1.850 
1703401635.640 -0.553 -1.764 
1703401635.740 -0.524 -1.677 
1703401635.840 -0.496 -1.590 
1703401635.939 -0.471 -1.501 
1703401636.039 -0.450 -1.411 
1703401636.140 -0.434 -1.313 
1703401636.240 -0.412 -1.231 
1703401636.340 -0.395 -1.145 
1703401636.440 -0.382 -1.050 
1703401636.540 -0.371 -0.964 
1703401636.640 -0.363 -0.876 
1703401636.740 -0.361 -0.778 
1703401636.841 -0.347 -0.686 
1703401636.941 -0.333 -0.595 
1703401637.041 -0.336 -0.510 
1703401637.140 -0.340 -0.425 
1703401637.241 -0.343 -0.329 
1703401637.341 -0.347 -0.240 
1703401637.442 -0.347 -0.154 
1703401637.541 -0.348 -0.063 
1703401637.641 -0.365 0.034 
1703401637.742 -0.385 0.125 
1703401637.842 -0.403 0.213 
1703401637.942 -0.431 0.297 
1703401638.042 -0.451 0.385 
1703401638.144 -0.471 0.469 
1703401638.242 -0.507 0.555 
1703401638.342 -0.546 0.642 
1703401638.443 -0.581 0.719 
1703401638.542 -0.613 0.795 
1703401638.643 -0.668 0.881 
1703401638.742 -0.717 0.958 
1703401638.842 -0.759 1.030 
1703401638.943 -0.807 1.099 
1703401639.043 -0.862 1.167 
1703401639.143 -1.002 1.227 
1703401639.244 -1.100 1.288 
1703401639.343 -1.201 1.334 
1703401639.444 -1.291 1.372 
1703401639.544 -1.357 1.405 
1703401639.644 -1.415 1.424 
1703401639.744 -1.469 1.447 
1703401639.843 -1.505 1.488 
1703401639.944 -1.514 1.544 
1703401640.044 -1.505 1.603 
1703401640.144 -1.482 1.667 
1703401640.245 -1.450 1.693 
1703401640.345 -1.428 1.681 
1703401640.445 -1.395 1.689 
1703401640.545 -1.355 1.721 
1703401640.645 -1.320 1.789 
1703401640.745 -1.297 1.873 
1703401640.846 -1.270 1.952 
1703401640.946 -1.261 1.997 
1703401641.046 -1.239 2.056 
1703401641.146 -1.210 2.156 
1703401641.245 -1.178 2.257 
1703401641.346 -1.149 2.351 
1703401641.447 -1.122 2.445 
1703401641.547 -1.098 2.556 
1703401641.647 -1.080 2.672 
1703401641.747 -1.072 2.787 
1703401641.847 -1.077 2.905 
1703401641.947 -1.089 3.021 
1703401642.046 -1.106 3.131 
1703401642.147 -1.132 3.241 
1703401642.247 -1.167 3.346 
1703401642.348 -1.212 3.449 
1703401642.448 -1.258 3.545 
1703401642.547 -1.312 3.634 
1703401642.647 -1.367 3.723 
1703401642.748 -1.422 3.806 
1703401642.848 -1.475 3.883 
1703401642.948 -1.534 3.955 
1703401643.048 -1.592 4.024 
1703401643.148 -1.650 4.089 
1703401643.250 -1.704 4.145 
1703401643.349 -1.786 4.220 
1703401643.448 -1.858 4.300 
1703401643.549 -1.914 4.337 
1703401643.649 -1.949 4.375 
1703401643.749 -1.981 4.430 
1703401643.850 -2.005 4.426 
1703401647.355 -1.842 4.719 
1703401647.455 -1.819 4.652 
1703401647.562 -1.776 4.561 
1703401647.659 -1.754 4.511 
1703401647.759 -1.706 4.480 
1703401647.859 -1.659 4.461 
1703401647.959 -1.622 4.447 
1703401648.059 -1.587 4.445 
1703401648.161 -1.532 4.430 
1703401648.259 -1.452 4.404 
1703401648.360 -1.377 4.383 
1703401648.460 -1.307 4.363 
1703401648.559 -1.233 4.337 
1703401648.660 -1.139 4.313 
1703401648.760 -1.032 4.298 
1703401648.860 -0.916 4.298 
1703401648.961 -0.796 4.301 
1703401649.060 -0.678 4.289 
1703401649.160 -0.558 4.287 
1703401649.260 -0.443 4.303 
1703401649.361 -0.328 4.337 
1703401649.461 -0.201 4.382 
1703401649.561 -0.078 4.409 
1703401649.661 0.037 4.432 
1703401649.761 0.142 4.477 
1703401649.861 0.247 4.531 
1703401649.961 0.354 4.588 
1703401650.062 0.455 4.651 
1703401650.161 0.551 4.723 
1703401650.262 0.642 4.804 
1703401650.362 0.719 4.889 
1703401650.462 0.795 4.982 
1703401650.561 0.869 5.076 
1703401650.663 0.936 5.175 
1703401650.762 0.982 5.272 
1703401650.862 1.018 5.378 
1703401650.963 1.060 5.494 
1703401651.063 1.086 5.615 
1703401651.163 1.111 5.735 
1703401651.262 1.132 5.850 
1703401651.363 1.136 5.974 
1703401651.466 1.132 6.090 
1703401651.564 1.127 6.209 
1703401651.664 1.126 6.332 
1703401651.763 1.121 6.449 
1703401651.864 1.106 6.558 
1703401651.963 1.083 6.670 
1703401652.064 1.062 6.791 
1703401652.164 1.042 6.905 
1703401652.265 1.018 7.019 
1703401652.364 0.992 7.132 
1703401652.464 0.974 7.250 
1703401652.564 0.952 7.362 
1703401652.664 0.930 7.471 
1703401652.764 0.911 7.580 
1703401652.864 0.916 7.694 
1703401652.965 0.916 7.796 
1703401653.065 0.933 7.909 
1703401653.165 0.957 8.008 
1703401654.071 1.100 8.054 
1703401654.072 1.100 8.054 
1703401654.172 1.132 8.071 
1703401654.273 1.192 8.106 
1703401654.372 1.272 8.149 
1703401654.478 1.385 8.186 
1703401654.575 1.504 8.201 
1703401654.675 1.623 8.229 
1703401654.774 1.738 8.257 
1703401654.875 1.856 8.282 
1703401654.975 1.975 8.305 
1703401655.074 2.099 8.327 
1703401655.174 2.185 8.346 
1703401655.275 2.270 8.366 
1703401655.375 2.389 8.383 
1703401655.475 2.495 8.388 
1703401655.575 2.571 8.404 
1703401655.675 2.669 8.413 
1703401655.776 2.770 8.425 
1703401655.875 2.866 8.437 
1703401655.976 2.966 8.446 
1703401656.075 3.030 8.457 
1703401656.176 3.088 8.457 
1703401656.276 3.160 8.461 
1703401656.376 3.243 8.465 
1703401656.476 3.322 8.474 
1703401656.576 3.401 8.480 
1703401656.677 3.483 8.482 
1703401656.777 3.565 8.491 
1703401656.879 3.650 8.506 
1703401656.977 3.728 8.514 
1703401657.077 3.810 8.521 
1703401657.176 3.890 8.529 
1703401657.277 3.973 8.534 
1703401657.378 4.055 8.538 
1703401657.478 4.136 8.543 
1703401657.577 4.220 8.550 
1703401657.678 4.302 8.558 
1703401657.778 4.385 8.567 
1703401657.878 4.467 8.575 
1703401657.978 4.548 8.579 
1703401658.079 4.630 8.584 
1703401658.178 4.714 8.590 
1703401658.278 4.798 8.592 
1703401658.379 4.879 8.596 
1703401658.479 4.960 8.599 
1703401658.578 5.050 8.598 
1703401658.679 5.133 8.599 
1703401658.779 5.219 8.597 
1703401658.880 5.310 8.602 
1703401658.979 5.397 8.606 
1703401659.079 5.486 8.608 
1703401659.179 5.573 8.611 
1703401659.279 5.662 8.614 
1703401659.379 5.755 8.616 
1703401659.480 5.845 8.618 
1703401659.579 5.932 8.621 
1703401659.679 6.021 8.621 
1703401659.780 6.109 8.623 
1703401659.880 6.194 8.624 
1703401659.980 6.279 8.626 
1703401660.082 6.367 8.628 
1703401660.181 6.450 8.627 
1703401660.282 6.533 8.630 
1703401660.382 6.616 8.632 
1703401660.482 6.697 8.635 
1703401660.582 6.778 8.637 
1703401660.682 6.858 8.641 
1703401660.781 6.936 8.644 
1703401660.882 7.012 8.645 
1703401660.983 7.088 8.648 
1703401661.082 7.183 8.652 
1703401661.182 7.299 8.656 
1703401661.283 7.394 8.656 
1703401661.383 7.468 8.647 
1703401661.483 7.539 8.643 
1703401661.583 7.604 8.641 
1703401661.683 7.684 8.641 
1703401661.783 7.760 8.630 
1703401661.884 7.809 8.617 
1703401661.983 7.824 8.580 
1703401662.084 7.844 8.532 
1703401662.185 7.864 8.462 
1703401662.285 7.869 8.388 
1703401662.386 7.855 8.350 
1703401662.487 7.840 8.320 
1703401662.586 7.841 8.290 
1703401662.687 7.857 8.265 
1703401662.786 7.875 8.223 
1703401662.889 7.890 8.152 
1703401662.987 7.907 8.067 
1703401663.087 7.916 8.005 
1703401663.187 7.927 7.939 
1703401663.287 7.939 7.848 
1703401663.386 7.950 7.755 
1703401663.487 7.961 7.663 
1703401663.587 7.962 7.566 
1703401663.690 7.964 7.458 
1703401663.787 7.968 7.367 
1703401663.887 7.973 7.271 
1703401663.988 7.978 7.180 
1703401664.087 7.977 7.095 
1703401664.188 7.967 7.016 
1703401664.288 7.954 6.940 
1703401664.388 7.936 6.871 
1703401664.488 7.893 6.789 
1703401664.588 7.852 6.710 
1703401664.688 7.837 6.655 
1703401664.789 7.841 6.627 
1703401664.888 7.892 6.618 
1703401664.989 7.907 6.602 
1703401665.088 7.835 6.590 
1703401665.189 7.737 6.575 
1703401665.289 7.662 6.545 
1703401665.390 7.615 6.538 
1703401665.489 7.574 6.532 
1703401665.589 7.486 6.518 
1703401665.690 7.376 6.517 
1703401665.790 7.294 6.509 
1703401665.889 7.229 6.498 
1703401665.990 7.173 6.487 
1703401666.090 7.116 6.492 
1703401666.189 7.050 6.501 
1703401666.290 6.969 6.508 
1703401666.390 6.877 6.505 
1703401666.490 6.794 6.504 
1703401666.590 6.714 6.506 
1703401666.690 6.644 6.512 
1703401666.791 6.573 6.516 
1703401666.891 6.494 6.511 
1703401666.991 6.376 6.496 
1703401667.091 6.290 6.488 
1703401667.191 6.206 6.481 
1703401667.291 6.117 6.472 
1703401667.392 6.035 6.453 
1703401667.492 5.959 6.428 
1703401667.592 5.907 6.380 
1703401668.298 5.912 6.290 
1703401668.299 5.912 6.290 
1703401668.397 5.881 6.277 
1703401668.497 5.820 6.277 
1703401668.596 5.681 6.243 
1703401668.697 5.518 6.190 
1703401668.797 5.355 6.145 
1703401668.897 5.232 6.137 
1703401668.996 5.144 6.113 
1703401669.097 5.072 6.059 
1703401669.197 4.961 5.987 
1703401669.296 4.850 5.901 
1703401669.397 4.753 5.855 
1703401669.497 4.656 5.781 
1703401669.598 4.563 5.694 
1703401669.697 4.478 5.609 
1703401669.798 4.396 5.524 
1703401669.898 4.319 5.440 
1703401669.998 4.244 5.353 
1703401670.099 4.171 5.263 
1703401670.197 4.100 5.174 
1703401670.299 4.025 5.082 
1703401670.399 3.954 4.989 
1703401670.498 3.884 4.892 
1703401670.598 3.814 4.798 
1703401670.699 3.743 4.705 
1703401670.799 3.676 4.613 
1703401670.898 3.608 4.521 
1703401670.999 3.539 4.425 
1703401671.099 3.470 4.329 
1703401671.199 3.401 4.232 
1703401671.299 3.331 4.134 
1703401671.400 3.260 4.037 
1703401671.500 3.191 3.945 
1703401671.599 3.122 3.857 
1703401671.700 3.050 3.764 
1703401671.800 2.977 3.670 
1703401671.900 2.904 3.576 
1703401672.001 2.830 3.484 
1703401672.101 2.759 3.393 
1703401672.200 2.678 3.298 
1703401672.301 2.604 3.202 
1703401672.400 2.530 3.112 
1703401672.501 2.452 3.021 
1703401672.601 2.369 2.930 
1703401672.701 2.285 2.839 
1703401672.802 2.208 2.749 
1703401672.902 2.124 2.662 
1703401673.002 2.039 2.578 
1703401673.102 1.949 2.492 
1703401673.202 1.866 2.408 
1703401673.302 1.782 2.322 
1703401673.404 1.693 2.242 
1703401673.504 1.602 2.162 
1703401673.604 1.511 2.080 
1703401673.705 1.426 1.999 
1703401673.804 1.337 1.919 
1703401673.905 1.243 1.842 
1703401674.005 1.139 1.766 
1703401674.106 1.051 1.693 
1703401674.205 0.958 1.615 
1703401674.306 0.858 1.551 
1703401674.406 0.755 1.492 
1703401674.505 0.654 1.435 
1703401674.605 0.565 1.381 
1703401674.706 0.476 1.335 
1703401674.805 0.385 1.296 
1703401674.909 0.295 1.255 
1703401675.007 0.204 1.215 
1703401675.109 0.109 1.174 
1703401675.207 0.021 1.140 
1703401675.307 -0.077 1.117 
1703401675.407 -0.163 1.101 
1703401675.508 -0.244 1.082 
1703401675.607 -0.361 1.077 
1703401675.707 -0.473 1.071 
1703401675.807 -0.540 1.058 
1703401675.908 -0.617 1.053 
1703401676.007 -0.715 1.059 
1703401676.108 -0.808 1.062 
1703401676.207 -0.883 1.068 
1703401676.307 -0.950 1.076 
1703401676.407 -1.035 1.082 
1703401676.508 -1.145 1.105 
1703401676.608 -1.247 1.150 
1703401676.709 -1.306 1.178 
1703401676.808 -1.372 1.192 
1703401676.909 -1.437 1.203 
1703401677.008 -1.513 1.214 
1703401677.109 -1.566 1.229 
1703401677.208 -1.616 1.234 
1703401677.309 -1.669 1.268 
1703401677.409 -1.726 1.335 
1703401677.509 -1.790 1.413 
1703401677.610 -1.850 1.504 
1703401677.711 -1.930 1.588 
1703401677.810 -2.002 1.661 
1703401677.911 -2.045 1.709 
1703401678.012 -2.060 1.739 
1703401678.111 -2.087 1.771 
1703401678.211 -2.210 1.780 
1703401678.311 -2.318 1.792 
1703401678.411 -2.425 1.803 
1703401678.511 -2.527 1.807 
1703401678.611 -2.642 1.812 
1703401678.712 -2.766 1.816 
1703401678.811 -2.887 1.825 
1703401678.913 -3.003 1.831 
1703401679.013 -3.121 1.836 
1703401679.114 -3.243 1.839 
1703401679.214 -3.365 1.843 
1703401679.314 -3.485 1.845 
1703401679.414 -3.604 1.848 
1703401679.514 -3.726 1.855 
1703401679.614 -3.848 1.860 
1703401679.714 -3.972 1.865 
1703401679.815 -4.091 1.870 
1703401679.915 -4.214 1.882 
1703401680.015 -4.333 1.896 
1703401680.115 -4.453 1.914 
1703401680.216 -4.559 1.921 
1703401680.316 -4.668 1.938 
1703401680.416 -4.789 1.980 
1703401680.516 -4.894 2.014 
1703401680.616 -4.922 2.022 
1703401682.520 -4.983 2.098 
1703401682.621 -4.963 2.061 
1703401682.721 -4.961 2.003 
1703401682.822 -4.940 1.996 
1703401682.921 -4.861 2.079 
1703401683.021 -4.787 2.187 
1703401683.121 -4.724 2.304 
1703401683.221 -4.665 2.419 
1703401683.322 -4.623 2.530 
1703401683.435 -4.579 2.641 
1703401683.533 -4.535 2.744 
1703401683.632 -4.492 2.838 
1703401683.733 -4.464 2.921 
1703401683.832 -4.437 3.012 
1703401683.933 -4.404 3.103 
1703401684.033 -4.372 3.190 
1703401684.133 -4.345 3.283 
1703401684.233 -4.322 3.371 
1703401684.333 -4.300 3.458 
1703401684.433 -4.286 3.555 
1703401684.534 -4.278 3.661 
1703401684.634 -4.248 3.726 
1703401684.734 -4.218 3.799 
1703401684.834 -4.217 3.889 
1703401684.934 -4.238 3.985 
1703401685.034 -4.265 4.094 
1703401685.134 -4.315 4.236 
1703401685.234 -4.354 4.369 
1703401685.336 -4.392 4.486 
1703401685.435 -4.422 4.571 
1703401685.535 -4.435 4.631 
1703401685.639 -4.420 4.675 
1703401685.740 -4.395 4.724 
1703401685.840 -4.434 4.807 
1703401685.943 -4.515 4.909 
1703401686.041 -4.608 4.987 
1703401686.140 -4.701 5.035 
1703401691.359 -4.967 5.456 
1703401691.459 -4.949 5.465 
1703401691.559 -4.889 5.483 
1703401691.659 -4.831 5.498 
1703401691.759 -4.791 5.506 
1703401691.859 -4.753 5.522 
1703401691.960 -4.710 5.552 
1703401692.061 -4.688 5.544 
1703401692.160 -4.656 5.538 
1703401692.260 -4.602 5.570 
1703401692.360 -4.521 5.635 
1703401692.461 -4.435 5.681 
1703401692.561 -4.335 5.721 
1703401692.663 -4.233 5.770 
1703401692.762 -4.150 5.826 
1703401692.861 -4.054 5.886 
1703401692.962 -3.948 5.954 
1703401693.062 -3.849 6.014 
1703401693.162 -3.758 6.077 
1703401693.262 -3.670 6.142 
1703401693.362 -3.577 6.213 
1703401693.463 -3.483 6.280 
1703401693.562 -3.390 6.347 
1703401693.662 -3.295 6.419 
1703401693.763 -3.204 6.495 
1703401693.864 -3.113 6.573 
1703401693.963 -3.025 6.645 
1703401694.063 -2.939 6.714 
1703401694.163 -2.857 6.794 
1703401694.263 -2.785 6.883 
1703401694.364 -2.712 6.966 
1703401694.464 -2.637 7.044 
1703401694.564 -2.566 7.137 
1703401694.664 -2.505 7.241 
1703401694.764 -2.446 7.342 
1703401694.864 -2.387 7.431 
1703401694.966 -2.335 7.487 
1703401695.066 -2.305 7.537 
1703401695.167 -2.296 7.628 
1703401695.267 -2.268 7.686 
1703401695.367 -2.232 7.724 
1703401695.467 -2.199 7.753 
1703401695.567 -2.186 7.802 
1703401695.667 -2.220 7.855 
1703401695.768 -2.228 7.891 
1703401695.868 -2.251 7.937 
1703401695.968 -2.323 7.980 
1703401696.068 -2.383 8.016 
1703401696.168 -2.414 8.039 
1703401696.269 -2.451 8.064 
1703401696.369 -2.501 8.089 
1703401696.468 -2.568 8.125 
1703401696.570 -2.658 8.161 
1703401696.669 -2.724 8.190 
1703401696.770 -2.790 8.212 
1703401696.871 -2.870 8.233 
1703401696.970 -2.953 8.253 
1703401700.076 -3.212 8.114 
1703401700.077 -3.212 8.114 
1703401700.177 -3.222 8.087 
1703401700.277 -3.250 7.987 
1703401700.377 -3.283 7.870 
1703401700.477 -3.316 7.755 
1703401700.577 -3.342 7.641 
1703401700.678 -3.371 7.529 
1703401700.779 -3.407 7.419 
1703401700.878 -3.448 7.308 
1703401700.978 -3.485 7.197 
1703401701.079 -3.524 7.084 
1703401701.179 -3.566 6.980 
1703401701.279 -3.613 6.880 
1703401701.379 -3.661 6.772 
1703401701.480 -3.711 6.674 
1703401701.579 -3.766 6.583 
1703401701.679 -3.816 6.496 
1703401701.780 -3.868 6.408 
1703401701.880 -3.944 6.315 
1703401701.980 -4.016 6.224 
1703401702.080 -4.082 6.141 
1703401702.180 -4.158 6.058 
1703401702.281 -4.241 5.981 
1703401702.380 -4.319 5.901 
1703401702.480 -4.398 5.825 
1703401702.581 -4.490 5.755 
1703401702.681 -4.582 5.684 
1703401702.781 -4.672 5.615 
1703401702.881 -4.762 5.546 
1703401702.981 -4.862 5.466 
1703401703.082 -4.959 5.401 
1703401703.181 -5.047 5.351 
1703401703.281 -5.143 5.313 
1703401703.382 -5.263 5.276 
1703401703.483 -5.384 5.244 
1703401703.584 -5.496 5.214 
1703401703.683 -5.606 5.191 
1703401703.783 -5.734 5.197 
1703401703.883 -5.858 5.213 
1703401703.983 -5.977 5.232 
1703401704.083 -6.101 5.257 
1703401704.183 -6.222 5.291 
1703401704.283 -6.324 5.311 
1703401704.383 -6.430 5.357 
1703401704.484 -6.529 5.419 
1703401704.585 -6.603 5.466 
1703401704.684 -6.650 5.479 
1703401704.784 -6.684 5.498 
1703401704.884 -6.729 5.548 
1703401704.985 -6.801 5.641 
1703401705.084 -6.870 5.726 
1703401705.184 -6.934 5.786 
1703401705.284 -6.986 5.837 
1703401705.385 -7.022 5.907 
1703401705.485 -7.056 5.991 
1703401705.585 -7.100 6.072 
1703401705.686 -7.147 6.136 
1703401705.785 -7.183 6.199 
1703401705.885 -7.213 6.275 
1703401705.985 -7.245 6.347 
1703401706.085 -7.273 6.444 
1703401706.186 -7.302 6.541 
1703401706.285 -7.334 6.649 
1703401706.387 -7.394 6.776 
1703401706.488 -7.443 6.891 
1703401706.587 -7.515 6.998 
1703401706.688 -7.631 7.082 
1703401706.787 -7.752 7.133 
1703401706.888 -7.855 7.130 
1703401706.988 -7.993 7.118 
1703401707.088 -8.118 7.106 
1703401707.188 -8.232 7.098 
1703401707.287 -8.335 7.097 
1703401707.388 -8.470 7.051 
1703401707.489 -8.618 6.975 
1703401707.589 -8.764 6.886 
1703401707.688 -8.897 6.814 
1703401707.789 -9.010 6.783 
1703401707.889 -9.127 6.719 
1703401707.988 -9.232 6.633 
1703401708.090 -9.313 6.533 
1703401708.189 -9.363 6.411 
1703401708.289 -9.343 6.293 
1703401708.390 -9.308 6.186 
1703401708.490 -9.282 6.103 
1703401708.589 -9.274 6.008 
1703401708.690 -9.232 5.868 
1703401708.789 -9.213 5.747 
1703401708.889 -9.178 5.635 
1703401708.990 -9.140 5.523 
1703401709.089 -9.102 5.413 
1703401709.190 -9.058 5.303 
1703401709.290 -9.011 5.195 
1703401709.390 -8.962 5.089 
1703401709.493 -8.910 4.986 
1703401709.592 -8.858 4.881 
1703401709.691 -8.807 4.772 
1703401709.791 -8.759 4.663 
1703401709.891 -8.713 4.556 
1703401709.991 -8.665 4.449 
1703401710.090 -8.623 4.359 
1703401710.191 -8.591 4.282 
1703401710.292 -8.575 4.213 
1703401710.392 -8.561 4.148 
1703401710.492 -8.547 4.083 
1703401710.593 -8.520 4.006 
1703401710.692 -8.492 3.928 
1703401710.793 -8.473 3.854 
1703401710.892 -8.465 3.786 
1703401710.993 -8.462 3.724 
1703401711.093 -8.460 3.660 
1703401711.192 -8.460 3.581 
1703401711.293 -8.456 3.494 
1703401711.400 -8.453 3.386 
1703401711.496 -8.458 3.286 
1703401711.596 -8.460 3.196 
1703401711.695 -8.460 3.105 
1703401711.795 -8.458 3.015 
1703401711.897 -8.451 2.921 
1703401711.994 -8.443 2.829 
1703401717.215 -8.416 2.943 
1703401717.216 -8.416 2.943 
1703401717.321 -8.393 3.036 
1703401717.417 -8.371 3.153 
1703401717.517 -8.337 3.262 
1703401717.617 -8.317 3.364 
1703401717.717 -8.269 3.479 
1703401717.817 -8.210 3.577 
1703401717.917 -8.147 3.680 
1703401718.018 -8.100 3.786 
1703401718.119 -8.046 3.892 
1703401718.218 -7.988 4.000 
1703401718.319 -7.942 4.092 
1703401718.418 -7.909 4.164 
1703401718.518 -7.869 4.241 
1703401718.619 -7.825 4.327 
1703401718.718 -7.782 4.397 
1703401718.818 -7.746 4.471 
1703401718.919 -7.715 4.551 
1703401719.019 -7.687 4.628 
1703401719.119 -7.661 4.704 
1703401719.219 -7.628 4.780 
1703401719.319 -7.599 4.867 
1703401719.419 -7.564 4.954 
1703401719.519 -7.522 4.994 
1703401719.620 -7.484 5.040 
1703401719.720 -7.464 5.103 
1703401719.822 -7.463 5.180 
1703401719.923 -7.464 5.281 
1703401720.023 -7.466 5.378 
1703401720.123 -7.468 5.468 
1703401720.223 -7.472 5.559 
1703401720.323 -7.475 5.641 
1703401720.423 -7.468 5.708 
1703401720.524 -7.469 5.777 
1703401720.625 -7.473 5.857 
1703401720.724 -7.481 5.938 
1703401720.825 -7.472 6.056 
1703401720.931 -7.482 6.161 
1703401721.024 -7.471 6.245 
1703401721.124 -7.451 6.351 
1703401721.224 -7.431 6.462 
1703401721.329 -7.408 6.565 
1703401721.429 -7.383 6.659 
1703401721.530 -7.354 6.729 
1703401721.630 -7.324 6.800 
1703401721.729 -7.295 6.877 
1703401721.830 -7.265 6.949 
1703401721.930 -7.230 7.029 
1703401722.030 -7.195 7.123 
1703401722.130 -7.123 7.258 
1703401722.231 -7.123 7.332 
1703401722.331 -7.133 7.399 
1703401722.431 -7.146 7.438 
1703401722.531 -7.114 7.467 
1703401722.632 -7.034 7.566 
1703401722.732 -6.947 7.675 
1703401722.831 -6.874 7.756 
1703401722.932 -6.851 7.806 
1703401723.032 -6.846 7.851 
1703401723.131 -6.821 7.899 
1703401723.232 -6.796 7.936 
1703401723.332 -6.769 7.996 
1703401723.432 -6.738 8.114 
1703401723.535 -6.721 8.245 
