1703403143.301 3.126 2.058 
1703403143.302 3.127 2.058 
1703403143.402 3.162 2.038 
1703403143.502 3.225 1.992 
1703403143.603 3.323 1.933 
1703403143.704 3.396 1.862 
1703403143.803 3.458 1.770 
1703403143.902 3.537 1.671 
1703403144.003 3.626 1.576 
1703403144.103 3.708 1.496 
1703403144.203 3.781 1.413 
1703403144.304 3.865 1.327 
1703403144.404 3.946 1.237 
1703403144.503 4.025 1.145 
1703403144.603 4.099 1.046 
1703403144.704 4.158 0.968 
1703403144.804 4.208 0.915 
1703403144.904 4.252 0.868 
1703403145.004 4.291 0.821 
1703403145.104 4.333 0.776 
1703403145.204 4.405 0.738 
1703403145.305 4.482 0.705 
1703403145.405 4.539 0.672 
1703403145.504 4.538 0.637 
1703403145.605 4.477 0.609 
1703403145.704 4.456 0.636 
1703403146.706 4.530 0.530 
1703403146.806 4.539 0.570 
1703403146.906 4.537 0.676 
1703403147.006 4.548 0.725 
1703403147.106 4.569 0.771 
1703403147.207 4.571 0.871 
1703403147.306 4.589 0.961 
1703403147.406 4.592 1.047 
1703403147.506 4.596 1.129 
1703403147.607 4.601 1.210 
1703403147.707 4.616 1.276 
1703403147.808 4.617 1.349 
1703403147.907 4.605 1.440 
1703403148.008 4.591 1.529 
1703403148.107 4.572 1.617 
1703403148.208 4.557 1.705 
1703403148.307 4.541 1.793 
1703403148.407 4.518 1.875 
1703403148.507 4.501 1.951 
1703403148.608 4.486 2.026 
1703403148.708 4.450 2.108 
1703403148.808 4.398 2.193 
1703403148.908 4.353 2.268 
1703403149.008 4.318 2.332 
1703403149.108 4.308 2.384 
1703403149.209 4.274 2.441 
1703403149.308 4.213 2.491 
1703403149.409 4.137 2.545 
1703403149.509 4.088 2.604 
1703403149.609 3.989 2.655 
1703403149.709 3.900 2.699 
1703403149.809 3.887 2.756 
1703403149.909 3.873 2.801 
1703403150.009 3.794 2.764 
1703403150.110 3.721 2.682 
1703403150.209 3.680 2.636 
1703403150.309 3.652 2.617 
1703403150.409 3.595 2.598 
1703403150.510 3.490 2.567 
1703403156.420 3.760 2.091 
1703403156.421 3.760 2.091 
1703403156.521 3.784 2.107 
1703403156.621 3.805 2.205 
1703403156.721 3.811 2.342 
1703403156.821 3.826 2.483 
1703403156.922 3.844 2.599 
1703403157.022 3.872 2.710 
1703403157.123 3.897 2.826 
1703403157.223 3.925 2.946 
1703403157.322 3.949 3.063 
1703403157.421 3.970 3.181 
1703403157.522 3.993 3.301 
1703403157.622 4.016 3.420 
1703403157.722 4.038 3.538 
1703403157.822 4.062 3.656 
1703403157.923 4.090 3.774 
1703403158.022 4.118 3.891 
1703403158.123 4.145 4.005 
1703403158.223 4.174 4.121 
1703403158.323 4.201 4.234 
1703403158.423 4.224 4.350 
1703403158.523 4.250 4.465 
1703403158.623 4.272 4.580 
1703403158.724 4.293 4.693 
1703403158.824 4.317 4.807 
1703403158.923 4.340 4.920 
1703403159.024 4.361 5.025 
1703403159.124 4.379 5.132 
1703403159.224 4.402 5.244 
1703403159.324 4.421 5.354 
1703403159.424 4.410 5.500 
1703403159.525 4.393 5.650 
1703403159.625 4.357 5.764 
1703403159.724 4.299 5.869 
1703403159.825 4.246 5.968 
1703403159.925 4.191 6.057 
1703403160.027 4.108 6.141 
1703403160.128 4.018 6.215 
1703403160.227 3.936 6.269 
1703403160.328 3.867 6.305 
1703403160.427 3.810 6.331 
1703403160.527 3.768 6.351 
1703403160.627 3.719 6.380 
1703403160.727 3.663 6.420 
1703403160.828 3.612 6.459 
1703403160.927 3.534 6.489 
1703403161.028 3.445 6.513 
1703403161.128 3.350 6.541 
1703403161.227 3.272 6.572 
1703403161.328 3.206 6.607 
1703403161.427 3.124 6.633 
1703403161.530 3.042 6.655 
1703403161.629 2.977 6.665 
1703403161.729 2.920 6.653 
1703403161.829 2.861 6.633 
1703403161.928 2.776 6.602 
1703403162.029 2.692 6.563 
1703403162.128 2.637 6.556 
1703403162.228 2.627 6.594 
1703403162.328 2.624 6.637 
1703403162.428 2.607 6.602 
1703403162.529 2.584 6.469 
1703403162.629 2.556 6.373 
1703403162.729 2.540 6.260 
1703403162.829 2.533 6.137 
1703403162.930 2.544 6.046 
1703403163.030 2.578 6.003 
1703403163.130 2.579 5.933 
1703403163.230 2.505 5.827 
1703403163.330 2.429 5.750 
1703403163.430 2.357 5.691 
1703403163.530 2.321 5.631 
1703403163.630 2.268 5.558 
1703403163.730 2.170 5.478 
1703403163.830 2.102 5.403 
1703403163.930 2.059 5.362 
1703403164.030 2.001 5.291 
1703403164.133 1.925 5.211 
1703403164.231 1.864 5.159 
1703403164.331 1.804 5.099 
1703403164.431 1.748 5.042 
1703403164.531 1.693 4.979 
1703403164.631 1.641 4.920 
1703403164.732 1.591 4.869 
1703403164.831 1.546 4.817 
1703403164.932 1.500 4.759 
1703403165.032 1.439 4.688 
1703403165.132 1.389 4.615 
1703403165.233 1.367 4.562 
1703403165.333 1.350 4.496 
1703403165.433 1.343 4.420 
1703403165.533 1.341 4.334 
1703403165.633 1.334 4.251 
1703403165.733 1.325 4.177 
1703403165.833 1.295 4.073 
1703403165.933 1.282 3.962 
1703403166.033 1.277 3.868 
1703403166.133 1.262 3.769 
1703403166.234 1.235 3.669 
1703403166.334 1.217 3.577 
1703403166.434 1.194 3.485 
1703403166.534 1.138 3.387 
1703403166.634 1.080 3.299 
1703403166.734 1.036 3.218 
1703403166.834 0.988 3.142 
1703403166.934 0.944 3.073 
1703403167.034 0.877 3.024 
1703403167.135 0.795 2.988 
1703403167.235 0.727 2.963 
1703403167.336 0.661 2.940 
1703403167.435 0.604 2.914 
1703403167.535 0.527 2.865 
1703403167.635 0.464 2.804 
1703403167.735 0.453 2.845 
1703403167.835 0.450 2.912 
1703403167.935 0.451 2.914 
1703403168.036 0.489 2.813 
1703403168.136 0.542 2.711 
1703403168.235 0.550 2.657 
1703403168.336 0.551 2.658 
1703403168.437 0.560 2.669 
1703403168.536 0.579 2.626 
1703403168.637 0.624 2.528 
1703403168.738 0.673 2.405 
1703403168.838 0.710 2.290 
1703403168.939 0.751 2.187 
1703403169.038 0.776 2.110 
1703403169.139 0.807 2.049 
1703403169.238 0.844 1.986 
1703403169.339 0.887 1.915 
1703403169.439 0.924 1.834 
1703403169.539 0.933 1.729 
1703403169.640 0.939 1.631 
1703403169.739 0.944 1.560 
1703403169.839 0.957 1.494 
1703403169.940 0.975 1.431 
1703403170.040 0.985 1.340 
1703403170.140 0.996 1.246 
1703403170.240 1.007 1.150 
1703403170.340 1.017 1.054 
1703403170.440 1.026 0.958 
1703403170.540 1.035 0.862 
1703403170.640 1.045 0.766 
1703403170.741 1.055 0.670 
1703403170.841 1.064 0.579 
1703403170.941 1.073 0.482 
1703403171.041 1.086 0.382 
1703403171.141 1.099 0.289 
1703403171.242 1.112 0.197 
1703403171.341 1.123 0.107 
1703403171.441 1.137 0.016 
1703403171.542 1.152 -0.075 
1703403171.642 1.169 -0.160 
1703403171.742 1.186 -0.250 
1703403171.842 1.204 -0.332 
1703403171.942 1.229 -0.403 
1703403172.042 1.252 -0.474 
1703403172.142 1.281 -0.541 
1703403172.242 1.317 -0.625 
1703403172.345 1.371 -0.711 
1703403172.442 1.403 -0.764 
1703403172.542 1.407 -0.790 
1703403172.643 1.405 -0.789 
1703403172.743 1.408 -0.798 
1703403172.843 1.456 -0.778 
1703403172.943 1.476 -0.783 
1703403173.043 1.497 -0.772 
1703403173.143 1.524 -0.762 
1703403173.243 1.567 -0.742 
1703403173.344 1.627 -0.683 
1703403173.445 1.688 -0.629 
1703403173.544 1.755 -0.599 
1703403173.644 1.807 -0.553 
1703403173.744 1.843 -0.477 
1703403173.845 1.881 -0.390 
1703403173.943 1.922 -0.312 
1703403174.044 1.959 -0.228 
1703403174.145 2.001 -0.144 
1703403174.245 2.046 -0.059 
1703403174.344 2.090 0.027 
1703403174.445 2.141 0.108 
1703403174.545 2.200 0.180 
1703403174.644 2.266 0.241 
1703403174.745 2.334 0.298 
1703403174.845 2.400 0.345 
1703403174.945 2.466 0.369 
1703403175.047 2.544 0.383 
1703403175.146 2.645 0.385 
1703403175.246 2.727 0.396 
1703403175.346 2.781 0.429 
1703403175.446 2.841 0.459 
1703403175.546 2.913 0.467 
1703403175.646 2.995 0.449 
1703403175.746 3.076 0.414 
1703403175.846 3.161 0.368 
1703403175.946 3.240 0.315 
1703403176.047 3.323 0.258 
1703403176.146 3.414 0.200 
1703403176.248 3.512 0.143 
1703403176.348 3.608 0.085 
1703403176.448 3.701 0.029 
1703403176.548 3.811 -0.015 
1703403176.648 3.917 -0.050 
1703403176.748 4.012 -0.082 
1703403176.848 4.119 -0.108 
1703403176.949 4.229 -0.133 
1703403177.049 4.345 -0.166 
1703403177.148 4.462 -0.198 
1703403177.248 4.576 -0.227 
1703403177.350 4.688 -0.259 
1703403177.449 4.800 -0.292 
1703403177.549 4.918 -0.323 
1703403177.649 5.033 -0.353 
1703403177.749 5.133 -0.401 
1703403177.850 5.234 -0.468 
1703403177.950 5.335 -0.534 
1703403178.050 5.433 -0.606 
1703403178.150 5.521 -0.663 
1703403178.250 5.606 -0.697 
1703403178.350 5.683 -0.748 
1703403178.450 5.742 -0.819 
1703403178.550 5.801 -0.880 
1703403178.651 5.856 -0.963 
1703403178.751 5.901 -1.055 
1703403178.851 5.937 -1.142 
1703403178.950 5.974 -1.224 
1703403179.050 6.008 -1.295 
1703403179.151 6.040 -1.365 
1703403179.251 6.058 -1.439 
1703403179.351 6.044 -1.509 
1703403179.451 6.020 -1.590 
1703403179.552 5.988 -1.681 
1703403179.652 5.976 -1.758 
1703403179.752 5.968 -1.825 
1703403179.852 5.953 -1.867 
1703403179.952 5.926 -1.909 
1703403185.168 5.628 -1.893 
1703403185.269 5.653 -1.876 
1703403185.369 5.680 -1.830 
1703403185.469 5.753 -1.764 
1703403185.571 5.871 -1.681 
1703403185.675 5.976 -1.600 
1703403185.770 6.062 -1.539 
1703403185.870 6.157 -1.469 
1703403185.970 6.261 -1.403 
1703403186.070 6.341 -1.346 
1703403186.171 6.389 -1.300 
1703403186.271 6.434 -1.254 
1703403186.370 6.489 -1.190 
1703403186.470 6.555 -1.106 
1703403186.570 6.617 -1.028 
1703403186.671 6.656 -0.982 
1703403186.774 6.691 -0.938 
1703403186.871 6.732 -0.884 
1703403186.970 6.774 -0.811 
1703403187.071 6.812 -0.736 
1703403187.171 6.844 -0.668 
1703403187.271 6.871 -0.602 
1703403187.371 6.897 -0.539 
1703403187.472 6.932 -0.479 
1703403187.572 6.957 -0.413 
1703403187.671 6.975 -0.348 
1703403187.772 6.997 -0.280 
1703403187.872 7.019 -0.218 
1703403187.972 7.042 -0.158 
1703403188.072 7.064 -0.086 
1703403188.172 7.083 0.002 
1703403188.272 7.101 0.076 
1703403188.373 7.119 0.147 
1703403188.473 7.134 0.214 
1703403188.573 7.156 0.280 
1703403188.674 7.177 0.355 
1703403188.773 7.187 0.443 
1703403188.878 7.199 0.524 
1703403188.975 7.211 0.592 
1703403189.074 7.225 0.646 
1703403189.173 7.235 0.707 
1703403189.274 7.239 0.787 
1703403189.374 7.233 0.885 
1703403189.479 7.238 0.972 
1703403189.577 7.241 1.042 
1703403189.675 7.240 1.115 
1703403189.775 7.232 1.201 
1703403193.185 7.166 1.068 
1703403193.186 7.166 1.068 
1703403193.283 7.214 1.010 
1703403193.385 7.319 0.940 
1703403193.485 7.396 0.863 
1703403193.584 7.474 0.812 
1703403193.685 7.550 0.792 
1703403193.784 7.620 0.782 
1703403193.885 7.688 0.752 
1703403193.985 7.782 0.689 
1703403194.087 7.882 0.615 
1703403194.187 7.977 0.555 
1703403194.287 8.068 0.503 
1703403194.388 8.162 0.452 
1703403194.488 8.270 0.404 
1703403194.587 8.370 0.349 
1703403194.688 8.457 0.271 
1703403194.790 8.516 0.163 
1703403194.890 8.559 0.073 
1703403194.992 8.570 -0.008 
1703403195.093 8.618 0.030 
1703403195.192 8.676 0.074 
1703403195.294 8.710 0.087 
1703403195.394 8.680 0.060 
1703403195.494 8.632 -0.014 
1703403195.595 8.565 -0.111 
1703403195.695 8.495 -0.221 
1703403195.796 8.465 -0.305 
1703403195.896 8.431 -0.386 
1703403195.995 8.389 -0.480 
1703403196.096 8.355 -0.555 
1703403196.195 8.324 -0.610 
1703403196.297 8.291 -0.678 
1703403196.397 8.246 -0.754 
1703403196.497 8.205 -0.832 
1703403196.597 8.169 -0.914 
1703403196.698 8.131 -1.001 
1703403196.799 8.096 -1.085 
1703403196.898 8.061 -1.170 
1703403196.998 8.026 -1.250 
1703403197.098 8.002 -1.321 
1703403197.199 7.979 -1.386 
1703403197.299 7.931 -1.456 
1703403197.399 7.879 -1.528 
1703403197.498 7.839 -1.592 
1703403197.598 7.807 -1.646 
1703403197.699 7.772 -1.703 
1703403197.799 7.727 -1.773 
1703403197.899 7.665 -1.861 
1703403197.999 7.593 -1.960 
1703403198.099 7.543 -2.069 
1703403198.199 7.504 -2.177 
1703403198.299 7.477 -2.285 
1703403198.399 7.455 -2.387 
1703403198.500 7.437 -2.486 
1703403198.599 7.422 -2.584 
1703403198.699 7.407 -2.681 
1703403198.799 7.395 -2.761 
1703403198.899 7.379 -2.826 
1703403198.999 7.355 -2.891 
1703403199.100 7.334 -2.979 
1703403199.200 7.314 -3.071 
1703403199.301 7.292 -3.163 
1703403199.401 7.267 -3.255 
1703403199.501 7.247 -3.363 
1703403199.600 7.229 -3.473 
1703403199.700 7.209 -3.576 
1703403199.800 7.185 -3.679 
1703403199.901 7.169 -3.795 
1703403200.000 7.155 -3.906 
1703403200.101 7.138 -4.011 
1703403200.201 7.122 -4.121 
1703403200.302 7.108 -4.227 
1703403200.401 7.094 -4.329 
1703403200.501 7.082 -4.427 
1703403200.605 7.070 -4.524 
1703403200.701 7.061 -4.604 
1703403200.801 7.051 -4.681 
1703403200.902 7.039 -4.785 
1703403201.003 7.026 -4.872 
1703403201.102 7.020 -4.941 
1703403203.106 7.003 -4.887 
1703403203.206 7.013 -4.900 
1703403205.711 6.880 -4.607 
1703403205.811 6.885 -4.669 
1703403205.911 6.910 -4.805 
1703403206.011 6.906 -4.919 
1703403211.022 6.835 -4.535 
1703403211.023 6.835 -4.535 
1703403211.124 6.796 -4.630 
1703403211.224 6.760 -4.756 
1703403211.324 6.714 -4.893 
1703403211.424 6.669 -5.010 
1703403211.524 6.616 -5.119 
1703403211.624 6.566 -5.225 
1703403211.725 6.514 -5.331 
1703403211.825 6.462 -5.436 
1703403211.925 6.406 -5.543 
1703403212.024 6.351 -5.648 
1703403212.124 6.298 -5.749 
1703403212.224 6.246 -5.845 
1703403212.326 6.180 -5.946 
1703403212.425 6.117 -6.045 
1703403212.526 6.055 -6.139 
1703403212.625 5.989 -6.220 
1703403212.725 5.921 -6.312 
1703403212.825 5.866 -6.396 
1703403212.925 5.829 -6.486 
1703403213.026 5.836 -6.603 
1703403213.125 5.871 -6.710 
1703403213.226 5.911 -6.821 
1703403213.326 5.952 -6.913 
1703403213.426 6.002 -6.982 
1703403213.527 6.112 -7.019 
1703403213.627 6.234 -7.040 
1703403213.726 6.369 -7.054 
1703403213.827 6.499 -7.074 
1703403213.926 6.611 -7.092 
1703403214.027 6.703 -7.109 
1703403214.127 6.790 -7.123 
1703403214.227 6.872 -7.140 
1703403214.327 6.928 -7.143 
1703403214.426 6.964 -7.154 
1703403214.529 7.037 -7.177 
1703403214.628 7.101 -7.180 
1703403214.728 7.125 -7.172 
1703403214.828 7.134 -7.169 
1703403214.928 7.175 -7.159 
1703403215.027 7.271 -7.188 
1703403215.128 7.372 -7.218 
1703403215.228 7.437 -7.240 
1703403215.328 7.502 -7.250 
1703403215.429 7.588 -7.251 
1703403215.528 7.689 -7.260 
1703403215.628 7.762 -7.257 
1703403215.728 7.762 -7.289 
1703403215.833 7.748 -7.258 
1703403215.928 7.724 -7.212 
1703403216.028 7.720 -7.155 
1703403216.129 7.755 -7.083 
1703403216.229 7.778 -7.042 
1703403216.329 7.806 -7.007 
1703403216.429 7.845 -6.929 
1703403216.529 7.914 -6.830 
1703403216.630 7.953 -6.737 
1703403216.729 7.982 -6.673 
1703403216.831 8.009 -6.639 
1703403216.930 8.046 -6.564 
1703403217.029 8.084 -6.461 
1703403217.130 8.151 -6.349 
1703403217.230 8.205 -6.244 
1703403217.330 8.263 -6.180 
1703403217.430 8.335 -6.081 
1703403217.530 8.405 -5.987 
1703403217.631 8.483 -5.900 
1703403217.731 8.555 -5.807 
1703403217.831 8.625 -5.715 
1703403217.931 8.695 -5.631 
1703403218.031 8.760 -5.543 
1703403218.132 8.822 -5.440 
1703403218.231 8.871 -5.338 
1703403218.332 8.925 -5.240 
1703403218.431 8.982 -5.144 
1703403218.532 9.028 -5.014 
1703403218.631 9.055 -4.887 
1703403218.732 9.081 -4.815 
1703403218.832 9.100 -4.783 
1703403218.932 9.087 -4.736 
1703403219.033 9.062 -4.692 
1703403219.133 9.046 -4.671 
1703403219.232 9.031 -4.655 
1703403219.333 9.042 -4.656 
1703403219.432 9.120 -4.710 
1703403219.532 9.180 -4.774 
1703403219.633 9.126 -4.757 
1703403219.733 8.990 -4.733 
1703403219.833 8.834 -4.699 
1703403219.933 8.698 -4.702 
1703403220.034 8.569 -4.699 
1703403220.133 8.468 -4.680 
1703403220.233 8.371 -4.617 
1703403220.334 8.280 -4.519 
1703403220.435 8.192 -4.384 
1703403220.535 8.140 -4.272 
1703403220.634 8.089 -4.169 
1703403225.141 7.737 -3.697 
1703403225.142 7.737 -3.696 
1703403225.243 7.704 -3.717 
1703403225.342 7.658 -3.770 
1703403225.446 7.576 -3.857 
1703403225.542 7.502 -3.937 
1703403225.643 7.479 -3.998 
1703403225.743 7.431 -4.075 
1703403225.846 7.361 -4.169 
1703403225.944 7.300 -4.267 
1703403226.043 7.240 -4.370 
1703403226.144 7.181 -4.475 
1703403226.243 7.123 -4.578 
1703403226.345 7.064 -4.684 
1703403226.444 7.001 -4.786 
1703403226.544 6.937 -4.888 
1703403226.645 6.874 -4.987 
1703403226.744 6.814 -5.085 
1703403226.844 6.748 -5.185 
1703403226.945 6.681 -5.282 
1703403227.045 6.614 -5.380 
1703403227.146 6.549 -5.478 
1703403227.243 6.485 -5.573 
1703403227.344 6.415 -5.673 
1703403227.444 6.346 -5.769 
1703403227.544 6.274 -5.857 
1703403227.643 6.193 -5.942 
1703403227.744 6.111 -6.031 
1703403227.845 6.033 -6.116 
1703403227.944 5.952 -6.195 
1703403228.045 5.863 -6.271 
1703403228.145 5.772 -6.348 
1703403228.245 5.681 -6.425 
1703403228.345 5.590 -6.496 
1703403228.447 5.495 -6.564 
1703403228.546 5.393 -6.628 
1703403228.656 5.296 -6.691 
1703403228.751 5.200 -6.754 
1703403228.849 5.103 -6.818 
1703403228.947 5.005 -6.880 
1703403229.047 4.906 -6.943 
1703403229.148 4.801 -7.006 
1703403229.248 4.701 -7.062 
1703403229.347 4.611 -7.125 
1703403229.447 4.519 -7.191 
1703403229.549 4.429 -7.299 
1703403230.756 4.531 -7.352 
1703403230.854 4.591 -7.408 
1703403230.954 4.683 -7.489 
1703403231.052 4.773 -7.595 
1703403231.153 4.846 -7.731 
1703403231.254 4.917 -7.844 
1703403231.353 4.973 -7.944 
1703403231.453 5.013 -8.035 
1703403231.553 5.040 -8.107 
1703403231.654 5.045 -8.135 
1703403231.754 5.005 -8.088 
1703403231.854 4.956 -8.009 
1703403231.956 4.965 -7.959 
1703403232.056 5.008 -7.927 
1703403232.156 5.047 -7.882 
1703403232.257 5.090 -7.842 
1703403232.356 5.174 -7.834 
1703403232.456 5.283 -7.845 
1703403232.556 5.362 -7.848 
1703403232.656 5.393 -7.837 
1703403232.756 5.405 -7.801 
1703403232.857 5.445 -7.782 
1703403232.956 5.515 -7.813 
1703403233.058 5.625 -7.871 
1703403233.157 5.733 -7.913 
1703403233.257 5.788 -7.942 
1703403233.357 5.748 -7.946 
1703403238.069 5.852 -7.533 
1703403238.167 5.866 -7.533 
1703403238.267 5.945 -7.571 
1703403238.368 6.065 -7.627 
1703403238.468 6.172 -7.703 
1703403238.568 6.272 -7.743 
1703403238.668 6.376 -7.808 
1703403240.475 6.612 -7.775 
1703403240.476 6.612 -7.774 
1703403240.579 6.549 -7.768 
1703403240.677 6.411 -7.775 
1703403240.776 6.300 -7.772 
1703403240.876 6.186 -7.751 
1703403240.976 6.070 -7.726 
1703403241.077 5.953 -7.702 
1703403241.177 5.836 -7.678 
1703403241.276 5.719 -7.657 
1703403241.377 5.601 -7.633 
1703403241.476 5.485 -7.610 
1703403241.576 5.368 -7.582 
1703403241.676 5.252 -7.557 
1703403241.777 5.134 -7.533 
1703403241.877 5.017 -7.509 
1703403241.977 4.903 -7.480 
1703403242.077 4.789 -7.449 
1703403242.177 4.678 -7.417 
1703403242.278 4.566 -7.384 
1703403242.380 4.455 -7.352 
1703403242.481 4.345 -7.312 
1703403242.580 4.234 -7.277 
1703403242.680 4.121 -7.244 
1703403242.790 4.006 -7.211 
1703403242.888 3.893 -7.174 
1703403242.984 3.781 -7.139 
1703403243.082 3.665 -7.107 
1703403243.181 3.551 -7.080 
1703403243.282 3.442 -7.059 
1703403243.382 3.327 -7.038 
1703403243.482 3.216 -7.028 
1703403243.582 3.100 -7.035 
1703403243.682 2.988 -7.051 
1703403243.783 2.870 -7.063 
1703403243.883 2.753 -7.082 
1703403243.982 2.638 -7.103 
1703403244.083 2.521 -7.125 
1703403244.183 2.404 -7.146 
1703403244.284 2.285 -7.167 
1703403244.384 2.169 -7.191 
1703403244.485 2.051 -7.220 
1703403244.585 1.935 -7.249 
1703403244.685 1.822 -7.273 
1703403244.786 1.726 -7.297 
1703403244.886 1.663 -7.305 
1703403244.986 1.602 -7.314 
1703403245.085 1.529 -7.338 
1703403245.187 1.445 -7.391 
1703403245.288 1.356 -7.468 
1703403245.387 1.259 -7.535 
1703403245.488 1.167 -7.615 
1703403245.588 1.090 -7.671 
1703403245.688 1.024 -7.733 
1703403245.791 0.969 -7.801 
1703403245.888 0.922 -7.884 
1703403245.989 0.875 -7.986 
1703403246.089 0.841 -8.084 
1703403246.189 0.812 -8.170 
1703403246.288 0.785 -8.255 
1703403246.389 0.762 -8.343 
1703403246.489 0.743 -8.425 
1703403246.589 0.722 -8.495 
1703403246.689 0.701 -8.556 
1703403246.789 0.686 -8.617 
1703403246.890 0.707 -8.725 
1703403246.989 0.738 -8.838 
1703403247.089 0.738 -8.900 
1703403247.190 0.723 -8.934 
1703403248.094 0.761 -8.879 
1703403248.195 0.840 -8.859 
1703403248.294 0.925 -8.840 
1703403248.395 0.996 -8.826 
1703403248.494 1.062 -8.819 
1703403248.595 1.122 -8.818 
1703403248.695 1.190 -8.821 
1703403248.795 1.235 -8.801 
1703403248.895 1.232 -8.803 
1703403248.995 1.253 -8.768 
1703403249.096 1.339 -8.662 
1703403249.195 1.414 -8.560 
1703403249.296 1.488 -8.479 
1703403249.397 1.558 -8.385 
1703403249.497 1.587 -8.345 
1703403249.596 1.575 -8.302 
1703403249.696 1.579 -8.222 
1703403249.796 1.607 -8.140 
1703403249.897 1.650 -8.029 
1703403249.997 1.703 -7.905 
1703403250.096 1.756 -7.783 
1703403250.197 1.770 -7.686 
1703403250.297 1.804 -7.598 
1703403250.397 1.876 -7.514 
1703403250.500 1.958 -7.439 
1703403250.599 2.029 -7.355 
1703403250.699 2.093 -7.282 
1703403250.800 2.155 -7.213 
1703403250.900 2.220 -7.150 
1703403251.000 2.306 -7.107 
1703403251.100 2.407 -7.071 
1703403251.201 2.490 -7.027 
1703403251.300 2.585 -6.997 
1703403256.418 3.305 -6.676 
1703403256.419 3.305 -6.676 
1703403256.519 3.227 -6.613 
1703403256.619 3.122 -6.539 
1703403256.720 2.996 -6.455 
1703403256.821 2.887 -6.356 
1703403256.920 2.798 -6.255 
1703403257.020 2.723 -6.160 
1703403257.121 2.645 -6.066 
1703403257.221 2.567 -5.978 
1703403257.320 2.488 -5.889 
1703403257.420 2.408 -5.797 
1703403257.521 2.333 -5.708 
1703403257.621 2.255 -5.619 
1703403257.720 2.178 -5.530 
1703403257.821 2.101 -5.438 
1703403257.921 2.028 -5.347 
1703403258.022 1.960 -5.264 
1703403258.121 1.901 -5.198 
1703403258.222 1.852 -5.135 
1703403258.321 1.810 -5.074 
1703403258.422 1.767 -5.010 
1703403258.522 1.721 -4.942 
1703403258.622 1.674 -4.880 
1703403258.725 1.629 -4.820 
1703403258.825 1.584 -4.760 
1703403258.924 1.538 -4.697 
1703403259.026 1.489 -4.632 
1703403259.126 1.444 -4.570 
1703403259.226 1.400 -4.508 
1703403259.326 1.358 -4.446 
1703403259.426 1.316 -4.383 
1703403259.527 1.273 -4.323 
1703403259.626 1.229 -4.261 
1703403259.727 1.186 -4.198 
1703403259.827 1.144 -4.137 
1703403259.927 1.093 -4.057 
1703403260.027 1.026 -3.961 
1703403260.127 0.961 -3.866 
1703403260.228 0.902 -3.788 
1703403260.327 0.847 -3.717 
1703403260.428 0.794 -3.636 
1703403260.527 0.740 -3.556 
1703403260.627 0.688 -3.476 
1703403260.727 0.635 -3.396 
1703403260.828 0.582 -3.317 
1703403260.927 0.532 -3.242 
1703403261.028 0.482 -3.164 
1703403261.128 0.432 -3.087 
1703403261.229 0.382 -3.002 
1703403261.329 0.335 -2.926 
1703403261.428 0.288 -2.850 
1703403261.528 0.238 -2.768 
1703403261.628 0.189 -2.695 
1703403261.728 0.139 -2.613 
1703403261.829 0.089 -2.532 
1703403264.540 0.235 -2.244 
1703403264.541 0.235 -2.244 
1703403264.642 0.199 -2.252 
1703403264.741 0.106 -2.310 
1703403264.842 -0.002 -2.388 
1703403264.942 -0.089 -2.433 
1703403265.041 -0.160 -2.473 
1703403265.142 -0.266 -2.515 
1703403265.243 -0.388 -2.550 
1703403265.342 -0.497 -2.592 
1703403265.443 -0.610 -2.634 
1703403265.543 -0.720 -2.654 
1703403265.643 -0.830 -2.669 
1703403265.743 -0.951 -2.689 
1703403265.843 -1.074 -2.709 
1703403265.944 -1.194 -2.724 
1703403266.043 -1.314 -2.735 
1703403266.144 -1.437 -2.729 
1703403266.245 -1.560 -2.716 
1703403266.344 -1.685 -2.707 
1703403266.444 -1.805 -2.701 
1703403266.544 -1.924 -2.692 
1703403266.644 -2.043 -2.674 
1703403266.745 -2.159 -2.657 
1703403266.845 -2.274 -2.646 
1703403266.945 -2.391 -2.632 
1703403267.045 -2.510 -2.615 
1703403267.145 -2.630 -2.595 
1703403267.246 -2.752 -2.561 
1703403267.345 -2.847 -2.538 
1703403267.446 -2.926 -2.521 
1703403267.547 -2.987 -2.495 
1703403267.647 -3.031 -2.469 
1703403267.750 -3.078 -2.442 
1703403267.847 -3.124 -2.400 
1703403267.947 -3.167 -2.313 
1703403268.047 -3.215 -2.232 
1703403268.147 -3.259 -2.181 
1703403268.248 -3.307 -2.122 
1703403268.347 -3.369 -2.042 
1703403268.447 -3.432 -1.960 
1703403268.548 -3.492 -1.882 
1703403268.648 -3.547 -1.812 
1703403268.748 -3.601 -1.750 
1703403268.849 -3.650 -1.691 
1703403270.157 -3.875 -1.702 
1703403270.158 -3.876 -1.702 
1703403270.259 -3.916 -1.718 
1703403270.359 -4.007 -1.715 
1703403270.459 -4.133 -1.700 
1703403270.559 -4.261 -1.680 
1703403270.660 -4.376 -1.678 
1703403270.760 -4.495 -1.685 
1703403270.860 -4.619 -1.687 
1703403270.961 -4.740 -1.685 
1703403271.060 -4.861 -1.687 
1703403271.159 -4.980 -1.689 
1703403271.261 -5.103 -1.693 
1703403271.360 -5.223 -1.692 
1703403271.460 -5.344 -1.695 
1703403271.560 -5.462 -1.698 
1703403271.661 -5.582 -1.697 
1703403271.761 -5.694 -1.693 
1703403271.863 -5.800 -1.688 
1703403271.961 -5.888 -1.686 
1703403272.061 -5.972 -1.682 
1703403272.161 -6.062 -1.686 
1703403272.266 -6.166 -1.691 
1703403272.362 -6.249 -1.695 
1703403272.461 -6.335 -1.699 
1703403272.562 -6.412 -1.705 
1703403272.672 -6.490 -1.705 
1703403272.771 -6.566 -1.704 
1703403272.871 -6.671 -1.706 
1703403272.972 -6.782 -1.714 
1703403273.072 -6.874 -1.709 
1703403273.174 -6.940 -1.700 
1703403273.275 -6.993 -1.692 
1703403273.374 -7.070 -1.691 
1703403273.477 -7.191 -1.713 
1703403273.575 -7.270 -1.720 
1703403275.479 -7.255 -1.792 
1703403275.580 -7.233 -1.750 
1703403275.680 -7.199 -1.638 
1703403275.781 -7.179 -1.578 
1703403275.881 -7.203 -1.586 
1703403275.981 -7.243 -1.703 
1703403276.081 -7.269 -1.858 
1703403276.181 -7.328 -1.965 
1703403276.281 -7.378 -2.059 
1703403276.381 -7.381 -2.163 
1703403276.482 -7.379 -2.301 
1703403276.581 -7.396 -2.383 
1703403276.682 -7.390 -2.489 
1703403276.782 -7.366 -2.590 
1703403276.881 -7.346 -2.683 
1703403276.981 -7.328 -2.781 
1703403277.082 -7.305 -2.874 
1703403277.182 -7.282 -2.970 
1703403277.282 -7.256 -3.059 
1703403277.382 -7.225 -3.145 
1703403277.482 -7.192 -3.239 
1703403277.583 -7.164 -3.335 
1703403277.682 -7.133 -3.424 
1703403277.783 -7.076 -3.526 
1703403277.883 -7.016 -3.630 
1703403277.982 -6.989 -3.714 
1703403278.083 -6.915 -3.775 
1703403278.183 -6.784 -3.806 
1703403278.283 -6.628 -3.816 
1703403278.384 -6.512 -3.789 
1703403278.484 -6.462 -3.770 
1703403278.586 -6.413 -3.774 
1703403278.686 -6.292 -3.761 
1703403278.786 -6.165 -3.761 
1703403278.886 -6.046 -3.764 
1703403278.987 -5.936 -3.777 
1703403279.087 -5.821 -3.802 
1703403279.186 -5.705 -3.831 
1703403279.287 -5.589 -3.864 
1703403279.387 -5.486 -3.906 
1703403279.486 -5.381 -3.948 
1703403279.586 -5.273 -4.012 
1703403279.686 -5.176 -4.087 
1703403279.787 -5.076 -4.156 
1703403279.887 -4.973 -4.226 
1703403279.987 -4.879 -4.319 
1703403280.087 -4.789 -4.405 
1703403280.187 -4.702 -4.492 
1703403280.287 -4.624 -4.579 
1703403280.387 -4.563 -4.675 
1703403280.487 -4.524 -4.759 
1703403280.588 -4.505 -4.869 
1703403280.688 -4.481 -4.988 
1703403280.787 -4.458 -5.090 
1703403280.888 -4.437 -5.199 
1703403280.988 -4.432 -5.311 
1703403281.089 -4.433 -5.420 
1703403281.188 -4.436 -5.526 
1703403281.288 -4.441 -5.632 
1703403281.389 -4.443 -5.744 
1703403281.489 -4.434 -5.868 
1703403281.589 -4.423 -5.991 
1703403281.689 -4.410 -6.104 
1703403281.792 -4.409 -6.192 
1703403281.897 -4.370 -6.285 
1703403281.992 -4.304 -6.383 
1703403282.091 -4.242 -6.473 
1703403282.191 -4.152 -6.545 
1703403282.292 -4.069 -6.592 
1703403282.391 -3.994 -6.622 
1703403282.491 -3.907 -6.630 
1703403282.591 -3.808 -6.609 
1703403282.692 -3.734 -6.589 
1703403282.791 -3.662 -6.572 
1703403282.892 -3.565 -6.559 
1703403282.992 -3.449 -6.545 
1703403283.092 -3.375 -6.556 
1703403283.192 -3.304 -6.563 
1703403283.293 -3.205 -6.514 
1703403283.393 -3.099 -6.446 
1703403283.492 -3.002 -6.389 
1703403283.592 -2.902 -6.315 
1703403283.693 -2.804 -6.239 
1703403283.793 -2.713 -6.164 
1703403283.894 -2.626 -6.091 
1703403283.993 -2.577 -6.042 
1703403284.094 -2.537 -6.023 
1703403289.507 -2.147 -5.558 
1703403289.508 -2.147 -5.558 
1703403289.608 -2.190 -5.654 
1703403289.708 -2.241 -5.736 
1703403289.808 -2.299 -5.795 
1703403289.911 -2.390 -5.858 
1703403290.012 -2.499 -5.935 
1703403290.111 -2.593 -6.003 
1703403290.211 -2.678 -6.083 
1703403290.311 -2.759 -6.164 
1703403290.412 -2.857 -6.248 
1703403290.512 -2.947 -6.326 
1703403290.612 -3.033 -6.404 
1703403290.713 -3.120 -6.483 
1703403290.812 -3.207 -6.566 
1703403290.912 -3.292 -6.647 
1703403291.012 -3.378 -6.722 
1703403291.112 -3.468 -6.801 
1703403291.213 -3.559 -6.876 
1703403291.313 -3.645 -6.950 
1703403291.412 -3.735 -7.022 
1703403291.513 -3.832 -7.096 
1703403291.613 -3.928 -7.171 
1703403291.713 -4.022 -7.244 
1703403291.814 -4.117 -7.310 
1703403291.914 -4.218 -7.371 
1703403292.014 -4.318 -7.436 
1703403292.114 -4.416 -7.499 
1703403292.214 -4.511 -7.560 
1703403292.313 -4.620 -7.615 
1703403292.414 -4.727 -7.673 
1703403292.514 -4.831 -7.732 
1703403292.614 -4.936 -7.788 
1703403292.714 -5.042 -7.845 
1703403292.815 -5.148 -7.900 
1703403292.915 -5.257 -7.953 
1703403293.014 -5.367 -8.002 
1703403293.115 -5.480 -8.051 
1703403293.215 -5.589 -8.104 
1703403293.315 -5.697 -8.151 
1703403293.416 -5.808 -8.193 
1703403293.517 -5.919 -8.239 
1703403293.616 -6.032 -8.287 
1703403293.716 -6.145 -8.333 
1703403293.817 -6.256 -8.375 
1703403293.917 -6.361 -8.415 
1703403294.017 -6.478 -8.462 
1703403296.626 -6.807 -8.564 
1703403296.726 -6.845 -8.613 
1703403296.827 -6.947 -8.714 
1703403296.927 -7.016 -8.755 
1703403297.026 -7.052 -8.716 
1703403297.127 -7.076 -8.656 
1703403297.227 -7.078 -8.568 
1703403297.327 -7.079 -8.471 
1703403297.427 -7.053 -8.350 
1703403297.527 -7.015 -8.228 
1703403297.628 -6.944 -8.131 
1703403297.727 -6.852 -8.055 
1703403297.828 -6.754 -7.970 
1703403297.927 -6.662 -7.895 
1703403298.028 -6.567 -7.824 
1703403298.128 -6.473 -7.750 
1703403298.228 -6.379 -7.677 
1703403298.328 -6.291 -7.614 
1703403298.429 -6.216 -7.558 
1703403298.528 -6.141 -7.500 
1703403298.629 -6.059 -7.437 
1703403298.729 -5.973 -7.372 
1703403302.138 -5.814 -7.136 
1703403302.139 -5.814 -7.135 
1703403302.239 -5.868 -7.117 
1703403302.340 -5.961 -7.117 
1703403302.440 -6.094 -7.112 
1703403302.541 -6.224 -7.095 
1703403302.640 -6.343 -7.080 
1703403302.740 -6.465 -7.063 
1703403302.840 -6.583 -7.040 
1703403302.941 -6.699 -7.016 
1703403303.041 -6.816 -6.991 
1703403303.141 -6.931 -6.967 
1703403303.241 -7.048 -6.943 
1703403303.341 -7.164 -6.920 
1703403303.442 -7.281 -6.895 
1703403303.541 -7.397 -6.871 
1703403303.642 -7.516 -6.847 
1703403303.741 -7.630 -6.823 
1703403303.841 -7.746 -6.800 
1703403303.941 -7.861 -6.778 
1703403304.041 -7.975 -6.764 
1703403304.141 -8.094 -6.753 
1703403304.243 -8.212 -6.742 
1703403304.342 -8.328 -6.732 
1703403304.442 -8.439 -6.717 
1703403304.542 -8.568 -6.711 
1703403304.642 -8.706 -6.720 
1703403304.743 -8.833 -6.730 
1703403310.355 -8.704 -6.568 
1703403310.356 -8.705 -6.568 
1703403310.457 -8.688 -6.555 
1703403310.556 -8.583 -6.549 
1703403310.656 -8.471 -6.534 
1703403310.757 -8.370 -6.514 
1703403310.857 -8.227 -6.516 
1703403310.957 -8.084 -6.519 
1703403311.058 -7.986 -6.524 
1703403311.158 -7.901 -6.533 
1703403311.258 -7.810 -6.532 
1703403311.360 -7.702 -6.537 
1703403311.462 -7.596 -6.538 
1703403311.558 -7.501 -6.537 
1703403311.658 -7.402 -6.536 
1703403311.758 -7.304 -6.535 
1703403311.858 -7.202 -6.534 
1703403311.959 -7.101 -6.532 
1703403312.058 -7.003 -6.531 
1703403312.158 -6.903 -6.530 
1703403312.262 -6.800 -6.528 
1703403312.359 -6.705 -6.527 
1703403312.459 -6.603 -6.527 
1703403312.559 -6.504 -6.527 
1703403312.660 -6.404 -6.526 
1703403312.760 -6.301 -6.525 
1703403312.860 -6.199 -6.526 
1703403312.959 -6.102 -6.525 
1703403313.059 -6.001 -6.524 
1703403313.160 -5.897 -6.521 
1703403313.260 -5.795 -6.515 
1703403313.360 -5.698 -6.513 
1703403313.459 -5.602 -6.513 
1703403313.560 -5.504 -6.516 
1703403313.660 -5.399 -6.518 
1703403313.761 -5.284 -6.518 
1703403313.860 -5.177 -6.511 
1703403313.961 -5.077 -6.497 
1703403314.061 -4.983 -6.483 
1703403314.161 -4.884 -6.473 
1703403314.262 -4.757 -6.452 
1703403314.361 -4.610 -6.388 
1703403314.461 -4.469 -6.312 
1703403314.561 -4.333 -6.237 
1703403314.661 -4.197 -6.148 
1703403314.762 -4.059 -6.044 
1703403315.166 -3.768 -5.938 
1703403315.280 -3.788 -5.820 
1703403315.377 -3.795 -5.695 
1703403315.471 -3.801 -5.586 
1703403315.569 -3.830 -5.470 
1703403315.669 -3.865 -5.373 
1703403315.768 -3.892 -5.284 
1703403315.868 -3.912 -5.184 
1703403315.968 -3.930 -5.082 
1703403316.068 -3.947 -4.971 
1703403316.168 -3.980 -4.860 
1703403316.268 -4.027 -4.740 
1703403316.368 -4.095 -4.630 
1703403316.469 -4.170 -4.576 
1703403316.568 -4.234 -4.534 
1703403316.669 -4.300 -4.482 
1703403316.768 -4.384 -4.410 
1703403316.869 -4.483 -4.325 
1703403316.968 -4.581 -4.246 
1703403317.069 -4.677 -4.177 
1703403317.169 -4.773 -4.107 
1703403317.269 -4.877 -4.034 
1703403317.369 -4.981 -3.964 
1703403317.470 -5.086 -3.892 
1703403317.570 -5.182 -3.819 
1703403317.671 -5.287 -3.735 
1703403317.772 -5.399 -3.645 
1703403317.871 -5.524 -3.566 
1703403317.972 -5.621 -3.487 
1703403318.071 -5.726 -3.432 
1703403318.172 -5.854 -3.396 
1703403318.272 -5.995 -3.391 
1703403318.372 -6.155 -3.425 
1703403318.472 -6.253 -3.487 
1703403318.573 -6.340 -3.519 
1703403318.672 -6.456 -3.514 
1703403318.772 -6.603 -3.522 
1703403318.872 -6.723 -3.515 
1703403318.973 -6.837 -3.521 
1703403319.072 -6.954 -3.527 
1703403319.172 -7.076 -3.533 
1703403319.273 -7.193 -3.539 
1703403319.373 -7.312 -3.546 
1703403319.473 -7.431 -3.552 
1703403319.573 -7.549 -3.561 
1703403323.785 -7.564 -3.400 
1703403323.786 -7.564 -3.400 
1703403323.886 -7.555 -3.391 
1703403323.986 -7.499 -3.338 
1703403324.086 -7.392 -3.267 
1703403324.187 -7.272 -3.190 
1703403324.286 -7.180 -3.122 
1703403324.386 -7.105 -3.053 
1703403324.487 -7.016 -2.980 
1703403324.587 -6.919 -2.906 
1703403324.689 -6.823 -2.829 
1703403324.789 -6.731 -2.754 
1703403324.888 -6.638 -2.681 
1703403324.987 -6.546 -2.611 
1703403325.086 -6.454 -2.541 
1703403325.187 -6.364 -2.469 
1703403325.287 -6.279 -2.404 
1703403325.386 -6.202 -2.351 
1703403325.487 -6.125 -2.301 
1703403325.589 -6.043 -2.251 
1703403325.687 -5.966 -2.200 
1703403325.788 -5.890 -2.153 
1703403325.887 -5.812 -2.115 
1703403325.987 -5.730 -2.077 
1703403326.088 -5.660 -2.039 
1703403326.188 -5.582 -2.005 
1703403326.288 -5.492 -1.958 
1703403326.388 -5.408 -1.916 
1703403326.488 -5.331 -1.887 
1703403326.588 -5.263 -1.863 
1703403326.688 -5.189 -1.840 
1703403326.788 -5.084 -1.831 
1703403326.889 -4.977 -1.826 
1703403326.988 -4.885 -1.825 
1703403327.088 -4.824 -1.825 
1703403327.189 -4.764 -1.817 
1703403327.288 -4.690 -1.808 
1703403327.391 -4.577 -1.817 
1703403327.493 -4.467 -1.824 
1703403327.592 -4.407 -1.835 
1703403327.692 -4.353 -1.848 
1703403327.792 -4.278 -1.846 
1703403327.893 -4.166 -1.860 
1703403327.992 -4.042 -1.874 
1703403328.092 -3.971 -1.893 
1703403328.193 -3.912 -1.911 
1703403328.292 -3.831 -1.913 
1703403328.393 -3.720 -1.927 
1703403328.493 -3.614 -1.934 
1703403328.593 -3.516 -1.939 
1703403328.693 -3.430 -1.945 
1703403328.792 -3.344 -1.947 
1703403328.894 -3.250 -1.947 
1703403328.998 -3.144 -1.943 
1703403329.096 -3.048 -1.940 
1703403329.195 -2.950 -1.938 
1703403329.295 -2.847 -1.928 
1703403329.397 -2.744 -1.911 
1703403329.496 -2.641 -1.891 
1703403329.597 -2.537 -1.877 
1703403329.697 -2.432 -1.864 
1703403329.797 -2.329 -1.849 
1703403329.897 -2.225 -1.827 
1703403329.996 -2.118 -1.802 
1703403330.097 -2.011 -1.771 
1703403330.197 -1.909 -1.736 
1703403330.297 -1.804 -1.701 
1703403330.397 -1.698 -1.659 
1703403330.497 -1.597 -1.615 
1703403330.598 -1.497 -1.560 
1703403330.697 -1.395 -1.498 
1703403330.797 -1.301 -1.422 
1703403330.897 -1.208 -1.347 
1703403330.997 -1.115 -1.274 
1703403331.098 -1.032 -1.191 
1703403331.197 -0.951 -1.104 
1703403331.298 -0.871 -1.004 
1703403331.398 -0.794 -0.906 
1703403331.500 -0.714 -0.816 
1703403331.601 -0.652 -0.716 
1703403331.700 -0.605 -0.611 
1703403331.798 -0.558 -0.504 
1703403331.900 -0.514 -0.387 
1703403331.999 -0.483 -0.279 
1703403332.099 -0.458 -0.168 
1703403332.200 -0.443 -0.055 
1703403332.299 -0.442 0.070 
1703403332.401 -0.441 0.188 
1703403332.502 -0.441 0.304 
1703403332.601 -0.451 0.416 
1703403332.701 -0.487 0.526 
1703403332.802 -0.533 0.637 
1703403332.902 -0.577 0.741 
1703403333.002 -0.638 0.849 
1703403333.102 -0.705 0.952 
1703403333.202 -0.778 1.051 
1703403333.303 -0.861 1.139 
1703403333.402 -0.949 1.216 
1703403333.503 -1.050 1.280 
1703403333.604 -1.144 1.343 
1703403333.703 -1.231 1.409 
1703403333.803 -1.333 1.471 
1703403333.903 -1.438 1.537 
1703403334.003 -1.534 1.602 
1703403334.104 -1.633 1.661 
1703403334.205 -1.729 1.716 
1703403334.304 -1.834 1.788 
1703403334.405 -1.940 1.862 
1703403334.505 -2.029 1.921 
1703403334.605 -2.121 1.996 
1703403334.705 -2.212 2.077 
1703403334.806 -2.303 2.158 
1703403334.905 -2.392 2.239 
1703403335.007 -2.466 2.301 
1703403335.106 -2.526 2.356 
1703403335.206 -2.579 2.415 
1703403335.306 -2.634 2.473 
1703403335.406 -2.685 2.529 
1703403335.507 -2.738 2.593 
1703403335.606 -2.791 2.652 
1703403335.706 -2.845 2.708 
1703403335.806 -2.892 2.762 
1703403335.907 -2.939 2.823 
1703403336.007 -2.985 2.876 
1703403336.107 -3.053 2.950 
1703403336.207 -3.130 3.044 
1703403336.308 -3.195 3.111 
1703403336.407 -3.248 3.186 
1703403336.508 -3.296 3.267 
1703403336.608 -3.332 3.337 
1703403336.708 -3.378 3.406 
1703403336.808 -3.429 3.470 
1703403336.908 -3.474 3.533 
1703403337.008 -3.516 3.597 
1703403337.108 -3.559 3.652 
1703403337.208 -3.620 3.718 
1703403337.308 -3.661 3.782 
1703403337.408 -3.704 3.836 
1703403337.508 -3.750 3.876 
1703403341.817 -3.977 4.266 
1703403341.917 -3.905 4.255 
1703403342.018 -3.759 4.208 
1703403342.123 -3.626 4.174 
1703403342.218 -3.567 4.132 
1703403342.318 -3.521 4.106 
1703403342.418 -3.455 4.112 
1703403342.518 -3.393 4.130 
1703403342.619 -3.313 4.151 
1703403342.719 -3.201 4.175 
1703403342.819 -3.091 4.193 
1703403342.919 -2.997 4.199 
1703403343.019 -2.901 4.217 
1703403343.119 -2.798 4.244 
1703403345.727 -1.818 4.532 
1703403345.727 -1.817 4.532 
1703403345.829 -1.784 4.472 
1703403345.929 -1.745 4.386 
1703403346.029 -1.681 4.289 
1703403346.129 -1.628 4.175 
1703403346.229 -1.612 4.067 
1703403346.331 -1.566 3.945 
1703403346.429 -1.517 3.840 
1703403346.529 -1.470 3.725 
1703403346.630 -1.444 3.608 
1703403346.729 -1.426 3.489 
1703403346.830 -1.423 3.359 
1703403346.929 -1.401 3.244 
1703403347.030 -1.372 3.129 
1703403347.129 -1.366 3.009 
1703403347.230 -1.392 2.887 
1703403347.330 -1.424 2.774 
1703403347.429 -1.473 2.659 
1703403347.530 -1.525 2.549 
1703403347.630 -1.569 2.445 
1703403347.730 -1.633 2.350 
1703403347.831 -1.709 2.262 
1703403347.931 -1.791 2.184 
1703403348.030 -1.871 2.111 
1703403348.131 -1.945 2.037 
1703403348.233 -2.012 1.963 
1703403348.334 -2.077 1.900 
1703403348.433 -2.142 1.849 
1703403348.534 -2.242 1.792 
1703403348.634 -2.372 1.739 
1703403348.733 -2.451 1.682 
1703403348.833 -2.547 1.646 
1703403348.934 -2.665 1.618 
1703403349.035 -2.786 1.600 
1703403349.134 -2.909 1.576 
1703403349.235 -3.036 1.553 
1703403349.335 -3.157 1.542 
1703403349.435 -3.216 1.513 
1703403349.535 -3.261 1.484 
1703403349.635 -3.320 1.490 
1703403349.734 -3.418 1.497 
1703403349.836 -3.512 1.495 
1703403349.935 -3.584 1.500 
1703403350.036 -3.633 1.512 
1703403350.135 -3.673 1.519 
1703403350.236 -3.732 1.518 
1703403350.336 -3.773 1.509 
1703403350.436 -3.826 1.523 
1703403350.536 -3.927 1.572 
1703403350.636 -4.057 1.612 
1703403350.736 -4.078 1.646 
1703403350.837 -4.087 1.684 
1703403350.936 -4.121 1.706 
1703403351.038 -4.191 1.707 
1703403351.137 -4.334 1.730 
1703403351.237 -4.458 1.745 
1703403351.336 -4.566 1.751 
1703403351.437 -4.680 1.757 
1703403351.538 -4.800 1.770 
1703403351.637 -4.915 1.774 
1703403351.737 -5.041 1.777 
1703403351.837 -5.158 1.781 
1703403351.939 -5.279 1.786 
1703403352.038 -5.398 1.791 
1703403352.138 -5.517 1.796 
1703403352.238 -5.638 1.799 
1703403352.338 -5.756 1.805 
1703403352.439 -5.875 1.809 
1703403352.538 -5.995 1.813 
1703403352.642 -6.114 1.815 
1703403352.741 -6.235 1.820 
1703403352.842 -6.352 1.824 
1703403352.942 -6.469 1.831 
1703403353.042 -6.594 1.848 
1703403353.142 -6.713 1.860 
1703403353.243 -6.827 1.878 
1703403353.342 -6.930 1.912 
1703403353.443 -7.040 1.947 
1703403353.545 -7.137 1.972 
1703403353.643 -7.191 1.988 
1703403353.743 -7.237 2.026 
1703403353.845 -7.312 2.097 
1703403353.943 -7.399 2.225 
1703403354.043 -7.485 2.296 
1703403354.143 -7.558 2.365 
1703403354.244 -7.596 2.455 
1703403354.343 -7.611 2.569 
1703403354.443 -7.621 2.678 
1703403354.544 -7.627 2.761 
1703403354.644 -7.619 2.811 
1703403354.744 -7.589 2.828 
1703403354.844 -7.577 2.867 
1703403354.944 -7.603 2.954 
1703403355.044 -7.627 3.086 
1703403355.144 -7.645 3.182 
1703403355.245 -7.656 3.240 
1703403355.345 -7.674 3.303 
1703403355.445 -7.690 3.386 
1703403355.544 -7.709 3.472 
1703403355.644 -7.729 3.549 
1703403355.745 -7.748 3.621 
1703403355.844 -7.765 3.698 
1703403355.945 -7.787 3.777 
1703403356.045 -7.803 3.855 
1703403356.145 -7.820 3.934 
1703403356.246 -7.836 4.012 
1703403356.345 -7.848 4.089 
1703403356.446 -7.857 4.170 
1703403356.546 -7.870 4.250 
1703403356.646 -7.889 4.328 
1703403356.746 -7.909 4.393 
1703403356.846 -7.920 4.463 
1703403356.947 -7.927 4.548 
1703403357.046 -7.940 4.652 
1703403357.147 -7.951 4.757 
1703403357.247 -7.960 4.848 
1703403357.347 -7.978 4.927 
1703403357.447 -7.986 5.008 
1703403357.547 -7.995 5.089 
1703403357.649 -8.006 5.160 
1703403357.748 -8.012 5.236 
1703403357.849 -8.027 5.344 
1703403357.948 -8.033 5.449 
1703403358.049 -8.032 5.527 
1703403358.148 -8.038 5.590 
1703403358.248 -8.014 5.680 
1703403358.349 -7.928 5.775 
1703403358.449 -7.831 5.867 
1703403358.548 -7.739 5.948 
1703403358.650 -7.623 6.004 
1703403363.973 -6.698 5.918 
1703403363.974 -6.698 5.918 
1703403364.074 -6.721 5.939 
1703403364.174 -6.824 5.987 
1703403364.274 -6.940 6.061 
1703403364.375 -7.050 6.143 
1703403364.474 -7.114 6.195 
1703403364.575 -7.180 6.272 
1703403364.674 -7.283 6.352 
1703403364.775 -7.381 6.422 
1703403364.875 -7.458 6.493 
1703403364.975 -7.529 6.593 
1703403365.075 -7.600 6.707 
1703403365.176 -7.666 6.812 
1703403365.275 -7.730 6.876 
1703403365.376 -7.780 6.969 
1703403365.476 -7.825 7.067 
1703403365.576 -7.858 7.181 
1703403365.676 -7.865 7.308 
1703403365.776 -7.852 7.427 
1703403365.876 -7.818 7.555 
1703403365.976 -7.776 7.669 
1703403366.076 -7.762 7.741 
1703403366.176 -7.851 7.798 
1703403367.583 -8.043 7.914 
1703403367.584 -8.043 7.914 
1703403367.684 -8.048 7.877 
1703403367.784 -8.049 7.805 
1703403367.886 -8.029 7.691 
1703403367.984 -7.985 7.549 
1703403368.085 -7.951 7.423 
1703403368.185 -7.923 7.304 
1703403368.284 -7.892 7.188 
1703403368.385 -7.848 7.077 
1703403368.486 -7.796 6.966 
1703403368.586 -7.748 6.853 
1703403368.687 -7.701 6.738 
1703403368.798 -7.646 6.639 
1703403368.895 -7.584 6.547 
1703403368.993 -7.519 6.448 
1703403369.093 -7.460 6.343 
1703403369.192 -7.396 6.243 
1703403369.294 -7.319 6.149 
1703403369.400 -7.238 6.065 
1703403369.499 -7.150 5.985 
1703403369.596 -7.059 5.911 
1703403369.696 -6.964 5.833 
1703403369.796 -6.865 5.763 
1703403369.896 -6.759 5.703 
1703403369.996 -6.649 5.649 
1703403370.096 -6.541 5.589 
1703403370.198 -6.434 5.520 
1703403370.298 -6.327 5.463 
1703403370.397 -6.215 5.428 
1703403370.498 -6.094 5.399 
1703403370.598 -5.971 5.368 
1703403370.697 -5.869 5.334 
1703403370.800 -5.783 5.330 
1703403370.900 -5.699 5.342 
1703403371.000 -5.621 5.352 
1703403371.100 -5.557 5.358 
1703403371.200 -5.494 5.374 
1703403371.302 -5.430 5.398 
1703403371.401 -5.368 5.422 
1703403371.500 -5.293 5.444 
1703403371.600 -5.202 5.469 
1703403371.701 -5.117 5.496 
1703403371.801 -5.059 5.514 
1703403371.903 -5.045 5.492 
1703403372.005 -5.054 5.477 
1703403372.103 -5.039 5.499 
1703403372.202 -4.982 5.586 
1703403372.303 -4.902 5.693 
1703403372.404 -4.843 5.767 
1703403372.503 -4.794 5.838 
1703403372.603 -4.740 5.936 
1703403372.704 -4.677 6.040 
1703403372.804 -4.604 6.144 
1703403372.904 -4.526 6.246 
1703403373.003 -4.452 6.346 
1703403373.104 -4.376 6.448 
1703403373.204 -4.310 6.544 
1703403373.304 -4.243 6.643 
1703403373.404 -4.182 6.760 
1703403373.506 -4.131 6.874 
1703403373.606 -4.077 6.989 
1703403373.707 -4.039 7.121 
1703403373.808 -4.010 7.247 
1703403373.907 -3.993 7.333 
1703403374.007 -3.966 7.412 
1703403374.107 -3.952 7.498 
1703403374.208 -3.937 7.605 
1703403374.308 -3.923 7.703 
1703403374.408 -3.916 7.778 
1703403374.507 -3.906 7.845 
1703403374.608 -3.895 7.921 
1703403374.707 -3.876 7.999 
1703403374.807 -3.814 8.093 
1703403374.908 -3.767 8.152 
1703403376.412 -3.707 8.127 
1703403376.517 -3.718 8.107 
1703403377.621 -3.717 7.999 
1703403377.721 -3.705 8.059 
1703403377.822 -3.700 8.017 
1703403377.922 -3.699 7.916 
1703403378.022 -3.702 7.819 
1703403378.122 -3.716 7.767 
1703403378.222 -3.704 7.724 
1703403378.322 -3.659 7.637 
1703403378.422 -3.617 7.538 
1703403378.522 -3.572 7.441 
1703403378.623 -3.530 7.343 
1703403378.722 -3.520 7.256 
1703403378.822 -3.497 7.172 
1703403378.923 -3.447 7.104 
1703403379.023 -3.359 7.034 
1703403379.124 -3.260 6.952 
1703403379.224 -3.169 6.876 
1703403379.325 -3.122 6.820 
1703403379.425 -3.091 6.780 
1703403379.524 -3.030 6.741 
1703403379.624 -2.924 6.698 
1703403379.725 -2.814 6.655 
1703403379.825 -2.705 6.615 
1703403379.925 -2.606 6.589 
1703403380.025 -2.513 6.579 
1703403380.125 -2.421 6.562 
1703403380.225 -2.341 6.530 
1703403380.326 -2.274 6.497 
1703403380.426 -2.209 6.447 
1703403380.526 -2.160 6.368 
1703403380.626 -2.124 6.273 
1703403380.726 -2.109 6.174 
1703403380.831 -2.091 6.101 
1703403380.928 -2.081 6.030 
1703403381.029 -2.069 5.941 
1703403381.127 -2.055 5.840 
1703403381.634 -1.995 5.627 
1703403381.635 -1.995 5.627 
1703403381.733 -1.973 5.619 
1703403381.833 -1.939 5.588 
1703403381.932 -1.870 5.508 
1703403382.038 -1.788 5.404 
1703403382.133 -1.715 5.317 
1703403382.233 -1.650 5.239 
1703403382.333 -1.553 5.162 
1703403382.433 -1.450 5.084 
1703403382.535 -1.355 5.003 
1703403382.635 -1.240 4.929 
1703403382.734 -1.131 4.858 
1703403382.834 -1.045 4.788 
1703403382.934 -0.944 4.720 
1703403383.034 -0.834 4.660 
1703403383.134 -0.729 4.610 
1703403383.235 -0.661 4.590 
1703403383.334 -0.584 4.576 
1703403383.435 -0.499 4.561 
1703403383.534 -0.417 4.544 
1703403383.635 -0.347 4.529 
1703403383.735 -0.286 4.513 
1703403383.835 -0.274 4.480 
1703403383.935 -0.273 4.445 
1703403384.036 -0.199 4.464 
1703403384.135 -0.070 4.520 
1703403384.236 0.043 4.568 
1703403384.336 0.144 4.616 
1703403384.435 0.266 4.652 
1703403384.536 0.385 4.681 
1703403384.636 0.484 4.695 
1703403384.737 0.553 4.696 
1703403384.837 0.584 4.675 
1703403384.937 0.602 4.644 
1703403385.036 0.666 4.648 
1703403385.150 0.787 4.733 
1703403385.242 0.895 4.772 
1703403385.340 1.006 4.805 
1703403385.438 1.109 4.878 
1703403385.538 1.166 4.971 
1703403385.638 1.199 5.087 
1703403385.737 1.238 5.197 
1703403385.838 1.266 5.302 
1703403385.938 1.282 5.415 
1703403386.037 1.303 5.532 
1703403386.138 1.320 5.652 
1703403386.238 1.331 5.764 
1703403386.339 1.332 5.877 
1703403386.440 1.334 5.994 
1703403386.540 1.334 6.114 
1703403386.640 1.330 6.236 
1703403386.739 1.323 6.354 
1703403386.840 1.319 6.471 
1703403386.940 1.317 6.588 
1703403387.039 1.312 6.704 
1703403387.139 1.302 6.823 
1703403387.239 1.293 6.939 
1703403387.340 1.285 7.057 
1703403387.442 1.276 7.173 
1703403387.541 1.266 7.292 
1703403387.641 1.256 7.408 
1703403387.740 1.247 7.519 
1703403387.840 1.237 7.632 
1703403387.940 1.227 7.745 
1703403388.040 1.216 7.858 
1703403388.140 1.208 7.971 
1703403388.240 1.208 8.079 
1703403388.341 1.209 8.183 
1703403388.440 1.207 8.280 
1703403388.541 1.204 8.367 
1703403388.640 1.218 8.477 
1703403388.741 1.262 8.599 
1703403390.447 1.455 8.441 
1703403390.546 1.425 8.435 
1703403390.646 1.354 8.439 
1703403390.747 1.252 8.451 
1703403390.846 1.184 8.442 
1703403390.946 1.186 8.423 
1703403391.047 1.304 8.397 
1703403391.146 1.466 8.366 
1703403391.246 1.619 8.322 
1703403391.346 1.752 8.288 
1703403391.447 1.853 8.291 
1703403391.547 1.970 8.299 
1703403391.647 2.098 8.312 
1703403391.747 2.227 8.322 
1703403391.847 2.346 8.334 
1703403391.947 2.437 8.346 
1703403392.047 2.532 8.356 
1703403392.149 2.633 8.363 
1703403392.247 2.726 8.367 
1703403392.347 2.821 8.374 
1703403392.447 2.916 8.381 
1703403392.547 3.012 8.389 
1703403392.649 3.103 8.394 
1703403392.748 3.187 8.397 
1703403392.848 3.271 8.391 
1703403392.949 3.351 8.379 
1703403393.049 3.423 8.381 
1703403393.149 3.492 8.383 
1703403393.249 3.578 8.382 
1703403393.349 3.669 8.379 
1703403393.449 3.747 8.374 
1703403397.360 3.696 8.213 
1703403397.361 3.696 8.213 
1703403397.462 3.737 8.132 
1703403397.562 3.844 8.020 
1703403397.662 3.949 7.931 
1703403397.763 4.047 7.844 
1703403397.863 4.140 7.763 
1703403397.963 4.231 7.679 
1703403398.064 4.315 7.596 
1703403398.163 4.392 7.524 
1703403398.264 4.472 7.455 
1703403398.363 4.573 7.392 
1703403398.464 4.677 7.323 
1703403398.564 4.778 7.257 
1703403398.663 4.879 7.192 
1703403398.764 4.978 7.139 
1703403398.864 5.079 7.082 
1703403398.965 5.176 7.018 
1703403399.064 5.282 6.964 
1703403399.164 5.399 6.935 
1703403399.265 5.520 6.910 
1703403399.365 5.644 6.869 
1703403399.465 5.771 6.828 
1703403399.565 5.882 6.789 
1703403399.665 6.005 6.767 
1703403399.765 6.109 6.764 
1703403399.864 6.198 6.780 
1703403399.965 6.285 6.807 
1703403400.066 6.382 6.842 
1703403400.165 6.475 6.888 
1703403400.265 6.552 6.915 
1703403400.366 6.625 6.950 
1703403400.466 6.699 7.003 
1703403400.565 6.783 7.091 
1703403400.666 6.872 7.172 
1703403400.766 6.931 7.221 
1703403400.867 6.976 7.276 
1703403400.966 7.053 7.309 
1703403401.066 7.143 7.329 
1703403401.166 7.227 7.344 
1703403401.268 7.313 7.348 
1703403401.369 7.395 7.346 
1703403401.467 7.465 7.344 
1703403401.567 7.542 7.343 
1703403401.667 7.608 7.332 
1703403401.768 7.677 7.320 
1703403401.867 7.738 7.297 
1703403401.969 7.829 7.290 
1703403402.068 7.916 7.277 
1703403402.168 7.997 7.278 
1703403402.267 8.079 7.309 
1703403402.368 8.140 7.400 
1703403402.469 8.198 7.492 
1703403402.568 8.249 7.577 
1703403402.669 8.266 7.668 
1703403402.769 8.245 7.767 
1703403402.869 8.221 7.864 
1703403402.969 8.202 7.970 
1703403403.070 8.181 8.071 
1703403403.170 8.132 8.160 
1703403403.270 8.078 8.238 
1703403403.370 7.981 8.315 
1703403403.471 7.885 8.385 
1703403403.570 7.782 8.442 
1703403403.671 7.682 8.489 
1703403403.770 7.615 8.533 
1703403406.275 7.651 8.202 
1703403406.276 7.651 8.202 
1703403406.376 7.608 8.170 
1703403406.477 7.490 8.126 
1703403406.577 7.377 8.084 
1703403406.677 7.273 8.034 
1703403406.777 7.171 7.972 
1703403406.877 7.076 7.909 
1703403406.977 6.981 7.850 
1703403407.079 6.881 7.790 
1703403407.177 6.779 7.732 
1703403407.277 6.678 7.672 
1703403407.377 6.576 7.609 
1703403407.478 6.475 7.550 
1703403407.578 6.376 7.487 
1703403407.678 6.278 7.426 
1703403407.778 6.180 7.358 
1703403407.879 6.076 7.290 
1703403407.978 5.974 7.223 
1703403408.080 5.872 7.153 
1703403408.180 5.774 7.080 
1703403408.279 5.681 7.006 
1703403408.378 5.595 6.933 
1703403408.479 5.504 6.855 
1703403408.579 5.410 6.773 
1703403408.679 5.318 6.693 
1703403408.780 5.227 6.615 
1703403408.880 5.138 6.535 
1703403408.979 5.048 6.446 
1703403409.080 4.955 6.358 
1703403409.180 4.861 6.266 
1703403409.279 4.778 6.172 
1703403409.379 4.696 6.082 
1703403409.481 4.610 5.993 
1703403409.580 4.523 5.907 
1703403409.680 4.440 5.826 
1703403409.780 4.359 5.737 
1703403409.881 4.285 5.656 
1703403409.980 4.215 5.575 
1703403410.081 4.146 5.494 
1703403410.181 4.079 5.418 
1703403410.280 4.013 5.338 
1703403410.381 3.943 5.254 
1703403410.483 3.874 5.172 
1703403410.582 3.805 5.088 
1703403410.681 3.736 5.005 
1703403410.781 3.671 4.920 
1703403410.882 3.604 4.829 
1703403410.982 3.540 4.741 
1703403411.081 3.472 4.652 
1703403411.182 3.405 4.561 
1703403411.281 3.340 4.472 
1703403411.387 3.273 4.378 
1703403411.484 3.207 4.288 
1703403411.583 3.141 4.202 
1703403411.683 3.073 4.115 
1703403411.782 3.002 4.018 
1703403411.883 2.937 3.927 
1703403411.982 2.868 3.834 
1703403412.083 2.798 3.743 
1703403412.183 2.727 3.652 
1703403412.283 2.656 3.562 
1703403412.384 2.586 3.472 
1703403412.484 2.521 3.384 
1703403412.584 2.451 3.298 
1703403412.684 2.380 3.211 
1703403412.783 2.312 3.127 
1703403412.884 2.243 3.043 
1703403412.984 2.175 2.963 
1703403413.084 2.105 2.882 
1703403413.184 2.032 2.803 
1703403413.284 1.958 2.724 
1703403413.385 1.895 2.649 
1703403413.484 1.833 2.573 
1703403413.585 1.761 2.506 
1703403413.684 1.688 2.439 
1703403413.785 1.616 2.379 
1703403413.885 1.550 2.323 
1703403413.999 1.479 2.263 
1703403414.100 1.405 2.196 
1703403414.201 1.328 2.128 
1703403414.303 1.253 2.081 
1703403414.404 1.176 2.036 
1703403414.502 1.085 1.993 
1703403414.600 1.005 1.952 
1703403414.699 0.937 1.909 
1703403414.812 0.867 1.871 
1703403414.907 0.783 1.839 
1703403415.003 0.705 1.807 
1703403415.103 0.625 1.767 
1703403415.202 0.544 1.741 
1703403415.302 0.466 1.718 
1703403415.404 0.394 1.696 
1703403415.505 0.318 1.674 
1703403415.606 0.232 1.657 
1703403415.705 0.143 1.637 
1703403415.809 0.062 1.623 
1703403415.909 -0.015 1.610 
1703403416.008 -0.096 1.592 
1703403416.110 -0.173 1.579 
1703403416.209 -0.251 1.572 
1703403416.309 -0.329 1.570 
1703403416.409 -0.405 1.570 
1703403416.520 -0.500 1.561 
1703403416.619 -0.613 1.550 
1703403416.719 -0.752 1.552 
1703403416.814 -0.837 1.572 
1703403416.912 -0.908 1.573 
1703403417.012 -1.002 1.581 
1703403417.112 -1.123 1.586 
1703403417.212 -1.228 1.592 
1703403417.312 -1.305 1.606 
1703403417.424 -1.392 1.619 
1703403417.520 -1.500 1.637 
1703403417.618 -1.606 1.650 
1703403417.720 -1.700 1.664 
1703403417.819 -1.787 1.680 
1703403417.919 -1.886 1.692 
1703403418.017 -1.998 1.699 
1703403418.118 -2.102 1.705 
1703403418.219 -2.192 1.711 
1703403418.320 -2.254 1.721 
1703403418.418 -2.313 1.724 
1703403418.519 -2.387 1.727 
1703403418.618 -2.466 1.730 
1703403418.719 -2.550 1.734 
1703403418.820 -2.628 1.737 
1703403418.920 -2.702 1.741 
1703403419.021 -2.776 1.744 
1703403419.120 -2.855 1.747 
1703403419.221 -2.932 1.753 
1703403419.326 -3.015 1.756 
1703403419.420 -3.085 1.758 
1703403419.521 -3.167 1.760 
1703403419.621 -3.246 1.763 
1703403419.720 -3.320 1.767 
1703403419.821 -3.397 1.768 
1703403419.925 -3.476 1.770 
1703403420.025 -3.558 1.771 
1703403420.123 -3.634 1.770 
1703403420.227 -3.711 1.769 
1703403420.329 -3.790 1.770 
1703403420.426 -3.862 1.772 
1703403420.526 -3.937 1.774 
1703403420.626 -4.016 1.774 
1703403420.725 -4.090 1.774 
1703403420.826 -4.164 1.775 
1703403420.926 -4.236 1.778 
1703403421.026 -4.314 1.780 
1703403421.126 -4.394 1.776 
1703403421.226 -4.466 1.776 
1703403421.326 -4.540 1.777 
1703403421.426 -4.617 1.776 
1703403421.526 -4.692 1.775 
1703403421.627 -4.767 1.774 
1703403421.727 -4.843 1.774 
1703403421.827 -4.920 1.771 
1703403421.926 -4.992 1.770 
1703403422.028 -5.067 1.770 
1703403422.127 -5.142 1.769 
1703403422.228 -5.219 1.768 
1703403422.328 -5.295 1.767 
1703403422.427 -5.375 1.767 
1703403422.527 -5.454 1.764 
1703403422.627 -5.535 1.761 
1703403422.728 -5.613 1.759 
1703403422.828 -5.693 1.757 
1703403422.927 -5.775 1.756 
1703403423.028 -5.858 1.754 
1703403423.126 -5.941 1.751 
1703403423.228 -6.029 1.750 
1703403423.327 -6.117 1.747 
1703403423.426 -6.204 1.746 
1703403423.526 -6.291 1.745 
1703403423.627 -6.381 1.744 
1703403423.728 -6.472 1.744 
1703403423.828 -6.563 1.743 
1703403423.927 -6.655 1.742 
1703403424.028 -6.751 1.742 
1703403424.129 -6.842 1.741 
1703403424.230 -6.934 1.741 
1703403424.328 -7.024 1.741 
1703403424.428 -7.118 1.739 
1703403424.529 -7.216 1.739 
1703403424.629 -7.308 1.742 
1703403424.728 -7.399 1.743 
1703403424.829 -7.492 1.745 
1703403424.929 -7.582 1.747 
1703403425.029 -7.671 1.748 
1703403425.129 -7.759 1.750 
1703403425.229 -7.845 1.751 
1703403425.330 -7.929 1.754 
1703403425.430 -8.012 1.755 
1703403425.531 -8.096 1.757 
1703403425.631 -8.179 1.760 
1703403425.731 -8.257 1.763 
1703403425.830 -8.326 1.764 
1703403425.931 -8.415 1.763 
1703403426.031 -8.522 1.774 
1703403426.132 -8.620 1.783 
