1704874712.650 274
1704874712.944 274
1704874713.215 274
1704874713.519 275
1704874714.008 275
1704874714.299 289
1704874714.666 304
1704874714.953 305
1704874715.234 306
1704874715.529 307
1704874715.821 307
1704874716.131 308
1704874716.470 357
1704874716.813 392
1704874717.113 423
1704874717.411 471
1704874717.722 506
1704874718.022 536
1704874718.346 555
1704874718.622 571
1704874718.926 593
1704874719.272 664
1704874719.546 703
1704874719.826 739
1704874720.100 770
1704874720.372 790
1704874720.633 817
1704874720.934 831
1704874721.206 847
1704874721.497 853
1704874721.795 853
1704874722.172 853
1704874722.480 872
1704874722.806 965
1704874723.102 1040
1704874723.406 1068
1704874723.684 1087
1704874723.973 1090
1704874724.249 1091
1704874724.546 1091
1704874724.833 1092
1704874725.123 1092
1704874725.413 1092
1704874725.716 1094
1704874726.048 1097
1704874726.356 1098
1704874726.659 1098
1704874726.972 1100
1704874727.249 1100
1704874727.570 1121
1704874727.891 1160
1704874728.204 1170
1704874728.513 1189
1704874728.770 1194
1704874729.036 1223
1704874729.320 1248
1704874729.604 1259
1704874729.880 1266
1704874730.160 1269
1704874730.421 1271
1704874730.692 1274
1704874730.967 1276
1704874731.241 1278
1704874731.515 1278
1704874731.808 1280
1704874732.115 1282
1704874732.406 1286
1704874732.664 1295
1704874732.946 1309
1704874733.219 1318
1704874733.490 1340
1704874733.769 1365
1704874734.045 1418
1704874734.317 1467
1704874734.590 1507
1704874734.867 1540
1704874735.131 1583
1704874735.400 1595
1704874735.651 1623
1704874735.955 1635
1704874736.277 1644
1704874736.546 1647
1704874736.833 1667
1704874737.127 1696
1704874737.468 1822
1704874737.775 1934
1704874738.078 2103
1704874738.366 2188
1704874738.672 2323
1704874738.997 2457
1704874739.283 2512
1704874739.568 2535
1704874739.851 2541
1704874740.178 2552
1704874740.487 2560
1704874740.777 2582
1704874741.063 2604
1704874741.369 2632
1704874741.645 2680
1704874741.938 2710
1704874742.205 2728
1704874742.495 2743
1704874742.768 2782
1704874743.096 2798
1704874743.443 2804
1704874743.726 2829
1704874744.010 2837
1704874744.352 2846
1704874744.623 2873
1704874744.941 2892
1704874745.215 2900
1704874745.504 2902
1704874745.790 2908
1704874746.068 2914
1704874746.349 2936
1704874746.632 2955
1704874746.971 2999
1704874747.234 3030
1704874747.551 3077
1704874747.835 3086
1704874748.135 3123
1704874748.420 3144
1704874748.695 3150
1704874748.985 3151
1704874749.260 3158
1704874749.546 3163
1704874749.837 3169
1704874750.112 3170
1704874750.399 3170
1704874750.680 3170
1704874750.973 3170
1704874751.270 3170
1704874751.563 3170
1704874751.842 3170
1704874752.128 3170
1704874752.429 3170
1704874752.778 3170
1704874753.063 3171
1704874753.351 3171
1704874753.665 3171
1704874753.933 3171
1704874754.246 3172
1704874754.538 3172
1704874754.820 3172
1704874755.114 3177
1704874755.441 3179
1704874755.726 3185
1704874756.018 3191
1704874756.302 3192
1704874756.587 3202
1704874756.873 3238
1704874757.154 3254
1704874757.452 3325
1704874757.756 3331
1704874758.096 3352
1704874758.398 3352
1704874758.697 3352
1704874758.970 3352
1704874759.280 3352
1704874759.590 3352
1704874759.876 3352
1704874760.161 3352
1704874760.466 3352
1704874760.770 3352
1704874761.067 3352
1704874761.351 3352
1704874761.641 3352
1704874761.957 3352
1704874762.251 3354
1704874762.547 3354
1704874762.907 3354
1704874763.199 3354
1704874763.492 3354
1704874763.776 3354
1704874764.103 3390
1704874764.390 3390
1704874764.687 3428
1704874764.964 3429
1704874765.248 3429
1704874765.537 3432
1704874765.857 3432
1704874766.194 3432
1704874766.512 3432
1704874766.827 3432
1704874767.114 3432
1704874767.415 3432
1704874767.687 3432
1704874768.014 3433
1704874768.290 3437
1704874768.629 3449
1704874768.931 3457
1704874769.193 3458
1704874769.506 3462
1704874769.797 3463
1704874770.081 3463
1704874770.352 3464
1704874770.622 3464
1704874770.885 3464
1704874771.147 3464
1704874771.412 3464
1704874771.729 3464
1704874772.003 3464
1704874772.283 3464
1704874772.544 3464
1704874772.805 3464
1704874773.068 3464
1704874773.346 3464
1704874773.599 3466
1704874773.874 3466
1704874774.135 3466
1704874774.414 3466
1704874774.684 3471
1704874774.956 3471
1704874775.220 3471
1704874775.502 3471
1704874775.784 3471
1704874776.064 3471
1704874776.342 3471
1704874776.660 3471
1704874776.947 3471
1704874777.267 3471
1704874777.564 3471
1704874777.859 3471
1704874778.132 3471
1704874778.417 3471
1704874778.695 3471
1704874778.974 3471
1704874779.263 3471
1704874779.533 3471
1704874779.800 3471
1704874780.083 3471
1704874780.362 3471
1704874780.642 3476
1704874780.935 3501
1704874781.224 3505
1704874781.525 3513
1704874781.830 3519
1704874782.131 3528
1704874782.448 3528
1704874782.767 3534
1704874783.106 3537
1704874783.465 3546
1704874783.749 3554
1704874784.030 3557
1704874784.339 3560
1704874784.623 3576
1704874784.919 3592
1704874785.219 3599
1704874785.520 3625
1704874785.817 3647
1704874786.099 3675
1704874786.399 3676
1704874786.699 3683
1704874787.034 3686
1704874787.351 3691
1704874787.652 3694
1704874787.980 3698
1704874788.266 3699
1704874788.566 3702
1704874788.879 3714
1704874789.168 3716
1704874789.458 3716
1704874789.739 3716
1704874790.028 3722
1704874790.316 3727
1704874790.622 3750
1704874790.904 3756
1704874791.167 3761
1704874791.448 3762
1704874791.732 3762
1704874792.014 3762
1704874792.297 3762
1704874792.584 3762
1704874792.864 3762
1704874793.161 3763
1704874793.452 3764
1704874793.736 3764
1704874794.017 3764
1704874794.305 3764
1704874794.578 3766
1704874794.856 3766
1704874795.138 3768
1704874795.413 3770
1704874795.714 3787
1704874796.050 3840
1704874796.368 3853
1704874796.683 3858
1704874796.978 3873
1704874797.260 3902
1704874797.551 3915
1704874797.829 3950
1704874798.137 3974
1704874798.408 3995
1704874798.690 4017
1704874798.963 4039
1704874799.231 4051
1704874799.468 4066
1704874799.742 4081
1704874800.029 4099
1704874800.307 4122
1704874800.600 4151
1704874800.909 4197
1704874801.163 4234
1704874801.435 4248
1704874801.709 4266
1704874802.015 4274
1704874802.296 4287
1704874802.573 4300
1704874802.857 4304
1704874803.133 4310
1704874803.413 4319
1704874803.688 4330
1704874803.975 4333
1704874804.253 4343
1704874804.594 4344
1704874804.930 4351
1704874805.210 4362
1704874805.487 4374
1704874805.772 4398
1704874806.062 4420
1704874806.353 4429
1704874806.641 4461
1704874806.959 4477
1704874807.293 4492
1704874807.597 4513
1704874807.856 4519
1704874808.143 4519
1704874808.432 4519
1704874808.725 4522
1704874809.030 4527
1704874809.314 4527
1704874809.607 4528
1704874809.888 4528
1704874810.196 4528
1704874810.502 4528
1704874810.789 4528
1704874811.069 4528
1704874811.351 4528
1704874811.664 4532
1704874811.954 4532
1704874812.246 4532
1704874812.520 4535
1704874812.800 4535
1704874813.098 4535
1704874813.383 4535
1704874813.666 4535
1704874813.962 4535
1704874814.254 4535
1704874814.517 4535
1704874814.800 4535
1704874815.080 4536
1704874815.360 4536
1704874815.639 4536
1704874815.945 4536
1704874816.213 4536
1704874816.524 4536
1704874816.805 4536
1704874817.089 4536
1704874817.367 4536
1704874817.647 4536
1704874817.990 4537
1704874818.289 4537
1704874818.568 4537
1704874818.894 4537
1704874819.186 4537
1704874819.464 4542
1704874819.755 4542
1704874820.042 4548
1704874820.327 4548
1704874820.621 4554
1704874820.904 4554
1704874821.215 4554
1704874821.503 4554
1704874821.847 4554
1704874822.148 4554
1704874822.461 4554
1704874822.730 4554
1704874823.018 4554
1704874823.305 4554
1704874823.577 4554
1704874823.857 4554
1704874824.142 4554
1704874824.425 4554
1704874824.698 4554
1704874824.981 4554
1704874825.271 4554
1704874825.557 4554
1704874825.841 4554
1704874826.122 4554
1704874826.410 4554
1704874826.704 4554
1704874826.986 4554
1704874827.271 4554
1704874827.545 4554
1704874827.841 4554
1704874828.112 4554
1704874828.397 4554
1704874828.677 4554
1704874828.975 4554
1704874829.258 4554
1704874829.530 4556
1704874829.884 4556
1704874830.171 4556
1704874830.505 4556
1704874830.827 4556
1704874831.118 4556
1704874831.385 4560
1704874831.673 4565
1704874831.967 4578
1704874832.224 4624
1704874832.499 4670
1704874832.792 4690
1704874833.069 4699
1704874833.344 4721
1704874833.628 4747
1704874833.936 4774
1704874834.228 4783
1704874834.552 4786
1704874834.850 4786
1704874835.140 4786
1704874835.419 4787
1704874835.691 4801
1704874835.971 4804
1704874836.250 4805
1704874836.532 4805
1704874836.835 4805
1704874837.155 4805
1704874837.441 4805
1704874837.766 4805
1704874838.044 4805
1704874838.331 4805
1704874838.610 4806
1704874838.896 4808
1704874839.193 4809
1704874839.468 4809
1704874839.747 4809
1704874840.036 4814
1704874840.321 4859
1704874840.608 4880
1704874840.885 4898
1704874841.182 4929
1704874841.497 4948
1704874841.782 4957
1704874842.068 4959
1704874842.344 4959
1704874842.635 4959
1704874842.903 4959
1704874843.190 4959
1704874843.474 4959
1704874843.746 4959
1704874844.030 4959
1704874844.323 4959
1704874844.624 4959
1704874844.896 4959
1704874845.175 4959
1704874845.450 4959
1704874845.734 4959
1704874846.039 4959
1704874846.333 4959
1704874846.637 4959
1704874846.916 4959
1704874847.212 4959
1704874847.495 4962
1704874847.785 4962
1704874848.082 4964
1704874848.363 4964
1704874848.656 4964
1704874848.951 4964
1704874849.223 4964
1704874849.487 4964
1704874849.763 4964
1704874850.046 4964
1704874850.296 4964
1704874850.633 4964
1704874850.900 4964
1704874851.183 4965
1704874851.502 4970
1704874851.820 4972
1704874852.121 5014
1704874852.404 5047
1704874852.698 5082
1704874853.002 5118
1704874853.283 5186
1704874853.573 5213
1704874853.851 5223
1704874854.129 5234
1704874854.410 5256
1704874854.687 5257
1704874854.970 5257
1704874855.263 5257
1704874855.564 5261
1704874855.842 5264
1704874856.144 5265
1704874856.441 5266
1704874856.763 5266
1704874857.037 5266
1704874857.323 5269
1704874857.637 5269
1704874857.915 5269
1704874858.210 5269
1704874858.496 5276
1704874858.777 5288
1704874859.061 5290
1704874859.376 5385
1704874859.649 5387
1704874859.938 5389
1704874860.217 5392
1704874860.495 5403
1704874860.776 5405
1704874861.050 5405
1704874861.346 5405
1704874861.629 5409
1704874861.910 5417
1704874862.190 5424
1704874862.474 5430
1704874862.753 5438
1704874863.038 5441
1704874863.321 5447
1704874863.616 5451
1704874863.880 5457
1704874864.176 5463
1704874864.454 5464
1704874864.747 5466
1704874865.043 5468
1704874865.355 5469
1704874865.646 5473
1704874865.945 5479
1704874866.214 5482
1704874866.490 5488
1704874866.770 5494
1704874867.057 5502
1704874867.343 5507
1704874867.639 5515
1704874867.928 5522
1704874868.204 5527
1704874868.495 5543
1704874868.770 5548
1704874869.048 5548
1704874869.319 5549
1704874869.599 5551
1704874869.905 5551
1704874870.245 5552
1704874870.536 5553
1704874870.799 5558
1704874871.088 5562
1704874871.407 5565
1704874871.744 5566
1704874872.043 5566
1704874872.333 5566
1704874872.649 5567
1704874872.926 5568
1704874873.215 5569
1704874873.506 5569
1704874873.759 5569
1704874874.040 5569
1704874874.313 5569
1704874874.582 5570
1704874874.860 5570
1704874875.142 5570
1704874875.423 5570
1704874875.710 5570
1704874875.994 5570
1704874876.286 5570
1704874876.575 5570
1704874876.862 5575
1704874877.149 5585
1704874877.434 5592
1704874877.726 5600
1704874878.045 5611
1704874878.337 5620
1704874878.625 5624
1704874878.909 5626
1704874879.186 5626
1704874879.467 5626
1704874879.766 5630
1704874880.049 5637
1704874880.340 5638
1704874880.636 5640
1704874880.939 5648
1704874881.222 5654
1704874881.514 5659
1704874881.846 5668
1704874882.168 5679
1704874882.444 5688
1704874882.729 5700
1704874883.012 5715
1704874883.312 5726
1704874883.588 5739
1704874883.872 5750
1704874884.155 5758
1704874884.470 5772
1704874884.831 5773
1704874885.126 5783
1704874885.422 5788
1704874885.703 5792
1704874885.991 5797
1704874886.269 5802
1704874886.521 5809
1704874886.812 5811
1704874887.107 5811
1704874887.404 5811
1704874887.712 5811
1704874887.987 5811
1704874888.266 5813
1704874888.558 5821
1704874888.838 5824
1704874889.162 5830
1704874889.515 5831
1704874889.819 5832
1704874890.106 5840
1704874890.392 5848
1704874890.683 5853
1704874890.959 5854
1704874891.251 5856
1704874891.553 5856
1704874891.824 5857
1704874892.106 5857
1704874892.378 5857
1704874892.662 5858
1704874892.980 5858
1704874893.280 5858
1704874893.562 5858
1704874893.849 5864
1704874894.157 5884
1704874894.438 5894
1704874894.773 5931
1704874895.052 5940
1704874895.338 5947
1704874895.618 5957
1704874895.918 5963
1704874896.189 5977
1704874896.506 6006
1704874896.778 6031
1704874897.082 6050
1704874897.392 6076
1704874897.667 6085
1704874897.960 6089
1704874898.243 6090
1704874898.525 6090
1704874898.808 6092
1704874899.088 6093
1704874899.387 6098
1704874899.710 6099
1704874900.037 6099
1704874900.324 6101
1704874900.628 6101
1704874900.940 6101
1704874901.233 6101
1704874901.533 6101
1704874901.811 6101
1704874902.090 6101
1704874902.363 6101
1704874902.632 6101
1704874902.909 6101
1704874903.189 6101
1704874903.471 6101
1704874903.760 6107
1704874904.040 6107
1704874904.351 6107
1704874904.662 6112
1704874904.955 6118
1704874905.230 6125
1704874905.524 6130
1704874905.825 6131
1704874906.136 6134
1704874906.430 6154
1704874906.734 6166
1704874906.987 6170
1704874907.314 6172
1704874907.594 6174
1704874907.872 6180
1704874908.167 6182
1704874908.458 6195
1704874908.753 6203
1704874909.030 6214
1704874909.312 6227
1704874909.595 6244
1704874909.874 6257
1704874910.165 6283
1704874910.463 6303
1704874910.770 6321
1704874911.057 6341
1704874911.334 6345
1704874911.617 6350
1704874911.893 6350
1704874912.166 6350
1704874912.455 6350
1704874912.729 6350
1704874913.000 6353
1704874913.291 6353
1704874913.590 6353
1704874913.870 6354
1704874914.180 6354
1704874914.462 6354
1704874914.741 6354
1704874915.039 6354
1704874915.321 6354
1704874915.600 6354
1704874915.895 6355
1704874916.192 6356
1704874916.467 6356
1704874916.759 6356
1704874917.059 6366
1704874917.320 6375
1704874917.605 6381
1704874917.896 6392
1704874918.173 6398
1704874918.459 6405
1704874918.721 6405
1704874919.021 6405
1704874919.269 6410
1704874919.590 6420
1704874919.915 6421
1704874920.229 6422
1704874920.495 6422
1704874920.776 6422
1704874921.067 6422
1704874921.362 6426
1704874921.648 6427
1704874921.930 6427
1704874922.206 6427
1704874922.484 6427
1704874922.777 6427
1704874923.109 6427
1704874923.397 6427
1704874923.681 6427
1704874923.967 6427
1704874924.252 6427
1704874924.536 6427
1704874924.825 6427
1704874925.102 6427
1704874925.389 6468
1704874925.674 6468
1704874925.962 6468
1704874926.245 6468
1704874926.516 6468
1704874926.791 6468
1704874927.067 6468
1704874927.336 6468
1704874927.646 6468
1704874927.946 6468
1704874928.238 6468
1704874928.526 6468
1704874928.834 6468
1704874929.123 6468
1704874929.414 6468
1704874929.703 6468
1704874929.991 6468
1704874930.275 6468
1704874930.553 6468
1704874930.878 6468
1704874931.180 6468
1704874931.455 6470
1704874931.735 6470
1704874932.035 6471
1704874932.331 6472
1704874932.608 6475
1704874932.889 6476
1704874933.168 6476
1704874933.439 6477
1704874933.720 6477
1704874934.026 6477
1704874934.331 6478
1704874934.629 6478
1704874934.898 6480
1704874935.198 6480
1704874935.487 6481
1704874935.781 6481
1704874936.073 6481
1704874936.364 6481
1704874936.656 6481
1704874936.994 6481
1704874937.283 6481
1704874937.568 6481
1704874937.855 6481
1704874938.150 6481
1704874938.421 6481
1704874938.682 6481
1704874938.951 6481
1704874939.225 6481
1704874939.521 6481
1704874939.793 6481
1704874940.080 6481
1704874940.362 6481
1704874940.639 6481
1704874940.919 6481
1704874941.194 6481
1704874941.470 6481
1704874941.786 6481
1704874942.064 6481
1704874942.344 6481
1704874942.624 6482
1704874942.894 6482
1704874943.188 6482
1704874943.462 6482
1704874943.722 6482
1704874944.004 6482
1704874944.291 6482
1704874944.598 6482
1704874944.895 6483
1704874945.191 6483
1704874945.469 6484
1704874945.746 6485
1704874946.040 6485
1704874946.334 6485
1704874946.584 6485
1704874946.859 6485
1704874947.133 6486
1704874947.411 6486
1704874947.700 6486
1704874947.976 6487
1704874948.257 6487
1704874948.534 6487
1704874948.809 6488
1704874949.090 6488
1704874949.385 6488
1704874949.673 6488
1704874949.952 6488
1704874950.239 6488
1704874950.544 6488
1704874950.818 6489
1704874951.097 6489
1704874951.380 6489
1704874951.652 6489
1704874951.934 6490
1704874952.212 6491
1704874952.489 6491
1704874952.765 6491
1704874953.050 6494
1704874953.347 6494
1704874953.628 6494
1704874953.904 6494
1704874954.180 6494
1704874954.456 6494
1704874954.737 6494
1704874955.082 6494
1704874955.378 6494
1704874955.665 6494
1704874955.959 6494
1704874956.275 6494
1704874956.547 6494
1704874956.858 6494
1704874957.125 6494
1704874957.397 6494
1704874957.672 6494
1704874957.953 6494
1704874958.269 6494
1704874958.545 6494
1704874958.815 6494
1704874959.088 6494
1704874959.374 6494
1704874959.654 6494
1704874959.925 6494
1704874960.248 6494
1704874960.498 6494
1704874960.774 6494
1704874961.096 6494
1704874961.389 6497
1704874961.686 6500
1704874961.954 6504
1704874962.213 6504
1704874962.481 6505
1704874962.757 6505
1704874963.036 6505
1704874963.331 6505
1704874963.599 6505
1704874963.896 6505
1704874964.175 6506
1704874964.479 6506
1704874964.800 6506
1704874965.077 6508
1704874965.379 6508
1704874965.664 6508
1704874965.966 6508
1704874966.265 6509
1704874966.535 6524
1704874966.819 6524
1704874967.093 6524
1704874967.386 6524
1704874967.634 6524
1704874967.908 6524
1704874968.184 6524
1704874968.465 6524
1704874968.741 6524
1704874969.044 6524
1704874969.324 6524
1704874969.619 6524
1704874969.926 6528
1704874970.251 6528
1704874970.551 6528
1704874970.840 6528
1704874971.143 6528
1704874971.439 6528
1704874971.721 6528
1704874972.019 6528
1704874972.318 6528
1704874972.646 6528
1704874972.947 6528
1704874973.231 6528
1704874973.515 6528
1704874973.804 6528
1704874974.118 6530
1704874974.442 6531
1704874974.740 6535
1704874975.026 6540
1704874975.299 6540
1704874975.576 6540
1704874975.857 6542
1704874976.178 6542
1704874976.461 6542
1704874976.745 6542
1704874977.029 6542
1704874977.310 6542
1704874977.588 6543
1704874977.866 6543
1704874978.152 6543
1704874978.435 6543
1704874978.752 6543
1704874979.033 6543
1704874979.380 6543
1704874979.665 6543
1704874979.926 6543
1704874980.247 6543
1704874980.539 6543
1704874980.873 6545
1704874981.163 6546
1704874981.457 6546
1704874981.740 6548
1704874982.029 6549
1704874982.329 6552
1704874982.633 6553
1704874982.906 6553
1704874983.201 6553
1704874983.514 6553
1704874983.817 6553
1704874984.152 6553
1704874984.433 6553
1704874984.727 6553
1704874985.043 6553
1704874985.340 6553
