1704873617.102 274
1704873617.402 274
1704873617.678 274
1704873617.986 275
1704873618.384 275
1704873618.792 302
1704873619.192 313
1704873619.474 314
1704873619.784 315
1704873620.094 316
1704873620.371 316
1704873620.668 317
1704873620.987 320
1704873621.334 345
1704873621.644 348
1704873621.925 376
1704873622.228 406
1704873622.542 467
1704873622.849 504
1704873623.146 524
1704873623.434 544
1704873623.730 576
1704873624.042 602
1704873624.367 611
1704873624.646 673
1704873624.916 738
1704873625.202 845
1704873625.537 968
1704873625.837 1181
1704873626.114 1242
1704873626.418 1293
1704873626.711 1345
1704873627.033 1410
1704873627.291 1422
1704873627.595 1450
1704873627.884 1476
1704873628.170 1498
1704873628.450 1531
1704873628.727 1608
1704873629.049 1686
1704873629.342 1693
1704873629.644 1693
1704873629.908 1693
1704873630.220 1694
1704873630.604 1695
1704873630.894 1695
1704873631.189 1703
1704873631.496 1724
1704873631.785 1744
1704873632.108 1764
1704873632.445 1803
1704873632.749 1852
1704873633.037 1874
1704873633.350 1899
1704873633.637 1911
1704873633.942 1912
1704873634.244 1937
1704873634.524 1937
1704873634.855 1937
1704873635.128 1937
1704873635.423 1937
1704873635.707 1937
1704873636.005 1937
1704873636.300 1937
1704873636.617 1937
1704873636.940 1937
1704873637.239 1939
1704873637.528 1940
1704873637.843 1940
1704873638.127 1941
1704873638.417 1941
1704873638.703 1942
1704873638.984 1942
1704873639.286 1946
1704873639.595 1960
1704873639.876 1974
1704873640.190 2009
1704873640.489 2056
1704873640.770 2085
1704873641.048 2088
1704873641.320 2090
1704873641.593 2096
1704873641.862 2103
1704873642.146 2103
1704873642.404 2142
1704873642.670 2143
1704873642.981 2147
1704873643.263 2149
1704873643.548 2153
1704873643.839 2169
1704873644.118 2186
1704873644.426 2198
1704873644.717 2203
1704873645.011 2209
1704873645.297 2217
1704873645.589 2222
1704873645.874 2227
1704873646.168 2234
1704873646.463 2286
1704873646.734 2328
1704873647.016 2356
1704873647.310 2375
1704873647.597 2400
1704873647.881 2429
1704873648.186 2500
1704873648.463 2585
1704873648.764 2644
1704873649.065 2681
1704873649.356 2689
1704873649.638 2708
1704873649.926 2727
1704873650.228 2728
1704873650.545 2732
1704873650.841 2734
1704873651.149 2734
1704873651.453 2734
1704873651.762 2734
1704873652.050 2734
1704873652.344 2736
1704873652.628 2741
1704873652.918 2743
1704873653.212 2743
1704873653.517 2743
1704873653.793 2743
1704873654.082 2743
1704873654.370 2743
1704873654.668 2743
1704873654.959 2743
1704873655.254 2744
1704873655.549 2749
1704873655.858 2753
1704873656.198 2754
1704873656.494 2758
1704873656.787 2761
1704873657.066 2762
1704873657.372 2762
1704873657.640 2762
1704873657.940 2762
1704873658.264 2762
1704873658.557 2762
1704873658.833 2762
1704873659.135 2762
1704873659.440 2762
1704873659.751 2762
1704873660.045 2763
1704873660.341 2763
1704873660.631 2767
1704873660.923 2786
1704873661.214 2810
1704873661.554 2819
1704873661.915 2823
1704873662.201 2824
1704873662.489 2831
1704873662.775 2834
1704873663.061 2835
1704873663.349 2838
1704873663.678 2843
1704873663.945 2847
1704873664.258 2857
1704873664.542 2867
1704873664.826 2874
1704873665.119 2876
1704873665.395 2880
1704873665.696 2880
1704873665.988 2881
1704873666.238 2881
1704873666.506 2881
1704873666.848 2882
1704873667.133 2882
1704873667.419 2882
1704873667.691 2882
1704873667.979 2882
1704873668.246 2882
1704873668.513 2882
1704873668.794 2882
1704873669.131 2882
1704873669.414 2895
1704873669.709 2895
1704873669.974 2895
1704873670.254 2895
1704873670.529 2895
1704873670.810 2895
1704873671.115 2895
1704873671.404 2895
1704873671.680 2895
1704873671.966 2895
1704873672.236 2895
1704873672.509 2895
1704873672.790 2895
1704873673.049 2895
1704873673.324 2896
1704873673.604 2905
1704873673.898 2921
1704873674.165 2956
1704873674.466 3011
1704873674.772 3083
1704873675.057 3143
1704873675.348 3168
1704873675.652 3173
1704873675.939 3180
1704873676.241 3240
1704873676.529 3277
1704873676.813 3277
1704873677.102 3327
1704873677.388 3341
1704873677.696 3342
1704873677.986 3342
1704873678.280 3342
1704873678.568 3344
1704873678.865 3349
1704873679.179 3362
1704873679.485 3375
1704873679.775 3390
1704873680.059 3395
1704873680.386 3396
1704873680.678 3422
1704873680.985 3432
1704873681.277 3441
1704873681.580 3448
1704873681.871 3457
1704873682.189 3458
1704873682.478 3459
1704873682.773 3459
1704873683.063 3459
1704873683.349 3459
1704873683.633 3459
1704873683.923 3459
1704873684.207 3459
1704873684.486 3459
1704873684.775 3459
1704873685.065 3461
1704873685.354 3461
1704873685.667 3475
1704873685.963 3484
1704873686.291 3501
1704873686.591 3531
1704873686.879 3567
1704873687.178 3638
1704873687.574 3749
1704873687.868 3852
1704873688.149 3953
1704873688.425 3973
1704873688.712 3984
1704873689.001 3992
1704873689.292 4023
1704873689.587 4068
1704873689.862 4113
1704873690.192 4147
1704873690.476 4164
1704873690.776 4191
1704873691.084 4214
1704873691.371 4240
1704873691.648 4263
1704873691.936 4286
1704873692.233 4301
1704873692.496 4303
1704873692.781 4312
1704873693.069 4315
1704873693.401 4315
1704873693.684 4329
1704873693.975 4336
1704873694.270 4350
1704873694.552 4350
1704873694.840 4368
1704873695.099 4374
1704873695.379 4374
1704873695.660 4374
1704873695.956 4374
1704873696.251 4374
1704873696.578 4374
1704873696.893 4374
1704873697.203 4374
1704873697.491 4374
1704873697.788 4374
1704873698.078 4374
1704873698.366 4374
1704873698.651 4374
1704873698.940 4374
1704873699.221 4374
1704873699.501 4374
1704873699.800 4374
1704873700.069 4374
1704873700.357 4374
1704873700.675 4374
1704873700.962 4374
1704873701.262 4374
1704873701.553 4374
1704873701.848 4374
1704873702.144 4374
1704873702.428 4374
1704873702.715 4374
1704873702.998 4377
1704873703.274 4378
1704873703.559 4378
1704873703.852 4378
1704873704.143 4378
1704873704.427 4379
1704873704.701 4388
1704873704.992 4391
1704873705.283 4392
1704873705.570 4392
1704873705.859 4392
1704873706.143 4392
1704873706.423 4392
1704873706.703 4392
1704873706.989 4392
1704873707.275 4392
1704873707.562 4392
1704873707.853 4396
1704873708.148 4398
1704873708.451 4398
1704873708.774 4398
1704873709.131 4398
1704873709.417 4398
1704873709.710 4403
1704873710.005 4431
1704873710.299 4462
1704873710.583 4479
1704873710.915 4499
1704873711.217 4516
1704873711.501 4527
1704873711.792 4531
1704873712.083 4538
1704873712.383 4546
1704873712.657 4549
1704873712.935 4549
1704873713.246 4551
1704873713.528 4566
1704873713.816 4567
1704873714.093 4567
1704873714.401 4567
1704873714.686 4567
1704873714.985 4567
1704873715.273 4567
1704873715.558 4567
1704873715.841 4567
1704873716.123 4567
1704873716.401 4568
1704873716.682 4568
1704873716.953 4568
1704873717.227 4568
1704873717.493 4568
1704873717.792 4568
1704873718.134 4568
1704873718.433 4568
1704873718.698 4568
1704873718.957 4568
1704873719.248 4568
1704873719.508 4568
1704873719.802 4568
1704873720.168 4568
1704873720.472 4568
1704873720.756 4568
1704873721.038 4568
1704873721.332 4568
1704873721.618 4569
1704873721.908 4569
1704873722.193 4569
1704873722.471 4569
1704873722.753 4569
1704873723.033 4569
1704873723.321 4569
1704873723.589 4569
1704873723.873 4569
1704873724.197 4572
1704873724.476 4572
1704873724.781 4572
1704873725.089 4573
1704873725.378 4579
1704873725.670 4591
1704873725.952 4593
1704873726.239 4595
1704873726.526 4598
1704873726.814 4599
1704873727.113 4603
1704873727.411 4608
1704873727.692 4614
1704873727.977 4616
1704873728.266 4620
1704873728.553 4629
1704873728.857 4639
1704873729.217 4650
1704873729.505 4653
1704873729.783 4655
1704873730.101 4655
1704873730.376 4655
1704873730.643 4655
1704873730.932 4655
1704873731.206 4655
1704873731.479 4655
1704873731.755 4655
1704873732.029 4655
1704873732.301 4655
1704873732.576 4655
1704873732.864 4655
1704873733.144 4655
1704873733.435 4655
1704873733.741 4655
1704873734.056 4655
1704873734.327 4655
1704873734.602 4655
1704873734.874 4655
1704873735.203 4655
1704873735.501 4655
1704873735.784 4655
1704873736.065 4655
1704873736.355 4657
1704873736.645 4657
1704873736.937 4657
1704873737.233 4657
1704873737.609 4657
1704873737.937 4657
1704873738.229 4657
1704873738.551 4657
1704873738.838 4659
1704873739.169 4659
1704873739.440 4659
1704873739.738 4659
1704873740.043 4659
1704873740.335 4659
1704873740.624 4659
1704873740.977 4659
1704873741.263 4659
1704873741.559 4659
1704873741.846 4659
1704873742.126 4664
1704873742.420 4675
1704873742.717 4687
1704873743.013 4693
1704873743.327 4695
1704873743.675 4699
1704873744.015 4705
1704873744.301 4715
1704873744.598 4762
1704873744.883 4764
1704873745.171 4766
1704873745.455 4770
1704873745.741 4774
1704873746.072 4780
1704873746.381 4787
1704873746.650 4796
1704873746.934 4875
1704873747.216 4929
1704873747.519 5013
1704873747.836 5052
1704873748.124 5087
1704873748.448 5111
1704873748.734 5133
1704873749.027 5154
1704873749.316 5157
1704873749.618 5161
1704873749.904 5167
1704873750.183 5170
1704873750.469 5170
1704873750.755 5170
1704873751.048 5170
1704873751.335 5172
1704873751.619 5183
1704873751.912 5183
1704873752.209 5183
1704873752.528 5183
1704873752.821 5183
1704873753.127 5183
1704873753.427 5188
1704873753.702 5196
1704873753.985 5196
1704873754.295 5197
1704873754.583 5197
1704873754.859 5197
1704873755.147 5197
1704873755.436 5197
1704873755.718 5197
1704873756.012 5198
1704873756.285 5199
1704873756.559 5200
1704873756.845 5202
1704873757.128 5203
1704873757.417 5203
1704873757.694 5203
1704873757.989 5206
1704873758.279 5206
1704873758.595 5206
1704873758.881 5210
1704873759.185 5214
1704873759.474 5214
1704873759.773 5214
1704873760.041 5214
1704873760.337 5225
1704873760.634 5251
1704873760.931 5256
1704873761.230 5269
1704873761.526 5289
1704873761.811 5303
1704873762.100 5311
1704873762.385 5311
1704873762.673 5316
1704873762.958 5316
1704873763.236 5316
1704873763.514 5320
1704873763.817 5320
1704873764.088 5321
1704873764.390 5322
1704873764.679 5322
1704873764.973 5322
1704873765.265 5322
1704873765.561 5325
1704873765.867 5326
1704873766.151 5326
1704873766.441 5326
1704873766.731 5326
1704873767.028 5326
1704873767.314 5326
1704873767.586 5326
1704873767.859 5326
1704873768.126 5326
1704873768.394 5326
1704873768.666 5326
1704873768.935 5326
1704873769.236 5326
1704873769.496 5326
1704873769.772 5326
1704873770.061 5326
1704873770.373 5326
1704873770.670 5326
1704873770.934 5326
1704873771.241 5326
1704873771.517 5326
1704873771.803 5326
1704873772.094 5326
1704873772.379 5326
1704873772.667 5326
1704873772.952 5326
1704873773.238 5326
1704873773.522 5326
1704873773.788 5326
1704873774.059 5326
1704873774.353 5326
1704873774.650 5326
1704873774.925 5326
1704873775.255 5326
1704873775.544 5326
1704873775.829 5326
1704873776.118 5326
1704873776.411 5326
1704873776.696 5326
1704873776.981 5326
1704873777.307 5326
1704873777.605 5326
1704873777.895 5326
1704873778.189 5326
1704873778.472 5373
1704873778.749 5483
1704873779.035 5504
1704873779.312 5537
1704873779.648 5577
1704873779.940 5593
1704873780.230 5600
1704873780.518 5606
1704873780.812 5614
1704873781.095 5618
1704873781.389 5622
1704873781.655 5628
1704873781.931 5631
1704873782.212 5631
1704873782.499 5631
1704873782.774 5635
1704873783.052 5636
1704873783.363 5639
1704873783.634 5649
1704873783.913 5657
1704873784.204 5663
1704873784.495 5671
1704873784.775 5677
1704873785.062 5684
1704873785.359 5697
1704873785.655 5727
1704873785.946 5759
1704873786.236 5771
1704873786.570 5818
1704873786.857 5833
1704873787.149 5855
1704873787.455 5911
1704873787.731 5923
1704873788.011 5925
1704873788.289 5925
1704873788.570 5925
1704873788.847 5925
1704873789.131 5925
1704873789.446 5925
1704873789.706 5925
1704873789.995 5925
1704873790.267 5925
1704873790.544 5925
1704873790.827 5926
1704873791.102 5926
1704873791.386 5927
1704873791.672 5930
1704873792.020 5943
1704873792.326 5948
1704873792.614 5968
1704873792.894 5980
1704873793.180 5981
1704873793.453 5983
1704873793.747 5995
1704873794.025 6007
1704873794.314 6018
1704873794.600 6027
1704873794.877 6027
1704873795.166 6044
1704873795.436 6044
1704873795.720 6044
1704873796.012 6044
1704873796.281 6044
1704873796.565 6044
1704873796.848 6050
1704873797.150 6054
1704873797.498 6068
1704873797.777 6073
1704873798.091 6077
1704873798.388 6085
1704873798.676 6091
1704873798.969 6095
1704873799.259 6097
1704873799.575 6098
1704873799.890 6102
1704873800.196 6106
1704873800.533 6106
1704873800.826 6106
1704873801.122 6109
1704873801.404 6109
1704873801.722 6109
1704873802.026 6120
1704873802.311 6124
1704873802.605 6131
1704873802.852 6138
1704873803.126 6147
1704873803.408 6159
1704873803.695 6169
1704873803.983 6181
1704873804.308 6190
1704873804.604 6204
1704873804.905 6204
1704873805.220 6205
1704873805.566 6205
1704873805.843 6205
1704873806.126 6205
1704873806.412 6205
1704873806.722 6205
1704873807.004 6205
1704873807.277 6205
1704873807.562 6205
1704873807.843 6205
1704873808.118 6205
1704873808.414 6207
1704873808.699 6213
1704873808.979 6218
1704873809.272 6218
1704873809.545 6222
1704873809.819 6227
1704873810.096 6229
1704873810.378 6234
1704873810.683 6242
1704873810.981 6250
1704873811.277 6262
1704873811.560 6274
1704873811.873 6292
1704873812.181 6304
1704873812.456 6310
1704873812.750 6317
1704873813.020 6324
1704873813.302 6329
1704873813.580 6339
1704873813.874 6344
1704873814.158 6359
1704873814.435 6359
1704873814.704 6360
1704873814.987 6364
1704873815.265 6364
1704873815.539 6368
1704873815.838 6445
1704873816.117 6445
1704873816.406 6445
1704873816.682 6445
1704873816.941 6445
1704873817.221 6445
1704873817.464 6445
1704873817.727 6445
1704873818.051 6450
1704873818.315 6453
1704873818.609 6453
1704873818.889 6453
1704873819.163 6454
1704873819.457 6454
1704873819.755 6455
1704873820.051 6456
1704873820.324 6457
1704873820.604 6457
1704873820.911 6457
1704873821.228 6457
1704873821.513 6457
1704873821.790 6457
1704873822.071 6457
1704873822.329 6458
1704873822.605 6458
1704873822.877 6458
1704873823.156 6458
1704873823.441 6458
1704873823.720 6458
1704873823.998 6458
1704873824.275 6459
1704873824.550 6459
1704873824.847 6459
1704873825.132 6459
1704873825.401 6459
1704873825.698 6461
1704873825.976 6461
1704873826.278 6461
1704873826.575 6461
1704873826.850 6461
1704873827.174 6461
1704873827.452 6461
1704873827.731 6462
1704873828.018 6462
1704873828.322 6462
1704873828.607 6462
1704873828.915 6462
1704873829.178 6462
1704873829.444 6462
1704873829.702 6463
1704873829.960 6463
1704873830.244 6463
1704873830.517 6463
1704874005.012 274
1704874005.306 274
1704874005.586 274
1704874005.902 275
1704874006.439 275
1704874006.824 284
1704874007.115 285
1704874007.414 286
1704874007.732 288
1704874008.030 288
1704874008.331 289
1704874008.627 292
1704874008.966 336
1704874009.297 373
1704874009.625 600
1704874010.002 750
1704874010.332 851
1704874010.646 884
1704874010.964 931
1704874011.279 945
1704874011.563 951
1704874011.860 979
1704874012.154 986
1704874012.442 1015
1704874012.727 1037
1704874013.018 1077
1704874013.314 1155
1704874013.607 1196
1704874013.893 1231
1704874014.169 1251
1704874014.441 1265
1704874014.775 1272
1704874015.096 1277
1704874015.437 1288
1704874015.710 1292
1704874015.982 1296
1704874016.288 1304
1704874016.580 1310
1704874016.866 1320
1704874017.155 1322
1704874017.463 1326
1704874017.756 1335
1704874018.050 1346
1704874018.346 1347
1704874018.645 1348
1704874018.951 1356
1704874019.252 1356
1704874019.540 1361
1704874019.837 1388
1704874020.188 1429
1704874020.482 1503
1704874020.765 1541
1704874021.104 1545
1704874021.405 1563
1704874021.749 1564
1704874022.042 1564
1704874022.389 1564
1704874022.742 1565
1704874023.045 1565
1704874023.331 1566
1704874023.621 1566
1704874023.917 1566
1704874024.201 1566
1704874024.504 1566
1704874024.766 1567
1704874025.127 1568
1704874025.439 1568
1704874025.722 1569
1704874026.014 1569
1704874026.308 1569
1704874026.594 1569
1704874026.892 1569
1704874027.190 1569
1704874027.487 1569
1704874027.782 1569
1704874028.071 1572
1704874028.351 1577
1704874028.639 1617
1704874028.917 1693
1704874029.224 1927
1704874029.512 2008
1704874029.792 2100
1704874030.054 2138
1704874030.333 2154
1704874030.611 2185
1704874030.939 2207
1704874031.260 2223
1704874031.549 2238
1704874031.833 2249
1704874032.110 2256
1704874032.420 2269
1704874032.750 2286
1704874033.055 2293
1704874033.325 2310
1704874033.628 2338
1704874033.953 2415
1704874034.261 2455
1704874034.599 2546
1704874034.886 2584
1704874035.172 2626
1704874035.464 2682
1704874035.763 2747
1704874036.042 2766
1704874036.352 2771
1704874036.640 2773
1704874036.941 2773
1704874037.220 2773
1704874037.538 2773
1704874037.834 2775
1704874038.124 2782
1704874038.436 2788
1704874038.744 2803
1704874039.059 2807
1704874039.355 2839
1704874039.666 2854
1704874039.952 2873
1704874040.230 2895
1704874040.515 2905
1704874040.798 2912
1704874041.083 2912
1704874041.359 2920
1704874041.685 2920
1704874041.971 2920
1704874042.259 2920
1704874042.562 2937
1704874042.846 2946
1704874043.140 3012
1704874043.445 3039
1704874043.737 3057
1704874044.079 3121
1704874044.383 3156
1704874044.702 3209
1704874044.971 3230
1704874045.258 3264
1704874045.577 3285
1704874045.890 3311
1704874046.172 3366
1704874046.453 3400
1704874046.744 3424
1704874047.032 3432
1704874047.321 3441
1704874047.600 3495
1704874047.922 3528
1704874048.192 3544
1704874048.490 3566
1704874048.756 3605
1704874049.030 3621
1704874049.311 3637
1704874049.593 3650
1704874049.904 3651
1704874050.206 3664
1704874050.502 3684
1704874050.789 3704
1704874051.096 3727
1704874051.381 3743
1704874051.666 3764
1704874051.952 3767
1704874052.243 3767
1704874052.531 3769
1704874052.825 3769
1704874053.093 3770
1704874053.380 3770
1704874053.688 3770
1704874053.994 3770
1704874054.290 3773
1704874054.590 3773
1704874054.877 3773
1704874055.165 3773
1704874055.447 3773
1704874055.733 3774
1704874056.042 3774
1704874056.330 3774
1704874056.620 3778
1704874056.912 3778
1704874057.202 3778
1704874057.511 3779
1704874057.808 3781
1704874058.134 3782
1704874058.427 3783
1704874058.731 3785
1704874059.021 3794
1704874059.301 3797
1704874059.606 3802
1704874059.898 3806
1704874060.178 3817
1704874060.464 3820
1704874060.752 3820
1704874061.017 3820
1704874061.320 3820
1704874061.610 3820
1704874061.895 3822
1704874062.202 3840
1704874062.479 3858
1704874062.769 3858
1704874063.049 3858
1704874063.330 3858
1704874063.622 3858
1704874063.909 3858
1704874064.284 3859
1704874064.594 3859
1704874064.896 3869
1704874065.184 3873
1704874065.474 3873
1704874065.781 3873
1704874066.072 3873
1704874066.359 3873
1704874066.651 3873
1704874066.964 3873
1704874067.261 3873
1704874067.601 3873
1704874067.897 3873
1704874068.221 3873
1704874068.525 3873
1704874068.817 3873
1704874069.110 3874
1704874069.394 3876
1704874069.699 3876
1704874069.986 3876
1704874070.276 3876
1704874070.558 3876
1704874070.850 3876
1704874071.134 3877
1704874071.416 3877
1704874071.716 3877
1704874071.991 3877
1704874072.285 3877
1704874072.589 3881
1704874072.879 3889
1704874073.191 3898
1704874073.512 3898
1704874073.812 3908
1704874074.117 3913
1704874074.427 3920
1704874074.731 3926
1704874075.043 3935
1704874075.365 3951
1704874075.661 3970
1704874075.961 3989
1704874076.292 4006
1704874076.591 4007
1704874076.922 4012
1704874077.190 4013
1704874077.508 4014
1704874077.819 4014
1704874078.096 4014
1704874078.373 4014
1704874078.654 4015
1704874078.931 4020
1704874079.195 4020
1704874079.469 4020
1704874079.731 4020
1704874080.010 4020
1704874080.283 4021
1704874080.552 4021
1704874080.842 4021
1704874081.157 4021
1704874081.461 4021
1704874081.740 4024
1704874082.024 4024
1704874082.307 4024
1704874082.586 4024
1704874082.833 4024
1704874083.107 4024
1704874083.355 4026
1704874083.629 4026
1704874083.915 4026
1704874084.202 4026
1704874084.464 4026
1704874084.731 4026
1704874085.006 4026
1704874085.321 4026
1704874085.590 4026
1704874085.893 4026
1704874086.159 4026
1704874086.420 4026
1704874086.689 4027
1704874086.955 4028
1704874087.227 4035
1704874087.509 4044
1704874087.793 4052
1704874088.102 4119
1704874088.456 4226
1704874088.807 4280
1704874089.095 4296
1704874089.379 4322
1704874089.682 4330
1704874090.004 4335
1704874090.268 4344
1704874090.560 4354
1704874090.850 4374
1704874091.138 4397
1704874091.415 4415
1704874091.697 4438
1704874091.982 4458
1704874092.266 4474
1704874092.562 4489
1704874092.926 4500
1704874093.206 4506
1704874093.482 4519
1704874093.751 4537
1704874094.056 4548
1704874094.342 4558
1704874094.617 4559
1704874094.900 4560
1704874095.204 4566
1704874095.497 4566
1704874095.841 4569
1704874096.121 4574
1704874096.403 4576
1704874096.680 4583
1704874096.976 4589
1704874097.302 4602
1704874097.582 4611
1704874097.857 4620
1704874098.135 4629
1704874098.428 4638
1704874098.709 4658
1704874098.992 4667
1704874099.284 4672
1704874099.584 4673
1704874099.879 4673
1704874100.170 4680
1704874100.453 4687
1704874100.753 4687
1704874101.044 4688
1704874101.350 4698
1704874101.653 4702
1704874101.942 4721
1704874102.233 4730
1704874102.556 4745
1704874102.861 4765
1704874103.138 4769
1704874103.433 4782
1704874103.743 4799
1704874104.033 4815
1704874104.332 4826
1704874104.629 4827
1704874104.929 4830
1704874105.225 4893
1704874105.513 4942
1704874105.800 4959
1704874106.077 4968
1704874106.358 4971
1704874106.653 5003
1704874106.938 5023
1704874107.240 5029
1704874107.502 5031
1704874107.782 5035
1704874108.066 5042
1704874108.342 5042
1704874108.629 5042
1704874108.919 5042
1704874109.190 5042
1704874109.469 5042
1704874109.754 5042
1704874110.034 5042
1704874110.323 5044
1704874110.616 5050
1704874110.916 5053
1704874111.200 5057
1704874111.480 5059
1704874111.745 5061
1704874112.022 5075
1704874112.296 5083
1704874112.570 5086
1704874112.850 5088
1704874113.142 5096
1704874113.418 5129
1704874113.705 5172
1704874113.996 5250
1704874114.284 5282
1704874114.565 5343
1704874114.846 5358
1704874115.135 5362
1704874115.423 5366
1704874115.729 5376
1704874116.019 5384
1704874116.304 5384
1704874116.582 5384
1704874116.864 5384
1704874117.157 5384
1704874117.449 5384
1704874117.748 5384
1704874118.018 5384
1704874118.302 5384
1704874118.585 5384
1704874118.871 5384
1704874119.161 5384
1704874119.473 5384
1704874119.785 5384
1704874120.057 5384
1704874120.353 5384
1704874120.639 5384
1704874120.933 5384
1704874121.270 5384
1704874121.578 5384
1704874121.861 5384
1704874122.144 5384
1704874122.427 5384
1704874122.702 5384
1704874122.987 5389
1704874123.268 5397
1704874123.543 5398
1704874123.833 5400
1704874124.123 5402
1704874124.416 5402
1704874124.758 5402
1704874125.057 5402
1704874125.343 5402
1704874125.635 5402
1704874125.915 5410
1704874126.223 5415
1704874126.509 5416
1704874126.784 5416
1704874127.071 5416
1704874127.365 5416
1704874127.652 5417
1704874127.937 5428
1704874128.207 5428
1704874128.492 5428
1704874128.776 5428
1704874129.063 5428
1704874129.354 5428
1704874129.634 5429
1704874129.925 5431
1704874130.214 5431
1704874130.509 5434
1704874130.791 5435
1704874131.088 5438
1704874131.373 5438
1704874131.658 5438
1704874131.935 5438
1704874132.221 5438
1704874132.486 5438
1704874132.762 5439
1704874133.060 5439
1704874133.321 5439
1704874133.609 5439
1704874133.904 5439
1704874134.176 5441
1704874134.468 5441
1704874134.748 5441
1704874135.008 5441
1704874135.290 5441
1704874135.584 5441
1704874135.854 5441
1704874136.145 5441
1704874136.424 5441
1704874136.700 5441
1704874137.000 5441
1704874137.288 5441
1704874137.563 5441
1704874137.850 5442
1704874138.138 5480
1704874138.428 5483
1704874138.713 5483
1704874139.028 5487
1704874139.311 5487
1704874139.609 5487
1704874139.880 5487
1704874140.197 5488
1704874140.468 5488
1704874140.746 5488
1704874141.041 5489
1704874141.318 5489
1704874141.635 5508
1704874141.912 5510
1704874142.176 5510
1704874142.451 5510
1704874142.727 5510
1704874143.031 5510
1704874143.278 5510
1704874143.624 5512
1704874143.958 5512
1704874144.254 5514
1704874144.560 5542
1704874144.905 5551
1704874145.186 5587
1704874145.472 5612
1704874145.769 5673
1704874146.042 5674
1704874146.318 5674
1704874146.606 5674
1704874146.904 5674
1704874147.212 5674
1704874147.499 5674
1704874147.791 5674
1704874148.097 5701
1704874148.406 5706
1704874148.741 5710
1704874149.044 5712
1704874149.325 5717
1704874149.607 5717
1704874149.889 5717
1704874150.181 5717
1704874150.465 5717
1704874150.748 5718
1704874151.033 5718
1704874151.326 5719
1704874151.628 5726
1704874151.914 5734
1704874152.213 5746
1704874152.479 5754
1704874152.773 5773
1704874153.057 5782
1704874153.336 5790
1704874153.629 5795
1704874153.911 5800
1704874154.197 5807
1704874154.486 5817
1704874154.776 5818
1704874155.058 5819
1704874155.392 5829
1704874155.736 5831
1704874156.018 5832
1704874156.291 5832
1704874156.574 5833
1704874156.853 5833
1704874157.134 5833
1704874157.420 5833
1704874157.698 5836
1704874157.978 5837
1704874158.257 5837
1704874158.543 5837
1704874158.823 5837
1704874159.130 5837
1704874159.416 5837
1704874159.703 5838
1704874159.993 5898
1704874160.303 5898
1704874160.579 5899
1704874160.884 5903
1704874161.175 5903
1704874161.457 5903
1704874161.729 5903
1704874162.011 5904
1704874162.305 5911
1704874162.582 5920
1704874162.878 5926
1704874163.183 5932
1704874163.516 5936
1704874163.822 5938
1704874164.114 5939
1704874164.395 5940
1704874164.716 5951
1704874165.034 5959
1704874165.319 5960
1704874165.633 5962
1704874165.935 5964
1704874166.262 5967
1704874166.553 5970
1704874166.864 5971
1704874167.157 5972
1704874167.443 5972
1704874167.775 5972
1704874168.051 5972
1704874168.347 5972
1704874168.651 5972
1704874168.937 5972
1704874169.228 5972
1704874169.533 5972
1704874169.897 5972
1704874170.211 5975
1704874170.516 5977
1704874170.795 5980
1704874171.084 5984
1704874171.366 5988
1704874171.661 5994
1704874171.961 5999
1704874172.291 6003
1704874172.569 6005
1704874172.854 6006
1704874173.152 6007
1704874173.451 6009
1704874173.721 6018
1704874174.020 6040
1704874174.288 6060
1704874174.593 6078
1704874174.873 6099
1704874175.175 6099
1704874175.439 6103
1704874175.723 6106
1704874176.027 6115
1704874176.298 6123
1704874176.594 6140
1704874176.932 6145
1704874177.284 6156
1704874177.557 6171
1704874177.827 6177
1704874178.095 6182
1704874178.377 6184
1704874178.675 6185
1704874178.964 6187
1704874179.241 6187
1704874179.518 6187
1704874179.793 6188
1704874180.085 6193
1704874180.370 6193
1704874180.653 6193
1704874180.939 6196
1704874181.228 6196
1704874181.514 6203
1704874181.809 6229
1704874182.113 6248
1704874182.427 6269
1704874182.742 6275
1704874183.010 6286
1704874183.291 6297
1704874183.577 6308
1704874183.854 6320
1704874184.141 6333
1704874184.425 6351
1704874184.735 6367
1704874185.020 6372
1704874185.301 6378
1704874185.575 6385
1704874185.864 6393
1704874186.156 6399
1704874186.449 6402
1704874186.740 6404
1704874187.018 6407
1704874187.292 6418
1704874187.574 6425
1704874187.880 6430
1704874188.158 6430
1704874188.439 6430
1704874188.753 6430
1704874189.040 6430
1704874189.339 6431
1704874189.630 6431
1704874189.909 6431
1704874190.214 6431
1704874190.501 6431
1704874190.797 6431
1704874191.096 6431
1704874191.400 6431
1704874191.696 6431
1704874191.994 6431
1704874192.285 6431
1704874192.617 6431
1704874192.955 6431
1704874193.296 6431
1704874193.571 6431
1704874193.858 6431
1704874194.142 6431
1704874194.409 6431
1704874194.688 6431
1704874194.969 6431
1704874195.244 6431
1704874195.524 6431
1704874195.804 6432
1704874196.089 6432
1704874196.372 6432
1704874196.658 6434
1704874196.948 6440
1704874197.239 6441
1704874197.557 6442
1704874197.866 6442
1704874198.129 6442
1704874198.416 6442
1704874198.759 6442
1704874199.079 6442
1704874199.360 6442
1704874199.678 6442
1704874199.961 6442
1704874200.248 6442
1704874200.531 6442
1704874200.820 6442
1704874201.098 6442
1704874201.376 6442
1704874201.683 6442
1704874201.960 6442
1704874202.247 6442
1704874202.527 6442
1704874202.798 6442
1704874203.074 6442
1704874203.362 6442
1704874203.649 6442
1704874203.934 6442
1704874204.216 6443
1704874204.503 6443
1704874204.791 6444
1704874205.074 6454
1704874205.365 6467
1704874205.653 6476
1704874205.945 6478
1704874206.227 6488
1704874206.517 6503
1704874206.804 6517
1704874207.126 6535
1704874207.429 6552
1704874207.720 6567
1704874208.021 6571
1704874208.286 6582
1704874208.584 6590
1704874208.863 6594
1704874209.153 6596
1704874209.444 6602
1704874209.733 6605
1704874210.025 6609
1704874210.317 6613
1704874210.608 6617
1704874210.897 6622
1704874211.183 6622
1704874211.470 6622
1704874211.754 6623
1704874212.051 6632
1704874212.338 6635
1704874212.617 6641
1704874212.903 6644
1704874213.182 6645
1704874213.470 6654
1704874213.746 6664
1704874214.031 6667
1704874214.328 6668
1704874214.700 6669
1704874215.017 6669
1704874215.301 6669
1704874215.586 6669
1704874215.916 6671
1704874216.214 6673
1704874216.530 6673
1704874216.876 6673
1704874217.175 6673
1704874217.479 6674
1704874217.786 6674
1704874218.088 6674
1704874218.380 6674
1704874218.674 6674
1704874218.952 6674
1704874219.242 6674
1704874219.588 6674
1704874219.878 6674
1704874220.160 6674
1704874220.460 6674
1704874220.752 6688
1704874221.031 6689
1704874221.322 6689
1704874221.610 6689
1704874221.906 6693
1704874222.199 6693
1704874222.476 6693
1704874222.771 6693
1704874223.057 6693
1704874223.341 6693
1704874223.629 6693
1704874223.911 6695
1704874224.225 6696
1704874224.577 6699
1704874224.852 6700
1704874225.118 6702
1704874225.394 6703
1704874225.675 6705
1704874225.960 6710
1704874226.261 6713
1704874226.526 6713
1704874226.808 6714
1704874227.107 6714
1704874227.368 6714
1704874227.652 6714
1704874227.933 6715
1704874228.223 6715
1704874228.478 6716
1704874228.766 6716
1704874229.067 6716
1704874229.386 6716
1704874229.695 6717
1704874229.987 6717
1704874230.286 6717
1704874230.571 6724
1704874230.852 6724
1704874231.138 6724
1704874231.395 6735
1704874231.668 6739
1704874231.953 6739
1704874232.236 6739
1704874232.517 6739
1704874232.799 6739
1704874233.088 6739
1704874233.377 6739
1704874233.702 6739
1704874233.982 6739
1704874234.265 6739
1704874234.559 6739
1704874234.863 6739
1704874235.157 6739
1704874235.441 6739
1704874235.730 6739
1704874236.009 6739
1704874236.334 6739
1704874236.657 6739
1704874236.943 6739
1704874237.294 6739
1704874237.609 6739
1704874237.904 6739
1704874238.201 6739
1704874238.520 6739
1704874238.803 6741
1704874239.097 6741
1704874239.380 6741
1704874239.667 6741
1704874239.958 6741
1704874240.246 6741
1704874240.615 6741
1704874240.882 6741
1704874241.236 6741
1704874241.497 6741
1704874241.789 6741
1704874242.110 6741
1704874242.421 6741
1704874242.716 6741
1704874242.999 6741
1704874243.288 6741
1704874243.566 6742
1704874243.865 6742
1704874244.229 6742
1704874244.511 6742
1704874244.785 6742
1704874245.064 6742
1704874245.346 6742
1704874245.638 6743
1704874245.934 6744
1704874246.201 6747
1704874246.518 6752
1704874246.826 6755
1704874247.128 6759
1704874247.427 6765
1704874247.789 6773
1704874248.069 6774
1704874248.352 6774
1704874248.644 6774
1704874248.932 6774
1704874249.213 6774
1704874249.572 6774
1704874249.909 6774
1704874250.191 6774
1704874250.494 6774
1704874250.783 6774
1704874251.135 6777
1704874251.430 6783
1704874251.735 6788
1704874251.998 6795
1704874252.329 6805
1704874252.672 6816
1704874252.961 6826
1704874253.250 6837
1704874253.532 6847
1704874253.816 6860
1704874254.110 6865
1704874254.402 6867
1704874254.692 6869
1704874254.966 6869
1704874255.247 6871
1704874255.538 6872
1704874255.826 6872
1704874256.111 6872
1704874256.402 6872
1704874256.719 6872
1704874257.000 6872
1704874257.293 6876
1704874257.617 6876
1704874257.946 6876
1704874258.209 6876
1704874258.509 6876
1704874258.782 6876
1704874259.061 6876
1704874259.343 6876
1704874259.620 6876
1704874259.893 6876
1704874260.180 6876
1704874260.425 6876
1704874260.717 6876
1704874260.997 6876
1704874261.275 6876
1704874261.617 6892
1704874261.882 6892
1704874262.156 6892
1704874262.440 6892
1704874262.717 6892
1704874263.049 6892
1704874263.397 6892
1704874263.684 6892
1704874263.959 6892
1704874264.233 6892
1704874264.518 6892
1704874264.800 6892
1704874265.078 6892
1704874265.356 6892
1704874265.637 6892
1704874265.932 6892
1704874266.239 6893
1704874266.526 6893
1704874266.822 6893
1704874267.114 6893
1704874267.475 6893
1704874267.787 6893
1704874268.071 6893
1704874268.345 6893
1704874268.643 6893
1704874268.919 6895
1704874269.197 6895
1704874269.472 6896
1704874269.755 6897
1704874270.039 6897
1704874270.317 6897
1704874270.625 6897
1704874270.976 6897
1704874271.276 6897
1704874271.582 6900
1704874271.836 6900
1704874272.098 6900
1704874272.352 6900
1704874272.626 6900
1704874272.904 6900
1704874273.217 6900
1704874273.516 6900
1704874273.800 6900
1704874274.077 6900
1704874274.407 6900
1704874274.691 6900
1704874274.975 6900
1704874275.262 6900
1704874275.549 6900
1704874275.845 6900
1704874276.098 6900
1704874276.376 6900
1704874276.660 6900
1704874276.957 6900
1704874277.225 6900
1704874277.503 6903
1704874277.786 6903
1704874278.071 6904
1704874278.348 6904
1704874278.652 6904
1704874278.935 6904
1704874279.215 6904
1704874279.493 6904
1704874279.771 6904
1704874280.051 6904
1704874280.329 6904
1704874280.656 6904
1704874280.942 6904
1704874281.226 6906
1704874281.516 6912
1704874281.795 6915
1704874282.073 6916
1704874282.364 6916
1704874282.659 6916
1704874282.949 6916
1704874283.237 6916
1704874283.569 6916
1704874283.879 6916
1704874284.190 6918
1704874284.488 6923
1704874284.784 6924
1704874285.064 6926
1704874285.385 6926
1704874285.685 6927
1704874285.952 6927
1704874286.213 6927
1704874286.490 6927
1704874286.753 6927
1704874287.077 6927
1704874287.360 6927
1704874287.630 6927
1704874287.915 6927
1704874288.243 6927
1704874288.546 6927
1704874288.837 6928
1704874289.150 6928
1704874289.454 6928
1704874289.821 6928
1704874290.108 6928
1704874290.401 6929
1704874290.677 6930
1704874290.967 6930
1704874291.247 6930
1704874291.529 6930
1704874291.803 6931
1704874292.109 6931
1704874292.400 6931
1704874292.664 6937
1704874292.927 6943
1704874293.219 6943
1704874293.509 6943
1704874293.853 6943
1704874294.172 6943
1704874294.480 6943
1704874294.792 6943
1704874295.108 6943
1704874295.396 6943
1704874295.701 6943
1704874296.014 6943
1704874296.294 6943
1704874296.584 6943
1704874296.883 6944
1704874297.189 6944
1704874297.504 6944
1704874297.804 6944
1704874298.094 6944
1704874298.389 6944
1704874298.670 6944
1704874298.964 6944
1704874299.269 6944
1704874299.555 6944
1704874299.826 6944
1704874300.098 6944
1704874300.387 6944
1704874300.668 6944
1704874300.963 6950
1704874301.245 6950
1704874301.530 6950
1704874301.894 6950
1704874302.153 6950
1704874302.425 6950
1704874302.699 6950
1704874302.979 6950
1704874303.264 6950
1704874303.550 6950
1704874303.832 6950
1704874304.117 6950
1704874304.403 6950
1704874304.666 6950
1704874304.952 6950
1704874305.228 6950
1704874305.500 6951
1704874305.786 6955
1704874306.071 6957
1704874306.366 6957
1704874306.646 6957
1704874306.943 6957
1704874307.218 6957
1704874307.506 6957
1704874307.803 6957
1704874308.095 6957
1704874308.381 6957
1704874308.669 6957
1704874308.954 6958
1704874309.235 6958
1704874309.510 6958
1704874309.795 6958
1704874310.073 6958
1704874310.454 6958
1704874310.778 6958
1704874311.082 6958
1704874311.342 6961
1704874311.614 6961
1704874311.898 6963
1704874312.184 6964
1704874312.467 6964
1704874312.750 6964
1704874313.034 6965
1704874313.321 6966
