1704873145.617 275
1704873145.924 275
1704873146.190 275
1704873146.471 275
1704873146.799 275
1704873147.286 275
1704873147.657 287
1704873147.982 289
1704873148.316 290
1704873148.597 291
1704873148.938 291
1704873149.233 292
1704873149.529 294
1704873149.881 543
1704873150.197 764
1704873150.484 1051
1704873150.831 1152
1704873151.141 1193
1704873151.440 1240
1704873151.781 1251
1704873152.130 1262
1704873152.426 1265
1704873152.717 1265
1704873153.013 1267
1704873153.308 1282
1704873153.643 1289
1704873153.919 1293
1704873154.245 1293
1704873154.605 1293
1704873154.895 1299
1704873155.254 1309
1704873155.584 1324
1704873155.852 1333
1704873156.140 1342
1704873156.456 1365
1704873156.788 1382
1704873157.075 1382
1704873157.389 1393
1704873157.664 1401
1704873157.953 1404
1704873158.250 1411
1704873158.535 1411
1704873158.816 1422
1704873159.131 1447
1704873159.419 1477
1704873159.718 1526
1704873159.998 1563
1704873160.307 1599
1704873160.592 1616
1704873160.877 1631
1704873161.155 1636
1704873161.462 1640
1704873161.745 1642
1704873162.019 1650
1704873162.302 1658
1704873162.586 1671
1704873162.855 1682
1704873163.138 1708
1704873163.413 1723
1704873163.698 1725
1704873163.968 1729
1704873164.244 1729
1704873164.520 1732
1704873164.780 1733
1704873165.055 1734
1704873165.319 1734
1704873165.606 1734
1704873165.908 1737
1704873166.182 1738
1704873166.504 1740
1704873166.788 1742
1704873167.104 1742
1704873167.387 1742
1704873167.669 1743
1704873167.978 1744
1704873168.272 1746
1704873168.574 1750
1704873168.859 1754
1704873169.142 1761
1704873169.450 1797
1704873169.727 1818
1704873170.023 1862
1704873170.315 1876
1704873170.601 1876
1704873170.891 1879
1704873171.180 1893
1704873171.461 1893
1704873171.776 1893
1704873172.070 1895
1704873172.350 1904
1704873172.644 1934
1704873172.928 1955
1704873173.220 1973
1704873173.517 1993
1704873173.807 1995
1704873174.066 1997
1704873174.351 2009
1704873174.672 2020
1704873174.942 2020
1704873175.208 2020
1704873175.519 2020
1704873175.785 2020
1704873176.051 2020
1704873176.319 2021
1704873176.582 2022
1704873176.861 2025
1704873177.128 2029
1704873177.402 2032
1704873177.676 2043
1704873177.942 2054
1704873178.219 2061
1704873178.513 2067
1704873178.846 2073
1704873179.133 2086
1704873179.425 2100
1704873179.705 2135
1704873180.023 2224
1704873180.307 2328
1704873180.590 2386
1704873180.849 2418
1704873181.124 2442
1704873181.413 2444
1704873181.692 2449
1704873181.990 2454
1704873182.296 2468
1704873182.585 2506
1704873182.883 2562
1704873183.178 2633
1704873183.464 2655
1704873183.812 2672
1704873184.115 2676
1704873184.458 2743
1704873184.734 2798
1704873185.072 2882
1704873185.359 2935
1704873185.647 2969
1704873185.931 2998
1704873186.198 3005
1704873186.463 3005
1704873186.755 3010
1704873187.112 3019
1704873187.377 3029
1704873187.702 3052
1704873188.003 3090
1704873188.288 3133
1704873188.575 3188
1704873188.851 3220
1704873189.123 3234
1704873189.420 3265
1704873189.703 3284
1704873189.982 3295
1704873190.273 3304
1704873190.529 3308
1704873190.808 3310
1704873191.114 3313
1704873191.408 3325
1704873191.697 3341
1704873191.985 3341
1704873192.258 3344
1704873192.544 3346
1704873192.826 3363
1704873193.110 3370
1704873193.417 3386
1704873193.705 3396
1704873193.992 3402
1704873194.284 3402
1704873194.574 3402
1704873194.894 3402
1704873195.214 3402
1704873195.506 3402
1704873195.766 3402
1704873196.058 3402
1704873196.372 3402
1704873196.695 3402
1704873196.993 3402
1704873197.287 3402
1704873197.571 3402
1704873197.855 3402
1704873198.143 3402
1704873198.416 3402
1704873198.685 3402
1704873198.980 3402
1704873199.249 3402
1704873199.522 3402
1704873199.808 3402
1704873200.088 3402
1704873200.370 3402
1704873200.655 3402
1704873200.982 3402
1704873201.264 3405
1704873201.558 3454
1704873201.847 3475
1704873202.127 3489
1704873202.419 3506
1704873202.713 3535
1704873202.988 3572
1704873203.294 3626
1704873203.567 3689
1704873203.847 3800
1704873204.138 3884
1704873204.432 3949
1704873204.712 4025
1704873205.001 4065
1704873205.312 4077
1704873205.601 4106
1704873205.979 4128
1704873206.271 4147
1704873206.575 4158
1704873206.879 4186
1704873207.180 4203
1704873207.456 4224
1704873207.743 4250
1704873208.031 4291
1704873208.339 4321
1704873208.633 4351
1704873208.887 4357
1704873209.162 4366
1704873209.460 4370
1704873209.749 4372
1704873210.037 4372
1704873210.322 4377
1704873210.605 4385
1704873210.878 4385
1704873211.171 4385
1704873211.461 4385
1704873211.740 4385
1704873212.023 4432
1704873212.295 4432
1704873212.616 4432
1704873212.884 4432
1704873213.145 4432
1704873213.435 4432
1704873213.717 4432
1704873214.004 4432
1704873214.297 4432
1704873214.585 4432
1704873214.885 4432
1704873215.193 4433
1704873215.538 4433
1704873215.803 4433
1704873216.101 4433
1704873216.368 4435
1704873216.651 4436
1704873216.953 4436
1704873217.238 4436
1704873217.521 4436
1704873217.844 4436
1704873218.145 4436
1704873218.448 4436
1704873218.753 4436
1704873219.038 4436
1704873219.319 4437
1704873219.663 4437
1704873219.954 4437
1704873220.240 4438
1704873220.526 4439
1704873220.817 4439
1704873221.098 4443
1704873221.380 4443
1704873221.667 4443
1704873221.956 4443
1704873222.241 4443
1704873222.524 4444
1704873222.811 4453
1704873223.100 4481
1704873223.389 4487
1704873223.690 4487
1704873223.949 4487
1704873224.250 4487
1704873224.547 4487
1704873224.830 4487
1704873225.122 4487
1704873225.416 4487
1704873225.702 4487
1704873226.017 4487
1704873226.298 4487
1704873226.592 4487
1704873226.885 4487
1704873227.185 4487
1704873227.474 4487
1704873227.772 4488
1704873228.090 4488
1704873228.391 4488
1704873228.681 4488
1704873228.986 4488
1704873229.294 4488
1704873229.600 4488
1704873229.868 4488
1704873230.156 4488
1704873230.443 4488
1704873230.737 4488
1704873231.049 4488
1704873231.319 4488
1704873231.597 4488
1704873231.886 4497
1704873232.185 4497
1704873232.493 4498
1704873232.814 4498
1704873233.089 4498
1704873233.378 4498
1704873233.674 4498
1704873233.972 4498
1704873234.239 4498
1704873234.510 4498
1704873234.777 4498
1704873235.043 4498
1704873235.321 4498
1704873235.672 4498
1704873235.966 4498
1704873236.246 4498
1704873236.548 4498
1704873236.817 4498
1704873237.098 4498
1704873237.376 4498
1704873237.653 4498
1704873237.930 4498
1704873238.212 4498
1704873238.491 4498
1704873238.781 4499
1704873239.081 4499
1704873239.364 4500
1704873239.655 4501
1704873240.026 4517
1704873240.358 4517
1704873240.676 4517
1704873240.958 4517
1704873241.240 4517
1704873241.519 4518
1704873241.797 4518
1704873242.083 4518
1704873242.360 4518
1704873242.644 4518
1704873242.923 4546
1704873243.214 4554
1704873243.498 4554
1704873243.774 4556
1704873244.067 4558
1704873244.346 4563
1704873244.620 4570
1704873244.893 4581
1704873245.176 4586
1704873245.467 4591
1704873245.754 4608
1704873246.024 4612
1704873246.312 4618
1704873246.595 4632
1704873246.881 4659
1704873247.188 4681
1704873247.454 4714
1704873247.767 4721
1704873248.084 4721
1704873248.346 4721
1704873248.689 4723
1704873248.996 4725
1704873249.293 4725
1704873249.590 4725
1704873249.891 4725
1704873250.197 4729
1704873250.482 4744
1704873250.761 4744
1704873251.052 4744
1704873251.347 4744
1704873251.628 4744
1704873251.940 4744
1704873252.228 4744
1704873252.525 4747
1704873252.820 4763
1704873253.104 4767
1704873253.402 4768
1704873253.688 4772
1704873253.973 4772
1704873254.250 4776
1704873254.532 4781
1704873254.809 4791
1704873255.090 4825
1704873255.404 4831
1704873255.719 4833
1704873256.013 4836
1704873256.322 4841
1704873256.597 4848
1704873256.880 4872
1704873257.171 4909
1704873257.446 4947
1704873257.728 4999
1704873258.014 5100
1704873258.307 5147
1704873258.598 5179
1704873258.906 5216
1704873259.186 5261
1704873259.459 5284
1704873259.766 5297
1704873260.075 5312
1704873260.358 5318
1704873260.639 5321
1704873260.925 5331
1704873261.200 5334
1704873261.478 5337
1704873261.764 5342
1704873262.045 5345
1704873262.322 5350
1704873262.624 5350
1704873262.905 5352
1704873263.184 5352
1704873263.462 5352
1704873263.753 5352
1704873264.027 5352
1704873264.303 5352
1704873264.592 5352
1704873264.887 5352
1704873265.163 5353
1704873265.445 5353
1704873265.742 5353
1704873266.018 5353
1704873266.355 5354
1704873266.645 5354
1704873266.931 5357
1704873267.224 5357
1704873267.571 5357
1704873267.861 5357
1704873268.150 5357
1704873268.429 5357
1704873268.694 5357
1704873268.973 5357
1704873269.241 5357
1704873269.514 5357
1704873269.799 5357
1704873270.077 5357
1704873270.346 5357
1704873270.623 5357
1704873270.895 5358
1704873271.174 5367
1704873271.469 5367
1704873271.739 5367
1704873272.021 5367
1704873272.317 5367
1704873272.605 5369
1704873272.882 5369
1704873273.176 5369
1704873273.459 5369
1704873273.737 5369
1704873274.016 5369
1704873274.299 5369
1704873274.595 5370
1704873274.874 5371
1704873275.146 5371
1704873275.430 5371
1704873275.718 5371
1704873276.037 5371
1704873276.328 5371
1704873276.609 5372
1704873276.890 5374
1704873277.218 5383
1704873277.506 5383
1704873277.789 5383
1704873278.091 5383
1704873278.389 5383
1704873278.704 5383
1704873278.975 5385
1704873279.266 5387
1704873279.568 5387
1704873279.843 5390
1704873280.104 5392
1704873280.365 5395
1704873280.628 5395
1704873280.886 5395
1704873281.165 5395
1704873281.428 5395
1704873281.690 5395
1704873281.969 5399
1704873282.242 5399
1704873282.530 5399
1704873282.811 5399
1704873283.092 5399
1704873283.402 5399
1704873283.708 5399
1704873283.992 5406
1704873284.279 5406
1704873284.568 5407
1704873284.870 5407
1704873285.154 5407
1704873285.453 5407
1704873285.708 5408
1704873285.992 5409
1704873286.275 5409
1704873286.560 5410
1704873286.838 5410
1704873287.190 5410
1704873287.471 5411
1704873287.757 5412
1704873288.032 5415
1704873288.332 5421
1704873288.667 5428
1704873288.991 5442
1704873289.297 5442
1704873289.593 5446
1704873289.874 5447
1704873290.161 5447
1704873290.456 5447
1704873290.723 5447
1704873290.993 5448
1704873291.278 5448
1704873291.555 5450
1704873291.844 5461
1704873292.125 5499
1704873292.434 5501
1704873292.722 5526
1704873293.016 5526
1704873293.317 5527
1704873293.598 5534
1704873293.879 5538
1704873294.164 5538
1704873294.433 5538
1704873294.739 5539
1704873295.016 5539
1704873295.315 5539
1704873295.619 5544
1704873295.933 5548
1704873296.207 5548
1704873296.486 5549
1704873296.758 5549
1704873297.035 5550
1704873297.309 5550
1704873297.608 5554
1704873297.896 5554
1704873298.164 5554
1704873298.433 5556
1704873298.700 5556
1704873298.969 5556
1704873299.235 5556
1704873299.500 5556
1704873299.787 5556
1704873300.071 5556
1704873300.364 5556
1704873300.659 5562
1704873300.945 5583
1704873301.293 5616
1704873301.561 5697
1704873301.850 5713
1704873302.179 5751
1704873302.462 5786
1704873302.740 5800
1704873303.037 5806
1704873303.319 5808
1704873303.615 5808
1704873303.868 5808
1704873304.164 5808
1704873304.442 5808
1704873304.736 5808
1704873305.052 5808
1704873305.325 5808
1704873305.604 5808
1704873305.888 5810
1704873306.168 5810
1704873306.442 5816
1704873306.724 5834
1704873307.014 5850
1704873307.299 5871
1704873307.600 5897
1704873307.881 5907
1704873308.167 5927
1704873308.465 5952
1704873308.733 5954
1704873309.010 5959
1704873309.293 5983
1704873309.579 6004
1704873309.855 6005
1704873310.174 6006
1704873310.484 6006
1704873310.784 6006
1704873311.064 6009
1704873311.334 6013
1704873311.610 6019
1704873311.944 6028
1704873312.251 6034
1704873312.589 6038
1704873312.877 6039
1704873313.182 6043
1704873313.457 6044
1704873313.739 6049
1704873314.017 6059
1704873314.290 6059
1704873314.580 6059
1704873314.941 6059
1704873315.214 6059
1704873315.496 6059
1704873315.783 6059
1704873316.047 6059
1704873316.326 6059
1704873316.603 6059
1704873316.895 6059
1704873317.187 6070
1704873317.493 6090
1704873317.767 6131
1704873318.031 6131
1704873318.338 6148
1704873318.597 6148
1704873318.883 6148
1704873319.183 6149
1704873319.432 6149
1704873319.715 6149
1704873320.007 6149
1704873320.302 6153
1704873320.580 6157
1704873320.870 6161
1704873321.158 6173
1704873321.460 6176
1704873321.758 6177
1704873322.076 6182
1704873322.383 6189
1704873322.700 6197
1704873322.993 6200
1704873323.287 6207
1704873323.571 6215
1704873323.854 6227
1704873324.146 6234
1704873324.456 6239
1704873324.747 6246
1704873325.031 6251
1704873325.319 6258
1704873325.607 6263
1704873325.891 6267
1704873326.190 6270
1704873326.497 6271
1704873326.783 6280
1704873327.069 6281
1704873327.407 6281
1704873327.705 6281
1704873327.985 6281
1704873328.281 6282
1704873328.586 6282
1704873328.869 6282
1704873329.202 6282
1704873329.462 6282
1704873329.759 6282
1704873330.035 6282
1704873330.313 6284
1704873330.603 6285
1704873330.899 6286
1704873331.167 6287
1704873331.454 6295
1704873331.717 6307
1704873331.997 6313
1704873332.281 6315
1704873332.553 6315
1704873332.817 6315
1704873333.082 6315
1704873333.343 6315
1704873333.648 6315
1704873333.927 6315
1704873334.191 6315
1704873334.531 6316
1704873334.795 6316
1704873335.075 6317
1704873335.351 6328
1704873335.644 6341
1704873335.943 6341
1704873336.233 6341
1704873336.506 6341
1704873336.787 6341
1704873337.065 6341
1704873337.353 6341
1704873337.653 6341
1704873337.944 6341
1704873338.227 6341
1704873338.509 6341
1704873338.788 6341
1704873339.086 6341
1704873339.366 6342
1704873339.670 6342
1704873339.953 6342
1704873340.238 6343
1704873340.542 6352
1704873340.842 6368
1704873341.142 6378
1704873341.418 6394
1704873341.706 6397
1704873341.994 6407
1704873342.274 6412
1704873342.548 6424
1704873342.826 6433
1704873343.104 6449
1704873343.386 6455
1704873343.684 6455
1704873343.984 6457
1704873344.269 6458
1704873344.560 6458
1704873344.853 6459
1704873345.155 6466
1704873345.446 6471
1704873345.737 6477
1704873346.035 6489
1704873346.295 6491
1704873346.578 6493
1704873346.892 6497
1704873347.165 6499
1704873347.445 6503
1704873347.729 6504
1704873348.019 6504
1704873348.298 6504
1704873348.577 6505
1704873348.872 6506
1704873349.141 6509
1704873349.443 6513
1704873349.734 6520
1704873350.007 6520
1704873350.292 6521
1704873350.571 6528
1704873350.875 6534
1704873351.196 6539
1704873351.486 6548
1704873351.770 6553
1704873352.100 6559
1704873352.392 6567
1704873352.694 6580
1704873352.991 6588
1704873353.287 6597
1704873353.575 6605
1704873353.850 6609
1704873354.137 6609
1704873354.426 6609
1704873354.723 6609
1704873355.011 6609
1704873355.291 6609
1704873355.576 6609
1704873355.916 6609
1704873356.202 6609
1704873356.495 6609
1704873356.782 6609
1704873357.089 6609
1704873357.391 6610
1704873357.689 6615
1704873357.976 6620
1704873358.253 6625
1704873358.544 6630
1704873358.821 6634
1704873359.103 6637
1704873359.386 6639
1704873359.663 6639
1704873359.940 6639
1704873360.222 6639
1704873360.524 6639
1704873360.797 6639
1704873361.106 6640
1704873361.397 6640
1704873361.682 6640
1704873361.967 6640
1704873362.242 6640
1704873362.514 6640
1704873362.786 6640
1704873363.088 6640
1704873363.368 6640
1704873363.647 6640
1704873363.936 6640
1704873364.199 6640
1704873364.490 6640
1704873364.759 6640
1704873365.037 6640
1704873365.317 6640
1704873365.607 6640
1704873365.976 6640
1704873366.288 6640
1704873366.562 6640
1704873366.875 6640
1704873367.157 6640
1704873367.453 6640
1704873367.744 6640
1704873368.021 6643
1704873368.304 6653
1704873368.571 6655
1704873368.865 6656
1704873369.143 6656
1704873369.440 6656
1704873369.755 6656
1704873370.036 6657
1704873370.328 6657
1704873370.612 6657
1704873370.907 6657
1704873371.232 6657
1704873371.538 6657
1704873371.818 6657
1704873372.142 6657
1704873372.455 6657
1704873372.737 6657
1704873373.039 6657
1704873373.343 6657
1704873373.623 6657
1704873373.908 6657
1704873374.187 6657
1704873374.465 6657
1704873374.767 6657
1704873375.057 6657
1704873375.350 6657
1704873375.656 6658
1704873375.931 6658
1704873376.218 6658
1704873376.501 6667
1704873376.783 6680
1704873377.085 6686
1704873377.330 6686
1704873377.600 6686
1704873377.871 6693
1704873378.143 6695
1704873378.416 6696
1704873378.704 6696
1704873378.987 6698
1704873379.275 6698
1704873379.568 6698
1704873379.817 6698
1704873380.093 6698
1704873380.367 6698
1704873380.657 6698
1704873380.947 6698
1704873381.215 6698
1704873381.563 6704
1704873381.830 6715
1704873382.130 6732
1704873382.429 6756
1704873382.713 6773
1704873382.999 6789
1704873383.276 6795
1704873383.551 6806
1704873383.832 6822
1704873384.107 6830
1704873384.396 6844
1704873384.677 6859
1704873384.959 6867
1704873385.242 6868
1704873385.547 6871
1704873385.858 6874
1704873386.151 6875
1704873386.433 6875
1704873386.710 6875
1704873386.989 6875
1704873387.261 6875
1704873387.535 6875
1704873387.826 6875
1704873388.113 6876
1704873388.406 6876
1704873388.676 6876
1704873388.950 6876
1704873389.229 6876
1704873389.508 6876
1704873389.783 6880
1704873390.068 6882
1704873390.380 6882
1704873390.724 6882
1704873391.014 6882
1704873391.353 6882
1704873391.682 6882
1704873391.958 6882
1704873392.245 6882
1704873392.518 6883
1704873392.810 6883
1704873393.128 6883
1704873393.412 6904
1704873393.689 6904
1704873393.971 6904
1704873394.253 6904
1704873394.534 6904
1704873394.813 6904
1704873395.105 6904
1704873395.398 6908
1704873395.655 6913
1704873395.923 6914
1704873396.218 6916
1704873396.514 6921
1704873396.774 6926
1704873397.042 6933
1704873397.324 6946
1704873397.616 6958
1704873397.876 6978
1704873398.156 6986
1704873398.419 6998
1704873398.699 7012
1704873399.019 7026
1704873399.294 7036
1704873399.586 7041
1704873399.868 7041
1704873400.150 7041
1704873400.434 7041
1704873400.723 7041
1704873401.024 7041
1704873401.301 7041
1704873401.586 7041
1704873401.866 7041
1704873402.143 7042
1704873402.462 7042
1704873402.731 7042
1704873403.018 7042
1704873403.296 7042
1704873403.596 7042
1704873403.873 7042
1704873404.153 7042
1704873404.433 7042
1704873404.723 7042
1704873405.023 7042
1704873405.315 7045
1704873405.605 7048
1704873405.911 7049
1704873406.210 7049
1704873406.530 7053
1704873406.829 7057
1704873407.117 7057
1704873407.427 7058
1704873407.726 7062
1704873408.024 7063
1704873408.351 7063
1704873408.660 7064
1704873408.929 7064
1704873409.222 7079
1704873409.507 7079
1704873409.808 7079
1704873410.105 7079
1704873410.365 7079
1704873410.644 7079
1704873410.921 7079
1704873411.181 7079
1704873411.463 7079
1704873411.761 7079
1704873412.039 7079
1704873412.338 7079
1704873412.629 7079
1704873412.888 7079
1704873413.159 7079
1704873413.466 7079
1704873413.773 7079
1704873414.087 7080
1704873414.381 7080
1704873414.696 7081
1704873414.952 7081
1704873415.231 7081
1704873415.482 7081
1704873415.735 7081
1704873416.025 7081
1704873416.280 7081
