1704875657.276 274
1704875657.621 274
1704875657.923 274
1704875658.214 275
1704875658.496 275
1704875658.890 275
1704875659.292 296
1704875659.702 306
1704875660.010 306
1704875660.313 307
1704875660.612 308
1704875660.920 309
1704875661.265 310
1704875661.650 446
1704875661.961 622
1704875662.291 812
1704875662.594 926
1704875662.900 996
1704875663.211 1017
1704875663.504 1054
1704875663.770 1087
1704875664.073 1124
1704875664.350 1136
1704875664.642 1145
1704875664.937 1155
1704875665.236 1188
1704875665.550 1218
1704875665.897 1232
1704875666.227 1233
1704875666.529 1233
1704875666.811 1251
1704875667.112 1294
1704875667.407 1339
1704875667.704 1369
1704875667.977 1426
1704875668.259 1456
1704875668.518 1484
1704875668.819 1512
1704875669.100 1520
1704875669.388 1537
1704875669.667 1541
1704875669.953 1547
1704875670.257 1553
1704875670.538 1555
1704875670.820 1556
1704875671.099 1557
1704875671.394 1564
1704875671.681 1568
1704875671.973 1578
1704875672.332 1585
1704875672.627 1600
1704875672.913 1605
1704875673.209 1628
1704875673.488 1648
1704875673.781 1676
1704875674.070 1723
1704875674.399 1774
1704875674.691 1789
1704875674.974 1790
1704875675.255 1790
1704875675.539 1790
1704875675.832 1790
1704875676.114 1790
1704875676.424 1790
1704875676.715 1790
1704875677.010 1790
1704875677.322 1795
1704875677.605 1795
1704875677.913 1795
1704875678.200 1795
1704875678.470 1795
1704875678.748 1796
1704875679.017 1796
1704875679.311 1796
1704875679.601 1796
1704875679.890 1796
1704875680.154 1796
1704875680.423 1796
1704875680.718 1798
1704875681.006 1798
1704875681.279 1798
1704875681.538 1799
1704875681.806 1804
1704875682.093 1837
1704875682.358 1911
1704875682.637 1979
1704875682.890 2034
1704875683.156 2088
1704875683.426 2121
1704875683.702 2168
1704875683.984 2203
1704875684.274 2232
1704875684.551 2255
1704875684.835 2272
1704875685.130 2293
1704875685.423 2327
1704875685.695 2346
1704875685.960 2369
1704875686.245 2386
1704875686.558 2403
1704875686.828 2427
1704875687.104 2492
1704875687.411 2551
1704875687.737 2606
1704875688.044 2657
1704875688.336 2689
1704875688.605 2708
1704875688.894 2746
1704875689.205 2759
1704875689.466 2764
1704875689.745 2769
1704875690.020 2778
1704875690.306 2780
1704875690.653 2782
1704875690.958 2786
1704875691.246 2790
1704875691.536 2799
1704875691.839 2806
1704875692.148 2816
1704875692.411 2844
1704875692.693 2869
1704875692.981 2877
1704875693.262 2888
1704875693.561 2891
1704875693.858 2892
1704875694.157 2892
1704875694.443 2892
1704875694.713 2892
1704875695.004 2892
1704875695.323 2895
1704875695.626 2954
1704875695.903 2969
1704875696.189 3044
1704875696.469 3048
1704875696.770 3092
1704875697.072 3142
1704875697.362 3212
1704875697.668 3258
1704875697.934 3292
1704875698.194 3315
1704875698.533 3326
1704875698.808 3336
1704875699.089 3353
1704875699.381 3359
1704875699.650 3370
1704875699.922 3417
1704875700.203 3442
1704875700.486 3448
1704875700.787 3460
1704875701.080 3471
1704875701.367 3475
1704875701.655 3482
1704875701.958 3483
1704875702.230 3491
1704875702.515 3496
1704875702.848 3502
1704875703.150 3508
1704875703.438 3515
1704875703.724 3527
1704875704.023 3532
1704875704.326 3535
1704875704.615 3537
1704875704.900 3542
1704875705.209 3544
1704875705.471 3544
1704875705.761 3547
1704875706.055 3547
1704875706.339 3547
1704875706.664 3547
1704875706.979 3547
1704875707.267 3547
1704875707.548 3547
1704875707.849 3548
1704875708.152 3548
1704875708.442 3548
1704875708.717 3548
1704875709.024 3548
1704875709.331 3548
1704875709.619 3549
1704875709.896 3549
1704875710.194 3549
1704875710.491 3549
1704875710.776 3550
1704875711.100 3550
1704875711.385 3554
1704875711.677 3558
1704875711.968 3562
1704875712.260 3562
1704875712.547 3562
1704875712.831 3566
1704875713.109 3566
1704875713.393 3566
1704875713.671 3566
1704875713.955 3566
1704875714.245 3576
1704875714.541 3621
1704875714.813 3634
1704875715.095 3634
1704875715.376 3634
1704875715.662 3634
1704875715.941 3634
1704875716.231 3634
1704875716.539 3634
1704875716.816 3637
1704875717.104 3639
1704875717.398 3645
1704875717.684 3645
1704875717.977 3645
1704875718.283 3645
1704875718.545 3645
1704875718.854 3645
1704875719.182 3645
1704875719.485 3645
1704875719.782 3645
1704875720.116 3658
1704875720.432 3658
1704875720.718 3658
1704875721.007 3665
1704875721.279 3666
1704875721.553 3667
1704875721.832 3674
1704875722.116 3679
1704875722.399 3696
1704875722.671 3723
1704875722.952 3726
1704875723.225 3752
1704875723.525 3792
1704875723.801 3818
1704875724.070 3818
1704875724.393 3821
1704875724.670 3846
1704875724.980 3849
1704875725.283 3854
1704875725.538 3857
1704875725.834 3858
1704875726.142 3864
1704875726.459 3873
1704875726.738 3882
1704875727.023 3882
1704875727.321 3887
1704875727.601 3897
1704875727.921 3901
1704875728.211 3903
1704875728.482 3903
1704875728.749 3903
1704875729.032 3908
1704875729.303 3910
1704875729.566 3910
1704875729.847 3910
1704875730.151 3910
1704875730.423 3910
1704875730.701 3910
1704875730.985 3910
1704875731.286 3910
1704875731.557 3910
1704875731.842 3911
1704875732.115 3911
1704875732.375 3911
1704875732.642 3911
1704875732.902 3913
1704875733.169 3913
1704875733.431 3913
1704875733.689 3913
1704875733.959 3913
1704875734.231 3913
1704875734.520 3913
1704875734.791 3913
1704875735.064 3913
1704875735.341 3913
1704875735.627 3913
1704875735.897 3913
1704875736.189 3913
1704875736.478 3913
1704875736.761 3914
1704875737.059 3915
1704875737.330 3915
1704875737.604 3915
1704875737.882 3915
1704875738.167 3915
1704875738.443 3915
1704875738.723 3915
1704875739.001 3915
1704875739.278 3915
1704875739.577 3915
1704875739.860 3915
1704875740.152 3917
1704875740.445 3930
1704875740.752 3958
1704875741.066 3976
1704875741.344 3992
1704875741.628 3994
1704875741.916 3995
1704875742.204 3998
1704875742.511 3998
1704875742.802 4003
1704875743.093 4005
1704875743.370 4014
1704875743.654 4030
1704875743.936 4040
1704875744.223 4049
1704875744.486 4056
1704875744.776 4060
1704875745.042 4066
1704875745.324 4071
1704875745.602 4077
1704875745.882 4081
1704875746.170 4084
1704875746.482 4084
1704875746.801 4084
1704875747.093 4084
1704875747.380 4084
1704875747.661 4085
1704875747.963 4085
1704875748.279 4092
1704875748.553 4093
1704875748.857 4095
1704875749.141 4095
1704875749.421 4095
1704875749.702 4096
1704875749.981 4096
1704875750.255 4098
1704875750.530 4102
1704875750.820 4111
1704875751.112 4116
1704875751.413 4119
1704875751.737 4122
1704875752.060 4122
1704875752.348 4123
1704875752.631 4124
1704875752.928 4124
1704875753.219 4124
1704875753.496 4132
1704875753.772 4132
1704875754.061 4132
1704875754.343 4132
1704875754.626 4132
1704875754.915 4134
1704875755.265 4135
1704875755.579 4137
1704875755.862 4140
1704875756.149 4141
1704875756.390 4141
1704875756.652 4141
1704875756.912 4141
1704875757.227 4141
1704875757.539 4141
1704875757.796 4144
1704875758.075 4145
1704875758.363 4145
1704875758.662 4168
1704875758.953 4192
1704875759.255 4206
1704875759.560 4225
1704875759.827 4234
1704875760.126 4237
1704875760.420 4243
1704875760.707 4249
1704875760.991 4262
1704875761.283 4269
1704875761.585 4286
1704875761.866 4310
1704875762.139 4352
1704875762.417 4365
1704875762.697 4397
1704875762.981 4422
1704875763.285 4436
1704875763.623 4451
1704875763.895 4463
1704875764.176 4478
1704875764.477 4492
1704875764.754 4503
1704875765.032 4509
1704875765.307 4520
1704875765.592 4530
1704875765.866 4532
1704875766.139 4532
1704875766.437 4536
1704875766.690 4547
1704875766.975 4561
1704875767.282 4572
1704875767.558 4585
1704875767.837 4595
1704875768.115 4596
1704875768.393 4605
1704875768.689 4613
1704875768.969 4618
1704875769.238 4626
1704875769.570 4630
1704875769.870 4635
1704875770.154 4647
1704875770.435 4655
1704875770.724 4659
1704875771.014 4670
1704875771.302 4683
1704875771.614 4701
1704875771.882 4736
1704875772.163 4761
1704875772.443 4788
1704875772.752 4813
1704875773.065 4821
1704875773.370 4824
1704875773.672 4825
1704875773.979 4837
1704875774.289 4842
1704875774.585 4843
1704875774.876 4843
1704875775.156 4845
1704875775.448 4861
1704875775.746 4862
1704875776.014 4862
1704875776.324 4866
1704875776.633 4882
1704875776.948 4909
1704875777.231 4931
1704875777.515 4947
1704875777.796 4966
1704875778.107 4994
1704875778.390 5083
1704875778.673 5122
1704875778.962 5148
1704875779.263 5162
1704875779.555 5167
1704875779.837 5170
1704875780.110 5180
1704875780.436 5194
1704875780.701 5195
1704875780.987 5211
1704875781.257 5216
1704875781.551 5220
1704875781.833 5227
1704875782.146 5238
1704875782.423 5239
1704875782.719 5250
1704875783.006 5256
1704875783.282 5267
1704875783.556 5270
1704875783.824 5271
1704875784.125 5273
1704875784.389 5275
1704875784.670 5276
1704875784.972 5284
1704875785.259 5290
1704875785.550 5302
1704875785.837 5318
1704875786.141 5334
1704875786.428 5342
1704875786.716 5355
1704875787.003 5370
1704875787.313 5387
1704875787.605 5405
1704875787.889 5408
1704875788.198 5408
1704875788.489 5408
1704875788.769 5411
1704875789.043 5411
1704875789.326 5411
1704875789.625 5411
1704875789.920 5411
1704875790.205 5414
1704875790.500 5415
1704875790.774 5415
1704875791.062 5416
1704875791.345 5417
1704875791.637 5420
1704875791.941 5420
1704875792.235 5421
1704875792.543 5458
1704875792.832 5463
1704875793.153 5474
1704875793.441 5488
1704875793.770 5503
1704875794.054 5510
1704875794.349 5511
1704875794.647 5512
1704875794.946 5512
1704875795.229 5512
1704875795.553 5516
1704875795.873 5518
1704875796.158 5518
1704875796.440 5518
1704875796.761 5518
1704875797.051 5519
1704875797.398 5520
1704875797.732 5520
1704875798.027 5520
1704875798.315 5520
1704875798.617 5520
1704875798.926 5520
1704875799.220 5520
1704875799.531 5520
1704875799.850 5520
1704875800.139 5523
1704875800.417 5524
1704875800.701 5525
1704875800.985 5528
1704875801.277 5528
1704875801.572 5528
1704875801.889 5528
1704875802.167 5528
1704875802.473 5544
1704875802.760 5549
1704875803.067 5550
1704875803.371 5550
1704875803.651 5550
1704875803.943 5550
1704875804.224 5550
1704875804.497 5550
1704875804.786 5550
1704875805.063 5550
1704875805.354 5550
1704875805.639 5551
1704875805.928 5551
1704875806.215 5553
1704875806.496 5559
1704875806.763 5561
1704875807.060 5561
1704875807.317 5561
1704875807.656 5561
1704875807.941 5561
1704875808.224 5561
1704875808.497 5561
1704875808.786 5583
1704875809.075 5610
1704875809.369 5628
1704875809.653 5659
1704875809.939 5720
1704875810.231 5790
1704875810.501 5800
1704875810.795 5805
1704875811.058 5805
1704875811.352 5805
1704875811.661 5808
1704875811.980 5818
1704875812.272 5822
1704875812.642 5822
1704875812.939 5822
1704875813.265 5823
1704875813.544 5824
1704875813.792 5825
1704875814.109 5832
1704875814.389 5833
1704875814.686 5844
1704875814.967 5844
1704875815.304 5851
1704875815.632 5858
1704875815.920 5858
1704875816.214 5864
1704875816.485 5864
1704875816.799 5865
1704875817.088 5887
1704875817.371 5889
1704875817.661 5900
1704875817.942 5912
1704875818.233 5923
1704875818.516 5929
1704875818.807 5935
1704875819.100 5939
1704875819.392 5943
1704875819.665 5945
1704875819.962 5946
1704875820.226 5946
1704875820.511 5946
1704875820.796 5946
1704875821.093 5946
1704875821.366 5946
1704875821.651 5946
1704875821.919 5946
1704875822.202 5946
1704875822.534 5946
1704875822.852 5946
1704875823.130 5946
1704875823.401 5956
1704875823.735 5962
1704875824.020 5969
1704875824.306 5973
1704875824.600 5981
1704875824.863 6001
1704875825.171 6007
1704875825.451 6015
1704875825.722 6016
1704875825.997 6018
1704875826.286 6022
1704875826.563 6026
1704875826.842 6026
1704875827.113 6027
1704875827.380 6032
1704875827.654 6034
1704875827.935 6042
1704875828.205 6043
1704875828.476 6043
1704875828.755 6043
1704875829.029 6043
1704875829.299 6043
1704875829.568 6043
1704875829.845 6043
1704875830.137 6043
1704875830.446 6043
1704875830.760 6044
1704875831.096 6044
1704875831.375 6044
1704875831.699 6044
1704875831.990 6044
1704875832.292 6044
1704875832.574 6044
1704875832.852 6044
1704875833.137 6044
1704875833.450 6044
1704875833.757 6047
1704875834.043 6051
1704875834.326 6055
1704875834.598 6055
1704875834.911 6055
1704875835.201 6055
1704875835.489 6056
1704875835.770 6056
1704875836.056 6056
1704875836.335 6056
1704875836.632 6056
1704875836.928 6056
1704875837.232 6056
1704875837.516 6056
1704875837.788 6056
1704875838.060 6056
1704875838.326 6056
1704875838.603 6056
1704875838.879 6056
1704875839.152 6056
1704875839.429 6056
1704875839.707 6056
1704875839.987 6056
1704875840.297 6068
1704875840.595 6068
1704875840.865 6068
1704875841.160 6068
1704875841.438 6068
1704875841.733 6072
1704875842.016 6082
1704875842.295 6093
1704875842.612 6111
1704875842.898 6136
1704875843.191 6151
1704875843.465 6171
1704875843.767 6190
1704875844.050 6207
1704875844.314 6232
1704875844.609 6273
1704875844.914 6285
1704875845.210 6302
1704875845.498 6335
1704875845.784 6337
1704875846.054 6340
1704875846.335 6346
1704875846.625 6346
1704875846.885 6348
1704875847.181 6349
1704875847.466 6350
1704875847.739 6351
1704875848.020 6351
1704875848.289 6351
1704875848.567 6351
1704875848.878 6352
1704875849.155 6355
1704875849.440 6359
1704875849.727 6359
1704875850.016 6361
1704875850.275 6362
1704875850.561 6363
1704875850.845 6364
1704875851.155 6367
1704875851.447 6373
1704875851.734 6385
1704875852.057 6386
1704875852.336 6386
1704875852.638 6386
1704875852.933 6386
1704875853.234 6386
1704875853.522 6388
1704875853.831 6388
1704875854.113 6388
1704875854.391 6392
1704875854.666 6399
1704875854.926 6407
1704875855.216 6417
1704875855.497 6427
1704875855.774 6430
1704875856.080 6431
1704875856.420 6432
1704875856.704 6433
1704875856.981 6434
1704875857.254 6434
1704875857.540 6436
1704875857.824 6436
1704875858.133 6438
1704875858.430 6438
1704875858.757 6443
1704875859.015 6452
1704875859.293 6452
1704875859.584 6452
1704875859.848 6452
1704875860.126 6452
1704875860.408 6453
1704875860.683 6455
1704875860.966 6455
1704875861.244 6455
1704875861.548 6455
1704875861.865 6455
1704875862.169 6455
1704875862.468 6455
1704875862.759 6455
1704875863.025 6456
1704875863.349 6457
1704875863.635 6463
1704875863.966 6496
1704875864.237 6506
1704875864.513 6506
1704875864.802 6507
1704875865.086 6508
1704875865.380 6514
1704875865.667 6517
1704875865.940 6517
1704875866.229 6517
1704875866.541 6517
1704875866.815 6520
1704875867.089 6520
1704875867.361 6522
1704875867.639 6535
1704875867.916 6541
1704875868.163 6545
1704875868.440 6579
1704875868.699 6594
1704875868.960 6595
1704875869.236 6595
1704875869.517 6595
1704875869.781 6595
1704875870.054 6595
1704875870.389 6595
1704875870.663 6595
1704875870.950 6596
1704875871.229 6596
1704875871.511 6596
1704875871.804 6596
1704875872.100 6596
1704875872.402 6596
1704875872.684 6601
1704875872.979 6602
1704875873.275 6603
1704875873.559 6611
1704875873.850 6618
1704875874.131 6621
1704875874.424 6627
1704875874.703 6640
1704875874.966 6649
1704875875.253 6658
1704875875.539 6661
1704875875.828 6667
1704875876.119 6669
1704875876.369 6677
1704875876.678 6684
1704875876.981 6692
1704875877.259 6700
1704875877.541 6703
1704875877.824 6717
1704875878.111 6723
1704875878.392 6738
1704875878.673 6745
1704875878.973 6749
1704875879.259 6749
1704875879.579 6749
1704875879.853 6749
1704875880.154 6749
1704875880.441 6749
1704875880.718 6749
1704875881.046 6749
1704875881.319 6749
1704875881.629 6749
1704875881.939 6749
1704875882.221 6749
1704875882.530 6749
1704875882.840 6751
1704875883.138 6752
1704875883.439 6752
1704875883.751 6752
1704875884.040 6752
1704875884.310 6752
1704875884.594 6752
1704875884.879 6752
1704875885.161 6752
1704875885.459 6769
1704875885.742 6769
1704875886.030 6769
1704875886.319 6769
1704875886.621 6769
1704875886.902 6769
1704875887.207 6769
1704875887.468 6769
1704875887.757 6769
1704875888.036 6769
1704875888.323 6769
1704875888.605 6769
1704875888.891 6769
1704875889.202 6771
1704875889.498 6774
1704875889.767 6781
1704875890.057 6785
1704875890.338 6786
1704875890.636 6788
1704875890.915 6788
1704875891.192 6788
1704875891.484 6788
1704875891.755 6788
1704875892.043 6788
1704875892.309 6788
1704875892.596 6788
1704875892.874 6788
1704875893.159 6788
1704875893.461 6790
1704875893.816 6790
1704875894.099 6791
1704875894.401 6791
1704875894.720 6791
1704875895.023 6791
1704875895.312 6792
1704875895.597 6792
1704875895.872 6792
1704875896.171 6792
1704875896.424 6792
1704875896.706 6792
1704875896.984 6792
1704875897.265 6793
1704875897.531 6794
1704875897.810 6794
1704875898.109 6796
1704875898.390 6796
1704875898.680 6796
1704875898.960 6802
1704875899.249 6804
1704875899.520 6811
1704875899.802 6814
1704875900.098 6821
1704875900.386 6829
1704875900.696 6835
1704875900.988 6846
1704875901.286 6857
1704875901.651 6865
1704875901.924 6869
1704875902.212 6874
1704875902.515 6874
1704875902.820 6874
1704875903.115 6874
1704875903.409 6874
1704875903.690 6874
1704875903.982 6874
1704875904.280 6874
1704875904.550 6874
1704875904.839 6874
1704875905.120 6874
1704875905.427 6874
1704875905.704 6874
1704875906.000 6879
1704875906.278 6882
1704875906.569 6883
1704875906.858 6885
1704875907.158 6885
1704875907.418 6885
1704875907.703 6885
1704875907.993 6885
1704875908.267 6885
1704875908.553 6885
1704875908.910 6885
1704875909.209 6885
1704875909.464 6885
