1704874396.893 275
1704874397.178 275
1704874397.460 275
1704874397.760 275
1704874398.059 275
1704874398.553 276
1704874398.970 287
1704874399.290 288
1704874399.580 289
1704874399.869 290
1704874400.160 290
1704874400.465 292
1704874400.742 307
1704874401.072 323
1704874401.380 346
1704874401.704 353
1704874402.029 383
1704874402.344 426
1704874402.657 451
1704874402.993 501
1704874403.271 541
1704874403.577 572
1704874403.876 611
1704874404.160 623
1704874404.456 684
1704874404.722 775
1704874405.009 909
1704874405.338 1128
1704874405.652 1304
1704874405.959 1380
1704874406.255 1405
1704874406.573 1432
1704874406.870 1459
1704874407.182 1508
1704874407.480 1556
1704874407.785 1588
1704874408.132 1623
1704874408.490 1643
1704874408.803 1681
1704874409.108 1716
1704874409.428 1738
1704874409.746 1744
1704874410.040 1746
1704874410.306 1747
1704874410.597 1751
1704874410.895 1755
1704874411.180 1758
1704874411.468 1777
1704874411.804 1800
1704874412.084 1815
1704874412.391 1840
1704874412.709 1873
1704874413.002 1902
1704874413.299 1924
1704874413.598 1930
1704874413.911 1936
1704874414.202 1936
1704874414.511 1936
1704874414.802 1938
1704874415.079 1938
1704874415.369 1938
1704874415.648 1940
1704874415.996 1943
1704874416.294 1945
1704874416.574 1946
1704874416.880 1946
1704874417.175 1948
1704874417.480 1955
1704874417.732 1957
1704874418.024 1961
1704874418.272 1963
1704874418.561 1966
1704874418.864 1988
1704874419.176 2009
1704874419.503 2011
1704874419.837 2015
1704874420.146 2021
1704874420.456 2028
1704874420.792 2040
1704874421.090 2053
1704874421.391 2061
1704874421.701 2061
1704874422.058 2061
1704874422.353 2061
1704874422.642 2061
1704874422.928 2061
1704874423.211 2061
1704874423.500 2061
1704874423.839 2061
1704874424.161 2061
1704874424.466 2065
1704874424.753 2065
1704874425.043 2066
1704874425.332 2066
1704874425.608 2066
1704874425.893 2067
1704874426.182 2071
1704874426.481 2073
1704874426.769 2074
1704874427.064 2074
1704874427.352 2077
1704874427.671 2077
1704874428.005 2079
1704874428.326 2091
1704874428.621 2094
1704874428.927 2100
1704874429.218 2102
1704874429.491 2110
1704874429.789 2120
1704874430.095 2132
1704874430.371 2141
1704874430.640 2148
1704874430.905 2150
1704874431.154 2155
1704874431.435 2163
1704874431.708 2164
1704874431.978 2179
1704874432.253 2184
1704874432.520 2186
1704874432.803 2187
1704874433.084 2192
1704874433.391 2197
1704874433.680 2199
1704874433.961 2214
1704874434.244 2231
1704874434.505 2250
1704874434.791 2312
1704874435.046 2385
1704874435.323 2426
1704874435.599 2483
1704874435.890 2528
1704874436.158 2572
1704874436.432 2605
1704874436.704 2626
1704874436.982 2647
1704874437.268 2654
1704874437.555 2679
1704874437.854 2713
1704874438.143 2764
1704874438.426 2814
1704874438.715 2887
1704874439.011 2927
1704874439.294 2955
1704874439.596 2958
1704874439.884 2982
1704874440.207 3083
1704874440.513 3115
1704874440.793 3127
1704874441.113 3133
1704874441.406 3140
1704874441.712 3147
1704874442.018 3152
1704874442.304 3171
1704874442.656 3199
1704874442.953 3219
1704874443.241 3223
1704874443.565 3240
1704874443.859 3249
1704874444.139 3275
1704874444.420 3306
1704874444.706 3341
1704874445.016 3346
1704874445.371 3359
1704874445.658 3380
1704874445.936 3388
1704874446.216 3388
1704874446.503 3389
1704874446.783 3390
1704874447.066 3400
1704874447.352 3421
1704874447.649 3426
1704874447.930 3436
1704874448.207 3440
1704874448.538 3483
1704874448.818 3507
1704874449.104 3541
1704874449.418 3578
1704874449.713 3616
1704874449.996 3666
1704874450.274 3713
1704874450.562 3752
1704874450.864 3769
1704874451.162 3795
1704874451.477 3833
1704874451.797 3855
1704874452.113 3864
1704874452.416 3878
1704874452.744 3893
1704874453.030 3933
1704874453.310 3944
1704874453.596 3983
1704874453.873 3983
1704874454.164 3985
1704874454.448 3985
1704874454.759 3990
1704874455.055 3994
1704874455.317 4005
1704874455.591 4053
1704874455.881 4083
1704874456.220 4105
1704874456.514 4148
1704874456.809 4167
1704874457.101 4176
1704874457.382 4224
1704874457.656 4257
1704874457.989 4281
1704874458.283 4315
1704874458.570 4339
1704874458.847 4383
1704874459.122 4427
1704874459.404 4445
1704874459.672 4457
1704874459.946 4463
1704874460.222 4485
1704874460.495 4501
1704874460.782 4518
1704874461.067 4522
1704874461.335 4526
1704874461.615 4528
1704874461.876 4531
1704874462.160 4531
1704874462.437 4531
1704874462.715 4531
1704874463.020 4532
1704874463.305 4532
1704874463.629 4532
1704874463.929 4532
1704874464.211 4532
1704874464.521 4533
1704874464.798 4535
1704874465.066 4538
1704874465.350 4541
1704874465.621 4545
1704874465.908 4554
1704874466.190 4558
1704874466.501 4568
1704874466.776 4575
1704874467.068 4648
1704874467.356 4752
1704874467.625 4812
1704874467.910 4866
1704874468.189 4870
1704874468.475 4902
1704874468.764 4909
1704874469.053 4909
1704874469.343 4909
1704874469.689 4913
1704874469.966 4921
1704874470.273 4921
1704874470.538 4921
1704874470.815 4921
1704874471.094 4921
1704874471.416 4921
1704874471.708 4921
1704874472.034 4921
1704874472.302 4921
1704874472.591 4921
1704874472.882 4921
1704874473.166 4922
1704874473.434 4922
1704874473.717 4922
1704874473.994 4922
1704874474.292 4922
1704874474.563 4922
1704874474.848 4923
1704874475.112 4923
1704874475.383 4924
1704874475.663 4929
1704874475.944 4938
1704874476.255 4959
1704874476.503 4959
1704874476.826 4959
1704874477.104 4964
1704874477.398 4967
1704874477.673 4970
1704874477.958 4976
1704874478.255 4980
1704874478.519 4986
1704874478.803 4990
1704874479.117 4992
1704874479.440 4995
1704874479.731 4997
1704874480.031 4998
1704874480.353 5002
1704874480.683 5004
1704874481.002 5007
1704874481.295 5010
1704874481.610 5015
1704874481.899 5022
1704874482.186 5026
1704874482.457 5028
1704874482.743 5034
1704874483.023 5035
1704874483.308 5035
1704874483.591 5035
1704874483.879 5035
1704874484.158 5035
1704874484.438 5035
1704874484.738 5035
1704874485.028 5035
1704874485.333 5035
1704874485.630 5040
1704874485.923 5045
1704874486.205 5052
1704874486.500 5056
1704874486.793 5062
1704874487.090 5068
1704874487.371 5071
1704874487.672 5071
1704874487.958 5071
1704874488.244 5071
1704874488.536 5071
1704874488.814 5071
1704874489.097 5071
1704874489.383 5071
1704874489.728 5071
1704874490.034 5071
1704874490.377 5071
1704874490.755 5071
1704874491.040 5073
1704874491.331 5077
1704874491.620 5083
1704874491.947 5089
1704874492.230 5103
1704874492.529 5114
1704874492.824 5122
1704874493.113 5130
1704874493.444 5137
1704874493.795 5150
1704874494.088 5158
1704874494.372 5162
1704874494.665 5167
1704874494.995 5170
1704874495.277 5174
1704874495.559 5180
1704874495.838 5183
1704874496.116 5186
1704874496.390 5187
1704874496.687 5188
1704874497.010 5192
1704874497.293 5193
1704874497.596 5194
1704874497.869 5194
1704874498.161 5199
1704874498.430 5203
1704874498.698 5204
1704874498.981 5207
1704874499.262 5212
1704874499.531 5215
1704874499.812 5217
1704874500.101 5223
1704874500.386 5230
1704874500.667 5237
1704874500.958 5244
1704874501.244 5247
1704874501.554 5247
1704874501.863 5247
1704874502.140 5247
1704874502.428 5248
1704874502.748 5249
1704874503.014 5249
1704874503.291 5249
1704874503.569 5249
1704874503.874 5249
1704874504.160 5254
1704874504.464 5275
1704874504.767 5290
1704874505.040 5302
1704874505.327 5310
1704874505.617 5318
1704874505.920 5323
1704874506.206 5332
1704874506.493 5344
1704874506.795 5363
1704874507.086 5378
1704874507.372 5393
1704874507.654 5426
1704874507.935 5461
1704874508.234 5474
1704874508.528 5485
1704874508.840 5499
1704874509.188 5510
1704874509.474 5511
1704874509.793 5534
1704874510.096 5537
1704874510.384 5538
1704874510.694 5543
1704874510.991 5544
1704874511.285 5558
1704874511.599 5567
1704874511.946 5629
1704874512.220 5656
1704874512.514 5665
1704874512.809 5670
1704874513.123 5675
1704874513.434 5678
1704874513.738 5689
1704874514.038 5695
1704874514.325 5696
1704874514.597 5697
1704874514.865 5704
1704874515.142 5709
1704874515.426 5720
1704874515.717 5742
1704874516.004 5775
1704874516.282 5784
1704874516.568 5791
1704874516.845 5799
1704874517.157 5809
1704874517.418 5820
1704874517.711 5826
1704874518.006 5842
1704874518.281 5852
1704874518.566 5870
1704874518.863 5877
1704874519.201 5886
1704874519.475 5902
1704874519.752 5906
1704874520.036 5913
1704874520.316 5918
1704874520.594 5919
1704874520.876 5924
1704874521.173 5926
1704874521.474 5928
1704874521.770 5929
1704874522.056 5935
1704874522.349 5940
1704874522.623 5941
1704874522.910 5950
1704874523.196 5950
1704874523.487 5977
1704874523.823 5977
1704874524.096 5977
1704874524.383 5979
1704874524.673 5979
1704874524.965 5979
1704874525.267 5979
1704874525.555 5980
1704874525.826 5981
1704874526.126 5981
1704874526.414 5982
1704874526.683 5982
1704874526.982 5982
1704874527.309 5984
1704874527.600 5984
1704874527.899 5984
1704874528.219 5984
1704874528.524 5984
1704874528.813 5984
1704874529.102 5984
1704874529.399 5984
1704874529.687 5984
1704874529.991 5984
1704874530.280 5984
1704874530.563 5984
1704874530.840 5984
1704874531.115 5985
1704874531.386 5985
1704874531.669 5985
1704874531.953 5985
1704874532.229 5985
1704874532.506 5985
1704874532.784 5985
1704874533.066 5985
1704874533.343 5985
1704874533.620 5985
1704874533.961 5985
1704874534.254 5985
1704874534.543 5985
1704874534.830 5985
1704874535.135 5985
1704874535.410 5985
1704874535.700 5986
1704874535.988 5987
1704874536.313 5987
1704874536.617 5995
1704874536.921 6008
1704874537.201 6015
1704874537.478 6016
1704874537.763 6021
1704874538.045 6027
1704874538.322 6029
1704874538.626 6032
1704874538.910 6041
1704874539.192 6051
1704874539.465 6062
1704874539.745 6068
1704874540.020 6089
1704874540.290 6099
1704874540.571 6101
1704874540.861 6108
1704874541.125 6123
1704874541.405 6124
1704874541.724 6130
1704874542.004 6132
1704874542.292 6133
1704874542.571 6133
1704874542.857 6133
1704874543.154 6133
1704874543.437 6133
1704874543.725 6133
1704874543.995 6133
1704874544.258 6133
1704874544.530 6133
1704874544.797 6133
1704874545.069 6133
1704874545.337 6133
1704874545.624 6133
1704874545.896 6133
1704874546.180 6133
1704874546.470 6133
1704874546.804 6133
1704874547.102 6133
1704874547.399 6133
1704874547.713 6133
1704874547.995 6133
1704874548.310 6133
1704874548.673 6133
1704874549.012 6133
1704874549.314 6133
1704874549.574 6133
1704874549.866 6133
1704874550.153 6133
1704874550.456 6133
1704874550.729 6133
1704874551.007 6133
1704874551.337 6133
1704874551.615 6133
1704874551.906 6133
1704874552.220 6133
1704874552.527 6133
1704874552.808 6135
1704874553.108 6136
1704874553.398 6136
1704874553.661 6136
1704874553.956 6137
1704874554.235 6137
1704874554.508 6137
1704874554.798 6138
1704874555.096 6138
1704874555.378 6138
1704874555.660 6139
1704874555.974 6140
1704874556.261 6141
1704874556.558 6141
1704874556.839 6141
1704874557.110 6141
1704874557.384 6141
1704874557.681 6141
1704874557.947 6141
1704874558.235 6141
1704874558.504 6141
1704874558.767 6141
1704874559.022 6141
1704874559.285 6141
1704874559.547 6141
1704874559.817 6141
1704874560.098 6141
1704874560.338 6141
1704874560.619 6141
1704874560.924 6141
1704874561.246 6141
1704874561.527 6141
1704874561.858 6141
1704874562.137 6141
1704874562.419 6141
1704874562.708 6141
1704874563.013 6141
1704874563.300 6141
1704874563.599 6141
1704874563.884 6141
1704874564.162 6141
1704874564.437 6141
1704874564.717 6142
1704874565.017 6142
1704874565.327 6142
1704874565.603 6142
1704874565.901 6143
1704874566.195 6145
1704874566.484 6145
1704874566.765 6146
1704874567.043 6150
1704874567.323 6150
1704874567.596 6152
1704874567.878 6152
1704874568.153 6153
1704874568.439 6153
1704874568.737 6153
1704874569.026 6153
1704874569.300 6155
1704874569.579 6156
1704874569.850 6158
1704874570.135 6158
1704874570.419 6159
1704874570.730 6159
1704874571.057 6160
1704874571.334 6160
1704874571.625 6160
1704874571.936 6160
1704874572.221 6160
1704874572.516 6160
1704874572.794 6171
1704874573.064 6171
1704874573.342 6172
1704874573.634 6177
1704874573.914 6184
1704874574.195 6190
1704874574.474 6190
1704874574.765 6236
1704874575.055 6270
1704874575.333 6273
1704874575.613 6293
1704874575.899 6304
1704874576.178 6316
1704874576.466 6325
1704874576.749 6325
1704874577.018 6325
1704874577.302 6328
1704874577.598 6337
1704874577.877 6338
1704874578.179 6346
1704874578.438 6346
1704874578.702 6349
1704874578.973 6351
1704874579.256 6351
1704874579.542 6359
1704874579.821 6359
1704874580.102 6359
1704874580.371 6359
1704874580.646 6360
1704874580.910 6363
1704874581.174 6363
1704874581.443 6363
1704874581.715 6371
1704874581.978 6371
1704874582.258 6371
1704874582.534 6395
1704874582.827 6403
1704874583.167 6404
1704874583.444 6404
1704874583.714 6404
1704874584.007 6404
1704874584.269 6404
1704874584.548 6404
1704874584.830 6404
1704874585.122 6404
1704874585.414 6412
1704874585.712 6435
1704874586.042 6451
1704874586.351 6454
1704874586.639 6454
1704874586.921 6454
1704874587.199 6456
1704874587.477 6456
1704874587.766 6457
1704874588.051 6457
1704874588.328 6457
1704874588.626 6457
1704874588.908 6459
1704874589.199 6460
1704874589.494 6461
1704874589.794 6463
1704874590.073 6463
1704874590.366 6473
1704874590.681 6515
1704874590.983 6542
1704874591.263 6553
1704874591.560 6558
1704874591.833 6558
1704874592.109 6558
1704874592.392 6558
1704874592.674 6558
1704874592.954 6559
1704874593.223 6559
1704874593.502 6559
1704874593.779 6559
1704874594.070 6559
1704874594.336 6559
1704874594.599 6559
1704874594.881 6559
1704874595.164 6559
1704874595.450 6559
1704874595.731 6559
1704874596.015 6559
1704874596.316 6559
1704874596.611 6559
1704874596.889 6559
1704874597.167 6559
1704874597.457 6559
1704874597.754 6559
1704874598.044 6559
1704874598.311 6559
1704874598.575 6559
1704874598.849 6559
1704874599.120 6560
1704874599.388 6560
1704874599.670 6560
1704874599.991 6560
1704874600.264 6560
1704874600.540 6560
1704874600.813 6560
1704874601.093 6560
1704874601.373 6560
1704874601.655 6560
1704874601.946 6564
1704874602.282 6564
1704874602.553 6564
1704874602.836 6564
1704874603.176 6564
1704874603.511 6564
1704874603.808 6564
1704874604.123 6565
1704874604.398 6565
1704874604.697 6566
1704874604.989 6566
1704874605.274 6566
1704874605.570 6567
1704874605.847 6567
1704874606.123 6572
1704874606.406 6572
1704874606.680 6583
1704874606.954 6592
1704874607.230 6600
1704874607.493 6600
1704874607.766 6600
1704874608.042 6600
1704874608.311 6600
1704874608.647 6600
1704874608.918 6600
1704874609.201 6600
1704874609.482 6600
1704874609.753 6600
1704874610.032 6600
1704874610.314 6600
1704874610.584 6600
1704874610.868 6600
1704874611.165 6600
1704874611.416 6600
1704874611.689 6600
1704874611.958 6600
1704874612.233 6600
1704874612.498 6600
1704874612.764 6600
1704874613.048 6600
1704874613.329 6600
1704874613.657 6603
1704874613.955 6604
1704874614.251 6604
1704874614.553 6604
1704874614.849 6604
1704874615.139 6604
1704874615.427 6607
1704874615.723 6607
1704874616.039 6607
1704874616.313 6607
1704874616.617 6607
1704874616.900 6607
1704874617.189 6607
1704874617.468 6607
1704874617.767 6607
1704874618.040 6607
1704874618.317 6607
1704874618.601 6607
1704874618.911 6607
1704874619.199 6607
1704874619.481 6607
1704874619.761 6607
1704874620.049 6607
1704874620.351 6607
1704874620.598 6607
1704874620.863 6607
1704874621.129 6607
1704874621.400 6607
1704874621.688 6607
1704874621.970 6607
1704874622.243 6607
1704874622.529 6607
1704874622.819 6607
1704874623.111 6607
1704874623.402 6607
1704874623.674 6607
1704874623.949 6607
1704874624.243 6609
1704874624.521 6609
1704874624.802 6609
1704874625.094 6609
1704874625.375 6609
1704874625.670 6609
1704874625.972 6609
1704874626.263 6609
1704874626.548 6609
1704874626.833 6609
1704874627.124 6609
1704874627.412 6609
1704874627.736 6629
1704874628.032 6632
1704874628.370 6633
1704874628.670 6634
1704874628.988 6635
1704874629.295 6637
1704874629.579 6638
1704874629.881 6650
1704874630.184 6652
1704874630.453 6652
1704874630.733 6652
1704874631.009 6652
1704874631.301 6652
1704874631.575 6652
1704874631.860 6652
1704874632.140 6652
1704874632.419 6652
1704874632.710 6652
1704874633.009 6652
1704874633.288 6653
1704874633.573 6653
1704874633.872 6653
1704874634.131 6653
1704874634.415 6653
1704874634.678 6653
1704874634.945 6653
1704874635.209 6653
1704874635.474 6653
1704874635.747 6653
1704874635.998 6653
1704874636.265 6653
1704874636.549 6653
1704874636.833 6653
1704874637.110 6655
1704874637.382 6655
1704874637.670 6655
1704874637.940 6655
1704874638.213 6655
1704874638.490 6655
1704874638.777 6656
1704874639.050 6656
1704874639.333 6656
1704874639.642 6656
1704874639.934 6657
1704874640.205 6657
1704874640.506 6657
1704874640.793 6658
1704874641.141 6658
1704874641.409 6658
1704874641.691 6658
1704874641.965 6658
1704874642.247 6658
1704874642.522 6658
1704874642.794 6658
1704874643.077 6658
1704874643.358 6658
1704874643.664 6658
1704874643.966 6661
1704874644.301 6664
1704874644.684 6672
1704874645.002 6678
1704874645.285 6682
1704874645.596 6684
1704874645.889 6689
1704874646.229 6689
1704874646.514 6689
1704874646.817 6689
1704874647.106 6689
1704874647.408 6689
1704874647.713 6689
1704874648.000 6703
1704874648.294 6722
1704874648.584 6744
1704874648.872 6769
1704874649.149 6776
1704874649.461 6776
1704874649.717 6777
1704874650.005 6778
1704874650.285 6781
1704874650.572 6781
1704874650.849 6781
