1704875661.517 4.210 0.178 
1704875661.518 4.210 0.178 
1704875661.618 4.250 0.156 
1704875661.718 4.343 0.082 
1704875661.818 4.436 0.013 
1704875661.918 4.548 -0.051 
1704875662.018 4.661 -0.127 
1704875662.120 4.769 -0.216 
1704875662.221 4.905 -0.317 
1704875662.320 5.026 -0.409 
1704875662.420 5.107 -0.461 
1704875662.522 5.191 -0.506 
1704875662.622 5.289 -0.555 
1704875662.721 5.387 -0.602 
1704875662.821 5.443 -0.637 
1704875662.921 5.458 -0.641 
1704875663.022 5.483 -0.655 
1704875663.122 5.540 -0.732 
1704875663.226 5.602 -0.804 
1704875663.326 5.667 -0.864 
1704875663.426 5.737 -0.926 
1704875663.526 5.840 -0.974 
1704875664.830 6.030 -1.202 
1704875664.929 6.062 -1.166 
1704875665.030 6.126 -1.047 
1704875665.130 6.210 -0.962 
1704875665.230 6.276 -0.894 
1704875665.329 6.304 -0.818 
1704875665.430 6.322 -0.714 
1704875665.530 6.385 -0.620 
1704875665.631 6.455 -0.531 
1704875665.731 6.532 -0.438 
1704875665.831 6.609 -0.340 
1704875665.931 6.687 -0.240 
1704875666.031 6.768 -0.139 
1704875666.131 6.844 -0.051 
1704875666.231 6.929 0.046 
1704875666.334 7.025 0.170 
1704875666.432 7.120 0.241 
1704875666.532 7.208 0.336 
1704875666.633 7.272 0.445 
1704875666.733 7.310 0.567 
1704875666.833 7.320 0.698 
1704875666.932 7.310 0.822 
1704875667.033 7.258 0.924 
1704875667.133 7.175 1.030 
1704875667.234 7.096 1.141 
1704875667.334 7.015 1.241 
1704875667.434 6.946 1.329 
1704875667.533 6.915 1.366 
1704875667.635 6.908 1.397 
1704875667.734 6.866 1.470 
1704875667.834 6.796 1.567 
1704875667.934 6.723 1.663 
1704875668.035 6.655 1.762 
1704875668.134 6.580 1.850 
1704875668.235 6.483 1.935 
1704875668.636 6.228 2.106 
1704875668.736 6.180 2.094 
1704875668.836 6.126 2.019 
1704875668.936 6.068 1.900 
1704875669.037 5.998 1.812 
1704875669.136 5.929 1.760 
1704875669.236 5.845 1.692 
1704875669.336 5.737 1.641 
1704875672.548 5.874 1.734 
1704875672.549 5.874 1.734 
1704875672.650 5.897 1.747 
1704875672.750 5.933 1.825 
1704875672.850 5.967 1.945 
1704875672.950 6.008 2.062 
1704875673.050 6.055 2.167 
1704875673.150 6.087 2.249 
1704875673.251 6.117 2.330 
1704875673.351 6.148 2.411 
1704875673.450 6.178 2.487 
1704875673.551 6.202 2.559 
1704875673.653 6.234 2.629 
1704875673.751 6.267 2.698 
1704875673.851 6.302 2.767 
1704875673.953 6.336 2.838 
1704875674.052 6.364 2.903 
1704875674.151 6.394 2.972 
1704875674.251 6.433 3.053 
1704875674.351 6.482 3.138 
1704875674.452 6.549 3.226 
1704875674.552 6.604 3.295 
1704875674.652 6.644 3.352 
1704875674.752 6.694 3.407 
1704875674.852 6.754 3.467 
1704875674.952 6.805 3.525 
1704875675.052 6.828 3.581 
1704875675.153 6.860 3.632 
1704875675.252 6.897 3.683 
1704875675.352 6.932 3.727 
1704875675.452 6.975 3.772 
1704875675.556 7.027 3.826 
1704875675.654 7.094 3.880 
1704875675.753 7.154 3.937 
1704875675.853 7.208 3.988 
1704875675.954 7.242 4.003 
1704875676.054 7.286 4.011 
1704875676.154 7.364 4.013 
1704875676.254 7.494 4.005 
1704875676.354 7.626 4.010 
1704875676.453 7.686 4.002 
1704875676.554 7.714 3.998 
1704875676.654 7.727 3.982 
1704875676.754 7.740 3.965 
1704875676.855 7.786 3.952 
1704875676.954 7.843 3.927 
1704875677.055 7.914 3.904 
1704875677.155 8.010 3.884 
1704875677.255 8.105 3.857 
1704875677.355 8.210 3.782 
1704875677.455 8.316 3.702 
1704875677.556 8.385 3.612 
1704875677.656 8.419 3.530 
1704875677.756 8.450 3.419 
1704875677.855 8.485 3.292 
1704875677.956 8.517 3.176 
1704875678.056 8.557 3.113 
1704875678.156 8.579 3.045 
1704875678.257 8.584 2.951 
1704875678.358 8.590 2.843 
1704875678.458 8.598 2.734 
1704875678.558 8.605 2.628 
1704875678.658 8.618 2.530 
1704875678.759 8.642 2.454 
1704875678.858 8.653 2.385 
1704875678.959 8.644 2.302 
1704875679.059 8.646 2.190 
1704875679.159 8.651 2.066 
1704875679.258 8.662 1.962 
1704875679.359 8.654 1.876 
1704875679.459 8.639 1.780 
1704875679.559 8.625 1.667 
1704875679.660 8.615 1.566 
1704875679.760 8.604 1.467 
1704875679.860 8.586 1.379 
1704875679.960 8.565 1.284 
1704875680.060 8.538 1.183 
1704875680.160 8.513 1.086 
1704875680.260 8.498 1.000 
1704875680.361 8.477 0.918 
1704875680.467 8.450 0.832 
1704875680.563 8.424 0.740 
1704875680.662 8.401 0.642 
1704875680.762 8.375 0.555 
1704875680.863 8.349 0.474 
1704875680.962 8.316 0.399 
1704875681.063 8.281 0.325 
1704875681.163 8.226 0.228 
1704875681.263 8.184 0.143 
1704875681.363 8.151 0.074 
1704875681.464 8.115 -0.001 
1704875681.564 8.063 -0.077 
1704875681.664 8.012 -0.146 
1704875681.765 7.963 -0.209 
1704875681.864 7.912 -0.268 
1704875681.964 7.861 -0.326 
1704875682.065 7.778 -0.393 
1704875682.165 7.699 -0.453 
1704875682.265 7.643 -0.499 
1704875682.365 7.585 -0.541 
1704875682.465 7.521 -0.580 
1704875682.565 7.443 -0.619 
1704875682.666 7.353 -0.654 
1704875682.766 7.273 -0.691 
1704875682.864 7.191 -0.723 
1704875682.965 7.115 -0.751 
1704875683.065 7.037 -0.773 
1704875683.166 6.954 -0.796 
1704875683.266 6.879 -0.824 
1704875683.369 6.805 -0.851 
1704875683.467 6.714 -0.866 
1704875683.567 6.619 -0.878 
1704875683.668 6.531 -0.898 
1704875683.768 6.454 -0.920 
1704875683.868 6.370 -0.939 
1704875683.968 6.278 -0.953 
1704875684.068 6.185 -0.957 
1704875684.168 6.094 -0.958 
1704875684.268 6.006 -0.957 
1704875684.369 5.923 -0.964 
1704875684.469 5.835 -0.966 
1704875684.569 5.745 -0.963 
1704875684.668 5.657 -0.952 
1704875684.769 5.569 -0.944 
1704875684.870 5.480 -0.935 
1704875684.969 5.393 -0.921 
1704875685.069 5.312 -0.916 
1704875685.170 5.230 -0.904 
1704875685.270 5.147 -0.889 
1704875685.370 5.066 -0.875 
1704875685.470 4.984 -0.855 
1704875685.570 4.903 -0.816 
1704875685.670 4.827 -0.777 
1704875685.770 4.759 -0.742 
1704875685.872 4.688 -0.711 
1704875685.970 4.619 -0.677 
1704875686.071 4.547 -0.628 
1704875686.171 4.481 -0.577 
1704875686.271 4.415 -0.531 
1704875686.371 4.359 -0.481 
1704875686.471 4.298 -0.430 
1704875686.571 4.234 -0.371 
1704875686.671 4.176 -0.312 
1704875686.771 4.123 -0.249 
1704875686.872 4.075 -0.180 
1704875686.972 4.033 -0.108 
1704875687.074 3.983 -0.039 
1704875687.172 3.930 0.025 
1704875687.272 3.881 0.090 
1704875687.372 3.837 0.161 
1704875687.472 3.794 0.237 
1704875687.572 3.753 0.317 
1704875687.671 3.711 0.399 
1704875687.772 3.664 0.479 
1704875687.873 3.618 0.555 
1704875687.972 3.578 0.625 
1704875688.073 3.537 0.706 
1704875688.174 3.494 0.794 
1704875688.272 3.457 0.887 
1704875688.374 3.419 0.982 
1704875688.474 3.381 1.073 
1704875688.574 3.342 1.159 
1704875688.675 3.303 1.244 
1704875688.773 3.269 1.338 
1704875688.873 3.238 1.421 
1704875688.973 3.214 1.484 
1704875689.074 3.198 1.540 
1704875689.174 3.181 1.598 
1704875689.274 3.157 1.668 
1704875689.374 3.124 1.738 
1704875689.474 3.091 1.814 
1704875689.574 3.068 1.882 
1704875689.675 3.046 1.952 
1704875689.777 3.020 2.027 
1704875689.877 2.994 2.096 
1704875689.977 2.971 2.164 
1704875690.078 2.949 2.239 
1704875692.186 2.945 2.487 
1704875692.187 2.945 2.487 
1704875692.288 2.865 2.477 
1704875692.388 2.725 2.462 
1704875692.487 2.604 2.453 
1704875692.588 2.492 2.438 
1704875692.687 2.366 2.456 
1704875692.788 2.239 2.491 
1704875692.889 2.125 2.517 
1704875692.988 2.005 2.531 
1704875693.088 1.883 2.552 
1704875693.188 1.764 2.574 
1704875693.289 1.645 2.598 
1704875693.389 1.525 2.620 
1704875693.489 1.408 2.645 
1704875693.591 1.289 2.672 
1704875693.690 1.168 2.699 
1704875693.790 1.050 2.726 
1704875693.889 0.928 2.759 
1704875693.989 0.802 2.793 
1704875694.089 0.687 2.832 
1704875694.189 0.570 2.881 
1704875694.290 0.458 2.927 
1704875694.390 0.351 2.977 
1704875694.490 0.251 3.033 
1704875694.589 0.169 3.075 
1704875694.689 0.088 3.118 
1704875694.791 0.008 3.164 
1704875694.890 -0.069 3.210 
1704875694.990 -0.138 3.255 
1704875695.090 -0.205 3.298 
1704875695.191 -0.266 3.339 
1704875695.292 -0.324 3.378 
1704875695.391 -0.374 3.410 
1704875695.491 -0.425 3.448 
1704875695.591 -0.493 3.507 
1704875695.691 -0.570 3.608 
1704875695.791 -0.640 3.704 
1704875695.891 -0.697 3.765 
1704875695.992 -0.728 3.816 
1704875696.091 -0.777 3.876 
1704875696.192 -0.837 3.954 
1704875696.292 -0.886 4.027 
1704875696.393 -0.921 4.090 
1704875696.492 -0.953 4.135 
1704875696.593 -0.991 4.180 
1704875696.692 -1.046 4.244 
1704875696.795 -1.093 4.321 
1704875696.896 -1.125 4.382 
1704875696.995 -1.135 4.422 
1704875697.095 -1.159 4.469 
1704875697.195 -1.194 4.534 
1704875697.296 -1.246 4.614 
1704875699.601 -1.220 4.744 
1704875699.701 -1.235 4.697 
1704875699.801 -1.258 4.563 
1704875699.902 -1.273 4.433 
1704875700.002 -1.262 4.299 
1704875700.101 -1.238 4.167 
1704875700.201 -1.239 4.082 
1704875700.301 -1.232 4.029 
1704875700.401 -1.219 3.976 
1704875700.503 -1.201 3.900 
1704875700.603 -1.180 3.822 
1704875700.704 -1.161 3.739 
1704875700.804 -1.140 3.653 
1704875700.904 -1.112 3.555 
1704875701.005 -1.089 3.465 
1704875701.106 -1.060 3.374 
1704875701.204 -1.050 3.300 
1704875701.304 -1.028 3.245 
1704875701.405 -1.002 3.180 
1704875701.506 -0.972 3.100 
1704875701.605 -0.945 3.015 
1704875701.705 -0.924 2.934 
1704875701.805 -0.900 2.861 
1704875701.905 -0.872 2.784 
1704875702.005 -0.845 2.703 
1704875702.105 -0.811 2.621 
1704875702.205 -0.778 2.540 
1704875702.305 -0.746 2.461 
1704875702.406 -0.715 2.383 
1704875702.506 -0.683 2.304 
1704875702.606 -0.652 2.222 
1704875702.707 -0.615 2.142 
1704875702.806 -0.579 2.062 
1704875702.906 -0.546 1.987 
1704875703.007 -0.512 1.910 
1704875703.106 -0.479 1.832 
1704875703.207 -0.445 1.755 
1704875703.307 -0.402 1.680 
1704875703.408 -0.356 1.610 
1704875703.508 -0.310 1.543 
1704875703.607 -0.271 1.478 
1704875703.707 -0.228 1.409 
1704875703.808 -0.180 1.335 
1704875703.908 -0.125 1.268 
1704875704.007 -0.071 1.209 
1704875704.107 -0.023 1.152 
1704875704.208 0.027 1.097 
1704875704.308 0.097 1.040 
1704875704.407 0.166 0.987 
1704875704.507 0.232 0.938 
1704875704.608 0.289 0.889 
1704875704.708 0.341 0.845 
1704875704.808 0.407 0.802 
1704875704.909 0.507 0.754 
1704875705.010 0.589 0.707 
1704875705.110 0.652 0.668 
1704875705.210 0.711 0.632 
1704875705.310 0.762 0.603 
1704875705.410 0.820 0.569 
1704875705.510 0.932 0.532 
1704875705.610 1.051 0.498 
1704875705.710 1.105 0.487 
1704875705.811 1.142 0.478 
1704875705.910 1.202 0.468 
1704875706.012 1.324 0.462 
1704875706.111 1.419 0.446 
1704875706.212 1.491 0.436 
1704875706.312 1.561 0.419 
1704875706.412 1.646 0.395 
1704875706.513 1.756 0.370 
1704875706.615 1.843 0.350 
1704875706.714 1.892 0.341 
1704875706.814 1.953 0.341 
1704875706.914 2.056 0.347 
1704875707.015 2.167 0.348 
1704875707.115 2.256 0.348 
1704875707.217 2.337 0.358 
1704875707.315 2.426 0.367 
1704875707.415 2.522 0.391 
1704875707.516 2.607 0.417 
1704875707.615 2.690 0.436 
1704875707.715 2.775 0.457 
1704875707.816 2.861 0.482 
1704875707.916 2.966 0.529 
1704875708.017 3.063 0.568 
1704875708.116 3.130 0.597 
1704875708.216 3.206 0.631 
1704875708.316 3.291 0.666 
1704875708.416 3.391 0.722 
1704875708.517 3.489 0.774 
1704875708.616 3.583 0.819 
1704875708.717 3.650 0.855 
1704875708.817 3.721 0.887 
1704875708.918 3.811 0.936 
1704875709.018 3.900 0.991 
1704875709.117 3.983 1.044 
1704875709.217 4.067 1.104 
1704875709.318 4.150 1.160 
1704875709.418 4.231 1.215 
1704875709.518 4.313 1.280 
1704875709.617 4.387 1.347 
1704875709.717 4.468 1.416 
1704875709.818 4.551 1.486 
1704875709.921 4.629 1.552 
1704875710.021 4.705 1.623 
1704875710.122 4.779 1.698 
1704875710.221 4.855 1.773 
1704875710.330 4.932 1.849 
1704875710.425 5.007 1.918 
1704875710.523 5.081 1.993 
1704875710.622 5.154 2.069 
1704875710.722 5.226 2.146 
1704875710.822 5.298 2.224 
1704875710.922 5.370 2.298 
1704875711.022 5.442 2.374 
1704875711.123 5.513 2.450 
1704875711.223 5.583 2.526 
1704875711.323 5.654 2.602 
1704875711.423 5.724 2.678 
1704875711.523 5.795 2.752 
1704875711.623 5.864 2.827 
1704875711.723 5.931 2.906 
1704875711.823 5.997 2.990 
1704875711.923 6.065 3.062 
1704875712.023 6.129 3.141 
1704875712.124 6.194 3.221 
1704875712.225 6.261 3.306 
1704875712.325 6.321 3.400 
1704875712.425 6.380 3.487 
1704875712.525 6.440 3.566 
1704875712.625 6.492 3.659 
1704875712.726 6.529 3.755 
1704875712.826 6.568 3.863 
1704875712.927 6.614 3.969 
1704875713.026 6.654 4.060 
1704875713.127 6.689 4.151 
1704875713.227 6.720 4.247 
1704875713.327 6.753 4.347 
1704875713.427 6.785 4.449 
1704875713.526 6.810 4.553 
1704875713.627 6.840 4.654 
1704875713.729 6.863 4.753 
1704875713.828 6.879 4.854 
1704875713.928 6.894 4.956 
1704875714.027 6.911 5.053 
1704875714.128 6.928 5.155 
1704875714.230 6.939 5.258 
1704875714.329 6.947 5.356 
1704875714.428 6.960 5.461 
1704875714.528 6.969 5.571 
1704875714.628 6.974 5.673 
1704875714.728 6.977 5.774 
1704875714.829 6.980 5.871 
1704875714.929 6.989 5.958 
1704875715.028 6.999 6.049 
1704875715.129 7.006 6.147 
1704875715.229 7.010 6.243 
1704875715.329 7.014 6.334 
1704875715.429 7.021 6.418 
1704875715.529 7.028 6.503 
1704875715.629 7.034 6.587 
1704875715.729 7.038 6.668 
1704875715.830 7.042 6.744 
1704875715.929 7.050 6.820 
1704875716.029 7.071 6.919 
1704875716.130 7.085 7.034 
1704875716.230 7.090 7.129 
1704875716.330 7.098 7.202 
1704875716.430 7.106 7.269 
1704875716.530 7.123 7.344 
1704875716.631 7.141 7.420 
1704875716.731 7.153 7.500 
1704875716.831 7.135 7.564 
1704875716.930 7.122 7.621 
1704875717.030 7.137 7.699 
1704875717.130 7.183 7.795 
1704875717.231 7.242 7.880 
1704875717.331 7.328 7.954 
1704875717.431 7.458 7.988 
1704875717.532 7.576 8.008 
1704875717.632 7.700 8.006 
1704875717.732 7.821 7.952 
1704875717.832 7.927 7.877 
1704875717.932 8.016 7.769 
1704875718.032 8.083 7.653 
1704875718.132 8.115 7.608 
1704875718.232 8.135 7.565 
1704875718.333 8.169 7.490 
1704875718.433 8.226 7.397 
1704875720.844 8.416 7.224 
1704875720.845 8.416 7.224 
1704875720.946 8.382 7.191 
1704875721.046 8.325 7.123 
1704875721.146 8.251 7.039 
1704875721.246 8.166 6.952 
1704875721.346 8.076 6.874 
1704875721.446 7.987 6.792 
1704875721.546 7.900 6.712 
1704875721.647 7.813 6.631 
1704875721.747 7.726 6.547 
1704875721.846 7.640 6.464 
1704875721.947 7.556 6.387 
1704875722.047 7.471 6.305 
1704875722.148 7.390 6.215 
1704875722.248 7.299 6.117 
1704875722.347 7.171 6.030 
1704875722.449 7.044 5.945 
1704875724.253 6.913 5.815 
1704875724.359 6.910 5.832 
1704875724.453 6.873 5.913 
1704875724.553 6.831 6.034 
1704875724.653 6.745 6.159 
1704875724.754 6.662 6.281 
1704875724.853 6.589 6.351 
1704875724.953 6.512 6.383 
1704875725.053 6.455 6.432 
1704875725.154 6.402 6.477 
1704875725.254 6.369 6.539 
1704875725.354 6.352 6.613 
1704875725.454 6.374 6.690 
1704875725.555 6.416 6.765 
1704875725.655 6.447 6.860 
1704875729.776 6.551 7.435 
1704875729.777 6.551 7.435 
1704875729.877 6.583 7.335 
1704875729.978 6.637 7.215 
1704875730.077 6.717 7.081 
1704875730.178 6.774 6.963 
1704875730.278 6.826 6.856 
1704875730.378 6.876 6.746 
1704875730.478 6.935 6.636 
1704875730.581 6.995 6.524 
1704875730.681 7.045 6.422 
1704875730.781 7.092 6.309 
1704875730.882 7.138 6.194 
1704875730.982 7.183 6.080 
1704875731.083 7.221 5.958 
1704875731.182 7.251 5.830 
1704875731.284 7.278 5.701 
1704875731.383 7.280 5.580 
1704875731.483 7.287 5.457 
1704875731.582 7.277 5.346 
1704875731.683 7.264 5.234 
1704875731.782 7.260 5.123 
1704875731.883 7.246 5.012 
1704875731.983 7.211 4.899 
1704875732.082 7.182 4.792 
1704875732.183 7.152 4.682 
1704875732.284 7.119 4.570 
1704875732.384 7.079 4.463 
1704875732.483 7.037 4.361 
1704875732.584 6.993 4.261 
1704875732.683 6.933 4.159 
1704875732.784 6.874 4.058 
1704875732.884 6.820 3.954 
1704875732.984 6.770 3.849 
1704875733.084 6.698 3.740 
1704875733.185 6.618 3.642 
1704875733.284 6.541 3.552 
1704875733.384 6.459 3.462 
1704875733.485 6.384 3.365 
1704875733.585 6.305 3.277 
1704875733.685 6.221 3.194 
1704875733.784 6.137 3.122 
1704875733.885 6.037 3.052 
1704875733.985 5.943 2.993 
1704875734.085 5.855 2.933 
1704875734.187 5.754 2.858 
1704875734.287 5.646 2.798 
1704875734.388 5.538 2.755 
1704875734.487 5.452 2.725 
1704875734.587 5.371 2.706 
1704875734.687 5.288 2.698 
1704875734.787 5.203 2.694 
1704875734.887 5.111 2.696 
1704875734.988 5.021 2.700 
1704875735.089 4.928 2.701 
1704875735.188 4.835 2.705 
1704875735.288 4.740 2.704 
1704875735.388 4.643 2.704 
1704875735.488 4.547 2.703 
1704875735.589 4.447 2.704 
1704875735.688 4.344 2.700 
1704875735.788 4.239 2.698 
1704875735.890 4.139 2.697 
1704875735.990 4.037 2.695 
1704875736.089 3.933 2.694 
1704875736.189 3.829 2.693 
1704875736.289 3.724 2.692 
1704875736.389 3.620 2.690 
1704875736.490 3.507 2.687 
1704875736.590 3.401 2.687 
1704875736.690 3.296 2.687 
1704875736.791 3.193 2.691 
1704875736.891 3.088 2.695 
1704875736.990 2.984 2.695 
1704875737.091 2.876 2.699 
1704875737.191 2.774 2.704 
1704875737.290 2.671 2.712 
1704875737.390 2.571 2.718 
1704875737.491 2.473 2.715 
1704875737.590 2.376 2.710 
1704875737.691 2.276 2.710 
1704875737.791 2.181 2.711 
1704875737.891 2.087 2.710 
1704875737.993 1.994 2.702 
1704875738.092 1.902 2.696 
1704875738.194 1.809 2.690 
1704875738.295 1.718 2.684 
1704875738.393 1.628 2.678 
1704875738.494 1.533 2.672 
1704875738.594 1.444 2.666 
1704875738.694 1.353 2.660 
1704875738.794 1.262 2.653 
1704875738.894 1.174 2.646 
1704875738.994 1.086 2.644 
1704875739.094 0.990 2.648 
1704875739.195 0.899 2.645 
1704875739.295 0.819 2.640 
1704875739.395 0.733 2.641 
1704875739.494 0.648 2.642 
1704875739.596 0.565 2.653 
1704875739.695 0.479 2.672 
1704875739.795 0.392 2.694 
1704875739.896 0.300 2.720 
1704875739.996 0.218 2.750 
1704875740.096 0.145 2.787 
1704875740.196 0.069 2.831 
1704875740.295 -0.004 2.888 
1704875740.396 -0.065 2.954 
1704875740.497 -0.114 3.031 
1704875740.596 -0.168 3.105 
1704875740.695 -0.225 3.178 
1704875740.796 -0.279 3.253 
1704875740.897 -0.320 3.336 
1704875740.996 -0.348 3.424 
1704875741.097 -0.377 3.521 
1704875741.197 -0.412 3.614 
1704875741.297 -0.445 3.704 
1704875741.398 -0.476 3.794 
1704875741.498 -0.500 3.888 
1704875741.598 -0.526 3.985 
1704875741.697 -0.552 4.082 
1704875741.798 -0.575 4.182 
1704875741.897 -0.589 4.284 
1704875741.998 -0.601 4.390 
1704875742.098 -0.615 4.491 
1704875742.199 -0.625 4.595 
1704875742.299 -0.631 4.703 
1704875742.399 -0.636 4.813 
1704875742.498 -0.640 4.923 
1704875742.598 -0.642 5.029 
1704875742.699 -0.646 5.124 
1704875742.799 -0.645 5.231 
1704875742.899 -0.639 5.344 
1704875743.000 -0.639 5.445 
1704875743.100 -0.637 5.536 
1704875743.200 -0.626 5.635 
1704875743.299 -0.610 5.736 
1704875743.400 -0.602 5.828 
1704875743.500 -0.594 5.925 
1704875743.601 -0.592 6.013 
1704875743.701 -0.578 6.099 
1704875743.801 -0.560 6.183 
1704875743.901 -0.537 6.269 
1704875744.002 -0.519 6.348 
1704875744.102 -0.504 6.429 
1704875744.202 -0.487 6.510 
1704875744.303 -0.470 6.587 
1704875744.403 -0.446 6.662 
1704875744.502 -0.420 6.737 
1704875744.603 -0.392 6.810 
1704875744.702 -0.365 6.884 
1704875744.803 -0.344 6.957 
1704875744.903 -0.320 7.031 
1704875745.003 -0.292 7.107 
1704875745.104 -0.245 7.197 
1704875745.203 -0.172 7.298 
1704875745.303 -0.108 7.386 
1704875745.404 -0.060 7.450 
1704875745.504 -0.019 7.514 
1704875745.604 0.027 7.593 
1704875745.704 0.068 7.671 
1704875745.804 0.116 7.742 
1704875745.904 0.165 7.802 
1704875746.005 0.216 7.864 
1704875746.104 0.287 7.917 
1704875746.205 0.362 7.962 
1704875746.305 0.434 8.010 
1704875746.406 0.497 8.063 
1704875746.505 0.561 8.116 
1704875746.605 0.632 8.166 
1704875746.706 0.702 8.207 
1704875746.809 0.777 8.236 
1704875746.909 0.860 8.257 
1704875747.008 0.943 8.282 
1704875747.109 1.012 8.314 
1704875747.209 1.088 8.340 
1704875747.309 1.162 8.362 
1704875747.410 1.232 8.381 
1704875747.510 1.296 8.399 
1704875747.610 1.373 8.405 
1704875747.710 1.468 8.380 
1704875747.810 1.558 8.353 
1704875747.913 1.624 8.341 
1704875748.012 1.672 8.339 
1704875748.113 1.725 8.343 
1704875748.212 1.804 8.309 
1704875748.312 1.890 8.269 
1704875748.412 1.957 8.245 
1704875748.511 2.008 8.228 
1704875748.613 2.067 8.196 
1704875748.713 2.125 8.132 
1704875748.812 2.180 8.070 
1704875748.913 2.229 8.018 
1704875749.014 2.271 7.962 
1704875749.114 2.315 7.906 
1704875749.213 2.358 7.841 
1704875749.315 2.400 7.769 
1704875749.413 2.444 7.705 
1704875749.514 2.486 7.637 
1704875749.614 2.526 7.566 
1704875749.715 2.556 7.481 
1704875749.814 2.595 7.384 
1704875753.327 2.409 7.600 
1704875753.328 2.409 7.600 
1704875753.429 2.350 7.622 
1704875753.530 2.230 7.626 
1704875753.630 2.088 7.639 
1704875753.729 1.993 7.654 
1704875753.830 1.944 7.674 
1704875753.930 1.888 7.683 
1704875754.030 1.789 7.668 
1704875754.130 1.681 7.658 
1704875754.229 1.609 7.663 
1704875754.331 1.530 7.649 
1704875754.430 1.446 7.618 
1704875754.530 1.360 7.582 
1704875754.631 1.277 7.559 
1704875754.733 1.194 7.549 
1704875754.831 1.110 7.521 
1704875754.932 1.027 7.477 
1704875755.031 0.951 7.428 
1704875755.131 0.868 7.365 
1704875755.234 0.803 7.305 
1704875755.334 0.764 7.255 
1704875755.433 0.722 7.186 
1704875755.532 0.672 7.124 
1704875755.633 0.618 7.055 
1704875755.733 0.577 6.984 
1704875755.835 0.535 6.910 
1704875755.934 0.493 6.837 
1704875756.033 0.451 6.762 
1704875756.134 0.406 6.679 
1704875756.235 0.366 6.601 
1704875756.334 0.328 6.527 
1704875756.434 0.289 6.452 
1704875756.534 0.251 6.380 
1704875756.635 0.212 6.309 
1704875756.737 0.176 6.237 
1704875756.835 0.143 6.170 
1704875756.934 0.109 6.104 
1704875757.035 0.069 6.040 
1704875757.135 0.028 5.982 
1704875757.237 -0.014 5.926 
1704875757.336 -0.054 5.876 
1704875757.436 -0.092 5.826 
1704875757.537 -0.125 5.771 
1704875757.636 -0.163 5.711 
1704875757.737 -0.208 5.652 
1704875757.838 -0.228 5.594 
1704875757.938 -0.251 5.537 
1704875758.036 -0.313 5.504 
1704875758.136 -0.383 5.500 
1704875758.236 -0.433 5.489 
1704875758.337 -0.499 5.497 
1704875758.437 -0.587 5.576 
1704875758.537 -0.667 5.613 
1704875758.637 -0.729 5.656 
1704875758.737 -0.769 5.739 
1704875758.838 -0.798 5.866 
1704875758.937 -0.796 5.952 
1704875759.037 -0.784 5.986 
1704875759.138 -0.787 6.018 
1704875759.238 -0.810 6.063 
1704875759.337 -0.813 6.179 
1704875759.440 -0.826 6.312 
1704875759.538 -0.872 6.452 
1704875759.638 -0.896 6.555 
1704875759.738 -0.924 6.629 
1704875759.838 -0.961 6.716 
1704875759.941 -1.001 6.808 
1704875760.042 -1.039 6.897 
1704875760.141 -1.078 6.981 
1704875760.242 -1.117 7.069 
1704875760.342 -1.154 7.165 
1704875760.443 -1.197 7.255 
1704875760.542 -1.243 7.340 
1704875760.642 -1.288 7.420 
1704875760.743 -1.332 7.497 
1704875760.843 -1.376 7.586 
1704875760.942 -1.423 7.676 
1704875761.057 -1.472 7.764 
1704875761.147 -1.517 7.825 
1704875761.245 -1.564 7.885 
1704875761.345 -1.625 7.953 
1704875761.445 -1.679 8.024 
1704875761.545 -1.734 8.084 
1704875761.645 -1.782 8.137 
1704875761.745 -1.835 8.196 
1704875761.845 -1.882 8.251 
1704875761.946 -1.972 8.278 
1704875762.047 -2.058 8.303 
1704875762.146 -2.121 8.345 
1704875762.246 -2.216 8.363 
1704875762.346 -2.309 8.381 
1704875762.446 -2.385 8.374 
1704875762.546 -2.465 8.347 
1704875762.646 -2.550 8.286 
1704875762.746 -2.631 8.204 
1704875762.846 -2.701 8.129 
1704875762.947 -2.753 8.075 
1704875763.047 -2.804 8.019 
1704875763.147 -2.860 7.941 
1704875763.247 -2.912 7.868 
1704875763.347 -2.963 7.797 
1704875763.447 -3.011 7.724 
1704875763.547 -3.061 7.643 
1704875763.647 -3.105 7.564 
1704875763.747 -3.146 7.483 
1704875763.849 -3.182 7.404 
1704875763.947 -3.217 7.350 
1704875764.050 -3.253 7.290 
1704875764.148 -3.280 7.183 
1704875764.249 -3.312 7.088 
1704875764.349 -3.336 7.017 
1704875764.449 -3.356 6.943 
1704875764.548 -3.377 6.870 
1704875764.648 -3.399 6.797 
1704875764.748 -3.407 6.732 
1704875764.848 -3.417 6.668 
1704875764.948 -3.434 6.593 
1704875765.048 -3.451 6.499 
1704875765.149 -3.473 6.407 
1704875765.249 -3.497 6.324 
1704875765.349 -3.515 6.250 
1704875765.449 -3.530 6.168 
1704875765.549 -3.546 6.082 
1704875765.649 -3.565 5.997 
1704875765.751 -3.584 5.912 
1704875765.849 -3.601 5.832 
1704875765.949 -3.617 5.746 
1704875766.049 -3.632 5.660 
1704875766.149 -3.645 5.574 
1704875766.250 -3.659 5.488 
1704875766.350 -3.674 5.403 
1704875766.449 -3.686 5.321 
1704875766.550 -3.697 5.236 
1704875766.650 -3.707 5.150 
1704875766.750 -3.714 5.063 
1704875766.850 -3.725 4.977 
1704875766.953 -3.734 4.891 
1704875767.050 -3.741 4.811 
1704875767.151 -3.748 4.724 
1704875767.251 -3.754 4.638 
1704875767.352 -3.757 4.550 
1704875767.451 -3.762 4.464 
1704875767.551 -3.770 4.385 
1704875767.651 -3.773 4.301 
1704875767.751 -3.772 4.218 
1704875767.852 -3.773 4.134 
1704875767.952 -3.771 4.043 
1704875768.052 -3.766 3.956 
1704875768.151 -3.767 3.879 
1704875768.251 -3.767 3.804 
1704875768.352 -3.758 3.721 
1704875768.452 -3.752 3.639 
1704875768.557 -3.743 3.557 
1704875768.654 -3.731 3.473 
1704875768.753 -3.718 3.387 
1704875768.854 -3.713 3.308 
1704875768.954 -3.710 3.238 
1704875769.056 -3.696 3.165 
1704875769.155 -3.677 3.086 
1704875769.255 -3.658 3.005 
1704875769.356 -3.637 2.921 
1704875769.456 -3.619 2.844 
1704875769.556 -3.604 2.772 
1704875769.657 -3.576 2.683 
1704875769.757 -3.538 2.576 
1704875769.857 -3.493 2.474 
1704875769.957 -3.453 2.386 
1704875770.056 -3.417 2.300 
1704875770.158 -3.382 2.204 
1704875770.260 -3.346 2.114 
1704875770.358 -3.313 2.034 
1704875770.457 -3.272 1.953 
1704875770.557 -3.226 1.872 
1704875770.658 -3.182 1.780 
1704875770.758 -3.135 1.697 
1704875770.858 -3.087 1.619 
1704875770.957 -3.043 1.545 
1704875771.058 -3.000 1.472 
1704875771.159 -2.952 1.394 
1704875771.258 -2.893 1.296 
1704875771.358 -2.841 1.208 
1704875771.459 -2.797 1.154 
1704875771.558 -2.747 1.085 
1704875771.658 -2.686 1.006 
1704875771.759 -2.627 0.926 
1704875771.860 -2.569 0.854 
1704875771.959 -2.516 0.785 
1704875772.059 -2.460 0.715 
1704875772.161 -2.393 0.643 
1704875772.260 -2.325 0.565 
1704875773.469 -2.220 0.538 
1704875773.469 -2.220 0.538 
1704875773.571 -2.195 0.538 
1704875773.671 -2.104 0.485 
1704875773.771 -1.999 0.419 
1704875773.871 -1.904 0.361 
1704875773.973 -1.805 0.307 
1704875774.072 -1.698 0.255 
1704875774.172 -1.592 0.202 
1704875774.272 -1.486 0.149 
1704875774.371 -1.381 0.097 
1704875774.472 -1.273 0.047 
1704875774.572 -1.164 -0.004 
1704875774.674 -1.064 -0.054 
1704875774.774 -0.993 -0.094 
1704875774.873 -0.928 -0.125 
1704875774.974 -0.861 -0.157 
1704875775.075 -0.793 -0.186 
1704875775.175 -0.696 -0.219 
1704875775.275 -0.597 -0.265 
1704875775.374 -0.516 -0.316 
1704875775.474 -0.446 -0.356 
1704875775.575 -0.382 -0.382 
1704875775.675 -0.313 -0.407 
1704875775.775 -0.250 -0.433 
1704875775.875 -0.169 -0.462 
1704875775.976 -0.099 -0.495 
1704875776.075 -0.045 -0.528 
1704875776.175 0.006 -0.549 
1704875776.276 0.051 -0.580 
1704875779.982 -0.133 -0.581 
1704875780.082 -0.104 -0.602 
1704875780.183 -0.086 -0.600 
1704875780.283 -0.087 -0.597 
1704875780.384 -0.139 -0.582 
1704875780.484 -0.260 -0.585 
1704875780.584 -0.373 -0.566 
1704875780.685 -0.439 -0.562 
1704875780.784 -0.498 -0.550 
1704875780.884 -0.575 -0.532 
1704875780.984 -0.656 -0.511 
1704875781.086 -0.742 -0.489 
1704875781.185 -0.827 -0.466 
1704875781.284 -0.917 -0.444 
1704875781.385 -1.009 -0.421 
1704875781.485 -1.104 -0.397 
1704875781.585 -1.206 -0.378 
1704875781.685 -1.297 -0.356 
1704875781.785 -1.348 -0.349 
1704875781.887 -1.412 -0.343 
1704875781.986 -1.492 -0.330 
1704875782.085 -1.583 -0.313 
1704875782.186 -1.669 -0.295 
1704875782.286 -1.753 -0.278 
1704875782.387 -1.835 -0.264 
1704875782.486 -1.919 -0.252 
1704875782.586 -2.005 -0.242 
1704875782.687 -2.090 -0.228 
1704875782.786 -2.174 -0.214 
1704875782.886 -2.261 -0.202 
1704875782.987 -2.346 -0.190 
1704875783.086 -2.431 -0.180 
1704875783.188 -2.520 -0.174 
1704875783.287 -2.602 -0.166 
1704875783.387 -2.689 -0.159 
1704875783.487 -2.775 -0.153 
1704875783.587 -2.861 -0.151 
1704875783.687 -2.949 -0.147 
1704875783.787 -3.036 -0.142 
1704875783.887 -3.121 -0.138 
1704875783.987 -3.206 -0.133 
1704875784.088 -3.294 -0.129 
1704875784.188 -3.381 -0.125 
1704875784.291 -3.466 -0.120 
1704875784.392 -3.556 -0.116 
1704875784.491 -3.642 -0.113 
1704875784.591 -3.730 -0.109 
1704875784.691 -3.817 -0.105 
1704875784.793 -3.905 -0.103 
1704875784.893 -3.993 -0.100 
1704875784.993 -4.082 -0.097 
1704875785.093 -4.167 -0.094 
1704875785.193 -4.254 -0.090 
1704875785.294 -4.343 -0.086 
1704875785.393 -4.424 -0.086 
1704875785.494 -4.505 -0.082 
1704875785.593 -4.586 -0.075 
1704875785.697 -4.665 -0.066 
1704875785.795 -4.747 -0.058 
1704875785.894 -4.824 -0.051 
1704875785.995 -4.901 -0.043 
1704875786.094 -5.017 -0.013 
1704875786.196 -5.112 0.000 
1704875786.295 -5.198 0.017 
1704875786.395 -5.290 0.033 
1704875786.499 -5.374 0.047 
1704875786.598 -5.460 0.065 
1704875786.697 -5.540 0.086 
1704875786.798 -5.620 0.108 
1704875786.898 -5.701 0.131 
1704875786.997 -5.778 0.154 
1704875787.097 -5.866 0.177 
1704875787.197 -5.938 0.201 
1704875787.298 -5.997 0.224 
1704875787.398 -6.055 0.251 
1704875787.498 -6.116 0.337 
1704875787.599 -6.157 0.432 
1704875787.700 -6.186 0.486 
1704875787.799 -6.195 0.550 
1704875787.900 -6.186 0.667 
1704875788.000 -6.190 0.768 
1704875788.101 -6.214 0.840 
1704875788.201 -6.222 0.929 
1704875788.306 -6.213 1.019 
1704875788.402 -6.191 1.098 
1704875788.501 -6.162 1.177 
1704875788.601 -6.149 1.255 
1704875788.701 -6.111 1.342 
1704875788.803 -6.051 1.434 
1704875788.901 -5.999 1.524 
1704875789.002 -5.947 1.611 
1704875789.102 -5.907 1.660 
1704875789.201 -5.876 1.732 
1704875789.303 -5.840 1.809 
1704875789.404 -5.809 1.878 
1704875789.503 -5.776 1.951 
1704875789.602 -5.737 2.037 
1704875789.703 -5.701 2.116 
1704875789.803 -5.675 2.197 
1704875789.902 -5.654 2.280 
1704875790.003 -5.640 2.366 
1704875790.103 -5.629 2.463 
1704875790.203 -5.614 2.558 
1704875790.303 -5.596 2.644 
1704875790.403 -5.591 2.730 
1704875790.504 -5.590 2.830 
1704875790.604 -5.590 2.932 
1704875790.703 -5.591 3.029 
1704875790.804 -5.599 3.129 
1704875790.904 -5.611 3.227 
1704875791.004 -5.620 3.322 
1704875791.104 -5.639 3.418 
1704875791.204 -5.671 3.510 
1704875791.304 -5.699 3.595 
1704875791.404 -5.734 3.680 
1704875791.505 -5.785 3.774 
1704875791.604 -5.823 3.859 
1704875791.704 -5.861 3.939 
1704875791.804 -5.899 4.021 
1704875791.905 -5.954 4.110 
1704875792.005 -6.011 4.198 
1704875792.105 -6.063 4.282 
1704875792.205 -6.115 4.366 
1704875792.305 -6.170 4.449 
1704875792.406 -6.225 4.537 
1704875792.506 -6.280 4.634 
1704875792.606 -6.330 4.725 
1704875792.705 -6.380 4.812 
1704875792.806 -6.427 4.898 
1704875792.906 -6.474 4.983 
1704875793.006 -6.520 5.065 
1704875793.106 -6.564 5.147 
1704875793.206 -6.608 5.227 
1704875793.306 -6.653 5.306 
1704875793.406 -6.695 5.382 
1704875793.510 -6.738 5.460 
1704875793.608 -6.775 5.534 
1704875793.707 -6.811 5.609 
1704875793.807 -6.845 5.685 
1704875793.907 -6.880 5.757 
1704875794.007 -6.911 5.823 
1704875794.108 -6.947 5.926 
1704875794.208 -6.982 6.038 
1704875794.307 -7.010 6.128 
1704875794.408 -7.040 6.217 
1704875794.508 -7.073 6.300 
1704875794.608 -7.090 6.388 
1704875794.707 -7.106 6.472 
1704875794.808 -7.124 6.550 
1704875794.908 -7.132 6.635 
1704875795.009 -7.118 6.739 
1704875795.109 -7.105 6.837 
1704875795.209 -7.100 6.917 
1704875795.308 -7.098 6.989 
1704875795.410 -7.089 7.071 
1704875795.509 -7.059 7.168 
1704875795.609 -7.035 7.260 
1704875795.709 -7.017 7.342 
1704875795.809 -6.991 7.433 
1704875795.909 -6.958 7.523 
1704875796.010 -6.929 7.609 
1704875796.109 -6.897 7.698 
1704875796.209 -6.869 7.784 
1704875796.309 -6.831 7.874 
1704875796.411 -6.792 7.952 
1704875796.510 -6.769 8.005 
1704875796.610 -6.740 8.063 
1704875796.710 -6.705 8.140 
1704875801.724 -6.707 7.978 
1704875801.724 -6.707 7.978 
1704875801.824 -6.731 7.979 
1704875801.924 -6.764 7.947 
1704875802.024 -6.826 7.862 
1704875802.124 -6.896 7.765 
1704875802.225 -6.959 7.666 
1704875802.324 -7.021 7.569 
1704875802.425 -7.081 7.465 
1704875802.525 -7.137 7.359 
1704875802.625 -7.177 7.249 
1704875802.726 -7.215 7.128 
1704875802.826 -7.264 7.008 
1704875802.926 -7.311 6.898 
1704875803.027 -7.332 6.777 
1704875803.126 -7.343 6.655 
1704875803.226 -7.351 6.548 
1704875803.326 -7.347 6.464 
1704875803.428 -7.326 6.392 
1704875803.527 -7.294 6.331 
1704875803.627 -7.257 6.280 
1704875803.727 -7.221 6.241 
1704875803.826 -7.175 6.179 
1704875803.927 -7.123 6.096 
1704875804.027 -7.080 6.034 
1704875804.127 -7.040 5.973 
1704875804.228 -6.990 5.907 
1704875804.328 -6.946 5.847 
1704875804.428 -6.914 5.794 
1704875804.528 -6.868 5.740 
1704875804.627 -6.803 5.669 
1704875804.728 -6.744 5.591 
1704875804.828 -6.684 5.515 
1704875804.928 -6.625 5.438 
1704875805.029 -6.567 5.364 
1704875805.128 -6.506 5.288 
1704875805.229 -6.440 5.209 
1704875805.328 -6.374 5.129 
1704875805.429 -6.307 5.045 
1704875805.529 -6.241 4.959 
1704875805.629 -6.177 4.887 
1704875805.729 -6.108 4.811 
1704875805.829 -6.039 4.731 
1704875805.928 -5.973 4.633 
1704875806.029 -5.908 4.534 
1704875806.129 -5.846 4.459 
1704875806.229 -5.785 4.378 
1704875806.329 -5.730 4.283 
1704875806.430 -5.682 4.181 
1704875806.530 -5.635 4.084 
1704875806.629 -5.581 3.995 
1704875806.731 -5.526 3.925 
1704875806.830 -5.485 3.844 
1704875806.931 -5.455 3.743 
1704875807.031 -5.433 3.636 
1704875807.131 -5.420 3.537 
1704875807.231 -5.411 3.441 
1704875807.332 -5.404 3.346 
1704875807.433 -5.401 3.252 
1704875807.533 -5.404 3.158 
1704875807.632 -5.410 3.065 
1704875807.733 -5.419 2.975 
1704875807.832 -5.432 2.882 
1704875807.933 -5.447 2.791 
1704875808.033 -5.457 2.704 
1704875808.132 -5.477 2.614 
1704875808.233 -5.489 2.527 
1704875808.333 -5.504 2.438 
1704875808.433 -5.540 2.343 
1704875808.533 -5.575 2.258 
1704875808.633 -5.612 2.182 
1704875808.733 -5.648 2.105 
1704875808.833 -5.683 2.023 
1704875808.937 -5.734 1.934 
1704875809.034 -5.794 1.851 
1704875809.135 -5.851 1.776 
1704875809.233 -5.905 1.711 
1704875809.334 -5.970 1.642 
1704875809.434 -6.042 1.576 
1704875809.534 -6.105 1.509 
1704875809.635 -6.161 1.446 
1704875809.735 -6.225 1.382 
1704875809.835 -6.324 1.306 
1704875809.935 -6.390 1.227 
1704875810.034 -6.454 1.167 
1704875810.135 -6.533 1.114 
1704875810.235 -6.626 1.057 
1704875810.339 -6.725 0.990 
1704875810.435 -6.811 0.931 
1704875810.535 -6.898 0.873 
1704875810.636 -6.993 0.817 
1704875810.736 -7.094 0.768 
1704875810.836 -7.199 0.719 
1704875810.937 -7.311 0.659 
1704875814.547 -7.363 0.749 
1704875814.548 -7.363 0.749 
1704875814.648 -7.275 0.717 
1704875814.748 -7.172 0.655 
1704875814.848 -7.085 0.587 
1704875814.951 -6.996 0.525 
1704875815.050 -6.931 0.478 
1704875815.152 -6.883 0.444 
1704875815.251 -6.837 0.416 
1704875815.351 -6.789 0.379 
1704875815.451 -6.734 0.322 
1704875815.550 -6.676 0.260 
1704875815.652 -6.623 0.197 
1704875815.752 -6.568 0.136 
1704875815.852 -6.512 0.077 
1704875815.953 -6.450 0.013 
1704875816.052 -6.389 -0.053 
1704875816.153 -6.324 -0.126 
1704875816.257 -6.258 -0.202 
1704875816.355 -6.196 -0.272 
1704875816.454 -6.131 -0.347 
1704875816.553 -6.097 -0.408 
1704875816.653 -6.057 -0.452 
1704875816.755 -5.998 -0.500 
1704875816.862 -5.941 -0.554 
1704875816.959 -5.882 -0.619 
1704875817.059 -5.824 -0.685 
1704875817.160 -5.774 -0.734 
1704875817.259 -5.717 -0.783 
1704875817.360 -5.654 -0.837 
1704875817.459 -5.590 -0.902 
1704875817.560 -5.530 -0.970 
1704875817.660 -5.471 -1.029 
1704875817.761 -5.412 -1.078 
1704875817.861 -5.348 -1.137 
1704875817.960 -5.282 -1.201 
1704875818.061 -5.217 -1.261 
1704875818.162 -5.153 -1.317 
1704875818.262 -5.087 -1.376 
1704875818.363 -5.022 -1.437 
1704875818.462 -4.962 -1.497 
1704875818.562 -4.897 -1.553 
1704875818.661 -4.829 -1.613 
1704875818.764 -4.760 -1.668 
1704875818.864 -4.689 -1.724 
1704875818.964 -4.616 -1.782 
1704875819.063 -4.555 -1.835 
1704875819.163 -4.484 -1.890 
1704875819.265 -4.409 -1.944 
1704875819.364 -4.339 -1.995 
1704875819.464 -4.268 -2.045 
1704875819.564 -4.198 -2.097 
1704875819.664 -4.129 -2.150 
1704875819.765 -4.058 -2.203 
1704875819.864 -3.987 -2.252 
1704875819.965 -3.909 -2.298 
1704875820.065 -3.832 -2.338 
1704875820.165 -3.752 -2.377 
1704875820.265 -3.681 -2.419 
1704875820.366 -3.612 -2.462 
1704875820.465 -3.543 -2.498 
1704875820.565 -3.469 -2.538 
1704875820.665 -3.393 -2.577 
1704875820.765 -3.314 -2.612 
1704875820.866 -3.241 -2.649 
1704875820.965 -3.180 -2.687 
1704875821.066 -3.113 -2.722 
1704875821.167 -3.038 -2.756 
1704875821.266 -2.977 -2.788 
1704875821.367 -2.904 -2.825 
1704875821.466 -2.808 -2.876 
1704875821.568 -2.709 -2.932 
1704875821.668 -2.623 -2.975 
1704875821.767 -2.546 -3.004 
1704875821.867 -2.468 -3.043 
1704875821.968 -2.395 -3.082 
1704875822.067 -2.327 -3.120 
1704875822.168 -2.257 -3.163 
1704875822.269 -2.191 -3.206 
1704875822.368 -2.122 -3.240 
1704875822.468 -2.051 -3.288 
1704875822.569 -1.992 -3.332 
1704875822.669 -1.931 -3.357 
1704875822.771 -1.867 -3.439 
1704875822.868 -1.803 -3.523 
1704875822.968 -1.752 -3.629 
1704875823.070 -1.725 -3.753 
1704875823.170 -1.727 -3.875 
1704875823.269 -1.740 -4.000 
1704875823.372 -1.793 -4.122 
1704875823.471 -1.849 -4.230 
1704875823.571 -1.919 -4.324 
1704875823.671 -2.017 -4.384 
1704875823.772 -2.080 -4.404 
1704875823.871 -2.168 -4.410 
1704875823.971 -2.291 -4.424 
1704875824.071 -2.400 -4.433 
1704875824.172 -2.521 -4.417 
1704875824.272 -2.640 -4.410 
1704875824.373 -2.756 -4.406 
1704875824.472 -2.873 -4.402 
1704875824.573 -2.986 -4.392 
1704875824.673 -3.101 -4.382 
1704875824.772 -3.210 -4.373 
1704875824.875 -3.312 -4.361 
1704875824.973 -3.403 -4.350 
1704875825.074 -3.497 -4.340 
1704875825.174 -3.602 -4.323 
1704875825.273 -3.705 -4.306 
1704875825.374 -3.812 -4.290 
1704875825.474 -3.893 -4.285 
1704875825.575 -3.957 -4.271 
1704875825.674 -4.015 -4.252 
1704875825.774 -4.082 -4.242 
1704875825.874 -4.161 -4.233 
1704875825.977 -4.256 -4.219 
1704875826.076 -4.343 -4.206 
1704875826.175 -4.422 -4.191 
1704875826.275 -4.503 -4.180 
1704875826.375 -4.586 -4.167 
1704875826.475 -4.671 -4.154 
1704875826.576 -4.755 -4.142 
1704875826.675 -4.840 -4.128 
1704875826.775 -4.925 -4.114 
1704875826.879 -5.014 -4.098 
1704875826.977 -5.102 -4.082 
1704875827.076 -5.189 -4.066 
1704875827.176 -5.277 -4.050 
1704875827.278 -5.364 -4.034 
1704875827.376 -5.448 -4.017 
1704875827.477 -5.539 -4.003 
1704875827.579 -5.630 -3.989 
1704875827.677 -5.717 -3.975 
1704875827.776 -5.810 -3.960 
1704875827.876 -5.903 -3.943 
1704875827.977 -5.994 -3.927 
1704875828.078 -6.085 -3.913 
1704875828.179 -6.176 -3.899 
1704875828.278 -6.269 -3.884 
1704875828.378 -6.363 -3.870 
1704875828.479 -6.457 -3.854 
1704875828.579 -6.552 -3.839 
1704875828.678 -6.648 -3.825 
1704875828.779 -6.743 -3.811 
1704875828.880 -6.837 -3.796 
1704875828.980 -6.933 -3.781 
1704875829.081 -7.028 -3.766 
1704875829.180 -7.125 -3.752 
1704875829.281 -7.222 -3.738 
1704875829.380 -7.319 -3.724 
1704875829.481 -7.417 -3.711 
1704875829.581 -7.517 -3.696 
1704875829.683 -7.628 -3.681 
1704875831.993 -7.574 -3.505 
1704875831.993 -7.574 -3.505 
1704875832.098 -7.582 -3.429 
1704875832.193 -7.604 -3.312 
1704875832.295 -7.630 -3.195 
1704875832.394 -7.650 -3.082 
1704875832.495 -7.671 -2.967 
1704875832.594 -7.691 -2.863 
1704875832.693 -7.706 -2.787 
1704875832.794 -7.716 -2.712 
1704875832.895 -7.728 -2.636 
1704875832.995 -7.740 -2.562 
1704875833.094 -7.767 -2.452 
1704875833.194 -7.784 -2.350 
1704875833.296 -7.800 -2.256 
1704875833.394 -7.815 -2.169 
1704875833.494 -7.830 -2.081 
1704875833.594 -7.845 -1.996 
1704875833.695 -7.862 -1.913 
1704875833.794 -7.876 -1.837 
1704875833.896 -7.889 -1.764 
1704875833.995 -7.900 -1.694 
1704875834.096 -7.909 -1.626 
1704875834.195 -7.924 -1.540 
1704875834.295 -7.936 -1.463 
1704875834.396 -7.947 -1.405 
1704875834.497 -7.961 -1.347 
1704875834.596 -7.963 -1.283 
1704875834.696 -7.970 -1.229 
1704875839.714 -7.923 -1.817 
1704875839.815 -7.909 -1.794 
1704875839.916 -7.919 -1.727 
1704875840.015 -7.939 -1.609 
1704875840.116 -7.957 -1.499 
1704875840.216 -7.946 -1.528 
1704875840.315 -7.929 -1.593 
1704875840.416 -7.906 -1.688 
1704875840.517 -7.883 -1.818 
1704875840.616 -7.853 -1.927 
1704875840.716 -7.826 -2.016 
1704875840.816 -7.815 -2.075 
1704875840.917 -7.806 -2.098 
1704875841.017 -7.791 -2.139 
1704875841.123 -7.772 -2.212 
1704875841.218 -7.749 -2.303 
1704875841.317 -7.719 -2.402 
1704875841.417 -7.696 -2.487 
1704875841.517 -7.666 -2.579 
1704875841.618 -7.637 -2.670 
1704875841.717 -7.609 -2.762 
1704875841.817 -7.579 -2.859 
1704875841.919 -7.565 -2.919 
1704875842.019 -7.547 -2.978 
1704875842.119 -7.519 -3.053 
1704875842.219 -7.491 -3.124 
1704875842.319 -7.462 -3.197 
1704875842.423 -7.431 -3.271 
1704875842.523 -7.405 -3.343 
1704875842.623 -7.380 -3.416 
1704875842.723 -7.354 -3.488 
1704875842.823 -7.324 -3.559 
1704875842.923 -7.292 -3.631 
1704875843.024 -7.258 -3.703 
1704875843.124 -7.225 -3.777 
1704875843.224 -7.195 -3.850 
1704875843.323 -7.166 -3.920 
1704875843.425 -7.133 -3.990 
1704875843.524 -7.097 -4.057 
1704875843.625 -7.057 -4.127 
1704875843.725 -7.020 -4.191 
1704875843.824 -6.981 -4.255 
1704875843.924 -6.941 -4.319 
1704875844.025 -6.901 -4.382 
1704875844.126 -6.863 -4.444 
1704875844.227 -6.817 -4.517 
1704875844.326 -6.755 -4.607 
1704875844.427 -6.684 -4.703 
1704875844.526 -6.620 -4.784 
1704875844.627 -6.571 -4.844 
1704875844.727 -6.527 -4.899 
1704875844.826 -6.483 -4.951 
1704875844.927 -6.394 -5.014 
1704875845.026 -6.308 -5.069 
1704875845.127 -6.243 -5.115 
1704875845.228 -6.182 -5.159 
1704875845.329 -6.128 -5.199 
1704875845.428 -6.050 -5.236 
1704875845.528 -5.977 -5.278 
1704875845.627 -5.921 -5.317 
1704875845.728 -5.863 -5.344 
1704875845.827 -5.795 -5.373 
1704875845.928 -5.714 -5.407 
1704875846.027 -5.640 -5.439 
1704875846.128 -5.577 -5.469 
1704875846.228 -5.514 -5.485 
1704875846.329 -5.437 -5.505 
1704875846.429 -5.364 -5.533 
1704875846.529 -5.290 -5.555 
1704875846.630 -5.216 -5.571 
1704875846.732 -5.136 -5.591 
1704875846.830 -5.058 -5.609 
1704875846.929 -4.990 -5.632 
1704875847.029 -4.913 -5.655 
1704875847.128 -4.832 -5.674 
1704875847.229 -4.749 -5.690 
1704875847.330 -4.665 -5.705 
1704875847.430 -4.582 -5.719 
1704875847.530 -4.499 -5.734 
1704875847.631 -4.420 -5.754 
1704875847.731 -4.335 -5.767 
1704875847.830 -4.250 -5.780 
1704875847.930 -4.161 -5.792 
1704875848.030 -4.071 -5.805 
1704875848.130 -3.981 -5.818 
1704875848.230 -3.892 -5.832 
1704875848.331 -3.802 -5.845 
1704875848.431 -3.712 -5.858 
1704875848.531 -3.618 -5.872 
1704875848.631 -3.530 -5.887 
1704875848.731 -3.443 -5.900 
1704875848.832 -3.352 -5.913 
1704875848.934 -3.255 -5.926 
1704875849.034 -3.157 -5.940 
1704875849.134 -3.061 -5.959 
1704875849.234 -2.964 -5.980 
1704875849.334 -2.871 -5.998 
1704875849.434 -2.778 -6.012 
1704875849.535 -2.679 -6.030 
1704875849.635 -2.583 -6.049 
1704875849.735 -2.488 -6.066 
1704875849.835 -2.390 -6.085 
1704875849.935 -2.292 -6.103 
1704875850.036 -2.194 -6.121 
1704875850.136 -2.097 -6.140 
1704875850.236 -1.999 -6.158 
1704875850.339 -1.903 -6.177 
1704875850.439 -1.804 -6.195 
1704875850.538 -1.706 -6.214 
1704875850.638 -1.608 -6.233 
1704875850.738 -1.527 -6.242 
1704875850.839 -1.460 -6.247 
1704875850.940 -1.418 -6.267 
1704875851.042 -1.348 -6.277 
1704875851.140 -1.268 -6.290 
1704875851.240 -1.187 -6.303 
1704875851.340 -1.112 -6.319 
1704875853.356 -1.068 -6.098 
1704875853.357 -1.068 -6.098 
1704875853.457 -1.073 -6.089 
1704875853.556 -1.048 -6.055 
1704875853.657 -0.976 -5.976 
1704875853.757 -0.897 -5.883 
1704875853.857 -0.822 -5.789 
1704875853.957 -0.748 -5.693 
1704875854.057 -0.675 -5.598 
1704875854.157 -0.598 -5.506 
1704875854.258 -0.529 -5.416 
1704875854.358 -0.459 -5.328 
1704875854.457 -0.390 -5.243 
1704875854.558 -0.324 -5.144 
1704875854.658 -0.249 -5.043 
1704875854.758 -0.175 -4.948 
1704875854.858 -0.096 -4.853 
1704875854.959 -0.022 -4.754 
1704875855.059 0.047 -4.657 
1704875855.159 0.112 -4.568 
1704875855.260 0.168 -4.488 
1704875855.359 0.223 -4.410 
1704875855.459 0.279 -4.331 
1704875855.559 0.334 -4.254 
1704875855.659 0.388 -4.178 
1704875855.759 0.443 -4.101 
1704875855.859 0.497 -4.027 
1704875855.960 0.549 -3.952 
1704875856.060 0.601 -3.878 
1704875856.160 0.653 -3.806 
1704875856.260 0.703 -3.734 
1704875856.361 0.756 -3.663 
1704875856.461 0.812 -3.595 
1704875856.561 0.864 -3.526 
1704875856.661 0.914 -3.461 
1704875856.761 0.964 -3.401 
1704875856.861 1.012 -3.342 
1704875856.960 1.056 -3.284 
1704875857.061 1.110 -3.221 
1704875857.161 1.173 -3.161 
1704875857.262 1.264 -3.095 
1704875857.361 1.347 -3.026 
1704875857.461 1.422 -2.957 
1704875857.562 1.473 -2.896 
1704875857.662 1.529 -2.848 
1704875857.762 1.590 -2.798 
1704875857.862 1.654 -2.753 
1704875857.962 1.720 -2.716 
1704875858.062 1.859 -2.719 
1704875858.163 1.978 -2.730 
1704875858.264 2.045 -2.726 
1704875858.363 2.106 -2.736 
1704875858.463 2.193 -2.744 
1704875858.563 2.286 -2.749 
1704875858.664 2.350 -2.745 
1704875858.764 2.405 -2.749 
1704875858.863 2.481 -2.791 
1704875858.964 2.567 -2.870 
1704875859.064 2.647 -2.916 
1704875859.164 2.696 -2.939 
1704875859.264 2.749 -2.976 
1704875859.364 2.813 -3.047 
1704875859.464 2.873 -3.132 
1704875859.565 2.935 -3.215 
1704875859.665 2.994 -3.293 
1704875859.765 3.053 -3.370 
1704875859.866 3.096 -3.430 
1704875859.966 3.131 -3.469 
1704875860.066 3.172 -3.492 
1704875860.167 3.212 -3.527 
1704875860.266 3.244 -3.573 
1704875860.367 3.263 -3.659 
1704875860.467 3.297 -3.767 
1704875860.567 3.338 -3.878 
1704875860.667 3.381 -3.954 
1704875860.767 3.402 -4.031 
1704875860.867 3.413 -4.119 
1704875860.969 3.432 -4.223 
1704875861.067 3.449 -4.328 
1704875861.168 3.470 -4.427 
1704875861.268 3.488 -4.521 
1704875861.368 3.499 -4.621 
1704875861.468 3.503 -4.688 
1704875861.568 3.511 -4.755 
1704875861.669 3.518 -4.834 
1704875861.769 3.528 -4.919 
1704875861.869 3.541 -4.996 
1704875861.970 3.549 -5.076 
1704875862.069 3.556 -5.156 
1704875862.169 3.564 -5.239 
1704875862.269 3.570 -5.323 
1704875862.369 3.578 -5.407 
1704875862.470 3.589 -5.492 
1704875862.569 3.596 -5.571 
1704875862.670 3.603 -5.652 
1704875862.770 3.610 -5.733 
1704875862.870 3.617 -5.815 
1704875862.970 3.624 -5.895 
1704875863.070 3.634 -5.976 
1704875863.170 3.642 -6.054 
1704875863.270 3.649 -6.131 
1704875863.370 3.655 -6.209 
1704875863.471 3.662 -6.283 
1704875863.571 3.669 -6.393 
1704875863.671 3.677 -6.502 
1704875863.771 3.682 -6.593 
1704875863.871 3.690 -6.680 
1704875863.971 3.697 -6.768 
1704875864.072 3.700 -6.849 
1704875864.171 3.706 -6.920 
1704875864.271 3.714 -6.985 
1704875864.371 3.728 -7.054 
1704875864.472 3.737 -7.144 
1704875864.572 3.738 -7.232 
1704875864.672 3.721 -7.307 
1704875864.774 3.708 -7.352 
1704875864.873 3.688 -7.400 
1704875864.974 3.671 -7.472 
1704875865.075 3.658 -7.551 
1704875866.478 3.595 -7.459 
1704875866.579 3.581 -7.443 
1704875866.679 3.530 -7.434 
1704875866.779 3.424 -7.387 
1704875866.879 3.333 -7.344 
1704875866.979 3.245 -7.277 
1704875867.080 3.175 -7.216 
1704875867.180 3.101 -7.152 
1704875867.280 3.032 -7.077 
1704875867.380 2.978 -7.030 
1704875867.480 2.947 -6.988 
1704875867.580 2.933 -6.951 
1704875867.681 2.935 -6.924 
1704875867.781 2.867 -6.896 
1704875867.880 2.761 -6.877 
1704875867.985 2.633 -6.818 
1704875868.082 2.539 -6.779 
1704875868.182 2.467 -6.729 
1704875868.282 2.371 -6.679 
1704875868.383 2.278 -6.650 
1704875868.485 2.218 -6.634 
1704875868.585 2.172 -6.605 
1704875868.685 2.109 -6.561 
1704875868.785 2.009 -6.536 
1704875868.886 1.916 -6.508 
1704875868.986 1.855 -6.483 
1704875869.086 1.788 -6.460 
1704875869.186 1.711 -6.442 
1704875869.287 1.607 -6.430 
1704875869.386 1.518 -6.418 
1704875869.491 1.438 -6.401 
1704875869.589 1.368 -6.386 
1704875869.689 1.289 -6.370 
1704875869.789 1.190 -6.368 
1704875869.890 1.092 -6.366 
1704875869.990 1.004 -6.361 
1704875870.089 0.927 -6.352 
1704875870.190 0.843 -6.344 
1704875870.292 0.752 -6.336 
1704875870.391 0.663 -6.336 
1704875870.491 0.576 -6.342 
1704875870.591 0.493 -6.345 
1704875870.692 0.405 -6.349 
1704875870.793 0.318 -6.352 
1704875870.893 0.231 -6.359 
1704875870.994 0.145 -6.367 
1704875871.093 0.058 -6.377 
1704875871.196 -0.032 -6.390 
1704875871.294 -0.119 -6.409 
1704875871.393 -0.199 -6.421 
1704875871.497 -0.284 -6.439 
1704875871.595 -0.365 -6.460 
1704875871.695 -0.447 -6.484 
1704875871.796 -0.529 -6.506 
1704875871.895 -0.609 -6.537 
1704875871.994 -0.692 -6.573 
1704875872.096 -0.767 -6.595 
1704875872.203 -0.839 -6.621 
1704875872.301 -0.910 -6.656 
1704875872.400 -0.980 -6.696 
1704875872.500 -1.061 -6.737 
1704875872.600 -1.137 -6.782 
1704875872.702 -1.206 -6.825 
1704875872.805 -1.270 -6.861 
1704875872.904 -1.341 -6.904 
1704875873.005 -1.415 -6.950 
1704875873.105 -1.483 -6.998 
1704875873.204 -1.546 -7.046 
1704875873.312 -1.615 -7.096 
1704875873.405 -1.671 -7.137 
1704875873.506 -1.730 -7.183 
1704875873.606 -1.789 -7.233 
1704875873.706 -1.855 -7.284 
1704875873.806 -1.918 -7.333 
1704875873.906 -1.978 -7.381 
1704875874.007 -2.037 -7.426 
1704875874.107 -2.092 -7.470 
1704875874.206 -2.154 -7.514 
1704875874.307 -2.223 -7.556 
1704875874.407 -2.322 -7.618 
1704875874.508 -2.425 -7.676 
1704875874.607 -2.487 -7.725 
1704875874.709 -2.549 -7.768 
1704875874.808 -2.643 -7.808 
1704875874.908 -2.733 -7.852 
1704875875.009 -2.818 -7.881 
1704875875.109 -2.907 -7.916 
1704875875.210 -2.992 -7.950 
1704875875.311 -3.077 -7.977 
1704875875.410 -3.164 -7.999 
1704875875.511 -3.257 -8.024 
1704875875.611 -3.341 -8.049 
1704875875.711 -3.434 -8.067 
1704875875.811 -3.527 -8.093 
1704875875.911 -3.618 -8.116 
1704875876.011 -3.709 -8.134 
1704875876.112 -3.793 -8.152 
1704875876.216 -3.877 -8.161 
1704875876.315 -3.982 -8.141 
1704875876.416 -4.085 -8.114 
1704875876.515 -4.175 -8.095 
1704875876.615 -4.231 -8.088 
1704875876.715 -4.276 -8.077 
1704875876.815 -4.342 -8.067 
1704875876.915 -4.443 -8.034 
1704875877.016 -4.531 -7.996 
1704875877.115 -4.601 -7.965 
1704875877.216 -4.635 -7.940 
1704875877.316 -4.680 -7.914 
1704875877.416 -4.749 -7.896 
1704875877.516 -4.847 -7.855 
1704875877.616 -4.952 -7.799 
1704875877.715 -5.020 -7.764 
1704875877.817 -5.057 -7.732 
1704875877.916 -5.111 -7.707 
1704875878.019 -5.199 -7.676 
1704875878.117 -5.293 -7.625 
1704875878.217 -5.375 -7.585 
1704875878.316 -5.443 -7.556 
1704875878.417 -5.511 -7.532 
1704875878.518 -5.585 -7.490 
1704875878.616 -5.661 -7.449 
1704875878.717 -5.741 -7.410 
1704875878.818 -5.821 -7.377 
1704875878.917 -5.897 -7.345 
1704875879.018 -5.973 -7.301 
1704875879.118 -6.044 -7.259 
1704875879.218 -6.122 -7.219 
1704875879.318 -6.198 -7.180 
1704875879.419 -6.271 -7.141 
1704875879.521 -6.346 -7.100 
1704875879.619 -6.421 -7.050 
1704875879.719 -6.496 -7.000 
1704875879.819 -6.572 -6.952 
1704875879.919 -6.646 -6.908 
1704875880.019 -6.718 -6.864 
1704875880.120 -6.794 -6.814 
1704875880.220 -6.874 -6.767 
1704875880.320 -6.949 -6.718 
1704875880.420 -7.023 -6.670 
1704875880.519 -7.096 -6.621 
1704875880.620 -7.170 -6.567 
1704875880.721 -7.246 -6.516 
1704875880.820 -7.321 -6.465 
1704875880.921 -7.395 -6.414 
1704875881.026 -7.468 -6.363 
1704875881.122 -7.543 -6.312 
1704875885.338 -7.364 -6.535 
1704875885.339 -7.364 -6.535 
1704875885.439 -7.303 -6.566 
1704875885.539 -7.182 -6.645 
1704875885.639 -7.062 -6.718 
1704875885.740 -6.982 -6.759 
1704875885.840 -6.921 -6.800 
1704875885.939 -6.836 -6.848 
1704875886.039 -6.752 -6.901 
1704875886.139 -6.675 -6.954 
1704875886.241 -6.610 -6.987 
1704875886.340 -6.553 -7.026 
1704875886.442 -6.488 -7.073 
1704875886.541 -6.412 -7.129 
1704875886.642 -6.336 -7.186 
1704875886.743 -6.267 -7.232 
1704875886.843 -6.206 -7.272 
1704875886.944 -6.140 -7.315 
1704875887.044 -6.075 -7.357 
1704875887.143 -5.997 -7.399 
1704875887.243 -5.928 -7.440 
1704875887.344 -5.862 -7.480 
1704875887.443 -5.792 -7.518 
1704875887.544 -5.722 -7.541 
1704875887.644 -5.658 -7.568 
1704875887.745 -5.590 -7.597 
1704875887.847 -5.518 -7.628 
1704875887.946 -5.458 -7.659 
1704875888.047 -5.393 -7.682 
1704875888.150 -5.323 -7.704 
1704875888.248 -5.224 -7.744 
1704875888.347 -5.125 -7.779 
1704875888.449 -5.040 -7.814 
1704875888.548 -4.957 -7.834 
1704875888.647 -4.868 -7.850 
1704875888.747 -4.778 -7.872 
1704875888.850 -4.683 -7.898 
1704875888.948 -4.595 -7.915 
1704875889.047 -4.518 -7.914 
1704875889.148 -4.440 -7.914 
1704875889.248 -4.358 -7.918 
1704875889.348 -4.272 -7.926 
1704875889.449 -4.185 -7.936 
1704875889.549 -4.098 -7.938 
1704875889.648 -4.016 -7.938 
1704875889.749 -3.940 -7.928 
1704875889.849 -3.856 -7.913 
1704875889.949 -3.769 -7.898 
1704875890.050 -3.680 -7.885 
1704875890.149 -3.596 -7.867 
1704875890.249 -3.516 -7.836 
1704875890.349 -3.431 -7.810 
1704875890.449 -3.367 -7.806 
1704875890.550 -3.292 -7.798 
1704875890.650 -3.194 -7.760 
1704875890.752 -3.102 -7.713 
1704875890.850 -3.030 -7.686 
1704875890.950 -2.953 -7.650 
1704875891.051 -2.868 -7.614 
1704875891.150 -2.786 -7.586 
1704875891.250 -2.703 -7.553 
1704875891.351 -2.618 -7.515 
1704875891.451 -2.533 -7.470 
1704875891.550 -2.450 -7.418 
1704875891.652 -2.371 -7.372 
1704875891.753 -2.325 -7.360 
1704875891.854 -2.290 -7.337 
1704875891.954 -2.235 -7.288 
1704875892.053 -2.158 -7.236 
1704875892.154 -2.084 -7.189 
1704875892.254 -2.025 -7.149 
1704875892.354 -1.971 -7.102 
1704875892.454 -1.912 -7.054 
1704875892.554 -1.845 -7.006 
1704875892.654 -1.778 -6.961 
1704875892.754 -1.709 -6.915 
1704875892.855 -1.643 -6.869 
1704875892.955 -1.584 -6.821 
1704875893.055 -1.518 -6.766 
1704875893.763 -1.472 -6.668 
1704875893.764 -1.472 -6.668 
1704875893.862 -1.419 -6.634 
1704875893.963 -1.298 -6.591 
1704875894.062 -1.185 -6.544 
1704875894.163 -1.082 -6.503 
1704875894.264 -0.980 -6.449 
1704875894.362 -0.885 -6.386 
1704875894.467 -0.782 -6.327 
1704875894.566 -0.680 -6.270 
1704875894.665 -0.579 -6.215 
1704875894.764 -0.482 -6.172 
1704875894.868 -0.400 -6.135 
1704875894.971 -0.329 -6.112 
1704875895.071 -0.253 -6.094 
1704875895.171 -0.145 -6.104 
1704875895.272 -0.029 -6.107 
1704875895.371 0.080 -6.113 
1704875895.473 0.186 -6.113 
1704875895.573 0.279 -6.113 
1704875895.672 0.380 -6.125 
1704875895.772 0.485 -6.143 
1704875895.873 0.590 -6.162 
1704875895.972 0.699 -6.181 
1704875896.072 0.806 -6.201 
1704875896.172 0.914 -6.224 
1704875896.272 1.021 -6.250 
1704875896.373 1.130 -6.277 
1704875896.472 1.240 -6.302 
1704875896.573 1.348 -6.327 
1704875896.673 1.453 -6.356 
1704875896.773 1.563 -6.393 
1704875896.874 1.669 -6.425 
1704875896.974 1.780 -6.459 
1704875897.075 1.886 -6.484 
1704875897.178 1.992 -6.517 
1704875897.277 2.095 -6.562 
1704875897.378 2.197 -6.616 
1704875897.479 2.302 -6.675 
1704875897.578 2.396 -6.720 
1704875897.679 2.480 -6.772 
1704875897.779 2.573 -6.832 
1704875897.879 2.667 -6.898 
1704875897.979 2.762 -6.965 
1704875898.079 2.856 -7.023 
1704875898.180 2.929 -7.079 
1704875898.279 3.006 -7.140 
1704875898.379 3.084 -7.205 
1704875898.480 3.165 -7.268 
1704875898.580 3.246 -7.328 
1704875898.680 3.318 -7.385 
1704875898.780 3.392 -7.441 
1704875898.880 3.476 -7.489 
1704875898.980 3.555 -7.534 
1704875899.080 3.628 -7.577 
1704875899.181 3.695 -7.618 
1704875899.281 3.766 -7.655 
1704875899.381 3.840 -7.695 
1704875899.481 3.910 -7.729 
1704875899.581 3.978 -7.760 
1704875899.682 4.046 -7.791 
1704875899.782 4.116 -7.816 
1704875899.882 4.199 -7.843 
1704875899.982 4.306 -7.889 
1704875900.082 4.403 -7.929 
1704875900.182 4.485 -7.956 
1704875900.282 4.564 -7.971 
1704875900.384 4.651 -7.987 
1704875900.484 4.734 -8.008 
1704875900.584 4.813 -8.027 
1704875900.683 4.897 -8.034 
1704875900.784 4.975 -8.047 
1704875900.883 5.046 -8.055 
1704875900.983 5.134 -8.049 
1704875901.083 5.214 -8.037 
1704875901.185 5.289 -8.029 
1704875901.284 5.377 -8.021 
1704875901.384 5.449 -8.021 
1704875901.484 5.510 -8.019 
1704875901.584 5.604 -8.000 
1704875901.684 5.711 -7.962 
1704875901.783 5.782 -7.938 
1704875901.884 5.839 -7.920 
1704875901.985 5.892 -7.914 
1704875902.085 5.956 -7.901 
1704875902.184 6.066 -7.845 
1704875902.295 6.152 -7.807 
1704875902.390 6.211 -7.775 
1704875902.487 6.275 -7.747 
1704875902.586 6.368 -7.720 
1704875902.685 6.418 -7.740 
1704875902.786 6.465 -7.757 
1704875902.885 6.523 -7.741 
1704875902.986 6.597 -7.688 
1704875903.086 6.707 -7.616 
1704875903.187 6.778 -7.583 
1704875903.288 6.833 -7.534 
1704875903.387 6.885 -7.472 
1704875903.488 6.935 -7.416 
1704875903.588 6.981 -7.356 
1704875903.688 7.031 -7.296 
1704875903.789 7.089 -7.233 
1704875903.889 7.143 -7.170 
1704875903.988 7.184 -7.107 
1704875904.089 7.214 -7.037 
1704875904.189 7.231 -6.978 
1704875904.290 7.238 -6.920 
1704875904.389 7.233 -6.868 
1704875904.490 7.237 -6.810 
1704875904.589 7.246 -6.751 
1704875904.690 7.254 -6.689 
1704875904.790 7.274 -6.628 
1704875904.889 7.294 -6.564 
1704875904.990 7.305 -6.493 
1704875905.092 7.304 -6.421 
1704875905.193 7.302 -6.347 
1704875905.292 7.299 -6.271 
1704875905.392 7.296 -6.193 
1704875905.492 7.293 -6.112 
1704875905.592 7.289 -6.030 
1704875905.692 7.285 -5.949 
1704875905.793 7.282 -5.866 
1704875905.893 7.279 -5.783 
1704875905.992 7.274 -5.696 
1704875906.094 7.270 -5.607 
1704875906.196 7.267 -5.520 
1704875906.293 7.262 -5.437 
1704875906.393 7.257 -5.349 
1704875906.493 7.254 -5.261 
1704875906.594 7.254 -5.174 
1704875906.696 7.257 -5.087 
1704875906.796 7.259 -5.004 
1704875906.897 7.256 -4.915 
1704875906.996 7.255 -4.829 
1704875907.097 7.258 -4.745 
1704875907.196 7.267 -4.658 
1704875907.297 7.277 -4.577 
1704875907.397 7.286 -4.498 
1704875907.497 7.290 -4.407 
1704875907.597 7.301 -4.314 
1704875907.698 7.311 -4.232 
1704875907.799 7.325 -4.154 
1704875907.899 7.342 -4.081 
1704875908.000 7.363 -4.000 
1704875908.099 7.397 -3.902 
1704875908.200 7.428 -3.814 
1704875908.299 7.456 -3.738 
1704875908.399 7.483 -3.659 
1704875908.500 7.514 -3.575 
1704875908.600 7.547 -3.495 
1704875908.700 7.589 -3.419 
1704875908.804 7.635 -3.341 
1704875908.900 7.675 -3.268 
1704875909.000 7.713 -3.190 
1704875909.100 7.759 -3.117 
1704875909.200 7.806 -3.039 
1704875909.301 7.853 -2.964 
1704875909.401 7.897 -2.890 
1704875909.501 7.944 -2.808 
