1704874401.334 4.224 0.031 
1704874401.336 4.224 0.031 
1704874401.437 4.281 0.062 
1704874401.537 4.353 0.133 
1704874401.637 4.414 0.226 
1704874401.736 4.498 0.324 
1704874401.836 4.600 0.388 
1704874401.936 4.697 0.450 
1704874402.037 4.792 0.522 
1704874402.137 4.868 0.585 
1704874402.236 4.935 0.636 
1704874402.337 4.998 0.678 
1704874402.436 5.058 0.717 
1704874402.539 5.126 0.759 
1704874402.638 5.178 0.801 
1704874402.738 5.231 0.839 
1704874402.837 5.285 0.875 
1704874402.937 5.366 0.907 
1704874403.037 5.437 0.932 
1704874403.137 5.495 0.961 
1704874403.237 5.544 0.999 
1704874403.338 5.625 1.016 
1704874403.438 5.701 1.038 
1704874403.537 5.756 1.076 
1704874403.637 5.836 1.087 
1704874403.737 5.949 1.012 
1704874403.840 6.058 0.952 
1704874403.938 6.149 0.872 
1704874404.038 6.234 0.760 
1704874404.138 6.301 0.656 
1704874404.241 6.338 0.559 
1704874404.338 6.360 0.485 
1704874404.438 6.354 0.412 
1704874404.538 6.323 0.288 
1704874404.639 6.290 0.195 
1704874404.738 6.267 0.139 
1704874404.838 6.251 0.078 
1704874404.939 6.186 -0.022 
1704874405.041 6.128 -0.147 
1704874405.139 6.088 -0.212 
1704874405.239 6.067 -0.257 
1704874405.340 6.025 -0.329 
1704874405.444 5.966 -0.446 
1704874408.249 5.905 -0.561 
1704874408.250 5.905 -0.561 
1704874408.351 5.855 -0.539 
1704874408.450 5.758 -0.504 
1704874408.550 5.624 -0.462 
1704874408.650 5.511 -0.398 
1704874408.751 5.442 -0.325 
1704874408.850 5.378 -0.249 
1704874408.951 5.312 -0.168 
1704874409.051 5.260 -0.077 
1704874409.151 5.213 -0.018 
1704874409.252 5.185 0.004 
1704874409.351 5.170 0.014 
1704874409.451 5.173 0.015 
1704874409.552 5.180 0.028 
1704874409.651 5.192 0.060 
1704874409.752 5.188 0.097 
1704874409.852 5.206 0.163 
1704874409.952 5.218 0.235 
1704874410.052 5.236 0.304 
1704874410.152 5.255 0.361 
1704874410.254 5.292 0.426 
1704874410.355 5.315 0.476 
1704874410.454 5.337 0.537 
1704874410.554 5.371 0.605 
1704874410.655 5.405 0.676 
1704874410.754 5.438 0.748 
1704874410.854 5.474 0.824 
1704874410.955 5.509 0.898 
1704874411.055 5.545 0.975 
1704874411.156 5.582 1.052 
1704874411.254 5.615 1.127 
1704874411.355 5.645 1.196 
1704874411.455 5.672 1.238 
1704874411.555 5.716 1.281 
1704874411.655 5.778 1.351 
1704874411.754 5.842 1.422 
1704874411.855 5.901 1.491 
1704874411.956 5.957 1.552 
1704874412.056 6.017 1.614 
1704874412.156 6.080 1.680 
1704874412.256 6.141 1.747 
1704874412.356 6.203 1.813 
1704874412.456 6.266 1.878 
1704874412.556 6.329 1.937 
1704874412.658 6.398 1.996 
1704874412.756 6.462 2.051 
1704874412.856 6.528 2.109 
1704874412.956 6.589 2.169 
1704874413.058 6.651 2.226 
1704874413.158 6.717 2.272 
1704874413.259 6.781 2.321 
1704874413.358 6.840 2.370 
1704874413.459 6.897 2.418 
1704874413.559 6.956 2.460 
1704874413.660 7.015 2.497 
1704874413.759 7.071 2.535 
1704874413.860 7.134 2.568 
1704874413.960 7.201 2.602 
1704874414.061 7.277 2.642 
1704874414.160 7.345 2.681 
1704874414.260 7.395 2.712 
1704874414.361 7.449 2.736 
1704874414.460 7.504 2.763 
1704874414.561 7.584 2.777 
1704874414.660 7.688 2.767 
1704874414.760 7.760 2.787 
1704874414.861 7.829 2.790 
1704874414.961 7.900 2.753 
1704874415.061 7.972 2.688 
1704874415.160 8.043 2.613 
1704874415.263 8.107 2.539 
1704874415.362 8.163 2.456 
1704874415.461 8.197 2.384 
1704874415.562 8.217 2.300 
1704874415.662 8.239 2.202 
1704874415.762 8.270 2.116 
1704874415.862 8.298 2.044 
1704874415.962 8.321 1.964 
1704874416.064 8.333 1.874 
1704874416.163 8.354 1.808 
1704874416.263 8.360 1.772 
1704874416.362 8.366 1.685 
1704874416.462 8.361 1.581 
1704874416.563 8.363 1.483 
1704874416.663 8.362 1.412 
1704874416.762 8.380 1.355 
1704874416.863 8.388 1.287 
1704874416.964 8.368 1.200 
1704874417.063 8.347 1.089 
1704874417.163 8.320 0.981 
1704874417.264 8.296 0.892 
1704874417.364 8.272 0.835 
1704874417.465 8.253 0.764 
1704874417.564 8.221 0.664 
1704874417.665 8.194 0.556 
1704874417.764 8.168 0.460 
1704874417.864 8.141 0.379 
1704874417.964 8.108 0.289 
1704874418.066 8.072 0.189 
1704874418.166 8.036 0.094 
1704874418.266 8.000 0.001 
1704874418.366 7.984 -0.054 
1704874418.466 7.967 -0.097 
1704874418.567 7.943 -0.170 
1704874418.666 7.914 -0.272 
1704874424.180 8.349 -0.324 
1704874424.181 8.349 -0.324 
1704874424.282 8.362 -0.265 
1704874424.382 8.365 -0.127 
1704874424.482 8.389 0.011 
1704874424.583 8.371 0.085 
1704874424.682 8.355 0.117 
1704874424.782 8.359 0.152 
1704874424.883 8.382 0.274 
1704874424.983 8.419 0.397 
1704874425.083 8.448 0.496 
1704874425.183 8.473 0.617 
1704874425.282 8.502 0.706 
1704874425.383 8.527 0.787 
1704874425.483 8.546 0.871 
1704874425.583 8.572 0.960 
1704874425.683 8.601 1.051 
1704874425.782 8.620 1.139 
1704874425.884 8.634 1.226 
1704874425.983 8.642 1.311 
1704874426.084 8.648 1.406 
1704874426.184 8.661 1.499 
1704874426.289 8.667 1.587 
1704874426.387 8.674 1.671 
1704874426.487 8.681 1.755 
1704874426.589 8.682 1.841 
1704874426.687 8.686 1.923 
1704874426.788 8.689 2.007 
1704874426.887 8.691 2.089 
1704874426.987 8.694 2.172 
1704874427.087 8.696 2.252 
1704874427.187 8.694 2.333 
1704874427.288 8.690 2.414 
1704874427.388 8.689 2.491 
1704874427.491 8.688 2.571 
1704874427.588 8.685 2.643 
1704874427.688 8.688 2.741 
1704874427.789 8.682 2.843 
1704874427.889 8.664 2.956 
1704874427.989 8.645 3.064 
1704874428.090 8.624 3.150 
1704874428.189 8.610 3.218 
1704874428.289 8.604 3.295 
1704874428.389 8.598 3.375 
1704874428.489 8.587 3.447 
1704874428.589 8.580 3.519 
1704874428.690 8.565 3.586 
1704874428.790 8.542 3.646 
1704874428.890 8.522 3.712 
1704874428.990 8.448 3.830 
1704874429.091 8.381 3.940 
1704874429.190 8.336 4.017 
1704874429.290 8.292 4.091 
1704874429.392 8.239 4.163 
1704874429.492 8.184 4.233 
1704874429.590 8.161 4.273 
1704874429.694 8.101 4.315 
1704874429.792 7.975 4.350 
1704874429.891 7.868 4.395 
1704874429.992 7.749 4.435 
1704874430.093 7.621 4.450 
1704874430.192 7.498 4.453 
1704874430.291 7.376 4.421 
1704874430.392 7.284 4.394 
1704874430.493 7.250 4.367 
1704874430.593 7.169 4.334 
1704874430.694 7.061 4.280 
1704874430.794 6.965 4.222 
1704874430.894 6.877 4.152 
1704874430.993 6.803 4.094 
1704874431.094 6.719 4.036 
1704874431.194 6.667 3.979 
1704874431.295 6.622 3.932 
1704874431.395 6.564 3.900 
1704874431.496 6.496 3.873 
1704874431.595 6.425 3.840 
1704874431.695 6.350 3.800 
1704874431.796 6.277 3.755 
1704874431.896 6.204 3.707 
1704874431.996 6.136 3.659 
1704874432.111 6.069 3.618 
1704874432.203 6.004 3.591 
1704874432.300 5.928 3.560 
1704874432.400 5.854 3.525 
1704874432.499 5.786 3.497 
1704874432.599 5.719 3.469 
1704874432.699 5.650 3.442 
1704874432.799 5.572 3.408 
1704874432.899 5.500 3.378 
1704874432.999 5.430 3.350 
1704874433.099 5.359 3.328 
1704874433.200 5.291 3.314 
1704874433.300 5.218 3.303 
1704874433.400 5.135 3.290 
1704874433.500 5.055 3.274 
1704874433.600 4.979 3.254 
1704874433.700 4.901 3.233 
1704874433.801 4.818 3.212 
1704874433.900 4.737 3.195 
1704874434.001 4.655 3.174 
1704874434.100 4.577 3.152 
1704874434.201 4.496 3.129 
1704874434.300 4.421 3.108 
1704874434.401 4.345 3.085 
1704874434.501 4.266 3.063 
1704874434.601 4.188 3.040 
1704874434.701 4.113 3.013 
1704874434.802 4.009 2.962 
1704874434.902 3.900 2.918 
1704874435.001 3.803 2.880 
1704874435.102 3.710 2.838 
1704874435.201 3.623 2.792 
1704874435.302 3.542 2.753 
1704874435.402 3.463 2.709 
1704874435.502 3.374 2.636 
1704874435.603 3.288 2.578 
1704874435.702 3.208 2.534 
1704874435.802 3.140 2.492 
1704874435.902 3.073 2.435 
1704874436.002 3.007 2.360 
1704874436.103 2.947 2.286 
1704874436.203 2.894 2.215 
1704874436.302 2.842 2.161 
1704874436.403 2.785 2.096 
1704874436.503 2.735 2.004 
1704874436.603 2.686 1.924 
1704874436.703 2.643 1.858 
1704874436.803 2.607 1.785 
1704874436.903 2.578 1.688 
1704874437.004 2.545 1.600 
1704874437.103 2.516 1.520 
1704874437.204 2.487 1.436 
1704874437.304 2.460 1.348 
1704874437.404 2.439 1.250 
1704874437.504 2.427 1.150 
1704874437.605 2.418 1.052 
1704874437.705 2.406 0.961 
1704874437.805 2.393 0.864 
1704874437.906 2.382 0.758 
1704874438.005 2.377 0.656 
1704874438.105 2.375 0.550 
1704874438.205 2.371 0.487 
1704874438.305 2.368 0.434 
1704874438.406 2.367 0.360 
1704874438.506 2.364 0.274 
1704874438.606 2.364 0.188 
1704874438.706 2.366 0.110 
1704874438.806 2.368 0.033 
1704874438.906 2.370 -0.047 
1704874439.007 2.371 -0.133 
1704874439.107 2.375 -0.228 
1704874442.516 2.384 -0.481 
1704874442.516 2.384 -0.481 
1704874442.617 2.374 -0.496 
1704874442.720 2.311 -0.488 
1704874442.820 2.190 -0.465 
1704874442.920 2.066 -0.445 
1704874443.020 1.944 -0.425 
1704874443.120 1.824 -0.407 
1704874443.221 1.706 -0.385 
1704874443.320 1.587 -0.362 
1704874443.421 1.468 -0.342 
1704874443.521 1.351 -0.319 
1704874443.622 1.235 -0.293 
1704874443.722 1.116 -0.268 
1704874443.824 0.998 -0.242 
1704874443.923 0.882 -0.209 
1704874444.024 0.770 -0.174 
1704874444.126 0.653 -0.142 
1704874444.225 0.537 -0.106 
1704874444.324 0.423 -0.068 
1704874444.425 0.332 -0.033 
1704874444.526 0.268 -0.015 
1704874444.625 0.203 0.006 
1704874444.725 0.141 0.039 
1704874444.825 0.079 0.080 
1704874444.925 0.014 0.116 
1704874445.025 -0.046 0.151 
1704874445.125 -0.121 0.186 
1704874445.225 -0.195 0.221 
1704874445.327 -0.259 0.263 
1704874445.426 -0.309 0.312 
1704874445.526 -0.354 0.367 
1704874445.626 -0.404 0.424 
1704874445.727 -0.453 0.472 
1704874445.827 -0.494 0.511 
1704874445.927 -0.528 0.562 
1704874446.026 -0.570 0.627 
1704874446.127 -0.618 0.704 
1704874446.227 -0.659 0.782 
1704874446.327 -0.691 0.854 
1704874446.428 -0.694 0.903 
1704874446.528 -0.680 0.982 
1704874446.628 -0.666 1.077 
1704874446.730 -0.662 1.155 
1704874446.831 -0.653 1.225 
1704874446.930 -0.635 1.296 
1704874447.031 -0.614 1.376 
1704874447.131 -0.586 1.449 
1704874447.230 -0.555 1.523 
1704874447.330 -0.526 1.597 
1704874447.430 -0.498 1.673 
1704874447.530 -0.471 1.749 
1704874447.630 -0.447 1.813 
1704874447.730 -0.420 1.874 
1704874447.837 -0.391 1.937 
1704874447.933 -0.370 2.014 
1704874448.031 -0.360 2.091 
1704874448.131 -0.352 2.157 
1704874448.231 -0.337 2.219 
1704874448.332 -0.337 2.293 
1704874448.431 -0.372 2.371 
1704874448.532 -0.412 2.439 
1704874448.632 -0.442 2.497 
1704874448.732 -0.451 2.532 
1704874448.832 -0.470 2.575 
1704874448.931 -0.512 2.636 
1704874449.033 -0.562 2.706 
1704874449.134 -0.606 2.772 
1704874449.233 -0.642 2.829 
1704874449.332 -0.682 2.887 
1704874449.433 -0.736 2.948 
1704874449.533 -0.801 3.012 
1704874449.633 -0.858 3.077 
1704874449.734 -0.910 3.141 
1704874449.834 -0.967 3.204 
1704874449.933 -1.029 3.267 
1704874450.033 -1.097 3.329 
1704874450.134 -1.168 3.394 
1704874450.234 -1.235 3.458 
1704874450.336 -1.304 3.522 
1704874450.436 -1.378 3.589 
1704874450.537 -1.433 3.644 
1704874452.946 -1.528 3.791 
1704874452.947 -1.528 3.791 
1704874453.050 -1.445 3.853 
1704874453.148 -1.357 3.960 
1704874453.248 -1.282 4.079 
1704874453.348 -1.228 4.151 
1704874453.448 -1.199 4.198 
1704874453.548 -1.165 4.274 
1704874453.648 -1.119 4.393 
1704874453.748 -1.072 4.473 
1704874453.847 -1.029 4.542 
1704874453.949 -0.990 4.620 
1704874454.049 -0.958 4.698 
1704874454.150 -0.932 4.777 
1704874454.250 -0.917 4.854 
1704874454.349 -0.908 4.936 
1704874454.451 -0.897 5.016 
1704874454.552 -0.881 5.091 
1704874454.652 -0.866 5.176 
1704874454.752 -0.851 5.256 
1704874454.852 -0.835 5.336 
1704874454.951 -0.823 5.417 
1704874455.052 -0.817 5.507 
1704874455.152 -0.802 5.591 
1704874455.252 -0.790 5.666 
1704874455.353 -0.783 5.750 
1704874455.452 -0.781 5.834 
1704874455.552 -0.781 5.922 
1704874455.653 -0.789 6.009 
1704874455.753 -0.811 6.101 
1704874455.854 -0.833 6.197 
1704874455.953 -0.847 6.293 
1704874456.054 -0.869 6.382 
1704874456.154 -0.893 6.463 
1704874456.254 -0.926 6.554 
1704874456.354 -0.942 6.637 
1704874456.455 -0.930 6.699 
1704874456.555 -0.956 6.777 
1704874456.655 -1.071 6.869 
1704874456.756 -1.165 6.948 
1704874456.856 -1.262 7.024 
1704874456.956 -1.368 7.096 
1704874457.056 -1.487 7.142 
1704874457.157 -1.614 7.146 
1704874457.257 -1.728 7.131 
1704874457.358 -1.801 7.092 
1704874457.458 -1.909 7.050 
1704874457.558 -2.036 6.999 
1704874457.660 -2.151 6.954 
1704874457.758 -2.253 6.899 
1704874457.858 -2.353 6.837 
1704874457.959 -2.450 6.766 
1704874458.061 -2.546 6.697 
1704874458.161 -2.633 6.644 
1704874458.261 -2.718 6.579 
1704874458.361 -2.806 6.494 
1704874458.462 -2.892 6.415 
1704874458.562 -2.971 6.341 
1704874458.661 -3.045 6.283 
1704874458.761 -3.122 6.199 
1704874458.862 -3.197 6.117 
1704874458.962 -3.264 6.039 
1704874459.061 -3.326 5.953 
1704874459.162 -3.382 5.858 
1704874459.263 -3.437 5.775 
1704874459.362 -3.490 5.697 
1704874459.463 -3.536 5.613 
1704874459.563 -3.581 5.528 
1704874459.663 -3.618 5.433 
1704874459.763 -3.653 5.332 
1704874459.865 -3.697 5.267 
1704874459.965 -3.739 5.208 
1704874460.064 -3.763 5.115 
1704874460.165 -3.775 5.003 
1704874460.265 -3.785 4.894 
1704874460.364 -3.798 4.791 
1704874460.465 -3.810 4.687 
1704874460.565 -3.811 4.580 
1704874460.666 -3.808 4.463 
1704874460.766 -3.809 4.350 
1704874460.865 -3.808 4.263 
1704874460.966 -3.811 4.183 
1704874461.066 -3.819 4.097 
1704874461.167 -3.824 3.991 
1704874461.266 -3.826 3.897 
1704874461.366 -3.834 3.834 
1704874461.467 -3.837 3.774 
1704874461.566 -3.785 3.694 
1704874461.666 -3.685 3.593 
1704874461.767 -3.601 3.533 
1704874461.868 -3.552 3.507 
1704874461.968 -3.523 3.457 
1704874462.068 -3.478 3.380 
1704874462.169 -3.431 3.268 
1704874462.268 -3.385 3.197 
1704874462.369 -3.337 3.148 
1704874462.469 -3.287 3.080 
1704874462.568 -3.222 2.982 
1704874462.669 -3.161 2.893 
1704874462.769 -3.108 2.812 
1704874462.873 -3.059 2.730 
1704874462.971 -3.021 2.689 
1704874463.071 -2.985 2.630 
1704874463.170 -2.939 2.549 
1704874463.270 -2.892 2.477 
1704874463.369 -2.851 2.413 
1704874463.471 -2.809 2.349 
1704874463.570 -2.769 2.286 
1704874463.670 -2.726 2.220 
1704874463.770 -2.682 2.150 
1704874463.871 -2.641 2.074 
1704874463.971 -2.599 2.004 
1704874464.071 -2.560 1.935 
1704874464.171 -2.521 1.868 
1704874464.270 -2.481 1.801 
1704874464.371 -2.439 1.731 
1704874464.473 -2.401 1.660 
1704874464.573 -2.366 1.592 
1704874464.673 -2.334 1.524 
1704874464.774 -2.304 1.456 
1704874464.874 -2.273 1.390 
1704874464.973 -2.240 1.321 
1704874465.073 -2.212 1.252 
1704874465.175 -2.184 1.182 
1704874465.274 -2.159 1.116 
1704874465.374 -2.132 1.050 
1704874465.474 -2.106 0.981 
1704874465.574 -2.079 0.894 
1704874465.675 -2.040 0.793 
1704874465.775 -1.996 0.687 
1704874465.876 -1.962 0.596 
1704874465.975 -1.930 0.514 
1704874466.075 -1.901 0.432 
1704874466.175 -1.870 0.348 
1704874466.275 -1.842 0.266 
1704874466.376 -1.817 0.188 
1704874466.476 -1.798 0.114 
1704874466.577 -1.778 0.040 
1704874466.677 -1.754 -0.032 
1704874466.778 -1.749 -0.093 
1704874466.877 -1.752 -0.142 
1704874466.979 -1.754 -0.205 
1704874467.078 -1.748 -0.248 
1704874467.178 -1.715 -0.264 
1704874467.279 -1.708 -0.300 
1704874467.378 -1.761 -0.361 
1704874467.478 -1.822 -0.430 
1704874467.578 -1.864 -0.477 
1704874467.679 -1.884 -0.494 
1704874467.779 -1.879 -0.504 
1704874467.878 -1.867 -0.517 
1704874467.978 -1.929 -0.514 
1704874468.079 -2.070 -0.521 
1704874468.179 -2.197 -0.551 
1704874468.279 -2.255 -0.530 
1704874468.378 -2.299 -0.502 
1704874468.479 -2.354 -0.494 
1704874468.579 -2.403 -0.507 
1704874468.680 -2.507 -0.543 
1704874468.780 -2.616 -0.575 
1704874468.880 -2.672 -0.591 
1704874468.981 -2.703 -0.594 
1704874469.081 -2.760 -0.617 
1704874469.180 -2.853 -0.657 
1704874469.281 -2.941 -0.686 
1704874469.380 -3.018 -0.719 
1704874469.481 -3.109 -0.756 
1704874469.581 -3.200 -0.787 
1704874469.681 -3.274 -0.823 
1704874469.780 -3.337 -0.873 
1704874469.880 -3.401 -0.944 
1704874469.981 -3.464 -1.022 
1704874470.081 -3.533 -1.091 
1704874470.181 -3.604 -1.158 
1704874470.287 -3.680 -1.241 
1704874470.382 -3.729 -1.319 
1704874470.482 -3.767 -1.396 
1704874470.582 -3.810 -1.467 
1704874470.682 -3.854 -1.552 
1704874470.783 -3.893 -1.644 
1704874470.883 -3.923 -1.734 
1704874470.983 -3.954 -1.813 
1704874471.083 -3.997 -1.896 
1704874471.183 -4.045 -2.015 
1704874471.283 -4.092 -2.141 
1704874471.383 -4.132 -2.228 
1704874471.483 -4.146 -2.276 
1704874471.584 -4.159 -2.292 
1704874471.685 -4.161 -2.345 
1704874471.785 -4.165 -2.408 
1704874471.884 -4.145 -2.477 
1704874471.984 -4.107 -2.583 
1704874472.084 -4.058 -2.701 
1704874472.184 -4.023 -2.790 
1704874472.284 -3.993 -2.862 
1704874472.384 -3.978 -2.956 
1704874472.485 -3.966 -3.053 
1704874472.585 -3.960 -3.133 
1704874472.685 -3.961 -3.174 
1704874472.784 -3.955 -3.198 
1704874472.885 -3.930 -3.217 
1704874472.989 -3.891 -3.269 
1704874473.085 -3.837 -3.336 
1704874473.185 -3.769 -3.420 
1704874473.285 -3.705 -3.489 
1704874473.386 -3.645 -3.570 
1704874473.487 -3.603 -3.647 
1704874473.586 -3.562 -3.692 
1704874475.795 -3.306 -3.684 
1704874475.895 -3.371 -3.732 
1704874475.998 -3.439 -3.781 
1704874476.096 -3.399 -3.750 
1704874476.196 -3.296 -3.713 
1704874476.296 -3.194 -3.671 
1704874476.397 -3.144 -3.652 
1704874476.497 -3.095 -3.628 
1704874476.597 -3.026 -3.600 
1704874476.699 -2.963 -3.573 
1704874476.798 -2.898 -3.548 
1704874476.897 -2.832 -3.524 
1704874476.998 -2.762 -3.503 
1704874477.099 -2.692 -3.482 
1704874477.201 -2.621 -3.463 
1704874477.298 -2.555 -3.446 
1704874477.398 -2.483 -3.430 
1704874477.498 -2.412 -3.413 
1704874477.599 -2.341 -3.395 
1704874477.698 -2.269 -3.376 
1704874477.800 -2.192 -3.359 
1704874477.899 -2.115 -3.342 
1704874478.000 -2.033 -3.322 
1704874478.099 -1.952 -3.303 
1704874478.199 -1.867 -3.280 
1704874478.299 -1.782 -3.258 
1704874478.400 -1.695 -3.240 
1704874478.501 -1.604 -3.220 
1704874478.600 -1.514 -3.201 
1704874478.701 -1.423 -3.180 
1704874478.801 -1.328 -3.161 
1704874478.900 -1.227 -3.142 
1704874479.000 -1.165 -3.120 
1704874479.101 -1.108 -3.116 
1704874479.203 -1.033 -3.112 
1704874479.302 -0.956 -3.101 
1704874479.403 -0.879 -3.098 
1704874479.502 -0.803 -3.098 
1704874479.602 -0.722 -3.093 
1704874479.702 -0.639 -3.086 
1704874479.802 -0.557 -3.080 
1704874479.902 -0.479 -3.074 
1704874480.003 -0.398 -3.070 
1704874480.103 -0.312 -3.069 
1704874480.203 -0.231 -3.067 
1704874480.303 -0.150 -3.063 
1704874480.403 -0.073 -3.061 
1704874480.502 0.001 -3.059 
1704874480.603 0.080 -3.058 
1704874480.706 0.167 -3.061 
1704874480.805 0.246 -3.062 
1704874480.904 0.323 -3.062 
1704874481.005 0.405 -3.059 
1704874481.104 0.481 -3.057 
1704874481.204 0.559 -3.055 
1704874481.304 0.634 -3.053 
1704874481.405 0.752 -3.041 
1704874481.505 0.856 -3.036 
1704874481.605 0.956 -3.029 
1704874481.705 1.051 -3.025 
1704874481.806 1.145 -3.018 
1704874481.907 1.237 -3.011 
1704874482.005 1.331 -3.005 
1704874482.106 1.429 -2.995 
1704874482.205 1.523 -2.986 
1704874482.305 1.622 -2.979 
1704874482.406 1.718 -2.971 
1704874482.505 1.815 -2.963 
1704874482.606 1.914 -2.954 
1704874482.706 2.019 -2.943 
1704874482.806 2.089 -2.948 
1704874482.906 2.143 -2.942 
1704874483.006 2.216 -2.931 
1704874483.107 2.303 -2.926 
1704874483.207 2.383 -2.921 
1704874483.306 2.458 -2.919 
1704874483.407 2.529 -2.912 
1704874483.507 2.607 -2.903 
1704874483.607 2.691 -2.899 
1704874483.707 2.772 -2.895 
1704874483.807 2.851 -2.891 
1704874483.908 2.928 -2.886 
1704874484.008 3.005 -2.883 
1704874484.109 3.082 -2.878 
1704874484.208 3.158 -2.875 
1704874484.307 3.240 -2.875 
1704874484.408 3.320 -2.876 
1704874484.508 3.399 -2.872 
1704874484.608 3.472 -2.872 
1704874484.708 3.551 -2.873 
1704874484.808 3.628 -2.878 
1704874485.311 3.765 -2.914 
1704874485.311 3.765 -2.914 
1704874485.416 3.842 -2.918 
1704874485.514 3.973 -2.939 
1704874485.614 4.098 -2.960 
1704874485.713 4.177 -2.978 
1704874485.815 4.239 -2.981 
1704874485.915 4.320 -2.986 
1704874486.014 4.407 -2.995 
1704874486.113 4.492 -3.005 
1704874486.213 4.562 -3.014 
1704874486.314 4.629 -3.017 
1704874486.415 4.700 -3.020 
1704874486.516 4.779 -3.030 
1704874486.617 4.893 -3.048 
1704874486.717 5.009 -3.064 
1704874486.817 5.105 -3.077 
1704874486.917 5.196 -3.093 
1704874487.018 5.291 -3.111 
1704874487.118 5.383 -3.129 
1704874487.219 5.473 -3.149 
1704874487.319 5.563 -3.175 
1704874487.427 5.652 -3.195 
1704874487.524 5.737 -3.212 
1704874487.622 5.820 -3.240 
1704874487.723 5.903 -3.271 
1704874487.822 5.980 -3.303 
1704874487.923 6.059 -3.340 
1704874488.024 6.133 -3.376 
1704874488.124 6.206 -3.414 
1704874488.224 6.276 -3.453 
1704874488.325 6.345 -3.492 
1704874488.424 6.411 -3.535 
1704874488.526 6.480 -3.578 
1704874488.626 6.550 -3.618 
1704874488.725 6.620 -3.663 
1704874488.826 6.681 -3.690 
1704874488.927 6.733 -3.727 
1704874489.026 6.791 -3.779 
1704874489.126 6.844 -3.829 
1704874489.226 6.896 -3.883 
1704874489.326 6.947 -3.937 
1704874489.426 6.994 -3.991 
1704874489.526 7.039 -4.046 
1704874489.626 7.087 -4.103 
1704874489.727 7.125 -4.160 
1704874489.828 7.164 -4.218 
1704874489.927 7.200 -4.277 
1704874490.026 7.233 -4.340 
1704874490.128 7.264 -4.401 
1704874490.227 7.295 -4.464 
1704874490.328 7.325 -4.528 
1704874490.427 7.359 -4.592 
1704874490.529 7.398 -4.652 
1704874490.629 7.431 -4.710 
1704874490.728 7.451 -4.775 
1704874490.828 7.472 -4.846 
1704874490.927 7.490 -4.913 
1704874491.027 7.507 -4.981 
1704874491.129 7.523 -5.050 
1704874491.228 7.537 -5.120 
1704874491.328 7.547 -5.190 
1704874491.428 7.551 -5.261 
1704874491.528 7.557 -5.330 
1704874491.628 7.561 -5.399 
1704874491.728 7.563 -5.467 
1704874491.829 7.562 -5.536 
1704874491.929 7.559 -5.601 
1704874492.029 7.554 -5.668 
1704874492.128 7.545 -5.734 
1704874492.229 7.538 -5.802 
1704874492.328 7.541 -5.869 
1704874492.429 7.548 -5.932 
1704874492.530 7.544 -5.997 
1704874492.630 7.529 -6.059 
1704874492.730 7.520 -6.118 
1704874492.830 7.511 -6.176 
1704874492.929 7.481 -6.241 
1704874493.030 7.444 -6.306 
1704874493.130 7.412 -6.362 
1704874493.230 7.378 -6.414 
1704874493.331 7.339 -6.468 
1704874493.431 7.297 -6.518 
1704874493.530 7.262 -6.566 
1704874493.631 7.224 -6.616 
1704874493.732 7.179 -6.661 
1704874493.831 7.135 -6.703 
1704874493.931 7.091 -6.745 
1704874494.032 7.048 -6.788 
1704874494.131 6.989 -6.832 
1704874494.232 6.933 -6.879 
1704874494.331 6.884 -6.928 
1704874494.432 6.842 -6.976 
1704874494.531 6.790 -7.011 
1704874494.632 6.729 -7.046 
1704874494.732 6.663 -7.079 
1704874494.832 6.594 -7.109 
1704874494.932 6.533 -7.139 
1704874495.033 6.470 -7.173 
1704874495.133 6.401 -7.202 
1704874495.233 6.331 -7.226 
1704874495.333 6.262 -7.249 
1704874495.433 6.192 -7.273 
1704874495.535 6.116 -7.294 
1704874495.634 6.043 -7.312 
1704874495.733 5.969 -7.329 
1704874495.834 5.893 -7.344 
1704874495.933 5.816 -7.357 
1704874496.033 5.739 -7.368 
1704874496.134 5.660 -7.380 
1704874496.233 5.579 -7.389 
1704874496.334 5.498 -7.397 
1704874496.434 5.417 -7.403 
1704874496.534 5.334 -7.407 
1704874496.635 5.251 -7.409 
1704874496.738 5.165 -7.412 
1704874496.837 5.078 -7.413 
1704874496.936 4.992 -7.414 
1704874497.036 4.907 -7.417 
1704874497.135 4.816 -7.414 
1704874497.235 4.719 -7.401 
1704874497.336 4.623 -7.388 
1704874497.436 4.526 -7.377 
1704874497.536 4.442 -7.371 
1704874497.636 4.355 -7.367 
1704874497.736 4.248 -7.350 
1704874497.840 4.171 -7.347 
1704874497.937 4.133 -7.344 
1704874498.037 4.071 -7.329 
1704874498.137 3.991 -7.307 
1704874498.237 3.915 -7.296 
1704874498.337 3.836 -7.280 
1704874498.437 3.759 -7.267 
1704874498.538 3.684 -7.255 
1704874498.637 3.608 -7.244 
1704874498.737 3.535 -7.235 
1704874498.838 3.465 -7.225 
1704874498.938 3.386 -7.211 
1704874499.037 3.304 -7.195 
1704874499.137 3.225 -7.182 
1704874499.238 3.148 -7.168 
1704874499.337 3.073 -7.153 
1704874499.439 2.994 -7.141 
1704874499.542 2.911 -7.127 
1704874499.639 2.829 -7.110 
1704874499.738 2.750 -7.098 
1704874499.839 2.673 -7.082 
1704874499.939 2.597 -7.067 
1704874500.039 2.518 -7.053 
1704874500.138 2.440 -7.039 
1704874500.239 2.359 -7.022 
1704874500.339 2.277 -7.007 
1704874500.439 2.195 -6.994 
1704874500.539 2.116 -6.980 
1704874500.640 2.039 -6.964 
1704874500.739 1.960 -6.950 
1704874500.839 1.878 -6.936 
1704874500.940 1.803 -6.921 
1704874501.040 1.726 -6.906 
1704874501.139 1.648 -6.891 
1704874501.240 1.569 -6.874 
1704874501.340 1.491 -6.858 
1704874501.440 1.414 -6.843 
1704874501.540 1.337 -6.827 
1704874501.641 1.260 -6.813 
1704874501.741 1.183 -6.799 
1704874501.840 1.106 -6.784 
1704874501.941 1.030 -6.769 
1704874502.041 0.954 -6.754 
1704874502.143 0.876 -6.739 
1704874502.241 0.802 -6.726 
1704874502.341 0.726 -6.715 
1704874502.442 0.652 -6.702 
1704874502.541 0.575 -6.691 
1704874502.641 0.498 -6.679 
1704874502.742 0.393 -6.670 
1704874502.842 0.273 -6.658 
1704874502.942 0.168 -6.643 
1704874503.042 0.075 -6.634 
1704874503.143 -0.024 -6.627 
1704874503.246 -0.121 -6.620 
1704874503.344 -0.220 -6.611 
1704874503.444 -0.317 -6.602 
1704874503.543 -0.411 -6.597 
1704874503.660 -0.511 -6.599 
1704874503.750 -0.604 -6.594 
1704874503.845 -0.697 -6.590 
1704874503.945 -0.788 -6.588 
1704874504.044 -0.879 -6.591 
1704874504.144 -0.972 -6.596 
1704874504.245 -1.065 -6.606 
1704874504.344 -1.155 -6.614 
1704874504.445 -1.246 -6.625 
1704874504.544 -1.339 -6.635 
1704874504.644 -1.424 -6.644 
1704874504.746 -1.510 -6.648 
1704874504.845 -1.593 -6.648 
1704874504.945 -1.677 -6.644 
1704874505.046 -1.762 -6.638 
1704874505.146 -1.845 -6.628 
1704874505.247 -1.921 -6.613 
1704874505.345 -1.992 -6.595 
1704874505.445 -2.062 -6.588 
1704874505.546 -2.131 -6.582 
1704874505.647 -2.217 -6.556 
1704874505.747 -2.299 -6.517 
1704874505.848 -2.375 -6.481 
1704874505.948 -2.444 -6.448 
1704874506.048 -2.517 -6.413 
1704874506.149 -2.592 -6.375 
1704874506.248 -2.664 -6.334 
1704874506.348 -2.734 -6.285 
1704874506.449 -2.806 -6.233 
1704874506.549 -2.878 -6.179 
1704874506.648 -2.954 -6.127 
1704874506.749 -3.029 -6.074 
1704874506.849 -3.097 -6.015 
1704874506.948 -3.164 -5.954 
1704874507.049 -3.234 -5.886 
1704874507.149 -3.304 -5.820 
1704874507.250 -3.376 -5.754 
1704874507.349 -3.444 -5.692 
1704874507.450 -3.510 -5.624 
1704874507.551 -3.579 -5.554 
1704874507.650 -3.648 -5.485 
1704874507.750 -3.698 -5.434 
1704874507.851 -3.733 -5.387 
1704874507.952 -3.770 -5.334 
1704874508.051 -3.803 -5.276 
1704874508.151 -3.849 -5.206 
1704874508.252 -3.899 -5.149 
1704874508.353 -3.948 -5.088 
1704874508.455 -4.007 -5.020 
1704874508.761 -4.129 -4.934 
1704874508.859 -4.141 -4.849 
1704874508.962 -4.170 -4.761 
1704874509.061 -4.189 -4.666 
1704874509.160 -4.214 -4.555 
1704874509.261 -4.274 -4.467 
1704874509.360 -4.346 -4.371 
1704874509.460 -4.417 -4.280 
1704874509.560 -4.488 -4.191 
1704874509.660 -4.561 -4.100 
1704874509.761 -4.637 -4.006 
1704874509.862 -4.716 -3.913 
1704874509.961 -4.794 -3.818 
1704874510.062 -4.874 -3.723 
1704874510.165 -4.950 -3.631 
1704874510.265 -5.024 -3.539 
1704874510.366 -5.095 -3.448 
1704874510.468 -5.168 -3.356 
1704874510.569 -5.246 -3.262 
1704874510.669 -5.327 -3.168 
1704874510.768 -5.409 -3.073 
1704874510.868 -5.482 -2.982 
1704874510.969 -5.551 -2.890 
1704874511.069 -5.621 -2.799 
1704874511.169 -5.699 -2.705 
1704874511.270 -5.776 -2.612 
1704874511.370 -5.851 -2.526 
1704874511.479 -5.912 -2.460 
1704874511.580 -5.959 -2.400 
1704874511.679 -6.005 -2.340 
1704874511.780 -6.053 -2.280 
1704874511.880 -6.099 -2.221 
1704874511.981 -6.149 -2.163 
1704874512.080 -6.220 -2.083 
1704874512.180 -6.300 -1.994 
1704874512.282 -6.366 -1.922 
1704874512.383 -6.409 -1.869 
1704874512.483 -6.464 -1.817 
1704874512.582 -6.519 -1.767 
1704874512.684 -6.589 -1.717 
1704874512.784 -6.649 -1.672 
1704874512.884 -6.702 -1.635 
1704874512.990 -6.759 -1.604 
1704874513.090 -6.824 -1.570 
1704874513.191 -6.893 -1.542 
1704874513.292 -6.983 -1.523 
1704874513.391 -7.013 -1.486 
1704874513.491 -7.065 -1.473 
1704874513.591 -7.135 -1.479 
1704874513.691 -7.195 -1.513 
1704874513.791 -7.259 -1.579 
1704874513.892 -7.339 -1.664 
1704874513.992 -7.396 -1.740 
1704874514.094 -7.447 -1.798 
1704874514.193 -7.490 -1.857 
1704874514.294 -7.513 -1.924 
1704874514.395 -7.523 -2.015 
1704874514.494 -7.522 -2.117 
1704874514.595 -7.508 -2.214 
1704874514.694 -7.497 -2.279 
1704874514.795 -7.486 -2.338 
1704874514.895 -7.471 -2.412 
1704874514.996 -7.447 -2.501 
1704874515.095 -7.427 -2.588 
1704874515.195 -7.411 -2.673 
1704874515.297 -7.391 -2.759 
1704874515.395 -7.369 -2.841 
1704874515.495 -7.343 -2.931 
1704874515.596 -7.317 -3.024 
1704874515.697 -7.290 -3.115 
1704874515.797 -7.262 -3.206 
1704874515.896 -7.231 -3.298 
1704874515.996 -7.199 -3.394 
1704874516.096 -7.167 -3.490 
1704874516.198 -7.128 -3.591 
1704874516.298 -7.095 -3.669 
1704874516.396 -7.068 -3.718 
1704874516.500 -7.043 -3.771 
1704874516.597 -7.011 -3.840 
1704874516.698 -6.978 -3.922 
1704874516.799 -6.949 -3.999 
1704874516.900 -6.922 -4.069 
1704874516.999 -6.893 -4.143 
1704874517.098 -6.860 -4.217 
1704874517.198 -6.827 -4.288 
1704874517.298 -6.795 -4.364 
1704874517.399 -6.763 -4.437 
1704874517.500 -6.729 -4.511 
1704874517.600 -6.696 -4.583 
1704874517.700 -6.661 -4.656 
1704874517.800 -6.629 -4.728 
1704874517.901 -6.592 -4.800 
1704874518.000 -6.556 -4.871 
1704874518.101 -6.520 -4.940 
1704874518.202 -6.485 -5.009 
1704874518.303 -6.451 -5.078 
1704874518.403 -6.407 -5.152 
1704874518.503 -6.367 -5.220 
1704874518.603 -6.329 -5.289 
1704874518.704 -6.291 -5.361 
1704874518.803 -6.257 -5.427 
1704874518.903 -6.221 -5.493 
1704874519.003 -6.179 -5.557 
1704874519.103 -6.135 -5.624 
1704874519.203 -6.093 -5.688 
1704874519.303 -6.051 -5.754 
1704874519.408 -6.010 -5.820 
1704874519.508 -5.974 -5.879 
1704874519.609 -5.936 -5.941 
1704874519.709 -5.892 -6.004 
1704874519.809 -5.825 -6.105 
1704874519.909 -5.751 -6.196 
1704874520.009 -5.705 -6.267 
1704874520.109 -5.649 -6.342 
1704874520.210 -5.575 -6.425 
1704874520.310 -5.515 -6.502 
1704874520.410 -5.453 -6.581 
1704874520.510 -5.416 -6.641 
1704874520.610 -5.365 -6.702 
1704874520.710 -5.293 -6.772 
1704874520.810 -5.219 -6.844 
1704874520.910 -5.148 -6.907 
1704874521.010 -5.089 -6.965 
1704874521.111 -5.025 -7.024 
1704874521.211 -4.956 -7.075 
1704874521.311 -4.891 -7.129 
1704874521.411 -4.826 -7.182 
1704874521.511 -4.766 -7.232 
1704874521.611 -4.703 -7.284 
1704874521.711 -4.631 -7.334 
1704874521.812 -4.572 -7.383 
1704874521.911 -4.515 -7.429 
1704874522.011 -4.451 -7.468 
1704874522.111 -4.384 -7.501 
1704874522.212 -4.315 -7.531 
1704874522.315 -4.241 -7.559 
1704874522.412 -4.170 -7.589 
1704874522.512 -4.099 -7.622 
1704874522.612 -4.023 -7.658 
1704874522.713 -3.941 -7.690 
1704874522.812 -3.855 -7.723 
1704874522.913 -3.779 -7.754 
1704874523.012 -3.718 -7.782 
1704874523.112 -3.661 -7.811 
1704874523.216 -3.630 -7.847 
1704874523.313 -3.619 -7.899 
1704874523.413 -3.602 -7.938 
1704874523.513 -3.557 -7.946 
1704874523.614 -3.475 -7.936 
1704874523.713 -3.347 -7.933 
1704874523.813 -3.208 -7.913 
1704874523.914 -3.115 -7.889 
1704874524.014 -3.070 -7.908 
1704874524.113 -3.040 -7.919 
1704874524.214 -2.967 -7.893 
1704874524.315 -2.864 -7.864 
1704874524.415 -2.776 -7.826 
1704874524.514 -2.716 -7.804 
1704874524.615 -2.661 -7.781 
1704874524.718 -2.601 -7.749 
1704874524.817 -2.545 -7.716 
1704874524.917 -2.485 -7.683 
1704874525.017 -2.420 -7.650 
1704874525.117 -2.355 -7.621 
1704874525.217 -2.288 -7.591 
1704874525.317 -2.218 -7.559 
1704874525.418 -2.148 -7.515 
1704874525.518 -2.080 -7.473 
1704874525.618 -2.013 -7.430 
1704874525.718 -1.944 -7.389 
1704874525.820 -1.873 -7.354 
1704874525.919 -1.809 -7.315 
1704874526.018 -1.743 -7.268 
1704874526.118 -1.676 -7.216 
1704874526.219 -1.608 -7.163 
1704874526.319 -1.540 -7.109 
1704874526.419 -1.471 -7.059 
1704874526.519 -1.402 -7.007 
1704874526.619 -1.333 -6.954 
1704874526.735 -1.268 -6.898 
1704874526.827 -1.208 -6.844 
1704874526.923 -1.140 -6.783 
1704874527.026 -1.071 -6.719 
1704874527.122 -1.005 -6.660 
1704874527.222 -0.939 -6.600 
1704874527.321 -0.872 -6.545 
1704874527.423 -0.801 -6.488 
1704874527.521 -0.735 -6.431 
1704874527.622 -0.662 -6.366 
1704874527.721 -0.589 -6.304 
1704874533.635 -0.531 -5.870 
1704874533.635 -0.531 -5.870 
1704874533.736 -0.571 -5.929 
1704874533.836 -0.644 -6.020 
1704874533.935 -0.710 -6.089 
1704874534.036 -0.788 -6.164 
1704874534.136 -0.882 -6.240 
1704874534.236 -0.981 -6.308 
1704874534.335 -1.072 -6.378 
1704874534.436 -1.164 -6.448 
1704874534.536 -1.257 -6.520 
1704874534.636 -1.349 -6.591 
1704874534.737 -1.443 -6.661 
1704874534.837 -1.537 -6.729 
1704874534.937 -1.632 -6.797 
1704874535.037 -1.727 -6.864 
1704874535.137 -1.824 -6.932 
1704874535.238 -1.922 -7.001 
1704874535.336 -2.022 -7.066 
1704874535.439 -2.124 -7.133 
1704874535.538 -2.223 -7.195 
1704874535.638 -2.323 -7.259 
1704874535.738 -2.422 -7.320 
1704874535.839 -2.522 -7.381 
1704874535.938 -2.619 -7.441 
1704874536.039 -2.725 -7.503 
1704874536.138 -2.830 -7.563 
1704874536.239 -2.934 -7.621 
1704874536.339 -3.032 -7.679 
1704874536.439 -3.136 -7.736 
1704874536.539 -3.237 -7.783 
1704874536.639 -3.336 -7.833 
1704874536.739 -3.430 -7.886 
1704874536.840 -3.512 -7.939 
1704874536.940 -3.582 -7.982 
1704874537.040 -3.636 -8.011 
1704874537.141 -3.715 -8.024 
1704874537.241 -3.807 -8.050 
1704874537.341 -3.915 -8.101 
1704874537.441 -4.015 -8.148 
1704874537.541 -4.098 -8.177 
1704874537.640 -4.178 -8.200 
1704874537.742 -4.265 -8.225 
1704874537.841 -4.344 -8.252 
1704874537.940 -4.414 -8.277 
1704874538.042 -4.488 -8.302 
1704874538.141 -4.579 -8.311 
1704874538.242 -4.665 -8.323 
1704874538.342 -4.738 -8.339 
1704874538.442 -4.800 -8.352 
1704874538.542 -4.872 -8.361 
1704874538.643 -4.946 -8.370 
1704874538.743 -5.032 -8.360 
1704874538.845 -5.112 -8.355 
1704874538.944 -5.180 -8.356 
1704874539.044 -5.245 -8.353 
1704874539.143 -5.308 -8.343 
1704874539.244 -5.386 -8.320 
1704874539.344 -5.455 -8.305 
1704874539.444 -5.516 -8.291 
1704874539.544 -5.573 -8.279 
1704874539.644 -5.626 -8.268 
1704874539.745 -5.679 -8.253 
1704874539.844 -5.758 -8.203 
1704874539.945 -5.843 -8.139 
1704874540.044 -5.910 -8.089 
1704874540.145 -5.967 -8.048 
1704874540.246 -6.014 -8.020 
1704874540.346 -6.053 -7.997 
1704874540.446 -6.090 -7.977 
1704874540.546 -6.132 -7.957 
1704874540.647 -6.174 -7.929 
1704874540.746 -6.216 -7.902 
1704874540.846 -6.266 -7.855 
1704874540.947 -6.333 -7.774 
1704874541.047 -6.383 -7.699 
1704874541.147 -6.406 -7.663 
1704874541.247 -6.429 -7.634 
1704874541.347 -6.464 -7.604 
1704874541.448 -6.505 -7.565 
1704874541.548 -6.560 -7.497 
1704874541.648 -6.608 -7.413 
1704874541.749 -6.651 -7.344 
1704874541.849 -6.696 -7.285 
1704874541.948 -6.743 -7.232 
1704874542.049 -6.793 -7.187 
1704874542.149 -6.835 -7.128 
1704874542.250 -6.876 -7.060 
1704874542.351 -6.911 -6.991 
1704874542.450 -6.947 -6.919 
1704874542.551 -6.988 -6.848 
1704874542.650 -7.028 -6.777 
1704874542.751 -7.064 -6.707 
1704874542.850 -7.096 -6.634 
1704874542.950 -7.128 -6.552 
1704874543.052 -7.159 -6.467 
1704874543.150 -7.193 -6.391 
1704874543.251 -7.231 -6.311 
1704874543.351 -7.263 -6.228 
1704874543.451 -7.291 -6.141 
1704874543.551 -7.319 -6.055 
1704874543.652 -7.347 -5.966 
1704874543.753 -7.380 -5.876 
1704874543.854 -7.410 -5.785 
1704874543.952 -7.434 -5.696 
1704874544.053 -7.458 -5.603 
1704874544.153 -7.482 -5.509 
1704874544.254 -7.504 -5.414 
1704874544.354 -7.523 -5.331 
1704874544.454 -7.537 -5.266 
1704874544.553 -7.548 -5.208 
1704874544.653 -7.560 -5.144 
1704874544.754 -7.575 -5.069 
1704874544.854 -7.589 -4.996 
1704874544.954 -7.602 -4.920 
1704874545.055 -7.618 -4.848 
1704874545.155 -7.632 -4.772 
1704874545.254 -7.645 -4.696 
1704874545.354 -7.658 -4.618 
1704874545.456 -7.673 -4.538 
1704874545.556 -7.686 -4.463 
1704874545.655 -7.698 -4.386 
1704874545.755 -7.710 -4.307 
1704874545.854 -7.721 -4.227 
1704874545.956 -7.734 -4.147 
1704874546.056 -7.747 -4.062 
1704874551.266 -7.270 -3.585 
1704874551.266 -7.270 -3.585 
1704874551.367 -7.248 -3.630 
1704874551.467 -7.261 -3.733 
1704874551.567 -7.308 -3.869 
1704874551.667 -7.333 -3.977 
1704874551.767 -7.360 -4.080 
1704874551.866 -7.384 -4.195 
1704874551.966 -7.412 -4.310 
1704874552.067 -7.438 -4.424 
1704874552.167 -7.466 -4.534 
1704874552.268 -7.487 -4.649 
1704874552.367 -7.511 -4.767 
1704874552.467 -7.534 -4.882 
1704874552.568 -7.558 -4.995 
1704874552.668 -7.577 -5.112 
1704874552.768 -7.592 -5.234 
1704874552.871 -7.611 -5.355 
1704874552.969 -7.631 -5.471 
1704874553.068 -7.650 -5.589 
1704874553.169 -7.671 -5.712 
1704874553.270 -7.691 -5.833 
1704874553.369 -7.711 -5.952 
1704874553.469 -7.733 -6.072 
1704874553.568 -7.754 -6.190 
1704874553.669 -7.771 -6.319 
1704874553.769 -7.792 -6.439 
1704874553.870 -7.817 -6.554 
1704874553.970 -7.840 -6.674 
1704874554.069 -7.859 -6.781 
1704874554.169 -7.877 -6.874 
1704874554.270 -7.892 -6.952 
1704874554.370 -7.908 -7.033 
1704874554.470 -7.926 -7.112 
1704874554.569 -7.938 -7.190 
1704874554.670 -7.942 -7.269 
1704874554.770 -7.947 -7.345 
1704874554.870 -7.954 -7.419 
1704874554.971 -7.959 -7.486 
1704874555.070 -7.967 -7.555 
1704874555.170 -7.982 -7.627 
1704874555.272 -8.009 -7.731 
1704874555.371 -8.032 -7.836 
1704874555.471 -8.051 -7.909 
1704874555.572 -8.068 -7.976 
1704874555.673 -8.089 -8.063 
1704874555.772 -8.169 -8.191 
1704874558.480 -8.179 -8.642 
1704874558.580 -8.191 -8.608 
1704874558.682 -8.199 -8.479 
1704874558.780 -8.215 -8.346 
1704874558.880 -8.236 -8.255 
1704874558.980 -8.237 -8.158 
1704874559.081 -8.229 -8.040 
1704874559.181 -8.241 -7.923 
1704874559.281 -8.260 -7.809 
1704874559.380 -8.275 -7.689 
1704874559.480 -8.282 -7.566 
1704874559.581 -8.289 -7.443 
1704874559.681 -8.296 -7.322 
1704874559.782 -8.299 -7.201 
1704874559.881 -8.304 -7.080 
1704874559.981 -8.306 -6.958 
1704874560.082 -8.306 -6.839 
1704874560.182 -8.306 -6.718 
1704874560.283 -8.306 -6.619 
1704874560.383 -8.312 -6.527 
1704874560.483 -8.322 -6.434 
1704874560.584 -8.334 -6.335 
1704874560.684 -8.342 -6.231 
1704874560.784 -8.344 -6.166 
1704874560.884 -8.350 -6.098 
1704874560.984 -8.358 -6.019 
1704874561.083 -8.366 -5.938 
1704874561.184 -8.374 -5.855 
1704874561.285 -8.380 -5.772 
1704874561.384 -8.386 -5.691 
1704874561.484 -8.393 -5.610 
1704874561.586 -8.400 -5.527 
1704874561.685 -8.407 -5.449 
1704874561.785 -8.414 -5.367 
1704874561.884 -8.418 -5.285 
1704874561.985 -8.420 -5.204 
1704874562.085 -8.423 -5.122 
1704874562.185 -8.426 -5.039 
1704874562.285 -8.430 -4.957 
1704874562.386 -8.434 -4.875 
1704874562.485 -8.437 -4.800 
1704874562.585 -8.439 -4.720 
1704874562.686 -8.439 -4.635 
1704874562.785 -8.439 -4.549 
1704874562.886 -8.439 -4.467 
1704874562.987 -8.441 -4.385 
1704874563.087 -8.442 -4.307 
1704874563.187 -8.443 -4.225 
1704874563.287 -8.445 -4.146 
1704874563.387 -8.445 -4.066 
1704874563.486 -8.447 -3.985 
1704874563.586 -8.447 -3.905 
1704874563.687 -8.449 -3.825 
1704874563.786 -8.450 -3.748 
1704874563.888 -8.450 -3.666 
1704874563.987 -8.449 -3.583 
1704874564.087 -8.452 -3.508 
1704874564.187 -8.456 -3.428 
1704874564.287 -8.459 -3.349 
1704874564.387 -8.462 -3.272 
1704874564.487 -8.467 -3.193 
1704874564.587 -8.470 -3.114 
1704874564.689 -8.475 -3.032 
1704874564.789 -8.480 -2.950 
1704874564.890 -8.486 -2.877 
1704874564.991 -8.490 -2.802 
1704874565.091 -8.497 -2.724 
1704874565.190 -8.504 -2.647 
1704874565.291 -8.512 -2.570 
1704874565.391 -8.519 -2.495 
1704874565.492 -8.527 -2.419 
1704874565.591 -8.530 -2.348 
1704874565.691 -8.532 -2.278 
1704874565.792 -8.537 -2.201 
1704874565.892 -8.543 -2.105 
1704874565.993 -8.545 -1.997 
1704874566.092 -8.538 -1.885 
1704874566.192 -8.533 -1.784 
1704874566.294 -8.530 -1.694 
1704874566.402 -8.515 -1.600 
1704874566.496 -8.502 -1.514 
1704874566.594 -8.487 -1.429 
1704874566.693 -8.476 -1.351 
1704874566.793 -8.458 -1.267 
1704874566.894 -8.429 -1.176 
1704874566.994 -8.408 -1.095 
1704874567.094 -8.387 -1.019 
1704874567.194 -8.370 -0.949 
1704874567.295 -8.351 -0.874 
1704874567.396 -8.324 -0.789 
1704874567.495 -8.299 -0.710 
1704874567.596 -8.277 -0.632 
1704874567.695 -8.264 -0.565 
1704874567.796 -8.249 -0.500 
1704874567.897 -8.233 -0.439 
1704874567.996 -8.177 -0.359 
1704874568.096 -8.107 -0.279 
1704874568.197 -8.059 -0.218 
1704874568.297 -8.018 -0.162 
1704874568.396 -7.973 -0.103 
1704874568.496 -7.922 -0.037 
1704874568.607 -7.856 0.030 
1704874568.700 -7.804 0.094 
1704874568.798 -7.754 0.159 
1704874568.897 -7.688 0.221 
1704874568.996 -7.609 0.272 
1704874569.097 -7.542 0.322 
1704874569.197 -7.474 0.371 
1704874569.297 -7.428 0.415 
1704874569.397 -7.374 0.451 
1704874569.497 -7.306 0.485 
1704874569.598 -7.226 0.518 
1704874569.699 -7.142 0.556 
1704874569.798 -7.058 0.595 
1704874569.899 -6.974 0.634 
1704874569.998 -6.890 0.671 
1704874570.098 -6.796 0.716 
1704874570.198 -6.693 0.772 
1704874570.298 -6.600 0.820 
1704874570.398 -6.509 0.868 
1704874570.498 -6.435 0.923 
1704874570.598 -6.350 0.989 
1704874570.699 -6.261 1.066 
1704874570.799 -6.173 1.145 
1704874570.899 -6.084 1.212 
1704874571.000 -6.004 1.272 
1704874571.100 -5.927 1.337 
1704874571.200 -5.865 1.411 
1704874571.299 -5.805 1.492 
1704874571.400 -5.737 1.575 
1704874571.500 -5.673 1.653 
1704874571.599 -5.625 1.730 
1704874571.700 -5.580 1.816 
1704874571.800 -5.536 1.914 
1704874571.902 -5.495 2.004 
1704874572.000 -5.466 2.082 
1704874572.100 -5.440 2.165 
1704874572.201 -5.414 2.262 
1704874572.301 -5.395 2.354 
1704874572.401 -5.377 2.427 
1704874572.502 -5.370 2.506 
1704874572.602 -5.370 2.590 
1704874572.702 -5.379 2.692 
1704874572.802 -5.391 2.783 
1704874572.902 -5.409 2.862 
1704874573.002 -5.433 2.935 
1704874573.102 -5.462 3.016 
1704874573.203 -5.487 3.100 
1704874573.303 -5.517 3.183 
1704874573.403 -5.546 3.266 
1704874573.503 -5.575 3.349 
1704874573.603 -5.614 3.444 
1704874573.703 -5.653 3.535 
1704874573.803 -5.694 3.623 
1704874573.904 -5.731 3.709 
1704874574.004 -5.763 3.788 
1704874574.104 -5.826 3.871 
1704874574.203 -5.894 3.950 
1704874574.303 -5.957 4.024 
1704874574.404 -6.004 4.095 
1704874574.504 -6.050 4.166 
1704874574.604 -6.109 4.243 
1704874574.705 -6.183 4.322 
1704874574.805 -6.254 4.400 
1704874574.905 -6.323 4.481 
1704874575.006 -6.401 4.565 
1704874575.106 -6.478 4.651 
1704874575.205 -6.552 4.733 
1704874575.306 -6.624 4.815 
1704874575.406 -6.690 4.896 
1704874575.506 -6.758 4.981 
1704874575.606 -6.830 5.063 
1704874575.707 -6.899 5.143 
1704874575.806 -6.954 5.221 
1704874575.906 -7.001 5.309 
1704874576.007 -7.046 5.413 
1704874576.107 -7.082 5.495 
1704874576.208 -7.111 5.579 
1704874576.307 -7.137 5.667 
1704874576.408 -7.159 5.751 
1704874576.507 -7.178 5.827 
1704874576.610 -7.194 5.903 
1704874576.709 -7.208 5.978 
1704874576.810 -7.219 6.052 
1704874576.910 -7.238 6.156 
1704874577.010 -7.248 6.270 
1704874577.110 -7.263 6.363 
1704874577.210 -7.274 6.442 
1704874577.310 -7.283 6.520 
1704874577.411 -7.290 6.593 
1704874577.511 -7.279 6.686 
1704874577.614 -7.267 6.771 
1704874577.712 -7.259 6.832 
1704874577.811 -7.241 6.888 
1704874577.911 -7.196 6.964 
1704874578.011 -7.143 7.032 
1704874578.112 -7.097 7.080 
1704874578.212 -7.088 7.095 
1704874578.312 -7.126 7.081 
1704874578.412 -7.132 7.068 
1704874578.511 -7.050 7.097 
1704874578.612 -6.927 7.130 
1704874578.712 -6.816 7.162 
1704874578.812 -6.721 7.195 
1704874578.912 -6.657 7.227 
1704874579.012 -6.594 7.243 
1704874579.112 -6.516 7.221 
1704874579.213 -6.414 7.186 
1704874579.312 -6.323 7.152 
1704874579.412 -6.265 7.140 
1704874579.515 -6.202 7.121 
1704874579.615 -6.105 7.069 
1704874579.715 -6.011 7.024 
1704874579.816 -5.939 6.985 
1704874579.916 -5.876 6.929 
1704874580.016 -5.809 6.874 
1704874580.117 -5.742 6.824 
1704874580.216 -5.681 6.787 
1704874580.317 -5.626 6.738 
1704874580.417 -5.575 6.678 
1704874580.519 -5.530 6.630 
1704874580.617 -5.478 6.577 
1704874580.717 -5.408 6.501 
1704874580.817 -5.334 6.424 
1704874580.919 -5.288 6.389 
1704874581.018 -5.244 6.366 
1704874581.118 -5.218 6.320 
1704874581.217 -5.194 6.257 
1704874581.317 -5.115 6.161 
1704874581.418 -5.072 6.089 
1704874581.518 -5.071 6.049 
1704874581.618 -5.075 6.014 
1704874581.720 -4.998 5.990 
1704874581.818 -4.947 5.959 
1704874581.920 -4.893 5.929 
1704874582.018 -4.784 5.947 
1704874582.119 -4.665 5.991 
1704874582.219 -4.555 6.035 
1704874582.319 -4.457 6.115 
1704874582.420 -4.377 6.175 
1704874582.521 -4.321 6.232 
1704874582.621 -4.287 6.314 
1704874582.722 -4.259 6.413 
1704874582.822 -4.226 6.504 
1704874582.921 -4.194 6.587 
1704874583.022 -4.168 6.683 
1704874583.122 -4.141 6.780 
1704874583.222 -4.115 6.871 
1704874583.321 -4.090 6.953 
1704874583.422 -4.067 7.037 
1704874583.522 -4.038 7.128 
1704874583.622 -4.010 7.218 
1704874583.722 -3.988 7.304 
1704874583.822 -3.969 7.392 
1704874583.923 -3.947 7.478 
1704874584.023 -3.923 7.560 
1704874584.123 -3.900 7.644 
1704874584.223 -3.878 7.736 
1704874584.323 -3.852 7.819 
1704874584.423 -3.826 7.899 
1704874584.523 -3.796 7.975 
1704874584.623 -3.758 8.048 
1704874584.724 -3.725 8.120 
1704874584.824 -3.702 8.193 
1704874584.924 -3.682 8.261 
1704874585.024 -3.662 8.327 
1704874585.124 -3.633 8.396 
1704874585.225 -3.577 8.465 
1704874585.325 -3.517 8.543 
1704874585.425 -3.466 8.611 
1704874585.525 -3.437 8.644 
1704874585.625 -3.417 8.641 
1704874585.725 -3.389 8.621 
1704874585.825 -3.319 8.604 
1704874585.925 -3.225 8.576 
1704874586.025 -3.143 8.540 
1704874586.125 -3.079 8.533 
1704874586.225 -2.988 8.537 
1704874586.325 -2.896 8.535 
1704874586.426 -2.804 8.535 
1704874586.531 -2.706 8.532 
1704874586.626 -2.618 8.529 
1704874586.726 -2.518 8.528 
1704874586.826 -2.439 8.522 
1704874586.926 -2.376 8.523 
1704874587.030 -2.299 8.528 
1704874587.128 -2.215 8.529 
1704874587.227 -2.130 8.528 
1704874587.327 -2.048 8.529 
1704874587.428 -1.964 8.530 
1704874587.527 -1.883 8.533 
1704874587.627 -1.800 8.535 
1704874587.728 -1.713 8.532 
1704874587.828 -1.637 8.531 
1704874587.927 -1.556 8.528 
1704874588.027 -1.470 8.521 
1704874588.127 -1.385 8.515 
1704874588.229 -1.306 8.515 
1704874588.328 -1.226 8.512 
1704874588.428 -1.143 8.503 
1704874588.527 -1.060 8.492 
1704874588.630 -0.983 8.484 
1704874588.729 -0.898 8.471 
1704874589.332 -0.488 8.336 
1704874589.333 -0.488 8.336 
1704874589.433 -0.483 8.331 
1704874589.537 -0.447 8.316 
1704874589.636 -0.362 8.270 
1704874589.736 -0.257 8.217 
1704874589.836 -0.156 8.171 
1704874589.936 -0.065 8.127 
1704874590.036 -0.007 8.081 
1704874590.135 0.064 8.041 
1704874590.235 0.152 7.999 
1704874590.336 0.227 7.961 
1704874590.436 0.295 7.933 
1704874590.536 0.366 7.910 
1704874590.636 0.438 7.884 
1704874590.736 0.512 7.849 
1704874590.836 0.576 7.816 
1704874590.936 0.644 7.776 
1704874591.036 0.717 7.732 
1704874591.136 0.784 7.708 
1704874591.236 0.838 7.698 
1704874591.336 0.893 7.682 
1704874591.439 0.968 7.597 
1704874592.743 1.104 7.664 
1704874592.846 1.100 7.599 
1704874592.945 1.051 7.477 
1704874593.045 0.967 7.357 
1704874593.145 0.919 7.247 
1704874593.246 0.889 7.141 
1704874593.346 0.833 7.072 
1704874593.446 0.717 6.978 
1704874593.546 0.618 6.896 
1704874593.646 0.551 6.843 
1704874593.746 0.492 6.793 
1704874593.846 0.432 6.748 
1704874593.946 0.369 6.704 
1704874594.048 0.302 6.655 
1704874594.147 0.229 6.596 
1704874594.247 0.156 6.540 
1704874594.346 0.104 6.485 
1704874594.447 0.038 6.428 
1704874594.547 -0.058 6.380 
1704874594.649 -0.147 6.346 
1704874594.748 -0.223 6.313 
1704874594.848 -0.297 6.274 
1704874594.948 -0.390 6.240 
1704874595.047 -0.482 6.201 
1704874595.147 -0.571 6.162 
1704874595.248 -0.660 6.124 
1704874595.348 -0.756 6.093 
1704874595.448 -0.854 6.059 
1704874595.548 -0.918 6.029 
1704874595.647 -0.974 6.019 
1704874595.749 -1.045 5.993 
1704874595.849 -1.116 5.967 
1704874595.949 -1.198 5.943 
1704874596.049 -1.280 5.920 
1704874596.148 -1.359 5.894 
1704874596.250 -1.436 5.869 
1704874596.349 -1.510 5.847 
1704874596.449 -1.585 5.824 
1704874596.549 -1.668 5.803 
1704874596.649 -1.748 5.782 
1704874596.749 -1.827 5.761 
1704874596.851 -1.908 5.739 
1704874596.951 -1.984 5.718 
1704874597.053 -2.063 5.697 
1704874597.155 -2.149 5.675 
1704874597.254 -2.231 5.654 
1704874597.354 -2.311 5.633 
1704874597.455 -2.393 5.615 
1704874597.554 -2.473 5.597 
1704874597.655 -2.553 5.581 
1704874597.755 -2.641 5.563 
1704874597.855 -2.727 5.544 
1704874597.954 -2.810 5.528 
1704874598.055 -2.894 5.513 
1704874598.155 -2.974 5.500 
1704874598.255 -3.059 5.483 
1704874598.355 -3.150 5.471 
1704874598.455 -3.244 5.459 
1704874598.556 -3.334 5.446 
1704874598.656 -3.418 5.433 
1704874598.755 -3.508 5.422 
1704874598.856 -3.599 5.413 
1704874598.956 -3.690 5.407 
1704874599.056 -3.783 5.405 
1704874599.156 -3.880 5.401 
1704874599.256 -3.968 5.395 
1704874599.357 -4.057 5.394 
1704874599.456 -4.150 5.395 
1704874599.557 -4.242 5.394 
1704874599.657 -4.330 5.394 
1704874599.757 -4.424 5.397 
1704874599.857 -4.521 5.401 
1704874599.957 -4.611 5.403 
1704874600.057 -4.706 5.407 
1704874600.157 -4.800 5.411 
1704874600.257 -4.893 5.419 
1704874600.358 -4.989 5.428 
1704874600.458 -5.082 5.435 
1704874600.559 -5.173 5.440 
1704874600.659 -5.266 5.449 
1704874600.759 -5.360 5.462 
1704874600.859 -5.455 5.474 
1704874600.960 -5.551 5.486 
1704874601.060 -5.643 5.496 
1704874601.160 -5.734 5.508 
1704874601.260 -5.826 5.521 
1704874601.360 -5.917 5.533 
1704874601.459 -6.006 5.545 
1704874601.561 -6.100 5.556 
1704874601.661 -6.182 5.569 
1704874601.760 -6.266 5.578 
1704874601.860 -6.351 5.585 
1704874601.960 -6.434 5.594 
1704874602.060 -6.512 5.604 
1704874602.160 -6.592 5.615 
1704874602.260 -6.672 5.623 
1704874602.361 -6.751 5.628 
1704874602.462 -6.852 5.620 
1704874602.561 -6.958 5.617 
1704874602.661 -7.046 5.624 
1704874602.762 -7.119 5.626 
1704874602.862 -7.191 5.620 
1704874602.961 -7.265 5.607 
1704874603.061 -7.332 5.599 
1704874603.162 -7.409 5.578 
1704874603.263 -7.466 5.578 
1704874603.362 -7.501 5.594 
1704874603.462 -7.548 5.583 
1704874603.562 -7.603 5.527 
1704874605.169 -7.508 5.498 
1704874605.269 -7.509 5.479 
1704874605.371 -7.506 5.472 
1704874605.471 -7.480 5.481 
1704874605.570 -7.409 5.473 
1704874605.670 -7.288 5.441 
1704874605.770 -7.137 5.387 
1704874605.870 -7.005 5.323 
1704874605.970 -6.952 5.274 
1704874606.072 -6.910 5.236 
1704874606.171 -6.842 5.205 
1704874606.271 -6.747 5.138 
1704874606.371 -6.659 5.083 
1704874606.471 -6.601 5.046 
1704874606.572 -6.542 5.006 
1704874606.672 -6.457 4.960 
1704874606.771 -6.368 4.901 
1704874606.873 -6.282 4.808 
1704874606.972 -6.202 4.712 
1704874607.072 -6.129 4.630 
1704874607.171 -6.055 4.566 
1704874607.272 -5.973 4.496 
1704874607.372 -5.902 4.410 
1704874607.473 -5.835 4.310 
1704874607.572 -5.770 4.209 
1704874607.672 -5.711 4.111 
1704874607.773 -5.653 4.014 
1704874607.873 -5.603 3.915 
1704874607.972 -5.564 3.812 
1704874608.073 -5.531 3.702 
1704874608.172 -5.504 3.590 
1704874608.273 -5.473 3.474 
1704874608.374 -5.433 3.376 
1704874608.481 -5.412 3.274 
1704874608.576 -5.401 3.168 
1704874608.675 -5.405 3.046 
1704874608.775 -5.406 2.920 
1704874608.875 -5.405 2.801 
1704874608.975 -5.395 2.690 
1704874609.075 -5.398 2.573 
1704874609.175 -5.414 2.458 
1704874609.275 -5.434 2.342 
1704874609.376 -5.448 2.224 
1704874609.475 -5.455 2.113 
1704874609.576 -5.469 1.999 
1704874609.676 -5.487 1.889 
1704874609.776 -5.523 1.779 
1704874609.876 -5.561 1.677 
1704874609.976 -5.582 1.586 
1704874610.077 -5.620 1.495 
1704874610.177 -5.666 1.404 
1704874610.277 -5.739 1.310 
1704874610.377 -5.809 1.229 
1704874610.479 -5.877 1.157 
1704874610.582 -5.952 1.092 
1704874610.679 -6.026 1.034 
1704874610.778 -6.092 0.989 
1704874610.880 -6.142 0.952 
1704874610.979 -6.152 0.917 
1704874611.079 -6.184 0.888 
1704874611.180 -6.294 0.870 
1704874611.279 -6.403 0.853 
1704874611.380 -6.480 0.837 
1704874611.480 -6.544 0.822 
1704874611.580 -6.616 0.812 
1704874611.680 -6.738 0.818 
1704874611.780 -6.835 0.812 
1704874611.880 -6.916 0.815 
1704874611.981 -7.012 0.819 
1704874612.081 -7.113 0.829 
1704874612.181 -7.205 0.834 
1704874612.281 -7.295 0.843 
1704874612.382 -7.397 0.847 
1704874612.481 -7.509 0.868 
1704874612.582 -7.611 0.889 
1704874612.683 -7.707 0.905 
1704874612.782 -7.807 0.919 
1704874617.994 -7.761 1.189 
1704874617.995 -7.761 1.189 
1704874618.096 -7.683 1.156 
1704874618.196 -7.566 1.136 
1704874618.296 -7.442 1.130 
1704874618.396 -7.327 1.138 
1704874618.496 -7.211 1.147 
1704874618.597 -7.107 1.166 
1704874618.697 -7.030 1.181 
1704874618.796 -6.969 1.189 
1704874618.897 -6.889 1.210 
1704874618.997 -6.799 1.237 
1704874619.097 -6.722 1.251 
1704874619.196 -6.637 1.279 
1704874619.297 -6.544 1.309 
1704874619.397 -6.484 1.306 
1704874619.497 -6.423 1.292 
1704874619.598 -6.362 1.322 
1704874619.698 -6.271 1.384 
1704874619.798 -6.165 1.441 
1704874619.898 -6.083 1.479 
1704874619.999 -6.005 1.516 
1704874620.099 -5.919 1.578 
1704874620.198 -5.839 1.642 
1704874620.298 -5.762 1.711 
1704874620.399 -5.682 1.780 
1704874620.498 -5.601 1.848 
1704874620.602 -5.515 1.927 
1704874620.699 -5.438 1.999 
1704874620.800 -5.357 2.072 
1704874620.900 -5.271 2.150 
1704874621.000 -5.192 2.235 
1704874621.101 -5.110 2.318 
1704874621.204 -5.028 2.398 
1704874621.300 -4.952 2.474 
1704874621.401 -4.868 2.559 
1704874621.502 -4.787 2.646 
1704874621.601 -4.708 2.730 
1704874621.704 -4.629 2.815 
1704874621.801 -4.557 2.903 
1704874621.902 -4.483 2.989 
1704874622.002 -4.404 3.082 
1704874622.102 -4.326 3.168 
1704874622.202 -4.242 3.255 
1704874622.302 -4.162 3.345 
1704874622.401 -4.084 3.436 
1704874622.503 -4.007 3.526 
1704874622.603 -3.928 3.615 
1704874622.702 -3.847 3.706 
1704874622.803 -3.762 3.797 
1704874622.903 -3.680 3.888 
1704874623.003 -3.596 3.979 
1704874623.103 -3.518 4.070 
1704874623.204 -3.439 4.161 
1704874623.306 -3.360 4.251 
1704874623.408 -3.277 4.341 
1704874623.507 -3.190 4.431 
1704874623.607 -3.102 4.522 
1704874623.707 -3.025 4.612 
1704874623.807 -2.942 4.703 
1704874623.908 -2.861 4.792 
1704874624.008 -2.778 4.881 
1704874624.108 -2.695 4.967 
1704874624.208 -2.607 5.058 
1704874624.309 -2.527 5.145 
1704874624.409 -2.445 5.232 
1704874624.511 -2.360 5.321 
1704874624.610 -2.274 5.409 
1704874624.712 -2.192 5.497 
1704874624.813 -2.110 5.584 
1704874624.913 -2.027 5.670 
1704874625.013 -1.940 5.758 
1704874625.113 -1.856 5.847 
1704874625.213 -1.770 5.931 
1704874625.313 -1.683 6.017 
1704874625.414 -1.596 6.103 
1704874625.513 -1.510 6.189 
1704874625.616 -1.419 6.272 
1704874625.714 -1.330 6.353 
1704874625.814 -1.242 6.434 
1704874625.914 -1.153 6.517 
1704874626.015 -1.067 6.600 
1704874626.115 -0.980 6.678 
1704874626.214 -0.891 6.758 
1704874626.314 -0.799 6.836 
1704874626.415 -0.705 6.916 
1704874626.514 -0.614 6.990 
1704874626.616 -0.520 7.062 
1704874626.716 -0.429 7.133 
1704874626.816 -0.344 7.199 
1704874626.916 -0.271 7.260 
1704874627.016 -0.190 7.318 
1704874627.118 -0.109 7.375 
1704874627.217 -0.035 7.429 
1704874627.319 0.043 7.482 
1704874627.418 0.117 7.532 
1704874627.518 0.192 7.582 
1704874627.617 0.267 7.634 
1704874627.718 0.340 7.683 
1704874627.817 0.416 7.737 
1704874627.918 0.486 7.787 
1704874628.017 0.550 7.835 
1704874628.119 0.609 7.874 
1704874628.218 0.676 7.912 
1704874628.318 0.742 7.949 
1704874628.418 0.848 7.998 
1704874628.519 0.959 8.042 
1704874628.619 1.032 8.071 
1704874628.719 1.093 8.091 
1704874628.820 1.170 8.110 
1704874628.919 1.242 8.133 
1704874629.021 1.305 8.147 
1704874629.120 1.382 8.153 
1704874629.219 1.452 8.160 
1704874629.319 1.526 8.155 
1704874629.423 1.602 8.130 
1704874629.521 1.656 8.107 
1704874629.621 1.667 8.117 
1704874631.827 1.505 8.154 
1704874631.927 1.485 8.173 
1704874632.026 1.465 8.172 
1704874632.125 1.427 8.127 
1704874632.226 1.335 8.079 
1704874632.326 1.264 8.037 
1704874632.426 1.242 8.012 
1704874632.527 1.213 7.992 
1704874632.627 1.146 7.927 
1704874632.727 1.040 7.847 
1704874632.827 0.934 7.774 
1704874632.928 0.895 7.743 
1704874633.033 0.863 7.712 
1704874633.134 0.797 7.652 
1704874633.232 0.702 7.565 
1704874633.333 0.605 7.488 
1704874633.433 0.548 7.427 
1704874633.534 0.485 7.379 
1704874633.634 0.408 7.309 
1704874633.733 0.332 7.229 
1704874633.834 0.252 7.135 
1704874633.935 0.170 7.042 
1704874634.035 0.086 6.951 
1704874634.136 0.013 6.872 
1704874634.235 -0.055 6.798 
1704874634.335 -0.129 6.712 
1704874634.436 -0.212 6.625 
1704874634.535 -0.288 6.540 
1704874634.637 -0.353 6.451 
1704874634.736 -0.416 6.359 
1704874634.835 -0.480 6.272 
1704874634.936 -0.546 6.188 
1704874635.036 -0.607 6.106 
1704874635.135 -0.658 6.024 
1704874635.235 -0.707 5.941 
1704874635.336 -0.752 5.834 
1704874635.436 -0.790 5.721 
1704874635.536 -0.837 5.638 
1704874635.635 -0.880 5.551 
1704874635.737 -0.918 5.452 
1704874635.837 -0.938 5.347 
1704874635.936 -0.956 5.251 
1704874636.037 -0.970 5.152 
1704874636.137 -0.994 5.055 
1704874636.237 -1.017 4.955 
1704874636.338 -1.033 4.853 
1704874636.438 -1.046 4.757 
1704874636.540 -1.049 4.656 
1704874636.640 -1.033 4.555 
1704874636.740 -1.021 4.458 
1704874636.842 -1.014 4.364 
1704874636.941 -1.003 4.268 
1704874637.041 -0.973 4.165 
1704874637.141 -0.937 4.065 
1704874637.241 -0.903 3.971 
1704874637.341 -0.876 3.885 
1704874637.440 -0.854 3.800 
1704874637.541 -0.809 3.714 
1704874637.641 -0.759 3.629 
1704874637.741 -0.715 3.548 
1704874637.842 -0.670 3.463 
1704874637.942 -0.603 3.384 
1704874638.042 -0.544 3.307 
1704874638.142 -0.490 3.231 
1704874638.243 -0.428 3.158 
1704874638.343 -0.361 3.088 
1704874638.443 -0.282 3.029 
1704874638.543 -0.199 2.982 
1704874638.643 -0.121 2.935 
1704874638.744 -0.039 2.887 
1704874638.845 0.062 2.844 
1704874638.944 0.159 2.803 
1704874639.044 0.244 2.766 
1704874639.144 0.334 2.733 
1704874639.244 0.445 2.713 
1704874639.344 0.550 2.695 
1704874639.446 0.643 2.675 
1704874639.545 0.737 2.661 
1704874639.645 0.834 2.647 
1704874639.745 0.951 2.616 
1704874639.844 1.061 2.599 
1704874639.945 1.155 2.602 
1704874640.045 1.262 2.610 
1704874640.146 1.385 2.616 
1704874640.246 1.508 2.622 
1704874640.346 1.622 2.630 
1704874640.446 1.742 2.646 
1704874640.546 1.862 2.658 
1704874640.645 1.981 2.668 
1704874640.746 2.104 2.680 
1704874640.846 2.225 2.690 
1704874640.945 2.346 2.702 
1704874641.046 2.466 2.711 
1704874641.146 2.584 2.718 
1704874641.247 2.702 2.725 
1704874641.346 2.819 2.726 
1704874641.446 2.940 2.725 
1704874641.547 3.058 2.719 
1704874641.647 3.171 2.714 
1704874641.747 3.290 2.708 
1704874641.847 3.409 2.706 
1704874641.947 3.526 2.704 
1704874642.048 3.636 2.699 
1704874642.148 3.742 2.697 
1704874642.249 3.852 2.697 
1704874642.347 3.960 2.699 
1704874642.447 4.069 2.700 
1704874642.548 4.174 2.699 
1704874642.648 4.276 2.700 
1704874642.750 4.380 2.702 
1704874642.849 4.477 2.708 
1704874642.948 4.576 2.715 
1704874643.048 4.667 2.719 
1704874643.151 4.757 2.725 
1704874643.250 4.844 2.729 
1704874643.351 4.931 2.734 
1704874643.451 5.017 2.746 
1704874643.552 5.103 2.760 
1704874643.651 5.187 2.775 
1704874643.750 5.258 2.775 
1704874643.855 5.333 2.786 
1704874643.954 5.413 2.807 
1704874644.054 5.491 2.827 
1704874644.153 5.568 2.850 
1704874644.254 5.648 2.879 
1704874644.354 5.727 2.914 
1704874644.454 5.808 2.948 
1704874644.554 5.881 2.972 
1704874644.654 5.956 3.006 
1704874644.754 6.033 3.048 
1704874644.858 6.110 3.093 
1704874644.958 6.184 3.140 
1704874645.058 6.258 3.193 
1704874645.157 6.333 3.243 
1704874645.258 6.408 3.289 
1704874645.358 6.487 3.341 
1704874645.457 6.559 3.393 
1704874645.558 6.634 3.452 
1704874645.658 6.708 3.510 
1704874645.758 6.781 3.569 
1704874645.860 6.850 3.631 
1704874645.959 6.919 3.695 
1704874646.059 6.988 3.759 
1704874646.159 7.054 3.820 
1704874646.258 7.121 3.882 
1704874646.359 7.189 3.943 
1704874646.459 7.253 4.005 
1704874646.559 7.320 4.067 
1704874646.659 7.389 4.133 
1704874646.759 7.457 4.202 
1704874646.861 7.526 4.269 
1704874646.960 7.584 4.323 
1704874647.060 7.647 4.379 
1704874647.160 7.708 4.438 
1704874647.261 7.770 4.498 
1704874647.360 7.826 4.557 
1704874647.473 7.881 4.619 
1704874647.567 7.936 4.678 
1704874647.662 7.987 4.728 
1704874647.761 8.038 4.785 
1704874647.861 8.098 4.873 
1704874647.961 8.168 4.956 
1704874648.061 8.230 5.033 
1704874648.163 8.284 5.107 
1704874648.260 8.335 5.156 
1704874648.361 8.377 5.219 
1704874648.461 8.418 5.286 
1704874648.562 8.459 5.348 
1704874648.662 8.501 5.411 
1704874648.762 8.541 5.496 
1704874648.862 8.569 5.606 
1704874648.962 8.592 5.695 
1704874649.063 8.592 5.791 
1704874649.162 8.551 5.900 
1704874649.262 8.494 6.004 
1704874649.362 8.450 6.096 
1704874649.464 8.407 6.182 
1704874649.563 8.360 6.260 
1704874649.663 8.324 6.320 
1704874649.763 8.287 6.368 
1704874649.863 8.298 6.399 
1704874649.966 8.293 6.440 
1704874650.063 8.190 6.479 
1704874650.164 8.050 6.525 
1704874650.263 7.928 6.590 
1704874650.364 7.857 6.620 
1704874650.464 7.803 6.646 
1704874650.565 7.705 6.682 
1704874650.666 7.585 6.735 
1704874650.767 7.493 6.773 
1704874650.869 7.417 6.799 
1704874650.968 7.358 6.829 
