1704873149.592 4.228 0.145 
1704873149.592 4.228 0.145 
1704873149.693 4.301 0.096 
1704873149.793 4.405 -0.004 
1704873149.896 4.507 -0.083 
1704873149.995 4.617 -0.151 
1704873150.094 4.727 -0.254 
1704873150.194 4.831 -0.362 
1704873150.293 4.903 -0.451 
1704873150.393 4.959 -0.517 
1704873150.496 5.032 -0.571 
1704873150.594 5.099 -0.626 
1704873150.694 5.171 -0.686 
1704873150.794 5.242 -0.758 
1704873150.895 5.312 -0.825 
1704873150.995 5.395 -0.883 
1704873151.096 5.522 -0.905 
1704873151.195 5.660 -0.916 
1704873151.295 5.773 -0.925 
1704873152.799 5.877 -0.705 
1704873152.899 5.874 -0.702 
1704873153.000 5.844 -0.670 
1704873153.100 5.840 -0.706 
1704873153.201 5.838 -0.750 
1704873156.310 5.865 -0.605 
1704873156.408 5.858 -0.589 
1704873156.508 5.872 -0.529 
1704873156.609 5.928 -0.409 
1704873156.710 6.004 -0.275 
1704873156.809 6.106 -0.138 
1704873156.908 6.208 -0.003 
1704873157.009 6.298 0.074 
1704873157.109 6.366 0.118 
1704873157.208 6.409 0.124 
1704873157.310 6.437 0.105 
1704873157.410 6.444 0.109 
1704873157.509 6.441 0.148 
1704873157.609 6.430 0.241 
1704873157.709 6.406 0.376 
1704873157.811 6.406 0.503 
1704873157.910 6.430 0.608 
1704873159.113 6.624 0.670 
1704873159.213 6.654 0.680 
1704873159.315 6.675 0.685 
1704873159.413 6.660 0.716 
1704873159.513 6.632 0.796 
1704873159.613 6.585 0.896 
1704873159.715 6.537 0.943 
1704873159.815 6.488 0.987 
1704873159.915 6.445 1.099 
1704873160.016 6.404 1.179 
1704873160.115 6.369 1.278 
1704873160.216 6.349 1.402 
1704873160.315 6.362 1.481 
1704873160.415 6.380 1.542 
1704873160.516 6.393 1.609 
1704873162.823 6.581 1.765 
1704873162.923 6.500 1.699 
1704873163.022 6.402 1.606 
1704873168.840 6.531 1.654 
1704873168.841 6.531 1.654 
1704873168.945 6.561 1.686 
1704873169.043 6.614 1.789 
1704873169.143 6.670 1.893 
1704873169.244 6.718 2.000 
1704873169.344 6.770 2.109 
1704873169.444 6.822 2.215 
1704873169.544 6.876 2.324 
1704873169.644 6.929 2.432 
1704873169.744 6.981 2.538 
1704873169.845 7.033 2.643 
1704873169.947 7.076 2.730 
1704873170.046 7.113 2.806 
1704873170.146 7.151 2.882 
1704873170.246 7.190 2.962 
1704873170.347 7.228 3.040 
1704873170.447 7.264 3.115 
1704873170.546 7.300 3.190 
1704873170.646 7.335 3.265 
1704873170.746 7.370 3.338 
1704873170.846 7.405 3.410 
1704873170.947 7.439 3.481 
1704873171.049 7.470 3.548 
1704873171.148 7.509 3.657 
1704873171.248 7.552 3.765 
1704873171.348 7.577 3.846 
1704873171.448 7.612 3.925 
1704873171.575 7.648 4.003 
1704873171.669 7.677 4.077 
1704873171.764 7.701 4.148 
1704873171.863 7.713 4.218 
1704873171.962 7.721 4.291 
1704873172.063 7.743 4.374 
1704873172.162 7.770 4.466 
1704873172.262 7.786 4.564 
1704873172.362 7.801 4.653 
1704873172.463 7.815 4.741 
1704873172.563 7.822 4.838 
1704873172.662 7.819 4.958 
1704873174.067 7.709 4.947 
1704873174.165 7.633 4.935 
1704873174.265 7.521 4.922 
1704873174.366 7.409 4.929 
1704873174.466 7.293 4.891 
1704873174.566 7.201 4.871 
1704873174.667 7.113 4.844 
1704873174.766 7.049 4.756 
1704873174.866 7.006 4.690 
1704873174.966 6.957 4.627 
1704873175.066 6.900 4.561 
1704873175.167 6.846 4.490 
1704873175.267 6.794 4.414 
1704873175.366 6.740 4.339 
1704873175.467 6.683 4.257 
1704873175.567 6.626 4.175 
1704873175.667 6.573 4.098 
1704873175.767 6.513 4.016 
1704873175.868 6.473 3.950 
1704873175.968 6.435 3.887 
1704873176.068 6.395 3.835 
1704873176.172 6.348 3.782 
1704873176.273 6.298 3.722 
1704873176.372 6.250 3.650 
1704873176.471 6.203 3.584 
1704873176.572 6.156 3.524 
1704873176.674 6.111 3.466 
1704873176.772 6.067 3.405 
1704873176.872 6.013 3.341 
1704873176.972 5.961 3.284 
1704873177.072 5.915 3.225 
1704873177.173 5.871 3.169 
1704873177.272 5.797 3.093 
1704873177.373 5.709 3.027 
1704873177.473 5.664 2.968 
1704873177.573 5.595 2.915 
1704873177.672 5.529 2.858 
1704873177.775 5.461 2.810 
1704873177.873 5.389 2.779 
1704873177.974 5.312 2.750 
1704873178.073 5.231 2.714 
1704873178.174 5.151 2.687 
1704873178.274 5.064 2.665 
1704873178.376 4.980 2.657 
1704873178.476 4.893 2.650 
1704873178.576 4.800 2.642 
1704873178.675 4.714 2.630 
1704873178.779 4.625 2.619 
1704873178.879 4.540 2.617 
1704873178.980 4.454 2.617 
1704873179.080 4.364 2.619 
1704873179.179 4.279 2.617 
1704873179.279 4.197 2.615 
1704873179.382 4.118 2.614 
1704873179.481 4.040 2.609 
1704873179.580 3.962 2.607 
1704873179.682 3.881 2.602 
1704873179.780 3.811 2.595 
1704873179.881 3.741 2.580 
1704873179.981 3.683 2.575 
1704873180.081 3.620 2.555 
1704873180.183 3.524 2.478 
1704873180.282 3.439 2.390 
1704873180.381 3.374 2.324 
1704873180.481 3.317 2.262 
1704873180.582 3.268 2.199 
1704873180.682 3.229 2.152 
1704873180.782 3.199 2.153 
1704873180.884 3.169 2.149 
1704873180.983 3.161 2.059 
1704873181.083 3.168 1.913 
1704873181.182 3.155 1.815 
1704873181.283 3.149 1.753 
1704873181.385 3.152 1.695 
1704873181.483 3.152 1.619 
1704873181.583 3.154 1.540 
1704873181.683 3.172 1.462 
1704873181.785 3.202 1.379 
1704873181.886 3.239 1.293 
1704873181.985 3.275 1.206 
1704873182.087 3.312 1.115 
1704873182.186 3.353 1.032 
1704873182.286 3.400 0.957 
1704873182.387 3.450 0.869 
1704873182.491 3.484 0.808 
1704873182.591 3.505 0.753 
1704873182.691 3.536 0.691 
1704873182.791 3.576 0.622 
1704873182.892 3.623 0.540 
1704873182.992 3.660 0.465 
1704873183.092 3.703 0.396 
1704873183.192 3.748 0.328 
1704873183.292 3.793 0.261 
1704873183.392 3.840 0.189 
1704873183.492 3.904 0.111 
1704873183.592 3.966 0.037 
1704873183.692 4.024 -0.039 
1704873183.792 4.080 -0.111 
1704873186.799 4.397 -0.158 
1704873186.800 4.397 -0.158 
1704873186.900 4.395 -0.146 
1704873187.001 4.369 -0.129 
1704873187.101 4.297 -0.120 
1704873187.200 4.202 -0.103 
1704873187.302 4.095 -0.099 
1704873187.402 3.976 -0.102 
1704873187.502 3.858 -0.108 
1704873187.602 3.738 -0.105 
1704873187.705 3.616 -0.102 
1704873187.805 3.494 -0.100 
1704873187.905 3.373 -0.102 
1704873188.005 3.245 -0.098 
1704873188.105 3.123 -0.091 
1704873188.205 3.004 -0.088 
1704873188.305 2.882 -0.082 
1704873188.405 2.755 -0.077 
1704873188.506 2.626 -0.067 
1704873188.605 2.502 -0.063 
1704873188.705 2.383 -0.054 
1704873188.806 2.261 -0.041 
1704873188.906 2.132 -0.026 
1704873189.006 2.002 -0.013 
1704873189.106 1.881 -0.008 
1704873189.207 1.764 0.011 
1704873189.306 1.648 0.036 
1704873189.407 1.522 0.066 
1704873189.507 1.406 0.098 
1704873189.606 1.317 0.112 
1704873189.707 1.230 0.137 
1704873189.808 1.149 0.159 
1704873189.908 1.069 0.180 
1704873190.008 0.990 0.205 
1704873190.108 0.912 0.232 
1704873190.208 0.845 0.269 
1704873190.308 0.778 0.309 
1704873190.408 0.710 0.345 
1704873190.508 0.641 0.380 
1704873190.608 0.584 0.412 
1704873190.710 0.525 0.446 
1704873190.811 0.462 0.477 
1704873190.911 0.401 0.512 
1704873191.011 0.344 0.540 
1704873191.111 0.289 0.571 
1704873191.211 0.229 0.614 
1704873191.313 0.180 0.673 
1704873191.412 0.123 0.744 
1704873191.516 0.057 0.794 
1704873191.611 0.017 0.837 
1704873191.711 -0.021 0.888 
1704873191.811 -0.061 0.940 
1704873191.912 -0.105 0.992 
1704873192.012 -0.144 1.043 
1704873192.113 -0.181 1.095 
1704873192.213 -0.213 1.145 
1704873192.317 -0.244 1.200 
1704873192.417 -0.267 1.261 
1704873192.517 -0.272 1.339 
1704873192.617 -0.274 1.418 
1704873192.717 -0.275 1.493 
1704873192.818 -0.262 1.566 
1704873192.917 -0.240 1.634 
1704873193.017 -0.214 1.715 
1704873193.117 -0.179 1.796 
1704873193.218 -0.136 1.876 
1704873193.318 -0.117 1.945 
1704873193.419 -0.094 2.015 
1704873193.519 -0.039 2.095 
1704873193.619 0.009 2.148 
1704873193.719 0.056 2.203 
1704873193.822 0.106 2.257 
1704873193.920 0.155 2.316 
1704873194.019 0.204 2.374 
1704873194.119 0.259 2.434 
1704873194.219 0.314 2.493 
1704873194.320 0.380 2.552 
1704873201.235 -0.058 3.011 
1704873201.236 -0.058 3.011 
1704873201.335 -0.080 2.978 
1704873201.435 -0.122 2.868 
1704873201.536 -0.169 2.751 
1704873201.636 -0.227 2.627 
1704873201.736 -0.286 2.529 
1704873201.838 -0.353 2.443 
1704873201.939 -0.419 2.344 
1704873202.039 -0.489 2.243 
1704873202.139 -0.558 2.148 
1704873202.241 -0.631 2.053 
1704873202.340 -0.703 1.957 
1704873202.440 -0.776 1.863 
1704873202.540 -0.849 1.770 
1704873202.640 -0.927 1.676 
1704873202.741 -1.005 1.582 
1704873202.841 -1.083 1.486 
1704873202.941 -1.157 1.394 
1704873203.041 -1.231 1.302 
1704873203.141 -1.305 1.211 
1704873203.241 -1.379 1.118 
1704873203.341 -1.456 1.026 
1704873203.442 -1.534 0.932 
1704873203.542 -1.613 0.839 
1704873203.642 -1.690 0.751 
1704873203.743 -1.763 0.658 
1704873203.843 -1.838 0.566 
1704873203.943 -1.912 0.476 
1704873204.043 -2.000 0.388 
1704873204.143 -2.078 0.306 
1704873204.245 -2.108 0.234 
1704873204.343 -2.122 0.174 
1704873204.443 -2.148 0.115 
1704873204.544 -2.165 0.051 
1704873204.644 -2.219 0.026 
1704873204.743 -2.296 0.019 
1704873204.847 -2.392 0.031 
1704873204.946 -2.503 0.081 
1704873205.046 -2.602 0.145 
1704873205.147 -2.672 0.230 
1704873205.247 -2.698 0.328 
1704873205.347 -2.697 0.462 
1704873205.447 -2.691 0.585 
1704873205.546 -2.699 0.643 
1704873205.647 -2.696 0.699 
1704873205.747 -2.680 0.783 
1704873205.848 -2.659 0.896 
1704873205.947 -2.632 1.012 
1704873206.048 -2.593 1.117 
1704873206.147 -2.554 1.217 
1704873206.248 -2.514 1.313 
1704873206.348 -2.478 1.409 
1704873206.450 -2.442 1.475 
1704873206.549 -2.419 1.523 
1704873206.648 -2.404 1.583 
1704873206.748 -2.377 1.670 
1704873206.848 -2.346 1.757 
1704873206.948 -2.320 1.835 
1704873207.048 -2.302 1.906 
1704873207.149 -2.285 1.986 
1704873207.249 -2.263 2.067 
1704873207.348 -2.239 2.144 
1704873207.449 -2.217 2.221 
1704873207.549 -2.201 2.302 
1704873207.648 -2.184 2.381 
1704873207.749 -2.168 2.460 
1704873207.849 -2.151 2.537 
1704873207.950 -2.136 2.613 
1704873208.049 -2.122 2.689 
1704873208.149 -2.105 2.769 
1704873208.250 -2.086 2.852 
1704873208.349 -2.072 2.923 
1704873208.450 -2.055 2.995 
1704873208.549 -2.035 3.075 
1704873208.650 -2.000 3.181 
1704873208.751 -1.954 3.295 
1704873208.850 -1.907 3.392 
1704873208.951 -1.879 3.468 
1704873209.052 -1.849 3.554 
1704873209.151 -1.833 3.638 
1704873209.251 -1.824 3.714 
1704873209.351 -1.792 3.793 
1704873209.453 -1.749 3.868 
1704873209.557 -1.709 3.934 
1704873209.657 -1.638 4.001 
1704873209.757 -1.565 4.066 
1704873209.857 -1.500 4.129 
1704873209.958 -1.419 4.184 
1704873210.059 -1.311 4.219 
1704873210.159 -1.196 4.247 
1704873210.258 -1.084 4.273 
1704873210.359 -0.961 4.293 
1704873210.458 -0.817 4.294 
1704873211.761 -0.423 4.449 
1704873211.861 -0.432 4.527 
1704873211.963 -0.440 4.508 
1704873212.062 -0.459 4.427 
1704873212.162 -0.478 4.354 
1704873212.262 -0.466 4.244 
1704873212.362 -0.468 4.131 
1704873212.463 -0.467 4.008 
1704873212.562 -0.434 3.889 
1704873212.663 -0.370 3.793 
1704873212.763 -0.304 3.694 
1704873212.863 -0.237 3.600 
1704873212.963 -0.155 3.508 
1704873213.063 -0.084 3.433 
1704873213.164 -0.034 3.389 
1704873213.263 0.027 3.351 
1704873213.363 0.087 3.304 
1704873213.463 0.144 3.258 
1704873213.564 0.211 3.216 
1704873213.664 0.268 3.177 
1704873213.764 0.324 3.138 
1704873213.864 0.409 3.110 
1704873213.965 0.494 3.089 
1704873214.066 0.561 3.069 
1704873214.166 0.620 3.052 
1704873214.265 0.683 3.037 
1704873214.365 0.768 3.033 
1704873214.468 0.854 3.030 
1704873214.567 0.932 3.026 
1704873214.667 1.007 3.022 
1704873214.767 1.082 3.017 
1704873214.867 1.176 3.012 
1704873214.967 1.277 3.008 
1704873215.067 1.367 3.003 
1704873215.167 1.456 3.008 
1704873215.267 1.550 3.014 
1704873215.368 1.644 3.019 
1704873215.467 1.738 3.025 
1704873215.567 1.831 3.030 
1704873215.667 1.927 3.035 
1704873215.767 2.022 3.041 
1704873215.868 2.115 3.047 
1704873215.968 2.208 3.055 
1704873216.068 2.299 3.061 
1704873216.168 2.389 3.065 
1704873216.269 2.480 3.070 
1704873216.370 2.584 3.064 
1704873216.469 2.680 3.058 
1704873216.569 2.770 3.049 
1704873216.669 2.861 3.040 
1704873216.768 2.955 3.026 
1704873216.869 3.049 3.015 
1704873216.969 3.138 3.005 
1704873217.071 3.232 2.991 
1704873217.170 3.331 2.976 
1704873217.269 3.431 2.959 
1704873217.370 3.528 2.941 
1704873217.469 3.627 2.922 
1704873217.569 3.732 2.904 
1704873217.673 3.829 2.884 
1704873217.773 3.927 2.865 
1704873217.873 4.028 2.848 
1704873217.972 4.129 2.832 
1704873218.073 4.232 2.822 
1704873218.172 4.337 2.811 
1704873218.275 4.436 2.797 
1704873218.372 4.532 2.787 
1704873218.475 4.634 2.779 
1704873218.578 4.736 2.772 
1704873218.678 4.842 2.776 
1704873218.778 4.941 2.770 
1704873218.879 5.040 2.768 
1704873218.979 5.142 2.773 
1704873219.079 5.243 2.779 
1704873219.179 5.345 2.797 
1704873219.281 5.451 2.821 
1704873219.380 5.543 2.828 
1704873219.480 5.642 2.842 
1704873219.580 5.740 2.864 
1704873219.681 5.840 2.888 
1704873219.781 5.931 2.913 
1704873219.881 6.020 2.944 
1704873219.981 6.112 3.001 
1704873220.083 6.192 3.050 
1704873220.183 6.266 3.081 
1704873220.283 6.332 3.132 
1704873220.382 6.401 3.213 
1704873220.482 6.475 3.303 
1704873220.582 6.549 3.390 
1704873220.683 6.619 3.466 
1704873220.783 6.682 3.545 
1704873220.884 6.739 3.632 
1704873220.984 6.798 3.720 
1704873221.084 6.854 3.803 
1704873221.184 6.903 3.878 
1704873221.284 6.948 3.946 
1704873221.384 6.993 4.015 
1704873221.487 7.035 4.084 
1704873221.584 7.071 4.152 
1704873221.685 7.107 4.227 
1704873221.787 7.141 4.305 
1704873221.885 7.174 4.385 
1704873221.985 7.210 4.467 
1704873222.085 7.245 4.551 
1704873222.185 7.279 4.636 
1704873222.286 7.313 4.720 
1704873222.387 7.344 4.805 
1704873222.487 7.378 4.886 
1704873222.587 7.411 4.972 
1704873222.689 7.438 5.062 
1704873222.787 7.464 5.147 
1704873222.888 7.493 5.227 
1704873222.988 7.524 5.316 
1704873223.087 7.551 5.403 
1704873223.187 7.572 5.488 
1704873223.288 7.583 5.581 
1704873223.388 7.597 5.672 
1704873223.487 7.611 5.756 
1704873223.588 7.623 5.838 
1704873223.688 7.636 5.917 
1704873223.788 7.644 5.993 
1704873223.888 7.644 6.069 
1704873223.990 7.642 6.150 
1704873224.090 7.649 6.236 
1704873224.190 7.652 6.316 
1704873224.290 7.647 6.395 
1704873224.390 7.623 6.506 
1704873224.491 7.610 6.620 
1704873224.591 7.597 6.720 
1704873224.691 7.580 6.817 
1704873224.791 7.554 6.914 
1704873224.891 7.542 7.003 
1704873224.991 7.518 7.097 
1704873225.092 7.485 7.189 
1704873225.192 7.446 7.274 
1704873225.293 7.405 7.350 
1704873225.392 7.360 7.426 
1704873225.492 7.316 7.502 
1704873225.592 7.272 7.572 
1704873225.693 7.231 7.644 
1704873225.797 7.195 7.716 
1704873225.897 7.161 7.792 
1704873225.997 7.126 7.860 
1704873226.097 7.085 7.882 
1704873226.197 7.051 7.929 
1704873226.298 7.043 8.006 
1704873226.398 7.021 8.067 
1704873226.499 7.059 8.162 
1704873226.599 7.085 8.217 
1704873226.700 7.093 8.273 
1704873226.798 7.118 8.333 
1704873226.898 7.195 8.369 
1704873226.999 7.268 8.382 
1704873227.099 7.309 8.402 
1704873227.199 7.363 8.418 
1704873227.298 7.441 8.427 
1704873227.399 7.494 8.441 
1704873227.498 7.537 8.458 
1704873227.598 7.599 8.476 
1704873229.903 7.719 8.544 
1704873229.904 7.719 8.544 
1704873230.004 7.743 8.503 
1704873230.105 7.789 8.391 
1704873230.204 7.839 8.304 
1704873230.304 7.897 8.211 
1704873230.405 7.960 8.107 
1704873230.504 8.022 8.002 
1704873230.604 8.083 7.907 
1704873230.705 8.139 7.802 
1704873230.805 8.179 7.688 
1704873230.906 8.215 7.579 
1704873231.005 8.246 7.466 
1704873231.106 8.271 7.350 
1704873231.206 8.291 7.231 
1704873231.307 8.314 7.115 
1704873231.407 8.327 6.994 
1704873231.509 8.329 6.865 
1704873231.607 8.344 6.749 
1704873231.706 8.353 6.633 
1704873231.807 8.349 6.505 
1704873231.907 8.319 6.372 
1704873232.007 8.301 6.277 
1704873232.107 8.281 6.198 
1704873232.207 8.255 6.124 
1704873232.307 8.215 6.056 
1704873232.407 8.194 5.995 
1704873232.508 8.160 5.956 
1704873232.608 8.087 5.891 
1704873232.708 8.011 5.815 
1704873232.808 7.951 5.751 
1704873232.907 7.885 5.694 
1704873233.008 7.806 5.634 
1704873233.109 7.730 5.562 
1704873233.209 7.646 5.482 
1704873233.309 7.564 5.409 
1704873233.409 7.481 5.332 
1704873233.508 7.400 5.265 
1704873233.609 7.318 5.193 
1704873233.709 7.239 5.121 
1704873233.810 7.163 5.042 
1704873233.909 7.101 4.959 
1704873234.009 7.043 4.878 
1704873234.110 6.992 4.804 
1704873234.210 6.946 4.721 
1704873234.310 6.906 4.634 
1704873234.410 6.875 4.560 
1704873234.513 6.854 4.486 
1704873234.611 6.835 4.412 
1704873234.711 6.808 4.340 
1704873234.811 6.780 4.268 
1704873234.910 6.757 4.190 
1704873235.011 6.731 4.109 
1704873235.111 6.697 4.019 
1704873235.212 6.671 3.930 
1704873235.312 6.641 3.850 
1704873235.411 6.611 3.775 
1704873235.512 6.587 3.691 
1704873235.612 6.572 3.581 
1704873235.713 6.524 3.463 
1704873235.813 6.468 3.372 
1704873235.913 6.406 3.295 
1704873236.015 6.314 3.212 
1704873236.116 6.219 3.130 
1704873236.215 6.120 3.032 
1704873236.315 6.022 2.934 
1704873236.415 5.937 2.849 
1704873236.515 5.840 2.797 
1704873236.615 5.723 2.766 
1704873236.716 5.611 2.739 
1704873236.815 5.498 2.705 
1704873236.916 5.381 2.669 
1704873237.015 5.264 2.653 
1704873237.116 5.148 2.653 
1704873237.216 5.028 2.653 
1704873237.316 4.909 2.651 
1704873237.416 4.791 2.654 
1704873237.516 4.675 2.660 
1704873237.616 4.556 2.666 
1704873237.718 4.438 2.670 
1704873237.818 4.336 2.675 
1704873237.918 4.252 2.678 
1704873238.018 4.171 2.679 
1704873238.118 4.082 2.681 
1704873238.218 3.990 2.679 
1704873238.318 3.894 2.673 
1704873238.419 3.796 2.677 
1704873238.519 3.695 2.692 
1704873238.619 3.590 2.720 
1704873238.719 3.489 2.748 
1704873238.819 3.388 2.777 
1704873238.921 3.288 2.804 
1704873239.020 3.194 2.828 
1704873239.119 3.095 2.853 
1704873239.219 2.997 2.885 
1704873239.320 2.908 2.917 
1704873239.420 2.822 2.948 
1704873239.521 2.744 2.975 
1704873239.623 2.668 2.996 
1704873239.721 2.594 3.008 
1704873239.820 2.481 2.973 
1704873239.921 2.369 2.952 
1704873240.021 2.283 2.938 
1704873240.121 2.198 2.912 
1704873240.221 2.110 2.889 
1704873240.321 2.020 2.869 
1704873240.421 1.924 2.850 
1704873240.521 1.826 2.831 
1704873240.622 1.762 2.812 
1704873240.721 1.701 2.796 
1704873240.821 1.629 2.781 
1704873240.922 1.534 2.754 
1704873241.022 1.426 2.723 
1704873241.124 1.296 2.681 
1704873241.223 1.205 2.636 
1704873241.323 1.144 2.604 
1704873241.424 1.093 2.600 
1704873241.523 1.026 2.614 
1704873241.623 0.909 2.619 
1704873241.722 0.782 2.626 
1704873241.824 0.660 2.638 
1704873241.924 0.552 2.653 
1704873242.024 0.454 2.667 
1704873242.125 0.360 2.676 
1704873242.224 0.264 2.683 
1704873242.324 0.187 2.692 
1704873242.424 0.106 2.710 
1704873242.525 -0.003 2.758 
1704873242.625 -0.110 2.826 
1704873242.727 -0.218 2.889 
1704873242.826 -0.311 2.977 
1704873242.927 -0.363 3.082 
1704873243.027 -0.402 3.193 
1704873243.126 -0.445 3.305 
1704873243.229 -0.481 3.422 
1704873243.327 -0.513 3.536 
1704873243.427 -0.541 3.654 
1704873243.527 -0.569 3.773 
1704873243.627 -0.603 3.893 
1704873243.726 -0.634 4.013 
1704873243.827 -0.664 4.132 
1704873243.927 -0.696 4.238 
1704873244.027 -0.728 4.349 
1704873244.128 -0.757 4.468 
1704873244.227 -0.791 4.576 
1704873244.328 -0.820 4.689 
1704873244.429 -0.837 4.805 
1704873244.528 -0.825 4.925 
1704873244.629 -0.810 5.043 
1704873244.729 -0.803 5.148 
1704873244.828 -0.813 5.232 
1704873244.928 -0.808 5.327 
1704873245.028 -0.774 5.435 
1704873245.129 -0.729 5.541 
1704873245.230 -0.693 5.640 
1704873245.332 -0.657 5.739 
1704873245.431 -0.621 5.831 
1704873245.530 -0.568 5.925 
1704873245.630 -0.500 6.024 
1704873245.730 -0.430 6.121 
1704873245.831 -0.353 6.217 
1704873245.930 -0.275 6.312 
1704873246.030 -0.244 6.402 
1704873246.131 -0.196 6.469 
1704873246.231 -0.125 6.514 
1704873246.330 -0.033 6.575 
1704873246.431 0.060 6.645 
1704873246.531 0.149 6.712 
1704873246.631 0.239 6.774 
1704873246.733 0.315 6.829 
1704873246.832 0.388 6.871 
1704873246.932 0.454 6.917 
1704873247.032 0.495 6.967 
1704873247.132 0.528 7.021 
1704873247.233 0.573 7.115 
1704873247.332 0.595 7.253 
1704873250.340 0.619 7.404 
1704873250.341 0.619 7.404 
1704873250.441 0.637 7.399 
1704873250.542 0.725 7.410 
1704873250.642 0.847 7.422 
1704873250.742 0.966 7.442 
1704873250.842 1.084 7.468 
1704873250.942 1.188 7.486 
1704873251.042 1.268 7.502 
1704873251.144 1.348 7.521 
1704873251.244 1.421 7.550 
1704873251.345 1.486 7.568 
1704873251.447 1.544 7.569 
1704873251.548 1.606 7.579 
1704873251.649 1.664 7.593 
1704873251.748 1.721 7.643 
1704873251.848 1.778 7.666 
1704873251.962 1.839 7.689 
1704873252.055 1.904 7.721 
1704873252.152 1.952 7.785 
1704873252.252 2.007 7.853 
1704873252.351 2.049 7.925 
1704873252.452 2.074 7.990 
1704873252.552 2.087 8.069 
1704873252.652 2.083 8.149 
1704873252.751 2.056 8.217 
1704873252.851 2.021 8.296 
1704873252.952 1.966 8.399 
1704873253.052 1.895 8.479 
1704873253.152 1.821 8.540 
1704873253.252 1.725 8.583 
1704873253.352 1.649 8.606 
1704873253.453 1.580 8.617 
1704873253.553 1.482 8.621 
1704873253.652 1.375 8.618 
1704873253.752 1.273 8.609 
1704873253.853 1.209 8.606 
1704873253.952 1.161 8.607 
1704873254.053 1.087 8.603 
1704873254.153 0.983 8.582 
1704873254.254 0.878 8.561 
1704873254.353 0.810 8.554 
1704873254.453 0.733 8.547 
1704873254.554 0.637 8.529 
1704873254.654 0.546 8.513 
1704873254.755 0.460 8.492 
1704873254.854 0.370 8.472 
1704873254.955 0.276 8.453 
1704873255.055 0.177 8.433 
1704873255.154 0.079 8.415 
1704873255.255 -0.017 8.382 
1704873255.355 -0.090 8.367 
1704873255.455 -0.152 8.350 
1704873255.556 -0.214 8.330 
1704873255.656 -0.298 8.305 
1704873255.756 -0.374 8.280 
1704873255.856 -0.448 8.257 
1704873255.956 -0.524 8.233 
1704873256.059 -0.599 8.209 
1704873256.156 -0.669 8.189 
1704873256.256 -0.753 8.155 
1704873256.357 -0.836 8.123 
1704873256.457 -0.911 8.095 
1704873256.557 -0.984 8.066 
1704873256.658 -1.057 8.038 
1704873256.757 -1.133 8.009 
1704873256.857 -1.212 7.972 
1704873256.956 -1.287 7.941 
1704873257.057 -1.361 7.909 
1704873257.158 -1.434 7.877 
1704873257.257 -1.502 7.849 
1704873257.358 -1.573 7.821 
1704873257.457 -1.649 7.780 
1704873257.558 -1.723 7.748 
1704873257.659 -1.793 7.720 
1704873257.758 -1.872 7.666 
1704873257.858 -1.969 7.614 
1704873257.959 -2.062 7.569 
1704873258.059 -2.140 7.529 
1704873258.158 -2.205 7.481 
1704873258.259 -2.273 7.432 
1704873258.358 -2.343 7.385 
1704873258.459 -2.412 7.346 
1704873258.559 -2.477 7.300 
1704873258.659 -2.534 7.247 
1704873258.759 -2.587 7.193 
1704873258.859 -2.638 7.147 
1704873258.959 -2.687 7.101 
1704873259.059 -2.737 7.027 
1704873259.159 -2.779 6.961 
1704873259.259 -2.815 6.915 
1704873259.362 -2.849 6.858 
1704873259.461 -2.888 6.809 
1704873259.559 -2.928 6.761 
1704873259.660 -2.972 6.701 
1704873259.761 -3.005 6.624 
1704873259.860 -3.029 6.559 
1704873259.960 -3.049 6.494 
1704873260.059 -3.068 6.427 
1704873260.161 -3.088 6.355 
1704873260.260 -3.110 6.285 
1704873260.363 -3.133 6.211 
1704873260.466 -3.149 6.133 
1704873260.562 -3.164 6.064 
1704873260.662 -3.181 5.992 
1704873260.762 -3.195 5.912 
1704873260.862 -3.208 5.822 
1704873260.962 -3.220 5.745 
1704873261.063 -3.232 5.666 
1704873261.162 -3.245 5.585 
1704873261.263 -3.258 5.500 
1704873261.362 -3.269 5.413 
1704873261.464 -3.279 5.326 
1704873261.564 -3.288 5.240 
1704873261.663 -3.297 5.152 
1704873261.764 -3.306 5.061 
1704873261.863 -3.315 4.973 
1704873261.964 -3.323 4.880 
1704873262.065 -3.332 4.786 
1704873262.164 -3.341 4.693 
1704873262.265 -3.350 4.597 
1704873262.364 -3.358 4.500 
1704873262.465 -3.370 4.405 
1704873262.565 -3.381 4.309 
1704873262.665 -3.394 4.209 
1704873262.764 -3.411 4.143 
1704873262.866 -3.415 4.074 
1704873262.965 -3.417 3.994 
1704873263.066 -3.429 3.916 
1704873263.166 -3.444 3.843 
1704873263.265 -3.457 3.769 
1704873263.366 -3.474 3.690 
1704873263.466 -3.492 3.604 
1704873263.566 -3.510 3.519 
1704873263.666 -3.528 3.435 
1704873263.767 -3.544 3.361 
1704873263.867 -3.568 3.282 
1704873263.967 -3.594 3.197 
1704873264.068 -3.616 3.116 
1704873264.168 -3.636 3.035 
1704873264.268 -3.658 2.953 
1704873264.368 -3.681 2.871 
1704873264.468 -3.701 2.793 
1704873264.568 -3.728 2.711 
1704873264.669 -3.756 2.631 
1704873264.769 -3.785 2.551 
1704873264.868 -3.815 2.472 
1704873264.970 -3.849 2.390 
1704873265.070 -3.887 2.318 
1704873265.169 -3.925 2.251 
1704873265.272 -3.967 2.172 
1704873265.369 -4.003 2.099 
1704873265.470 -4.043 2.019 
1704873265.570 -4.084 1.941 
1704873265.670 -4.125 1.861 
1704873265.770 -4.162 1.789 
1704873265.870 -4.208 1.716 
1704873270.881 -4.591 1.561 
1704873270.882 -4.592 1.561 
1704873270.982 -4.569 1.630 
1704873271.082 -4.462 1.747 
1704873271.182 -4.348 1.864 
1704873271.282 -4.286 1.965 
1704873271.384 -4.219 2.045 
1704873271.483 -4.139 2.121 
1704873271.583 -4.061 2.209 
1704873271.683 -3.998 2.277 
1704873271.783 -3.932 2.343 
1704873271.884 -3.822 2.416 
1704873271.983 -3.716 2.488 
1704873272.084 -3.626 2.563 
1704873272.183 -3.543 2.644 
1704873272.284 -3.457 2.728 
1704873272.384 -3.373 2.814 
1704873272.484 -3.287 2.898 
1704873272.584 -3.198 2.981 
1704873272.684 -3.107 3.071 
1704873272.784 -3.018 3.164 
1704873272.885 -2.940 3.250 
1704873272.984 -2.864 3.341 
1704873273.084 -2.787 3.436 
1704873273.185 -2.710 3.531 
1704873273.285 -2.631 3.624 
1704873273.384 -2.551 3.716 
1704873273.486 -2.475 3.812 
1704873273.585 -2.401 3.908 
1704873273.685 -2.325 4.005 
1704873273.786 -2.250 4.099 
1704873273.885 -2.177 4.195 
1704873273.986 -2.103 4.293 
1704873274.085 -2.030 4.389 
1704873274.186 -1.957 4.486 
1704873274.286 -1.883 4.583 
1704873274.386 -1.812 4.679 
1704873274.486 -1.743 4.776 
1704873274.587 -1.672 4.872 
1704873274.687 -1.600 4.969 
1704873274.787 -1.525 5.065 
1704873274.887 -1.451 5.162 
1704873274.987 -1.375 5.258 
1704873275.088 -1.301 5.350 
1704873275.188 -1.222 5.441 
1704873275.288 -1.149 5.533 
1704873275.388 -1.067 5.624 
1704873275.490 -0.988 5.716 
1704873275.588 -0.909 5.807 
1704873275.688 -0.828 5.897 
1704873275.788 -0.742 5.980 
1704873275.888 -0.652 6.060 
1704873275.987 -0.569 6.143 
1704873276.089 -0.482 6.226 
1704873276.189 -0.391 6.306 
1704873276.293 -0.290 6.386 
1704873276.389 -0.191 6.451 
1704873276.489 -0.096 6.524 
1704873276.589 0.003 6.595 
1704873276.689 0.104 6.660 
1704873276.790 0.214 6.714 
1704873276.911 0.297 6.761 
1704873276.999 0.364 6.789 
1704873277.093 0.446 6.819 
1704873277.191 0.541 6.852 
1704873277.291 0.652 6.887 
1704873277.390 0.744 6.914 
1704873277.491 0.826 6.943 
1704873277.590 0.904 6.970 
1704873277.690 0.987 6.990 
1704873277.791 1.069 7.008 
1704873277.891 1.149 7.022 
1704873277.991 1.224 7.032 
1704873278.091 1.323 7.044 
1704873278.193 1.436 7.065 
1704873278.292 1.521 7.082 
1704873278.392 1.601 7.092 
1704873278.493 1.678 7.102 
1704873278.592 1.746 7.115 
1704873278.692 1.819 7.125 
1704873278.794 1.908 7.120 
1704873278.893 2.012 7.077 
1704873278.995 2.110 7.030 
1704873281.801 1.889 7.045 
1704873281.902 1.857 7.056 
1704873282.002 1.792 7.075 
1704873282.102 1.763 7.081 
1704873282.202 1.741 7.083 
1704873282.302 1.673 7.060 
1704873282.402 1.573 7.028 
1704873282.503 1.474 6.998 
1704873282.603 1.433 6.961 
1704873282.703 1.396 6.940 
1704873282.803 1.333 6.936 
1704873282.903 1.226 6.936 
1704873283.005 1.107 6.931 
1704873283.104 1.007 6.906 
1704873283.203 0.936 6.878 
1704873283.304 0.850 6.863 
1704873283.404 0.748 6.859 
1704873283.504 0.674 6.851 
1704873283.604 0.620 6.851 
1704873283.704 0.543 6.844 
1704873283.804 0.466 6.835 
1704873283.905 0.396 6.835 
1704873284.004 0.316 6.834 
1704873284.105 0.229 6.826 
1704873284.205 0.147 6.819 
1704873284.307 0.065 6.815 
1704873284.406 -0.012 6.814 
1704873284.506 -0.091 6.815 
1704873284.605 -0.174 6.813 
1704873284.707 -0.258 6.805 
1704873284.805 -0.337 6.795 
1704873284.906 -0.415 6.796 
1704873285.007 -0.492 6.799 
1704873285.106 -0.568 6.802 
1704873285.206 -0.650 6.806 
1704873285.307 -0.735 6.806 
1704873285.406 -0.816 6.801 
1704873285.507 -0.897 6.802 
1704873285.606 -0.972 6.806 
1704873285.707 -1.047 6.812 
1704873285.807 -1.127 6.816 
1704873285.906 -1.204 6.818 
1704873286.009 -1.279 6.820 
1704873286.110 -1.363 6.829 
1704873286.211 -1.445 6.834 
1704873286.310 -1.520 6.839 
1704873286.410 -1.597 6.844 
1704873286.510 -1.673 6.849 
1704873286.611 -1.749 6.853 
1704873286.711 -1.829 6.857 
1704873286.811 -1.911 6.870 
1704873286.911 -1.990 6.883 
1704873287.011 -2.067 6.896 
1704873287.111 -2.137 6.904 
1704873287.212 -2.207 6.910 
1704873287.311 -2.291 6.925 
1704873287.411 -2.380 6.951 
1704873287.511 -2.460 6.969 
1704873287.612 -2.530 6.990 
1704873287.713 -2.606 7.021 
1704873287.812 -2.683 7.057 
1704873287.913 -2.762 7.091 
1704873288.013 -2.839 7.124 
1704873288.112 -2.917 7.153 
1704873288.212 -2.996 7.182 
1704873288.313 -3.073 7.216 
1704873288.413 -3.145 7.255 
1704873288.516 -3.220 7.296 
1704873288.614 -3.294 7.334 
1704873288.714 -3.369 7.372 
1704873288.814 -3.444 7.409 
1704873288.914 -3.523 7.446 
1704873289.014 -3.590 7.484 
1704873289.115 -3.666 7.524 
1704873289.214 -3.741 7.563 
1704873289.314 -3.813 7.601 
1704873289.415 -3.884 7.642 
1704873289.524 -3.961 7.682 
1704873289.618 -4.044 7.720 
1704873289.716 -4.129 7.748 
1704873289.816 -4.202 7.777 
1704873289.916 -4.278 7.813 
1704873290.017 -4.370 7.850 
1704873290.116 -4.428 7.891 
1704873290.217 -4.498 7.925 
1704873290.317 -4.593 7.952 
1704873290.417 -4.674 7.978 
1704873290.518 -4.748 8.003 
1704873290.617 -4.833 8.028 
1704873290.718 -4.915 8.053 
1704873290.818 -4.991 8.078 
1704873290.917 -5.075 8.103 
1704873291.018 -5.158 8.126 
1704873291.119 -5.241 8.149 
1704873291.218 -5.322 8.171 
1704873291.318 -5.406 8.193 
1704873291.420 -5.488 8.215 
1704873291.523 -5.571 8.235 
1704873291.624 -5.644 8.259 
1704873291.722 -5.723 8.273 
1704873291.824 -5.808 8.284 
1704873291.923 -5.899 8.299 
1704873292.025 -5.992 8.312 
1704873292.125 -6.073 8.321 
1704873292.225 -6.152 8.318 
1704873292.325 -6.277 8.281 
1704873292.425 -6.364 8.257 
1704873292.525 -6.428 8.257 
1704873292.626 -6.506 8.219 
1704873292.727 -6.601 8.151 
1704873292.826 -6.679 8.096 
1704873292.926 -6.750 8.048 
1704873293.026 -6.831 7.985 
1704873293.126 -6.913 7.934 
1704873293.226 -6.991 7.887 
1704873293.326 -7.049 7.868 
1704873293.427 -7.111 7.845 
1704873293.526 -7.170 7.781 
1704873293.627 -7.234 7.686 
1704873293.728 -7.297 7.581 
1704873293.827 -7.351 7.485 
1704873293.927 -7.392 7.414 
1704873294.027 -7.414 7.342 
1704873294.127 -7.439 7.280 
1704873294.227 -7.474 7.207 
1704873294.327 -7.498 7.132 
1704873294.428 -7.523 7.071 
1704873294.528 -7.536 6.992 
1704873294.628 -7.530 6.848 
1704873294.728 -7.531 6.737 
1704873294.828 -7.534 6.659 
1704873294.929 -7.544 6.565 
1704873295.029 -7.550 6.438 
1704873295.128 -7.550 6.328 
1704873295.229 -7.552 6.242 
1704873295.329 -7.550 6.157 
1704873295.429 -7.544 6.060 
1704873295.530 -7.547 5.982 
1704873295.629 -7.541 5.932 
1704873295.729 -7.509 5.917 
1704873295.830 -7.466 5.871 
1704873295.930 -7.360 5.774 
1704873296.030 -7.275 5.693 
1704873296.130 -7.215 5.618 
1704873296.231 -7.151 5.551 
1704873296.331 -7.087 5.476 
1704873296.431 -7.022 5.398 
1704873296.530 -6.952 5.318 
1704873296.630 -6.880 5.237 
1704873296.731 -6.807 5.153 
1704873296.833 -6.737 5.070 
1704873296.931 -6.669 4.989 
1704873297.031 -6.595 4.904 
1704873297.131 -6.521 4.816 
1704873297.231 -6.446 4.727 
1704873297.332 -6.373 4.636 
1704873297.434 -6.301 4.549 
1704873297.532 -6.231 4.478 
1704873297.634 -6.156 4.400 
1704873297.732 -6.082 4.321 
1704873297.832 -6.008 4.237 
1704873297.932 -5.929 4.142 
1704873298.035 -5.850 4.045 
1704873298.132 -5.785 3.961 
1704873298.232 -5.719 3.875 
1704873298.333 -5.654 3.799 
1704873298.434 -5.595 3.719 
1704873298.533 -5.547 3.634 
1704873298.633 -5.505 3.544 
1704873298.734 -5.472 3.452 
1704873298.834 -5.440 3.367 
1704873298.934 -5.398 3.281 
1704873299.034 -5.359 3.191 
1704873299.134 -5.336 3.102 
1704873299.235 -5.326 3.020 
1704873299.334 -5.326 2.947 
1704873299.434 -5.340 2.875 
1704873299.534 -5.368 2.812 
1704873299.638 -5.386 2.760 
1704873299.738 -5.409 2.685 
1704873299.840 -5.433 2.591 
1704873299.939 -5.459 2.497 
1704873300.039 -5.476 2.417 
1704873300.138 -5.502 2.332 
1704873300.239 -5.528 2.245 
1704873300.339 -5.566 2.161 
1704873300.439 -5.616 2.086 
1704873300.539 -5.668 2.020 
1704873300.642 -5.727 1.951 
1704873300.742 -5.783 1.870 
1704873300.842 -5.839 1.787 
1704873300.942 -5.899 1.706 
1704873301.042 -5.961 1.624 
1704873301.142 -6.020 1.549 
1704873301.242 -6.075 1.468 
1704873301.344 -6.127 1.387 
1704873301.443 -6.181 1.308 
1704873301.543 -6.233 1.227 
1704873301.642 -6.283 1.147 
1704873301.743 -6.326 1.077 
1704873301.843 -6.372 1.013 
1704873301.943 -6.421 0.948 
1704873302.043 -6.472 0.885 
1704873302.143 -6.520 0.812 
1704873302.243 -6.564 0.735 
1704873302.344 -6.601 0.678 
1704873302.444 -6.635 0.617 
1704873302.546 -6.672 0.535 
1704873302.645 -6.721 0.436 
1704873302.745 -6.758 0.321 
1704873302.845 -6.798 0.219 
1704873302.946 -6.837 0.147 
1704873303.046 -6.867 0.052 
1704873303.146 -6.898 -0.043 
1704873303.246 -6.917 -0.132 
1704873303.347 -6.933 -0.229 
1704873303.446 -6.957 -0.332 
1704873303.546 -6.986 -0.415 
1704873303.646 -6.996 -0.508 
1704873303.746 -6.999 -0.605 
1704873303.847 -6.994 -0.703 
1704873303.946 -6.992 -0.804 
1704873304.046 -6.986 -0.912 
1704873304.147 -6.987 -1.002 
1704873304.247 -6.995 -1.072 
1704873304.348 -6.990 -1.151 
1704873304.449 -6.973 -1.248 
1704873304.547 -6.959 -1.344 
1704873304.647 -6.943 -1.432 
1704873304.747 -6.919 -1.521 
1704873304.851 -6.897 -1.601 
1704873304.949 -6.876 -1.674 
1704873305.048 -6.855 -1.749 
1704873305.148 -6.835 -1.826 
1704873305.248 -6.815 -1.905 
1704873305.350 -6.794 -1.979 
1704873305.450 -6.771 -2.047 
1704873305.550 -6.756 -2.125 
1704873305.651 -6.735 -2.215 
1704873305.751 -6.719 -2.300 
1704873305.851 -6.705 -2.382 
1704873305.952 -6.688 -2.466 
1704873306.051 -6.670 -2.549 
1704873306.151 -6.662 -2.620 
1704873306.251 -6.650 -2.690 
1704873306.351 -6.630 -2.786 
1704873306.452 -6.583 -2.894 
1704873306.552 -6.546 -2.985 
1704873306.652 -6.519 -3.073 
1704873306.754 -6.487 -3.170 
1704873306.854 -6.455 -3.261 
1704873306.953 -6.423 -3.340 
1704873307.054 -6.392 -3.404 
1704873307.154 -6.362 -3.457 
1704873307.254 -6.339 -3.500 
1704873307.354 -6.313 -3.545 
1704873307.454 -6.246 -3.576 
1704873307.556 -6.160 -3.621 
1704873307.654 -6.079 -3.673 
1704873307.755 -5.992 -3.733 
1704873307.855 -5.911 -3.781 
1704873307.955 -5.840 -3.812 
1704873308.057 -5.777 -3.822 
1704873308.155 -5.728 -3.823 
1704873308.257 -5.659 -3.806 
1704873308.355 -5.583 -3.778 
1704873308.455 -5.499 -3.754 
1704873308.556 -5.415 -3.722 
1704873308.657 -5.333 -3.677 
1704873308.757 -5.252 -3.629 
1704873308.857 -5.169 -3.574 
1704873308.956 -5.087 -3.520 
1704873309.057 -5.011 -3.470 
1704873309.157 -4.942 -3.423 
1704873309.259 -4.878 -3.371 
1704873309.359 -4.822 -3.323 
1704873309.460 -4.783 -3.330 
1704873309.560 -4.736 -3.303 
1704873309.663 -4.702 -3.182 
1704873309.763 -4.665 -3.061 
1704873309.863 -4.621 -2.956 
1704873309.963 -4.577 -2.856 
1704873310.064 -4.543 -2.756 
1704873310.164 -4.514 -2.673 
1704873310.264 -4.485 -2.586 
1704873310.364 -4.433 -2.485 
1704873310.466 -4.383 -2.387 
1704873310.564 -4.359 -2.297 
1704873310.673 -4.334 -2.191 
1704873310.767 -4.311 -2.095 
1704873310.866 -4.289 -2.011 
1704873310.966 -4.271 -1.944 
1704873311.065 -4.254 -1.884 
1704873311.166 -4.250 -1.818 
1704873311.265 -4.256 -1.732 
1704873311.366 -4.283 -1.619 
1704873311.466 -4.307 -1.520 
1704873311.567 -4.319 -1.450 
1704873316.880 -4.683 -2.018 
1704873316.980 -4.706 -1.932 
1704873317.080 -4.757 -1.822 
1704873317.180 -4.814 -1.729 
1704873317.282 -4.775 -1.764 
1704873317.381 -4.737 -1.854 
1704873317.481 -4.700 -1.976 
1704873317.581 -4.643 -2.117 
1704873317.681 -4.555 -2.258 
1704873317.781 -4.538 -2.349 
1704873317.881 -4.535 -2.384 
1704873317.981 -4.513 -2.411 
1704873318.087 -4.466 -2.439 
1704873318.184 -4.420 -2.505 
1704873318.283 -4.329 -2.619 
1704873318.382 -4.233 -2.716 
1704873318.482 -4.123 -2.818 
1704873318.582 -4.017 -2.923 
1704873318.685 -3.922 -3.006 
1704873318.785 -3.844 -3.070 
1704873318.886 -3.804 -3.108 
1704873318.987 -3.767 -3.148 
1704873319.086 -3.699 -3.206 
1704873319.186 -3.608 -3.263 
1704873319.286 -3.522 -3.314 
1704873319.386 -3.452 -3.355 
1704873319.486 -3.377 -3.417 
1704873319.587 -3.283 -3.500 
1704873319.687 -3.186 -3.579 
1704873319.788 -3.104 -3.651 
1704873319.887 -3.070 -3.675 
1704873319.987 -3.065 -3.662 
1704873320.087 -3.081 -3.655 
1704873320.187 -3.030 -3.668 
1704873320.290 -2.921 -3.692 
1704873320.390 -2.805 -3.725 
1704873320.490 -2.700 -3.765 
1704873320.590 -2.607 -3.802 
1704873320.690 -2.533 -3.832 
1704873320.790 -2.461 -3.854 
1704873320.890 -2.386 -3.876 
1704873320.990 -2.310 -3.898 
1704873321.090 -2.231 -3.921 
1704873321.191 -2.156 -3.945 
1704873321.292 -2.080 -3.967 
1704873321.392 -2.006 -3.986 
1704873321.492 -1.929 -4.005 
1704873321.592 -1.849 -4.022 
1704873321.692 -1.772 -4.040 
1704873321.792 -1.694 -4.055 
1704873321.893 -1.615 -4.069 
1704873321.995 -1.538 -4.088 
1704873322.093 -1.463 -4.106 
1704873322.194 -1.384 -4.124 
1704873322.293 -1.303 -4.139 
1704873322.393 -1.223 -4.150 
1704873322.493 -1.146 -4.159 
1704873322.593 -1.071 -4.167 
1704873322.693 -0.996 -4.177 
1704873322.793 -0.920 -4.188 
1704873322.893 -0.838 -4.197 
1704873322.993 -0.752 -4.199 
1704873323.094 -0.669 -4.206 
1704873323.194 -0.594 -4.211 
1704873323.294 -0.519 -4.215 
1704873323.394 -0.441 -4.222 
1704873323.494 -0.349 -4.218 
1704873323.594 -0.267 -4.217 
1704873323.699 -0.193 -4.216 
1704873323.796 -0.124 -4.215 
1704873323.895 -0.047 -4.213 
1704873323.995 0.037 -4.206 
1704873324.096 0.113 -4.202 
1704873324.195 0.187 -4.198 
1704873324.297 0.263 -4.193 
1704873324.398 0.338 -4.190 
1704873324.500 0.414 -4.186 
1704873324.599 0.494 -4.176 
1704873324.698 0.570 -4.167 
1704873324.799 0.646 -4.158 
1704873324.900 0.725 -4.151 
1704873324.999 0.799 -4.146 
1704873325.099 0.873 -4.138 
1704873325.199 0.949 -4.127 
1704873325.299 1.027 -4.116 
1704873325.399 1.103 -4.105 
1704873325.499 1.176 -4.095 
1704873325.600 1.249 -4.085 
1704873325.700 1.323 -4.075 
1704873325.800 1.400 -4.064 
1704873325.903 1.480 -4.050 
1704873326.002 1.555 -4.036 
1704873326.102 1.628 -4.020 
1704873326.203 1.703 -4.004 
1704873326.303 1.778 -3.989 
1704873326.403 1.853 -3.975 
1704873326.503 1.928 -3.958 
1704873326.605 2.008 -3.939 
1704873326.703 2.087 -3.925 
1704873326.803 2.173 -3.914 
1704873326.903 2.245 -3.904 
1704873327.006 2.317 -3.886 
1704873327.104 2.385 -3.874 
1704873327.204 2.460 -3.860 
1704873327.304 2.539 -3.844 
1704873327.404 2.622 -3.832 
1704873327.510 2.694 -3.819 
1704873327.607 2.765 -3.804 
1704873327.708 2.840 -3.788 
1704873327.808 2.919 -3.772 
1704873327.907 2.993 -3.758 
1704873328.011 3.070 -3.744 
1704873328.112 3.144 -3.730 
1704873328.210 3.215 -3.715 
1704873328.311 3.290 -3.702 
1704873328.411 3.366 -3.685 
1704873334.125 3.827 -4.203 
1704873334.125 3.827 -4.203 
1704873334.226 3.787 -4.237 
1704873334.326 3.719 -4.264 
1704873334.426 3.593 -4.236 
1704873334.526 3.479 -4.212 
1704873334.625 3.387 -4.200 
1704873334.726 3.272 -4.194 
1704873334.827 3.151 -4.180 
1704873334.927 3.036 -4.163 
1704873335.027 2.915 -4.147 
1704873335.128 2.794 -4.134 
1704873335.227 2.675 -4.121 
1704873335.327 2.561 -4.110 
1704873335.428 2.442 -4.103 
1704873335.527 2.316 -4.092 
1704873335.627 2.190 -4.084 
1704873335.728 2.068 -4.075 
1704873335.828 1.942 -4.071 
1704873335.928 1.817 -4.066 
1704873336.028 1.695 -4.061 
1704873336.128 1.575 -4.056 
1704873336.231 1.451 -4.057 
1704873336.329 1.331 -4.057 
1704873336.428 1.211 -4.055 
1704873336.529 1.093 -4.054 
1704873336.629 0.971 -4.060 
1704873336.729 0.850 -4.065 
1704873336.829 0.731 -4.070 
1704873336.928 0.613 -4.076 
1704873337.030 0.497 -4.085 
1704873337.129 0.403 -4.093 
1704873337.229 0.330 -4.094 
1704873337.330 0.264 -4.092 
1704873337.429 0.192 -4.099 
1704873337.529 0.110 -4.117 
1704873337.630 0.034 -4.129 
1704873337.730 -0.043 -4.145 
1704873337.830 -0.119 -4.165 
1704873337.930 -0.197 -4.187 
1704873338.031 -0.277 -4.204 
1704873338.131 -0.358 -4.217 
1704873338.230 -0.437 -4.232 
1704873338.330 -0.504 -4.249 
1704873338.431 -0.579 -4.269 
1704873338.531 -0.654 -4.296 
1704873338.631 -0.731 -4.325 
1704873338.731 -0.813 -4.354 
1704873338.831 -0.876 -4.364 
1704873338.931 -0.933 -4.359 
1704873339.032 -1.001 -4.387 
1704873339.134 -1.094 -4.433 
1704873339.234 -1.179 -4.474 
1704873339.336 -1.250 -4.506 
1704873339.436 -1.319 -4.537 
1704873339.537 -1.389 -4.576 
1704873339.637 -1.450 -4.590 
1704873339.738 -1.502 -4.604 
1704873339.838 -1.556 -4.640 
1704873339.938 -1.636 -4.690 
1704873340.037 -1.715 -4.740 
1704873340.138 -1.786 -4.794 
1704873340.240 -1.862 -4.868 
1704873340.338 -1.943 -4.935 
1704873340.438 -1.992 -4.991 
1704873340.539 -2.048 -5.049 
1704873340.638 -2.112 -5.112 
1704873340.739 -2.189 -5.197 
1704873340.839 -2.257 -5.282 
1704873340.938 -2.312 -5.344 
1704873341.040 -2.372 -5.404 
1704873341.139 -2.430 -5.452 
1704873341.240 -2.481 -5.497 
1704873341.339 -2.523 -5.557 
1704873341.440 -2.566 -5.642 
1704873341.540 -2.600 -5.721 
1704873341.644 -2.632 -5.790 
1704873341.743 -2.665 -5.854 
1704873341.843 -2.697 -5.913 
1704873341.943 -2.728 -5.971 
1704873342.043 -2.755 -6.032 
1704873342.143 -2.771 -6.102 
1704873342.246 -2.774 -6.188 
1704873342.346 -2.771 -6.272 
1704873342.447 -2.763 -6.344 
1704873342.547 -2.766 -6.403 
1704873342.647 -2.771 -6.458 
1704873342.747 -2.748 -6.524 
1704873342.847 -2.673 -6.596 
1704873342.947 -2.602 -6.650 
1704873343.048 -2.549 -6.688 
1704873343.147 -2.503 -6.712 
1704873343.247 -2.472 -6.727 
1704873343.347 -2.425 -6.718 
1704873343.447 -2.342 -6.699 
1704873343.548 -2.274 -6.699 
1704873343.648 -2.221 -6.705 
1704873343.748 -2.158 -6.715 
1704873343.849 -2.079 -6.716 
1704873343.949 -1.997 -6.712 
1704873344.051 -1.944 -6.712 
1704873344.149 -1.885 -6.710 
1704873344.250 -1.810 -6.708 
1704873344.350 -1.723 -6.696 
1704873344.451 -1.643 -6.690 
1704873344.551 -1.562 -6.683 
1704873344.652 -1.478 -6.675 
1704873344.752 -1.390 -6.668 
1704873344.852 -1.301 -6.662 
1704873344.952 -1.210 -6.654 
1704873345.052 -1.119 -6.647 
1704873345.152 -1.031 -6.640 
1704873345.253 -0.937 -6.633 
1704873345.353 -0.837 -6.627 
1704873345.453 -0.739 -6.624 
1704873345.554 -0.636 -6.623 
1704873345.654 -0.532 -6.627 
1704873345.753 -0.431 -6.626 
1704873345.854 -0.329 -6.626 
1704873345.954 -0.262 -6.632 
1704873346.054 -0.202 -6.633 
1704873346.155 -0.124 -6.635 
1704873346.254 -0.047 -6.641 
1704873346.354 0.031 -6.648 
1704873346.455 0.108 -6.650 
1704873346.556 0.186 -6.655 
1704873346.656 0.264 -6.664 
1704873346.755 0.342 -6.674 
1704873346.856 0.421 -6.684 
1704873346.956 0.498 -6.696 
1704873347.058 0.579 -6.706 
1704873347.156 0.656 -6.717 
1704873347.257 0.735 -6.725 
1704873347.357 0.813 -6.735 
1704873347.457 0.893 -6.749 
1704873347.556 0.971 -6.762 
1704873347.657 1.052 -6.775 
1704873347.758 1.134 -6.792 
1704873347.858 1.212 -6.804 
1704873347.959 1.291 -6.820 
1704873348.058 1.369 -6.835 
1704873348.158 1.449 -6.852 
1704873348.259 1.529 -6.870 
1704873348.360 1.609 -6.890 
1704873348.460 1.690 -6.909 
1704873348.560 1.767 -6.925 
1704873348.660 1.846 -6.945 
1704873348.761 1.927 -6.964 
1704873348.860 2.009 -6.984 
1704873348.960 2.092 -7.003 
1704873349.060 2.168 -7.024 
1704873349.160 2.243 -7.048 
1704873349.264 2.321 -7.072 
1704873349.362 2.396 -7.094 
1704873349.461 2.473 -7.118 
1704873349.562 2.553 -7.142 
1704873349.662 2.637 -7.166 
1704873349.762 2.723 -7.186 
1704873349.862 2.807 -7.201 
1704873349.962 2.878 -7.221 
1704873350.062 2.952 -7.246 
1704873350.163 3.032 -7.269 
1704873350.262 3.103 -7.291 
1704873350.362 3.179 -7.314 
1704873350.462 3.255 -7.338 
1704873350.562 3.333 -7.360 
1704873350.663 3.414 -7.383 
1704873350.762 3.491 -7.405 
1704873350.863 3.568 -7.428 
1704873350.962 3.649 -7.447 
1704873351.063 3.727 -7.466 
1704873351.164 3.802 -7.486 
1704873351.264 3.880 -7.504 
1704873351.363 3.960 -7.524 
1704873351.464 4.035 -7.548 
1704873351.563 4.111 -7.564 
1704873351.664 4.190 -7.581 
1704873351.763 4.263 -7.598 
1704873351.864 4.345 -7.609 
1704873351.963 4.426 -7.618 
1704873352.065 4.503 -7.625 
1704873352.164 4.580 -7.633 
1704873352.265 4.659 -7.644 
1704873352.365 4.731 -7.656 
1704873352.465 4.804 -7.665 
1704873352.565 4.892 -7.664 
1704873352.665 4.980 -7.662 
1704873352.765 5.058 -7.659 
1704873352.865 5.136 -7.655 
1704873352.967 5.197 -7.653 
1704873353.067 5.258 -7.658 
1704873353.169 5.330 -7.662 
1704873353.268 5.424 -7.648 
1704873353.368 5.519 -7.631 
1704873353.469 5.614 -7.611 
1704873353.570 5.723 -7.592 
1704873353.669 5.811 -7.574 
1704873353.769 5.899 -7.560 
1704873353.869 5.993 -7.551 
1704873353.969 6.076 -7.534 
1704873354.069 6.169 -7.520 
1704873354.168 6.246 -7.513 
1704873354.269 6.320 -7.504 
1704873354.369 6.405 -7.480 
1704873354.470 6.490 -7.449 
1704873354.569 6.563 -7.418 
1704873354.669 6.642 -7.387 
1704873354.769 6.705 -7.368 
1704873354.870 6.758 -7.356 
1704873354.971 6.817 -7.335 
1704873355.070 6.898 -7.284 
1704873355.170 6.977 -7.233 
1704873355.271 7.038 -7.203 
1704873355.371 7.079 -7.186 
1704873355.471 7.113 -7.166 
1704873355.572 7.147 -7.143 
1704873355.672 7.197 -7.107 
1704873355.770 7.262 -7.024 
1704873355.871 7.329 -6.943 
1704873355.971 7.351 -6.903 
1704873356.071 7.341 -6.869 
1704873356.172 7.345 -6.849 
1704873356.272 7.386 -6.806 
1704873356.372 7.457 -6.698 
1704873356.472 7.514 -6.646 
1704873356.573 7.537 -6.619 
1704873356.673 7.568 -6.579 
1704873356.772 7.598 -6.520 
1704873356.874 7.630 -6.451 
1704873356.976 7.660 -6.395 
1704873357.074 7.689 -6.348 
1704873357.174 7.717 -6.301 
1704873357.274 7.744 -6.238 
1704873357.374 7.776 -6.156 
1704873357.475 7.802 -6.084 
1704873357.575 7.819 -6.034 
1704873357.675 7.837 -5.986 
1704873357.777 7.852 -5.927 
1704873357.877 7.857 -5.855 
1704873357.978 7.862 -5.782 
1704873358.078 7.871 -5.718 
1704873358.178 7.874 -5.656 
1704873358.278 7.874 -5.593 
1704873358.379 7.873 -5.530 
1704873358.479 7.869 -5.466 
1704873358.579 7.864 -5.400 
1704873358.678 7.858 -5.335 
1704873358.778 7.851 -5.268 
1704873358.881 7.845 -5.202 
1704873358.980 7.843 -5.145 
1704873359.080 7.837 -5.077 
1704873359.181 7.817 -4.985 
1704873359.281 7.813 -4.903 
1704873359.381 7.805 -4.830 
1704873359.481 7.794 -4.763 
1704873359.581 7.782 -4.693 
1704873359.683 7.759 -4.610 
1704873359.782 7.727 -4.524 
1704873359.882 7.699 -4.444 
1704873359.982 7.674 -4.373 
1704873360.083 7.659 -4.314 
1704873360.182 7.638 -4.251 
1704873360.282 7.592 -4.171 
1704873360.382 7.538 -4.086 
1704873360.482 7.505 -4.020 
1704873360.583 7.474 -3.969 
1704873360.685 7.431 -3.906 
1704873360.785 7.383 -3.844 
1704873360.885 7.339 -3.784 
1704873360.985 7.292 -3.725 
1704873361.086 7.252 -3.667 
1704873361.185 7.216 -3.615 
1704873361.285 7.164 -3.558 
1704873361.385 7.083 -3.495 
1704873361.485 7.004 -3.435 
1704873361.585 6.956 -3.395 
1704873361.686 6.918 -3.368 
1704873361.786 6.875 -3.330 
1704873364.191 6.571 -3.324 
1704873364.192 6.571 -3.324 
1704873364.292 6.514 -3.404 
1704873364.393 6.425 -3.522 
1704873364.492 6.328 -3.638 
1704873364.593 6.261 -3.715 
1704873364.693 6.175 -3.790 
1704873364.793 6.077 -3.867 
1704873364.895 5.983 -3.938 
1704873364.994 5.888 -4.008 
1704873365.095 5.793 -4.079 
1704873365.194 5.699 -4.151 
1704873365.296 5.603 -4.226 
1704873365.395 5.512 -4.296 
1704873365.495 5.419 -4.368 
1704873365.595 5.327 -4.442 
1704873365.694 5.236 -4.519 
1704873365.795 5.141 -4.596 
1704873365.895 5.046 -4.669 
1704873365.995 4.957 -4.746 
1704873366.096 4.869 -4.826 
1704873366.196 4.779 -4.905 
1704873366.296 4.689 -4.983 
1704873366.396 4.602 -5.063 
1704873366.498 4.516 -5.147 
1704873366.597 4.431 -5.229 
1704873366.697 4.345 -5.312 
1704873366.797 4.261 -5.395 
1704873366.898 4.183 -5.482 
1704873366.997 4.106 -5.570 
1704873367.098 4.025 -5.659 
1704873367.198 3.943 -5.745 
1704873367.298 3.871 -5.837 
1704873367.398 3.801 -5.934 
1704873367.498 3.735 -6.029 
1704873367.598 3.668 -6.113 
1704873367.698 3.612 -6.175 
1704873367.798 3.568 -6.235 
1704873367.899 3.531 -6.293 
1704873367.998 3.501 -6.356 
1704873368.099 3.467 -6.461 
1704873368.199 3.431 -6.575 
1704873368.299 3.388 -6.655 
1704873368.401 3.345 -6.722 
1704873368.499 3.324 -6.803 
1704873368.599 3.323 -6.889 
1704873368.699 3.323 -6.965 
1704873368.800 3.319 -7.031 
1704873368.899 3.342 -7.117 
1704873368.999 3.382 -7.212 
1704873369.100 3.417 -7.293 
1704873369.203 3.428 -7.352 
1704873369.301 3.468 -7.423 
1704873369.401 3.519 -7.505 
1704873369.500 3.562 -7.586 
1704873369.600 3.593 -7.658 
1704873369.701 3.637 -7.730 
1704873369.801 3.683 -7.791 
1704873369.901 3.722 -7.837 
1704873370.002 3.767 -7.878 
1704873370.101 3.817 -7.929 
1704873370.201 3.877 -7.993 
1704873370.302 3.927 -8.060 
1704873370.402 3.987 -8.127 
1704873370.502 4.045 -8.194 
1704873375.117 4.110 -7.703 
1704873375.118 4.110 -7.703 
1704873375.218 4.044 -7.687 
1704873375.319 3.948 -7.664 
1704873375.419 3.896 -7.657 
1704873375.519 3.847 -7.625 
1704873375.619 3.794 -7.585 
1704873375.719 3.749 -7.560 
1704873375.819 3.715 -7.542 
1704873375.919 3.686 -7.520 
1704873376.020 3.642 -7.465 
1704873376.120 3.597 -7.379 
1704873376.220 3.556 -7.314 
1704873376.326 3.545 -7.274 
1704873376.420 3.539 -7.250 
1704873376.520 3.525 -7.223 
1704873376.627 3.483 -7.184 
1704873376.722 3.416 -7.076 
1704873376.821 3.347 -6.984 
1704873376.920 3.285 -6.902 
1704873377.022 3.234 -6.830 
1704873377.121 3.168 -6.760 
1704873377.221 3.100 -6.680 
1704873377.320 3.026 -6.595 
1704873377.421 2.939 -6.524 
1704873377.522 2.856 -6.468 
1704873377.621 2.782 -6.408 
1704873377.721 2.704 -6.316 
1704873377.822 2.607 -6.234 
1704873377.922 2.523 -6.183 
1704873378.022 2.430 -6.163 
1704873378.122 2.307 -6.160 
1704873378.223 2.182 -6.151 
1704873378.323 2.064 -6.143 
1704873378.422 1.943 -6.139 
1704873378.522 1.818 -6.139 
1704873378.623 1.697 -6.146 
1704873378.724 1.580 -6.159 
1704873378.823 1.464 -6.167 
1704873378.923 1.344 -6.179 
1704873379.025 1.223 -6.195 
1704873379.124 1.101 -6.200 
1704873379.224 0.980 -6.190 
1704873379.324 0.859 -6.184 
1704873379.425 0.738 -6.180 
1704873379.524 0.618 -6.179 
1704873379.625 0.495 -6.179 
1704873379.725 0.370 -6.177 
1704873379.826 0.248 -6.178 
1704873379.926 0.126 -6.182 
1704873380.027 -0.000 -6.197 
1704873380.127 -0.119 -6.201 
1704873380.226 -0.242 -6.214 
1704873380.327 -0.369 -6.232 
1704873380.426 -0.497 -6.259 
1704873380.526 -0.623 -6.302 
1704873380.626 -0.734 -6.332 
1704873380.727 -0.845 -6.362 
1704873380.827 -0.946 -6.416 
1704873380.928 -1.032 -6.494 
1704873381.027 -1.118 -6.572 
1704873381.128 -1.209 -6.646 
1704873381.228 -1.296 -6.723 
1704873381.328 -1.380 -6.800 
1704873381.428 -1.465 -6.878 
1704873381.528 -1.545 -6.962 
1704873381.629 -1.628 -7.047 
1704873381.728 -1.712 -7.131 
1704873381.829 -1.798 -7.213 
1704873381.928 -1.880 -7.291 
1704873382.028 -1.960 -7.369 
1704873382.129 -2.039 -7.446 
1704873382.229 -2.125 -7.525 
1704873382.330 -2.218 -7.600 
1704873382.430 -2.314 -7.672 
1704873382.530 -2.415 -7.739 
1704873382.629 -2.518 -7.810 
1704873382.729 -2.615 -7.883 
1704873382.829 -2.705 -7.943 
1704873382.930 -2.791 -7.994 
1704873383.030 -2.897 -8.024 
1704873383.130 -3.012 -8.042 
1704873383.231 -3.106 -8.058 
1704873383.330 -3.142 -8.079 
1704873383.431 -3.190 -8.073 
1704873383.530 -3.259 -8.041 
1704873383.630 -3.334 -8.014 
1704873383.732 -3.394 -8.006 
1704873383.831 -3.436 -8.004 
1704873383.931 -3.476 -7.995 
1704873384.031 -3.532 -7.961 
1704873384.132 -3.633 -7.873 
1704873384.231 -3.702 -7.818 
1704873384.332 -3.746 -7.785 
1704873384.432 -3.783 -7.759 
1704873384.532 -3.843 -7.697 
1704873384.633 -3.923 -7.626 
1704873384.732 -4.008 -7.568 
1704873389.545 -3.711 -7.168 
1704873389.545 -3.711 -7.168 
1704873389.647 -3.674 -7.179 
1704873389.746 -3.581 -7.264 
1704873389.846 -3.489 -7.329 
1704873389.947 -3.387 -7.373 
1704873390.048 -3.308 -7.402 
1704873390.147 -3.236 -7.433 
1704873390.247 -3.164 -7.467 
1704873390.347 -3.090 -7.499 
1704873390.447 -3.019 -7.530 
1704873390.547 -2.937 -7.572 
1704873390.650 -2.837 -7.627 
1704873390.749 -2.725 -7.684 
1704873390.848 -2.646 -7.728 
1704873390.948 -2.582 -7.769 
1704873391.048 -2.494 -7.815 
1704873391.148 -2.411 -7.854 
1704873391.248 -2.341 -7.894 
1704873391.348 -2.271 -7.932 
1704873391.448 -2.206 -7.967 
1704873391.549 -2.137 -8.000 
1704873391.649 -2.042 -8.045 
1704873391.748 -1.937 -8.087 
1704873391.849 -1.869 -8.109 
1704873391.949 -1.807 -8.135 
1704873392.048 -1.741 -8.174 
1704873392.149 -1.659 -8.235 
1704873392.249 -1.581 -8.309 
1704873393.051 -1.537 -8.311 
1704873393.152 -1.617 -8.328 
1704873393.252 -1.722 -8.352 
1704873393.352 -1.870 -8.373 
1704873393.452 -1.997 -8.381 
1704873393.555 -2.124 -8.390 
1704873393.654 -2.250 -8.412 
1704873393.753 -2.369 -8.432 
1704873393.853 -2.478 -8.451 
1704873393.953 -2.590 -8.463 
1704873394.054 -2.688 -8.472 
1704873394.153 -2.753 -8.480 
1704873394.256 -2.795 -8.484 
1704873394.361 -2.858 -8.486 
1704873394.454 -2.925 -8.489 
1704873394.554 -3.005 -8.494 
1704873394.654 -3.088 -8.497 
1704873394.755 -3.185 -8.489 
1704873394.854 -3.277 -8.489 
1704873394.955 -3.359 -8.490 
1704873395.054 -3.439 -8.490 
1704873395.155 -3.525 -8.490 
1704873395.255 -3.626 -8.477 
1704873395.355 -3.729 -8.464 
1704873395.458 -3.810 -8.455 
1704873395.555 -3.857 -8.445 
1704873395.656 -3.905 -8.431 
1704873395.757 -3.980 -8.409 
1704873395.857 -4.063 -8.399 
1704873395.956 -4.139 -8.386 
1704873396.056 -4.206 -8.367 
1704873396.159 -4.285 -8.351 
1704873396.258 -4.359 -8.338 
1704873396.357 -4.433 -8.317 
1704873396.458 -4.504 -8.296 
1704873396.558 -4.578 -8.279 
1704873396.659 -4.657 -8.260 
1704873396.759 -4.732 -8.242 
1704873396.860 -4.802 -8.224 
1704873396.960 -4.874 -8.202 
1704873397.059 -4.956 -8.169 
1704873397.160 -5.030 -8.142 
1704873397.260 -5.098 -8.118 
1704873397.359 -5.166 -8.093 
1704873397.460 -5.233 -8.070 
1704873397.560 -5.299 -8.047 
1704873397.660 -5.374 -8.010 
1704873397.760 -5.446 -7.968 
1704873397.860 -5.513 -7.934 
1704873397.961 -5.578 -7.902 
1704873398.061 -5.636 -7.877 
1704873398.162 -5.696 -7.850 
1704873398.263 -5.757 -7.817 
1704873398.361 -5.825 -7.763 
1704873398.461 -5.928 -7.706 
1704873398.561 -6.007 -7.667 
1704873398.661 -6.071 -7.627 
1704873398.762 -6.135 -7.579 
1704873398.862 -6.206 -7.526 
1704873398.961 -6.275 -7.467 
1704873399.063 -6.334 -7.409 
1704873399.162 -6.394 -7.355 
1704873399.262 -6.454 -7.316 
1704873399.362 -6.518 -7.265 
1704873399.462 -6.575 -7.212 
1704873399.562 -6.625 -7.154 
1704873399.662 -6.666 -7.089 
1704873399.763 -6.709 -7.024 
1704873399.863 -6.755 -6.960 
1704873399.963 -6.806 -6.896 
1704873400.065 -6.855 -6.831 
1704873400.164 -6.887 -6.773 
1704873400.265 -6.915 -6.707 
1704873400.365 -6.954 -6.634 
1704873400.465 -6.989 -6.561 
1704873400.565 -7.026 -6.490 
1704873400.665 -7.063 -6.420 
1704873400.765 -7.099 -6.347 
1704873400.867 -7.128 -6.270 
1704873400.966 -7.154 -6.192 
1704873401.066 -7.181 -6.113 
1704873401.167 -7.208 -6.031 
1704873401.267 -7.237 -5.951 
1704873401.367 -7.261 -5.866 
1704873401.467 -7.287 -5.782 
1704873401.567 -7.310 -5.697 
1704873401.667 -7.334 -5.611 
1704873401.767 -7.359 -5.522 
1704873401.867 -7.383 -5.438 
1704873401.968 -7.406 -5.346 
1704873402.069 -7.429 -5.253 
1704873402.168 -7.451 -5.162 
1704873402.267 -7.475 -5.071 
1704873402.367 -7.501 -4.976 
1704873402.467 -7.523 -4.885 
1704873402.568 -7.548 -4.790 
1704873402.668 -7.573 -4.693 
1704873402.768 -7.597 -4.597 
1704873402.869 -7.615 -4.527 
1704873402.969 -7.631 -4.467 
1704873403.068 -7.648 -4.401 
1704873403.169 -7.664 -4.325 
1704873403.268 -7.681 -4.250 
1704873403.369 -7.701 -4.174 
1704873403.469 -7.720 -4.101 
1704873403.569 -7.738 -4.024 
1704873403.669 -7.756 -3.948 
1704873403.769 -7.774 -3.871 
1704873403.869 -7.792 -3.794 
1704873403.970 -7.810 -3.717 
1704873404.070 -7.828 -3.639 
1704873404.170 -7.848 -3.564 
1704873404.270 -7.868 -3.485 
1704873404.371 -7.885 -3.409 
1704873404.471 -7.901 -3.331 
1704873404.570 -7.918 -3.252 
1704873404.671 -7.936 -3.176 
1704873404.771 -7.956 -3.096 
1704873404.870 -7.978 -3.014 
1704873404.971 -7.997 -2.935 
1704873405.071 -8.015 -2.857 
1704873405.172 -8.034 -2.778 
1704873405.271 -8.053 -2.700 
1704873405.371 -8.073 -2.618 
1704873405.472 -8.095 -2.537 
1704873405.572 -8.117 -2.458 
1704873405.672 -8.135 -2.384 
1704873405.772 -8.149 -2.314 
1704873405.872 -8.167 -2.234 
1704873405.972 -8.187 -2.149 
1704873406.073 -8.203 -2.061 
1704873406.173 -8.225 -1.976 
1704873406.273 -8.248 -1.896 
1704873406.373 -8.268 -1.818 
1704873406.472 -8.288 -1.738 
1704873406.573 -8.310 -1.653 
1704873406.673 -8.330 -1.571 
1704873406.781 -8.351 -1.491 
1704873406.877 -8.371 -1.411 
1704873406.976 -8.389 -1.335 
1704873407.076 -8.409 -1.251 
1704873407.176 -8.429 -1.170 
1704873407.278 -8.450 -1.089 
1704873407.377 -8.472 -1.006 
1704873407.477 -8.492 -0.926 
1704873407.577 -8.511 -0.847 
1704873409.088 -8.335 -0.785 
1704873409.088 -8.335 -0.785 
1704873409.188 -8.263 -0.753 
1704873409.288 -8.188 -0.685 
1704873409.390 -8.120 -0.631 
1704873409.491 -8.041 -0.556 
1704873409.593 -7.996 -0.480 
1704873409.692 -7.966 -0.420 
1704873409.792 -7.921 -0.359 
1704873409.892 -7.865 -0.292 
1704873409.992 -7.817 -0.226 
1704873410.092 -7.773 -0.165 
1704873410.192 -7.728 -0.109 
1704873410.292 -7.683 -0.049 
1704873410.393 -7.637 0.013 
1704873410.493 -7.592 0.075 
1704873410.593 -7.547 0.138 
1704873410.692 -7.501 0.200 
1704873410.793 -7.455 0.263 
1704873410.893 -7.409 0.325 
1704873410.993 -7.364 0.391 
1704873411.093 -7.321 0.456 
1704873411.193 -7.272 0.524 
1704873414.806 -7.065 0.526 
1704873414.806 -7.065 0.526 
1704873414.907 -7.106 0.529 
1704873415.007 -7.206 0.542 
1704873415.111 -7.340 0.553 
1704873415.208 -7.460 0.545 
1704873415.309 -7.575 0.546 
1704873415.408 -7.697 0.541 
1704873415.508 -7.815 0.540 
1704873415.608 -7.933 0.538 
