1704874716.192 4.155 0.107 
1704874716.192 4.155 0.107 
1704874716.288 4.189 0.101 
1704874716.388 4.297 0.070 
1704874716.498 4.445 0.040 
1704874716.591 4.539 0.009 
1704874716.689 4.650 -0.007 
1704874716.789 4.769 -0.014 
1704874716.890 4.894 -0.024 
1704874716.989 5.020 -0.031 
1704874717.089 5.124 -0.029 
1704874717.188 5.233 -0.017 
1704874717.289 5.335 0.001 
1704874717.389 5.411 0.012 
1704874717.489 5.471 0.021 
1704874717.590 5.539 0.031 
1704874717.690 5.624 0.041 
1704874717.790 5.681 0.032 
1704874717.891 5.731 0.022 
1704874717.991 5.792 0.029 
1704874718.091 5.851 0.061 
1704874718.191 5.901 0.109 
1704874718.291 5.962 0.198 
1704874718.391 6.023 0.259 
1704874718.491 6.049 0.282 
1704874718.591 6.074 0.297 
1704874718.691 6.103 0.343 
1704874718.791 6.119 0.456 
1704874718.891 6.160 0.513 
1704874718.991 6.215 0.533 
1704874719.092 6.246 0.581 
1704874719.191 6.242 0.662 
1704874719.294 6.219 0.745 
1704874719.394 6.198 0.813 
1704874719.493 6.179 0.879 
1704874719.594 6.148 0.962 
1704874719.695 6.094 1.037 
1704874719.795 6.033 1.102 
1704874719.896 5.976 1.158 
1704874719.996 5.902 1.201 
1704874720.097 5.827 1.236 
1704874720.197 5.750 1.251 
1704874720.298 5.656 1.242 
1704874720.399 5.546 1.211 
1704874722.003 5.651 1.243 
1704874722.003 5.651 1.243 
1704874722.104 5.667 1.156 
1704874722.204 5.680 1.043 
1704874722.305 5.694 0.919 
1704874722.404 5.720 0.799 
1704874722.505 5.750 0.682 
1704874722.604 5.795 0.567 
1704874722.705 5.837 0.464 
1704874722.806 5.879 0.376 
1704874722.906 5.902 0.323 
1704874723.005 5.938 0.289 
1704874723.106 5.990 0.260 
1704874723.205 6.044 0.228 
1704874723.305 6.089 0.193 
1704874723.405 6.133 0.148 
1704874723.506 6.173 0.115 
1704874723.606 6.210 0.101 
1704874723.705 6.250 0.099 
1704874723.806 6.301 0.088 
1704874723.907 6.353 0.067 
1704874724.006 6.407 0.043 
1704874724.106 6.466 0.017 
1704874724.207 6.538 -0.009 
1704874724.307 6.603 -0.033 
1704874724.407 6.665 -0.045 
1704874724.506 6.722 -0.043 
1704874724.607 6.766 -0.029 
1704874724.707 6.788 -0.007 
1704874724.807 6.821 0.015 
1704874724.907 6.883 0.016 
1704874725.007 6.952 0.022 
1704874725.107 7.008 0.039 
1704874725.207 7.060 0.058 
1704874725.307 7.117 0.077 
1704874725.408 7.176 0.098 
1704874725.508 7.233 0.121 
1704874725.608 7.287 0.132 
1704874725.708 7.344 0.146 
1704874725.808 7.404 0.162 
1704874725.909 7.465 0.179 
1704874726.009 7.528 0.198 
1704874726.109 7.590 0.223 
1704874726.209 7.648 0.261 
1704874726.309 7.703 0.301 
1704874726.409 7.759 0.338 
1704874726.509 7.813 0.375 
1704874726.608 7.864 0.415 
1704874726.709 7.921 0.462 
1704874726.809 7.982 0.514 
1704874726.909 8.040 0.560 
1704874727.009 8.086 0.596 
1704874727.110 8.121 0.624 
1704874727.209 8.136 0.601 
1704874727.310 8.149 0.565 
1704874727.410 8.171 0.594 
1704874727.511 8.183 0.700 
1704874727.611 8.219 0.837 
1704874727.713 8.240 0.939 
1704874727.812 8.255 1.012 
1704874727.914 8.277 1.090 
1704874728.013 8.302 1.158 
1704874728.111 8.320 1.211 
1704874728.213 8.345 1.254 
1704874728.313 8.389 1.250 
1704874728.413 8.433 1.243 
1704874728.514 8.452 1.293 
1704874728.613 8.400 1.400 
1704874728.715 8.347 1.492 
1704874728.814 8.288 1.593 
1704874728.914 8.213 1.708 
1704874729.015 8.146 1.805 
1704874729.114 8.151 1.842 
1704874729.214 8.165 1.863 
1704874729.314 8.172 1.891 
1704874729.416 8.132 1.927 
1704874729.515 8.043 2.007 
1704874729.616 7.939 2.110 
1704874729.716 7.862 2.186 
1704874729.816 7.819 2.249 
1704874729.916 7.753 2.296 
1704874730.016 7.670 2.348 
1704874730.117 7.582 2.402 
1704874730.217 7.502 2.452 
1704874730.320 7.429 2.500 
1704874730.420 7.353 2.544 
1704874730.521 7.260 2.579 
1704874730.621 7.171 2.616 
1704874730.720 7.087 2.649 
1704874730.821 6.996 2.681 
1704874730.921 6.894 2.708 
1704874731.021 6.798 2.736 
1704874731.122 6.705 2.760 
1704874731.222 6.612 2.781 
1704874731.321 6.521 2.802 
1704874731.423 6.417 2.835 
1704874731.523 6.315 2.861 
1704874731.622 6.212 2.872 
1704874731.722 6.116 2.877 
1704874731.822 6.020 2.882 
1704874731.923 5.923 2.893 
1704874732.022 5.828 2.904 
1704874732.123 5.734 2.905 
1704874732.223 5.640 2.897 
1704874732.323 5.544 2.884 
1704874732.423 5.451 2.873 
1704874732.522 5.361 2.858 
1704874732.623 5.273 2.845 
1704874732.723 5.187 2.833 
1704874732.823 5.098 2.826 
1704874732.923 5.008 2.812 
1704874733.023 4.926 2.793 
1704874733.123 4.846 2.775 
1704874733.224 4.768 2.754 
1704874733.324 4.685 2.726 
1704874733.424 4.607 2.701 
1704874733.524 4.531 2.675 
1704874733.624 4.458 2.648 
1704874733.725 4.390 2.627 
1704874733.826 4.324 2.604 
1704874733.925 4.251 2.559 
1704874734.025 4.181 2.514 
1704874734.126 4.118 2.477 
1704874734.225 4.061 2.451 
1704874734.325 4.007 2.428 
1704874734.428 3.950 2.399 
1704874734.526 3.888 2.329 
1704874734.626 3.828 2.258 
1704874734.727 3.784 2.215 
1704874734.827 3.744 2.169 
1704874734.927 3.701 2.104 
1704874735.027 3.667 2.048 
1704874735.129 3.635 1.993 
1704874735.228 3.598 1.934 
1704874735.327 3.561 1.888 
1704874735.427 3.528 1.843 
1704874735.527 3.499 1.783 
1704874735.628 3.477 1.681 
1704874735.728 3.457 1.586 
1704874735.829 3.439 1.503 
1704874735.929 3.422 1.422 
1704874736.030 3.407 1.335 
1704874736.129 3.395 1.263 
1704874736.230 3.387 1.210 
1704874736.330 3.389 1.168 
1704874736.429 3.390 1.128 
1704874736.530 3.382 1.062 
1704874736.630 3.382 0.981 
1704874736.730 3.382 0.899 
1704874736.830 3.370 0.836 
1704874736.930 3.358 0.765 
1704874737.030 3.351 0.693 
1704874737.131 3.357 0.605 
1704874737.232 3.362 0.517 
1704874737.331 3.364 0.442 
1704874737.432 3.364 0.367 
1704874737.532 3.363 0.300 
1704874737.632 3.361 0.233 
1704874737.732 3.368 0.151 
1704874737.832 3.393 0.050 
1704874737.933 3.418 -0.045 
1704874738.032 3.433 -0.104 
1704874738.133 3.447 -0.150 
1704874738.233 3.457 -0.238 
1704874740.543 3.769 -0.643 
1704874740.544 3.769 -0.643 
1704874740.645 3.692 -0.595 
1704874740.744 3.572 -0.562 
1704874740.844 3.432 -0.534 
1704874740.944 3.315 -0.502 
1704874741.044 3.194 -0.474 
1704874741.145 3.075 -0.447 
1704874741.245 2.958 -0.421 
1704874741.345 2.837 -0.396 
1704874741.445 2.715 -0.370 
1704874741.545 2.592 -0.346 
1704874741.645 2.474 -0.324 
1704874741.745 2.356 -0.306 
1704874741.846 2.235 -0.285 
1704874741.945 2.113 -0.266 
1704874742.046 1.993 -0.248 
1704874742.146 1.874 -0.235 
1704874742.246 1.753 -0.221 
1704874742.346 1.634 -0.206 
1704874742.446 1.514 -0.193 
1704874742.546 1.395 -0.180 
1704874742.646 1.278 -0.170 
1704874742.746 1.179 -0.160 
1704874742.847 1.094 -0.152 
1704874742.947 1.018 -0.144 
1704874743.047 0.943 -0.130 
1704874743.147 0.868 -0.112 
1704874743.248 0.790 -0.088 
1704874743.347 0.714 -0.070 
1704874743.448 0.638 -0.055 
1704874743.548 0.566 -0.038 
1704874743.648 0.468 -0.014 
1704874743.748 0.351 0.016 
1704874743.848 0.249 0.046 
1704874743.949 0.167 0.083 
1704874744.049 0.095 0.126 
1704874744.161 0.020 0.170 
1704874744.254 -0.060 0.206 
1704874744.351 -0.139 0.243 
1704874744.449 -0.219 0.287 
1704874744.549 -0.282 0.336 
1704874744.648 -0.326 0.389 
1704874744.751 -0.371 0.450 
1704874744.851 -0.427 0.507 
1704874744.950 -0.482 0.571 
1704874745.051 -0.523 0.641 
1704874745.151 -0.563 0.717 
1704874745.253 -0.600 0.810 
1704874745.353 -0.628 0.902 
1704874745.452 -0.653 0.995 
1704874745.553 -0.676 1.093 
1704874745.653 -0.687 1.197 
1704874745.753 -0.689 1.306 
1704874745.853 -0.679 1.406 
1704874745.953 -0.668 1.511 
1704874746.053 -0.652 1.582 
1704874746.154 -0.647 1.645 
1704874746.254 -0.634 1.742 
1704874746.355 -0.618 1.869 
1704874746.454 -0.597 1.957 
1704874746.555 -0.588 2.042 
1704874746.654 -0.592 2.131 
1704874746.755 -0.592 2.217 
1704874746.854 -0.600 2.311 
1704874746.955 -0.619 2.407 
1704874747.055 -0.635 2.498 
1704874747.155 -0.647 2.581 
1704874747.258 -0.661 2.669 
1704874747.358 -0.680 2.760 
1704874747.458 -0.699 2.847 
1704874747.558 -0.717 2.931 
1704874747.659 -0.733 3.011 
1704874747.758 -0.747 3.083 
1704874747.858 -0.762 3.150 
1704874747.959 -0.777 3.213 
1704874748.059 -0.790 3.285 
1704874748.159 -0.773 3.374 
1704874748.260 -0.788 3.434 
1704874748.360 -0.779 3.521 
1704874749.160 -0.857 3.760 
1704874749.261 -0.848 3.773 
1704874749.361 -0.790 3.773 
1704874749.461 -0.721 3.771 
1704874749.567 -0.652 3.749 
1704874749.664 -0.553 3.715 
1704874749.763 -0.461 3.677 
1704874749.862 -0.369 3.610 
1704874749.963 -0.269 3.520 
1704874750.063 -0.174 3.438 
1704874750.163 -0.080 3.359 
1704874750.262 0.010 3.291 
1704874750.363 0.111 3.230 
1704874750.463 0.203 3.169 
1704874750.563 0.296 3.107 
1704874750.663 0.390 3.041 
1704874750.763 0.487 2.981 
1704874750.863 0.564 2.928 
1704874750.964 0.623 2.897 
1704874751.064 0.692 2.865 
1704874751.165 0.781 2.830 
1704874751.264 0.858 2.801 
1704874751.363 0.920 2.779 
1704874751.463 0.982 2.771 
1704874751.567 1.054 2.767 
1704874751.664 1.138 2.773 
1704874751.763 1.233 2.787 
1704874751.865 1.316 2.790 
1704874751.965 1.382 2.798 
1704874752.065 1.453 2.800 
1704874752.165 1.541 2.799 
1704874752.265 1.628 2.797 
1704874752.365 1.710 2.794 
1704874752.465 1.796 2.791 
1704874752.566 1.880 2.789 
1704874752.665 1.967 2.787 
1704874752.766 2.058 2.788 
1704874752.865 2.147 2.788 
1704874752.967 2.236 2.786 
1704874753.067 2.325 2.785 
1704874753.169 2.416 2.786 
1704874753.267 2.503 2.785 
1704874753.367 2.595 2.786 
1704874753.471 2.691 2.788 
1704874753.567 2.775 2.791 
1704874753.668 2.867 2.795 
1704874753.768 2.962 2.800 
1704874753.868 3.056 2.801 
1704874753.972 3.150 2.803 
1704874754.068 3.238 2.809 
1704874754.168 3.337 2.816 
1704874754.269 3.435 2.823 
1704874754.369 3.527 2.820 
1704874754.469 3.623 2.815 
1704874754.569 3.723 2.811 
1704874754.670 3.817 2.811 
1704874754.769 3.907 2.813 
1704874754.870 4.000 2.810 
1704874754.970 4.091 2.798 
1704874755.070 4.175 2.789 
1704874755.170 4.259 2.779 
1704874755.271 4.343 2.772 
1704874755.371 4.425 2.767 
1704874755.471 4.507 2.762 
1704874755.572 4.571 2.748 
1704874755.671 4.657 2.744 
1704874755.773 4.777 2.749 
1704874755.871 4.880 2.749 
1704874755.976 4.976 2.749 
1704874756.073 5.069 2.751 
1704874756.172 5.165 2.750 
1704874756.272 5.259 2.752 
1704874756.372 5.352 2.748 
1704874756.472 5.442 2.740 
1704874756.572 5.533 2.733 
1704874756.672 5.637 2.745 
1704874756.772 5.745 2.785 
1704874756.872 5.855 2.831 
1704874756.973 5.930 2.873 
1704874757.073 5.992 2.914 
1704874757.173 6.055 2.961 
1704874757.273 6.117 3.016 
1704874757.373 6.171 3.041 
1704874757.473 6.220 3.077 
1704874757.574 6.308 3.169 
1704874757.674 6.404 3.252 
1704874757.773 6.478 3.314 
1704874757.873 6.545 3.381 
1704874757.974 6.617 3.454 
1704874758.074 6.702 3.537 
1704874758.174 6.777 3.618 
1704874758.274 6.849 3.697 
1704874758.374 6.918 3.777 
1704874758.474 6.979 3.852 
1704874758.575 7.044 3.920 
1704874758.675 7.107 3.988 
1704874758.775 7.169 4.052 
1704874758.875 7.243 4.116 
1704874758.975 7.309 4.177 
1704874759.075 7.342 4.237 
1704874759.174 7.386 4.292 
1704874759.275 7.454 4.339 
1704874759.376 7.538 4.385 
1704874759.476 7.638 4.433 
1704874759.575 7.736 4.474 
1704874759.675 7.839 4.494 
1704874759.776 7.948 4.481 
1704874759.878 8.040 4.438 
1704874763.884 8.172 4.451 
1704874763.885 8.172 4.451 
1704874763.985 8.184 4.529 
1704874764.086 8.183 4.656 
1704874764.186 8.179 4.787 
1704874764.286 8.183 4.899 
1704874764.388 8.190 5.008 
1704874764.487 8.192 5.119 
1704874764.586 8.196 5.234 
1704874764.686 8.196 5.341 
1704874764.786 8.197 5.427 
1704874764.887 8.198 5.512 
1704874764.987 8.195 5.603 
1704874765.087 8.195 5.693 
1704874765.188 8.193 5.776 
1704874765.288 8.192 5.857 
1704874765.388 8.186 5.939 
1704874765.489 8.178 6.022 
1704874765.589 8.172 6.100 
1704874765.688 8.167 6.179 
1704874765.789 8.161 6.262 
1704874765.889 8.156 6.340 
1704874765.989 8.149 6.416 
1704874766.089 8.139 6.492 
1704874766.189 8.128 6.571 
1704874766.289 8.119 6.680 
1704874766.390 8.106 6.795 
1704874766.490 8.095 6.889 
1704874766.590 8.084 6.970 
1704874766.690 8.070 7.057 
1704874766.790 8.048 7.148 
1704874766.890 8.031 7.234 
1704874766.991 8.020 7.313 
1704874767.091 8.006 7.393 
1704874767.191 7.993 7.466 
1704874767.291 7.979 7.535 
1704874767.391 7.954 7.600 
1704874767.491 7.922 7.662 
1704874767.592 7.881 7.739 
1704874767.691 7.829 7.810 
1704874767.792 7.793 7.870 
1704874767.892 7.758 7.933 
1704874767.991 7.709 8.010 
1704874768.092 7.651 8.083 
1704874768.192 7.592 8.138 
1704874768.293 7.513 8.183 
1704874768.398 7.389 8.180 
1704874768.495 7.257 8.151 
1704874768.593 7.124 8.117 
1704874768.692 7.001 8.087 
1704874768.792 6.882 8.060 
1704874768.894 6.764 8.007 
1704874768.992 6.686 7.920 
1704874769.093 6.620 7.834 
1704874769.193 6.577 7.710 
1704874769.293 6.558 7.611 
1704874769.393 6.548 7.500 
1704874769.494 6.544 7.403 
1704874769.594 6.544 7.301 
1704874769.696 6.542 7.196 
1704874769.795 6.541 7.095 
1704874769.895 6.535 6.991 
1704874769.995 6.534 6.880 
1704874770.095 6.537 6.795 
1704874770.195 6.530 6.731 
1704874770.295 6.522 6.660 
1704874770.395 6.516 6.580 
1704874770.495 6.511 6.492 
1704874770.599 6.505 6.399 
1704874770.699 6.503 6.309 
1704874770.799 6.501 6.220 
1704874770.900 6.500 6.130 
1704874770.999 6.498 6.042 
1704874771.100 6.497 5.947 
1704874771.199 6.495 5.855 
1704874771.299 6.494 5.761 
1704874771.400 6.492 5.666 
1704874771.500 6.490 5.571 
1704874771.600 6.488 5.481 
1704874771.700 6.486 5.386 
1704874771.800 6.484 5.294 
1704874771.900 6.479 5.199 
1704874772.000 6.475 5.103 
1704874772.100 6.473 5.008 
1704874772.201 6.471 4.917 
1704874772.301 6.463 4.823 
1704874772.401 6.459 4.733 
1704874772.501 6.456 4.641 
1704874772.601 6.446 4.550 
1704874772.701 6.433 4.469 
1704874772.801 6.421 4.393 
1704874772.902 6.411 4.317 
1704874773.001 6.374 4.211 
1704874773.102 6.348 4.115 
1704874773.202 6.332 4.035 
1704874773.302 6.315 3.954 
1704874773.402 6.303 3.883 
1704874773.502 6.286 3.805 
1704874773.602 6.259 3.726 
1704874773.703 6.229 3.659 
1704874773.804 6.195 3.597 
1704874773.903 6.162 3.535 
1704874774.003 6.136 3.460 
1704874774.103 6.099 3.391 
1704874774.203 6.055 3.323 
1704874774.303 6.018 3.264 
1704874774.403 5.986 3.212 
1704874774.503 5.942 3.156 
1704874774.604 5.864 3.089 
1704874774.704 5.783 3.021 
1704874774.804 5.724 2.963 
1704874774.904 5.661 2.910 
1704874775.005 5.586 2.858 
1704874775.105 5.509 2.814 
1704874775.204 5.429 2.781 
1704874775.305 5.347 2.760 
1704874775.405 5.251 2.750 
1704874775.505 5.152 2.747 
1704874775.606 5.054 2.752 
1704874775.706 4.983 2.757 
1704874775.806 4.925 2.762 
1704874775.906 4.857 2.773 
1704874776.006 4.776 2.779 
1704874776.106 4.681 2.772 
1704874776.207 4.583 2.765 
1704874776.308 4.491 2.761 
1704874776.407 4.402 2.759 
1704874776.508 4.308 2.757 
1704874776.608 4.198 2.747 
1704874776.708 4.090 2.740 
1704874776.809 3.983 2.733 
1704874776.910 3.875 2.730 
1704874777.009 3.761 2.726 
1704874777.109 3.645 2.722 
1704874777.209 3.526 2.718 
1704874777.311 3.407 2.714 
1704874777.409 3.291 2.712 
1704874777.509 3.173 2.707 
1704874777.610 3.052 2.703 
1704874777.710 2.934 2.697 
1704874777.810 2.813 2.691 
1704874777.910 2.689 2.686 
1704874778.010 2.567 2.680 
1704874778.114 2.444 2.673 
1704874778.212 2.327 2.667 
1704874778.312 2.206 2.662 
1704874778.412 2.083 2.656 
1704874778.512 1.960 2.654 
1704874778.612 1.839 2.651 
1704874778.713 1.720 2.646 
1704874778.812 1.598 2.642 
1704874778.913 1.476 2.646 
1704874779.012 1.353 2.650 
1704874779.113 1.243 2.642 
1704874779.213 1.132 2.644 
1704874779.313 1.018 2.657 
1704874779.413 0.900 2.670 
1704874779.513 0.788 2.687 
1704874779.613 0.689 2.690 
1704874779.713 0.596 2.689 
1704874779.814 0.500 2.707 
1704874779.914 0.404 2.745 
1704874780.015 0.306 2.785 
1704874780.119 0.198 2.825 
1704874780.215 0.108 2.863 
1704874780.315 0.024 2.896 
1704874780.416 -0.054 2.932 
1704874780.518 -0.131 2.976 
1704874780.617 -0.214 3.027 
1704874780.716 -0.294 3.080 
1704874780.816 -0.369 3.138 
1704874780.916 -0.447 3.203 
1704874781.016 -0.522 3.279 
1704874781.116 -0.589 3.351 
1704874781.216 -0.647 3.419 
1704874781.316 -0.695 3.494 
1704874781.419 -0.732 3.596 
1704874781.519 -0.769 3.682 
1704874781.619 -0.793 3.776 
1704874781.719 -0.817 3.870 
1704874781.820 -0.836 3.966 
1704874781.920 -0.852 4.063 
1704874782.020 -0.856 4.163 
1704874782.120 -0.844 4.262 
1704874782.220 -0.827 4.367 
1704874782.325 -0.816 4.471 
1704874782.425 -0.806 4.567 
1704874782.525 -0.790 4.657 
1704874782.626 -0.763 4.760 
1704874782.726 -0.730 4.868 
1704874782.826 -0.702 4.969 
1704874782.927 -0.676 5.069 
1704874783.026 -0.657 5.153 
1704874783.129 -0.619 5.245 
1704874783.227 -0.571 5.345 
1704874783.327 -0.539 5.435 
1704874783.428 -0.506 5.526 
1704874783.528 -0.468 5.613 
1704874783.627 -0.433 5.693 
1704874783.728 -0.395 5.773 
1704874783.828 -0.355 5.852 
1704874783.928 -0.314 5.927 
1704874784.028 -0.270 6.000 
1704874784.128 -0.224 6.074 
1704874784.228 -0.186 6.141 
1704874784.328 -0.149 6.207 
1704874784.429 -0.109 6.268 
1704874784.531 -0.040 6.356 
1704874784.630 0.021 6.442 
1704874784.730 0.072 6.521 
1704874784.830 0.117 6.591 
1704874784.930 0.162 6.657 
1704874785.030 0.208 6.721 
1704874785.130 0.252 6.783 
1704874785.230 0.294 6.839 
1704874785.330 0.333 6.885 
1704874785.431 0.369 6.944 
1704874785.530 0.390 7.005 
1704874785.630 0.401 7.071 
1704874785.730 0.391 7.159 
1704874785.831 0.420 7.196 
1704874785.932 0.455 7.237 
1704874786.032 0.470 7.300 
1704874786.132 0.448 7.382 
1704874790.845 0.595 7.441 
1704874790.846 0.595 7.441 
1704874790.948 0.617 7.437 
1704874791.047 0.686 7.413 
1704874791.147 0.805 7.413 
1704874791.248 0.952 7.439 
1704874791.348 1.055 7.451 
1704874791.448 1.122 7.462 
1704874791.547 1.198 7.459 
1704874791.647 1.281 7.458 
1704874791.748 1.355 7.460 
1704874791.847 1.411 7.463 
1704874791.947 1.464 7.475 
1704874792.048 1.521 7.511 
1704874792.148 1.579 7.555 
1704874792.248 1.642 7.576 
1704874792.349 1.698 7.594 
1704874792.449 1.752 7.622 
1704874792.549 1.809 7.647 
1704874792.649 1.864 7.730 
1704874792.750 1.911 7.804 
1704874792.850 1.969 7.836 
1704874792.951 2.014 7.885 
1704874793.051 2.009 7.980 
1704874793.150 2.030 8.044 
1704874793.250 2.030 8.106 
1704874793.351 1.993 8.187 
1704874793.454 1.948 8.255 
1704874793.551 1.900 8.307 
1704874793.651 1.847 8.343 
1704874793.752 1.784 8.388 
1704874793.851 1.698 8.444 
1704874793.954 1.607 8.492 
1704874794.054 1.572 8.518 
1704874794.154 1.535 8.541 
1704874794.254 1.468 8.569 
1704874794.354 1.386 8.600 
1704874794.454 1.302 8.622 
1704874794.555 1.225 8.629 
1704874794.655 1.152 8.634 
1704874794.755 1.074 8.641 
1704874794.855 1.001 8.647 
1704874794.956 0.927 8.652 
1704874795.055 0.850 8.645 
1704874795.156 0.772 8.631 
1704874795.256 0.696 8.614 
1704874795.356 0.622 8.594 
1704874795.456 0.548 8.574 
1704874795.557 0.471 8.554 
1704874795.656 0.405 8.540 
1704874795.757 0.343 8.514 
1704874795.857 0.272 8.481 
1704874795.957 0.196 8.447 
1704874796.057 0.122 8.406 
1704874796.158 0.057 8.368 
1704874796.257 -0.007 8.331 
1704874796.357 -0.072 8.285 
1704874796.458 -0.145 8.229 
1704874796.557 -0.214 8.182 
1704874796.658 -0.275 8.137 
1704874796.758 -0.338 8.091 
1704874796.858 -0.398 8.049 
1704874796.959 -0.461 7.993 
1704874797.058 -0.528 7.923 
1704874797.159 -0.589 7.861 
1704874797.260 -0.646 7.807 
1704874797.359 -0.703 7.755 
1704874797.459 -0.759 7.696 
1704874797.559 -0.820 7.603 
1704874797.659 -0.883 7.510 
1704874797.760 -0.940 7.441 
1704874797.862 -0.986 7.385 
1704874797.960 -1.030 7.327 
1704874798.060 -1.088 7.246 
1704874798.160 -1.143 7.155 
1704874798.261 -1.195 7.069 
1704874798.360 -1.244 6.995 
1704874798.461 -1.296 6.918 
1704874798.561 -1.343 6.870 
1704874798.661 -1.375 6.822 
1704874798.761 -1.405 6.759 
1704874798.861 -1.449 6.688 
1704874798.961 -1.488 6.622 
1704874799.061 -1.516 6.556 
1704874799.160 -1.542 6.490 
1704874799.262 -1.577 6.421 
1704874799.361 -1.613 6.349 
1704874799.462 -1.644 6.280 
1704874799.562 -1.674 6.215 
1704874799.662 -1.705 6.148 
1704874799.762 -1.734 6.069 
1704874799.863 -1.764 5.994 
1704874799.962 -1.795 5.924 
1704874800.062 -1.823 5.850 
1704874800.163 -1.852 5.779 
1704874800.263 -1.880 5.708 
1704874800.363 -1.907 5.631 
1704874800.463 -1.933 5.553 
1704874800.563 -1.961 5.478 
1704874800.664 -1.992 5.399 
1704874800.767 -2.025 5.324 
1704874800.863 -2.051 5.257 
1704874800.964 -2.074 5.178 
1704874801.064 -2.100 5.096 
1704874801.166 -2.128 5.016 
1704874801.270 -2.155 4.938 
1704874801.365 -2.176 4.869 
1704874801.465 -2.201 4.791 
1704874801.566 -2.227 4.709 
1704874801.668 -2.245 4.628 
1704874801.767 -2.263 4.551 
1704874801.866 -2.286 4.471 
1704874801.965 -2.308 4.389 
1704874802.066 -2.330 4.311 
1704874802.166 -2.351 4.232 
1704874802.266 -2.371 4.147 
1704874802.366 -2.391 4.068 
1704874802.467 -2.410 3.989 
1704874802.566 -2.429 3.911 
1704874802.668 -2.448 3.834 
1704874802.768 -2.466 3.755 
1704874802.869 -2.482 3.669 
1704874802.969 -2.503 3.587 
1704874803.070 -2.520 3.508 
1704874803.169 -2.537 3.433 
1704874803.270 -2.553 3.354 
1704874803.370 -2.571 3.277 
1704874803.470 -2.586 3.192 
1704874803.570 -2.605 3.108 
1704874803.670 -2.620 3.031 
1704874803.771 -2.637 2.955 
1704874803.871 -2.654 2.878 
1704874803.971 -2.668 2.799 
1704874804.072 -2.682 2.719 
1704874804.172 -2.695 2.638 
1704874804.272 -2.708 2.559 
1704874804.372 -2.722 2.479 
1704874804.472 -2.738 2.404 
1704874804.572 -2.750 2.327 
1704874804.672 -2.761 2.250 
1704874804.772 -2.771 2.170 
1704874804.872 -2.781 2.090 
1704874804.972 -2.794 2.005 
1704874805.072 -2.805 1.929 
1704874805.172 -2.815 1.854 
1704874805.273 -2.825 1.775 
1704874805.374 -2.838 1.694 
1704874805.473 -2.847 1.619 
1704874805.573 -2.854 1.541 
1704874805.673 -2.861 1.461 
1704874805.774 -2.871 1.382 
1704874805.874 -2.879 1.304 
1704874805.974 -2.885 1.226 
1704874806.074 -2.892 1.145 
1704874806.176 -2.900 1.064 
1704874806.275 -2.908 0.986 
1704874806.375 -2.915 0.908 
1704874806.475 -2.921 0.825 
1704874808.591 -3.129 0.711 
1704874808.592 -3.129 0.711 
1704874808.693 -3.105 0.687 
1704874808.792 -3.002 0.634 
1704874808.893 -2.874 0.578 
1704874808.994 -2.792 0.528 
1704874809.094 -2.696 0.475 
1704874809.193 -2.597 0.408 
1704874809.293 -2.488 0.343 
1704874809.394 -2.397 0.287 
1704874809.494 -2.303 0.240 
1704874809.593 -2.194 0.194 
1704874809.694 -2.081 0.145 
1704874809.794 -1.973 0.098 
1704874809.894 -1.868 0.055 
1704874809.994 -1.758 0.015 
1704874810.094 -1.643 -0.026 
1704874810.195 -1.535 -0.064 
1704874810.295 -1.425 -0.099 
1704874810.398 -1.306 -0.128 
1704874810.496 -1.198 -0.158 
1704874810.596 -1.101 -0.191 
1704874810.696 -1.001 -0.216 
1704874810.796 -0.914 -0.224 
1704874810.897 -0.833 -0.226 
1704874810.996 -0.783 -0.238 
1704874811.097 -0.777 -0.265 
1704874811.196 -0.770 -0.278 
1704874811.296 -0.691 -0.221 
1704874811.397 -0.592 -0.123 
1704874811.498 -0.529 -0.068 
1704874811.598 -0.472 -0.067 
1704874811.702 -0.423 -0.032 
1704874811.806 -0.386 0.044 
1704874811.901 -0.370 0.117 
1704874811.999 -0.353 0.178 
1704874812.098 -0.332 0.241 
1704874812.198 -0.319 0.311 
1704874812.298 -0.314 0.383 
1704874812.398 -0.315 0.460 
1704874812.499 -0.321 0.537 
1704874812.599 -0.317 0.603 
1704874812.698 -0.318 0.680 
1704874812.798 -0.317 0.756 
1704874812.899 -0.320 0.838 
1704874812.998 -0.325 0.920 
1704874813.100 -0.329 1.008 
1704874813.199 -0.329 1.093 
1704874813.299 -0.334 1.185 
1704874813.402 -0.347 1.279 
1704874813.502 -0.354 1.375 
1704874813.601 -0.357 1.451 
1704874813.701 -0.367 1.515 
1704874813.802 -0.382 1.587 
1704874813.903 -0.395 1.672 
1704874814.002 -0.406 1.760 
1704874814.102 -0.416 1.847 
1704874814.202 -0.426 1.937 
1704874814.303 -0.436 2.026 
1704874814.402 -0.447 2.115 
1704874814.502 -0.459 2.202 
1704874814.602 -0.472 2.288 
1704874814.703 -0.484 2.376 
1704874814.804 -0.501 2.466 
1704874814.907 -0.519 2.559 
1704874815.004 -0.535 2.644 
1704874815.104 -0.550 2.733 
1704874815.205 -0.565 2.821 
1704874815.305 -0.581 2.912 
1704874815.404 -0.604 3.001 
1704874815.505 -0.628 3.093 
1704874815.605 -0.649 3.174 
1704874815.705 -0.674 3.255 
1704874815.805 -0.696 3.338 
1704874815.905 -0.720 3.423 
1704874816.006 -0.746 3.502 
1704874816.106 -0.770 3.580 
1704874816.206 -0.790 3.658 
1704874816.306 -0.813 3.736 
1704874816.405 -0.836 3.812 
1704874816.506 -0.859 3.886 
1704874816.607 -0.880 3.961 
1704874816.707 -0.896 4.036 
1704874816.807 -0.910 4.113 
1704874816.907 -0.922 4.191 
1704874817.007 -0.940 4.274 
1704874817.108 -0.961 4.352 
1704874817.207 -0.983 4.427 
1704874817.307 -0.995 4.503 
1704874817.408 -0.993 4.585 
1704874817.508 -0.983 4.682 
1704874817.608 -0.975 4.781 
1704874817.708 -0.974 4.868 
1704874817.808 -0.974 4.965 
1704874817.908 -0.971 5.054 
1704874818.008 -0.969 5.135 
1704874818.108 -0.965 5.213 
1704874818.209 -0.947 5.298 
1704874818.309 -0.901 5.373 
1704874818.408 -0.847 5.441 
1704874818.509 -0.801 5.505 
1704874818.609 -0.753 5.574 
1704874818.711 -0.700 5.656 
1704874818.810 -0.643 5.740 
1704874818.910 -0.585 5.817 
1704874819.010 -0.533 5.883 
1704874819.110 -0.479 5.946 
1704874819.210 -0.411 5.998 
1704874819.310 -0.352 6.043 
1704874819.410 -0.330 6.096 
1704874819.511 -0.269 6.155 
1704874819.610 -0.156 6.195 
1704874819.711 -0.018 6.223 
1704874819.810 0.066 6.240 
1704874819.911 0.138 6.258 
1704874820.011 0.227 6.283 
1704874820.111 0.329 6.321 
1704874820.211 0.421 6.363 
1704874820.311 0.505 6.399 
1704874820.411 0.572 6.413 
1704874820.512 0.649 6.446 
1704874820.611 0.741 6.489 
1704874820.712 0.813 6.526 
1704874820.815 0.886 6.562 
1704874820.912 0.956 6.600 
1704874821.012 1.031 6.637 
1704874821.113 1.107 6.672 
1704874821.211 1.182 6.711 
1704874821.312 1.258 6.746 
1704874821.412 1.374 6.776 
1704874821.513 1.470 6.812 
1704874821.612 1.550 6.836 
1704874821.713 1.620 6.852 
1704874821.814 1.707 6.865 
1704874821.914 1.784 6.881 
1704874822.014 1.852 6.895 
1704874827.524 1.552 7.503 
1704874827.624 1.553 7.525 
1704874827.724 1.530 7.506 
1704874827.825 1.465 7.458 
1704874827.925 1.369 7.412 
1704874828.026 1.291 7.375 
1704874828.125 1.273 7.355 
1704874828.226 1.280 7.358 
1704874828.325 1.262 7.365 
1704874828.425 1.181 7.372 
1704874828.526 1.057 7.361 
1704874828.626 0.936 7.350 
1704874828.725 0.820 7.345 
1704874828.826 0.734 7.347 
1704874828.927 0.696 7.343 
1704874829.027 0.709 7.342 
1704874829.126 0.729 7.328 
1704874829.226 0.645 7.370 
1704874829.326 0.525 7.414 
1704874829.426 0.446 7.449 
1704874829.526 0.367 7.464 
1704874829.627 0.280 7.470 
1704874829.727 0.200 7.466 
1704874829.827 0.120 7.472 
1704874829.927 0.030 7.487 
1704874830.028 -0.067 7.494 
1704874830.127 -0.157 7.501 
1704874830.229 -0.239 7.511 
1704874830.329 -0.319 7.523 
1704874830.429 -0.400 7.533 
1704874830.528 -0.478 7.541 
1704874830.628 -0.556 7.549 
1704874830.728 -0.639 7.565 
1704874830.829 -0.718 7.576 
1704874830.928 -0.792 7.587 
1704874831.029 -0.865 7.597 
1704874831.128 -0.930 7.605 
1704874831.229 -0.994 7.614 
1704874831.329 -1.067 7.637 
1704874831.430 -1.143 7.660 
1704874831.530 -1.213 7.677 
1704874831.630 -1.277 7.693 
1704874831.729 -1.340 7.708 
1704874831.830 -1.410 7.726 
1704874831.930 -1.487 7.752 
1704874832.030 -1.566 7.781 
1704874832.130 -1.638 7.805 
1704874832.231 -1.709 7.828 
1704874832.331 -1.784 7.848 
1704874832.431 -1.863 7.869 
1704874832.534 -1.940 7.892 
1704874832.633 -2.020 7.916 
1704874832.734 -2.098 7.938 
1704874832.833 -2.179 7.959 
1704874832.934 -2.254 7.978 
1704874833.034 -2.335 7.998 
1704874833.134 -2.418 8.024 
1704874833.235 -2.556 8.022 
1704874833.334 -2.680 8.026 
1704874833.435 -2.783 8.020 
1704874833.536 -2.893 7.997 
1704874833.636 -2.998 7.984 
1704874833.737 -3.085 7.994 
1704874833.836 -3.185 7.972 
1704874833.937 -3.295 7.918 
1704874834.036 -3.401 7.872 
1704874834.137 -3.505 7.779 
1704874834.237 -3.574 7.692 
1704874834.337 -3.582 7.619 
1704874834.437 -3.593 7.551 
1704874834.537 -3.618 7.460 
1704874834.637 -3.666 7.341 
1704874834.738 -3.709 7.224 
1704874834.838 -3.740 7.121 
1704874834.940 -3.770 7.041 
1704874835.038 -3.797 6.968 
1704874835.138 -3.828 6.897 
1704874835.238 -3.862 6.824 
1704874835.339 -3.902 6.740 
1704874835.438 -3.945 6.644 
1704874835.538 -3.990 6.576 
1704874835.638 -4.001 6.540 
1704874835.740 -4.017 6.485 
1704874835.842 -4.053 6.412 
1704874835.940 -4.102 6.334 
1704874836.040 -4.157 6.259 
1704874836.141 -4.209 6.191 
1704874836.240 -4.242 6.127 
1704874836.341 -4.277 6.043 
1704874836.442 -4.332 5.922 
1704874836.543 -4.396 5.826 
1704874836.642 -4.437 5.747 
1704874836.742 -4.456 5.667 
1704874836.842 -4.485 5.563 
1704874836.943 -4.519 5.448 
1704874837.043 -4.549 5.343 
1704874837.143 -4.575 5.242 
1704874837.243 -4.604 5.151 
1704874837.343 -4.628 5.081 
1704874837.444 -4.667 5.000 
1704874837.544 -4.718 4.917 
1704874837.645 -4.764 4.844 
1704874837.745 -4.802 4.770 
1704874837.845 -4.845 4.691 
1704874837.945 -4.891 4.611 
1704874838.046 -4.927 4.545 
1704874838.145 -4.950 4.502 
1704874838.245 -4.953 4.475 
1704874838.346 -4.916 4.464 
1704874838.446 -4.963 4.442 
1704874838.546 -5.029 4.421 
1704874838.645 -5.066 4.383 
1704874838.746 -5.145 4.361 
1704874838.846 -5.227 4.320 
1704874838.946 -5.321 4.286 
1704874839.046 -5.425 4.258 
1704874839.146 -5.540 4.243 
1704874839.247 -5.632 4.237 
1704874839.346 -5.682 4.236 
1704874839.446 -5.717 4.241 
1704874839.547 -5.792 4.284 
1704874839.647 -5.880 4.344 
1704874839.747 -5.938 4.370 
1704874839.847 -5.983 4.394 
1704874839.947 -6.050 4.440 
1704874840.048 -6.125 4.490 
1704874840.149 -6.198 4.535 
1704874840.248 -6.272 4.578 
1704874840.349 -6.336 4.620 
1704874840.448 -6.388 4.659 
1704874840.549 -6.450 4.705 
1704874840.648 -6.524 4.775 
1704874840.750 -6.570 4.889 
1704874840.848 -6.606 4.982 
1704874840.949 -6.645 5.038 
1704874841.049 -6.681 5.090 
1704874841.149 -6.711 5.182 
1704874841.249 -6.747 5.279 
1704874841.350 -6.778 5.335 
1704874841.450 -6.792 5.417 
1704874841.550 -6.815 5.508 
1704874841.650 -6.832 5.584 
1704874841.751 -6.845 5.659 
1704874841.849 -6.859 5.725 
1704874841.950 -6.875 5.804 
1704874842.050 -6.890 5.873 
1704874842.150 -6.902 5.937 
1704874842.251 -6.900 6.023 
1704874846.962 -6.786 5.761 
1704874847.063 -6.793 5.739 
1704874847.163 -6.782 5.730 
1704874847.263 -6.748 5.731 
1704874847.364 -6.700 5.713 
1704874847.465 -6.657 5.659 
1704874847.566 -6.601 5.592 
1704874847.665 -6.556 5.523 
1704874847.766 -6.507 5.462 
1704874847.869 -6.448 5.391 
1704874847.968 -6.404 5.330 
1704874848.067 -6.368 5.271 
1704874848.167 -6.332 5.209 
1704874848.268 -6.298 5.143 
1704874848.368 -6.256 5.071 
1704874848.468 -6.215 5.008 
1704874848.567 -6.171 4.947 
1704874848.667 -6.131 4.880 
1704874848.768 -6.093 4.807 
1704874848.868 -6.055 4.731 
1704874848.968 -6.015 4.651 
1704874849.068 -5.973 4.575 
1704874849.168 -5.927 4.495 
1704874849.268 -5.895 4.415 
1704874849.368 -5.863 4.329 
1704874849.468 -5.829 4.240 
1704874849.568 -5.797 4.153 
1704874849.669 -5.761 4.061 
1704874849.769 -5.725 3.968 
1704874849.868 -5.700 3.881 
1704874849.968 -5.677 3.780 
1704874850.068 -5.655 3.678 
1704874850.170 -5.637 3.577 
1704874850.269 -5.627 3.479 
1704874850.369 -5.614 3.379 
1704874850.470 -5.599 3.278 
1704874850.570 -5.588 3.176 
1704874850.671 -5.578 3.075 
1704874850.770 -5.571 2.977 
1704874850.870 -5.569 2.881 
1704874850.970 -5.571 2.791 
1704874851.071 -5.575 2.703 
1704874851.171 -5.582 2.618 
1704874851.272 -5.584 2.540 
1704874851.371 -5.585 2.467 
1704874851.471 -5.604 2.385 
1704874851.572 -5.624 2.310 
1704874851.671 -5.642 2.249 
1704874851.771 -5.660 2.197 
1704874851.872 -5.683 2.131 
1704874851.972 -5.705 2.045 
1704874852.072 -5.764 1.940 
1704874852.172 -5.832 1.839 
1704874852.273 -5.872 1.799 
1704874852.372 -5.916 1.769 
1704874852.473 -5.964 1.705 
1704874852.572 -6.018 1.605 
1704874852.672 -6.060 1.512 
1704874852.785 -6.095 1.441 
1704874852.879 -6.128 1.379 
1704874852.975 -6.176 1.318 
1704874853.073 -6.219 1.261 
1704874853.174 -6.256 1.203 
1704874853.274 -6.305 1.136 
1704874853.374 -6.361 1.060 
1704874853.474 -6.408 0.987 
1704874853.575 -6.443 0.917 
1704874853.675 -6.466 0.850 
1704874853.777 -6.485 0.766 
1704874853.875 -6.475 0.633 
1704874853.975 -6.462 0.511 
1704874854.076 -6.427 0.387 
1704874854.175 -6.383 0.272 
1704874854.277 -6.354 0.207 
1704874854.376 -6.328 0.160 
1704874854.476 -6.296 0.100 
1704874854.576 -6.245 0.031 
1704874854.678 -6.199 -0.033 
1704874854.777 -6.170 -0.087 
1704874854.877 -6.141 -0.139 
1704874854.976 -6.109 -0.192 
1704874855.078 -6.077 -0.251 
1704874855.178 -6.040 -0.312 
1704874855.277 -6.005 -0.375 
1704874855.377 -5.973 -0.440 
1704874855.478 -5.947 -0.504 
1704874855.578 -5.922 -0.572 
1704874855.678 -5.891 -0.643 
1704874855.779 -5.860 -0.706 
1704874855.879 -5.831 -0.774 
1704874855.980 -5.802 -0.848 
1704874856.079 -5.767 -0.927 
1704874856.179 -5.732 -1.009 
1704874856.280 -5.705 -1.085 
1704874856.379 -5.669 -1.166 
1704874856.479 -5.632 -1.249 
1704874856.582 -5.592 -1.334 
1704874856.682 -5.555 -1.418 
1704874856.781 -5.518 -1.505 
1704874856.882 -5.477 -1.589 
1704874856.982 -5.433 -1.672 
1704874857.082 -5.390 -1.753 
1704874857.182 -5.351 -1.841 
1704874857.283 -5.308 -1.928 
1704874857.382 -5.269 -2.011 
1704874857.482 -5.245 -2.104 
1704874857.582 -5.227 -2.201 
1704874857.683 -5.191 -2.270 
1704874857.783 -5.163 -2.339 
1704874857.883 -5.160 -2.414 
1704874857.985 -5.156 -2.498 
1704874858.084 -5.154 -2.582 
1704874858.186 -5.158 -2.658 
1704874858.285 -5.164 -2.731 
1704874858.386 -5.168 -2.808 
1704874858.485 -5.160 -2.880 
1704874858.585 -5.160 -2.941 
1704874858.685 -5.161 -3.020 
1704874858.786 -5.105 -3.139 
1704874858.887 -5.061 -3.219 
1704874858.986 -5.066 -3.275 
1704874859.086 -5.081 -3.311 
1704874859.186 -5.045 -3.364 
1704874859.286 -4.978 -3.434 
1704874859.390 -4.898 -3.510 
1704874859.486 -4.832 -3.559 
1704874859.586 -4.779 -3.614 
1704874859.688 -4.740 -3.675 
1704874859.787 -4.700 -3.734 
1704874859.886 -4.658 -3.777 
1704874859.987 -4.645 -3.801 
1704874860.089 -4.603 -3.816 
1704874860.188 -4.486 -3.807 
1704874860.287 -4.384 -3.806 
1704874860.388 -4.329 -3.813 
1704874860.487 -4.279 -3.807 
1704874860.587 -4.208 -3.782 
1704874860.687 -4.128 -3.756 
1704874860.788 -4.049 -3.741 
1704874860.888 -3.980 -3.737 
1704874860.988 -3.909 -3.726 
1704874861.088 -3.830 -3.705 
1704874861.188 -3.753 -3.680 
1704874861.289 -3.674 -3.649 
1704874861.390 -3.590 -3.615 
1704874861.489 -3.512 -3.579 
1704874861.590 -3.426 -3.543 
1704874861.689 -3.329 -3.519 
1704874861.790 -3.233 -3.493 
1704874861.889 -3.136 -3.468 
1704874861.989 -3.035 -3.443 
1704874862.090 -2.984 -3.427 
1704874862.189 -2.922 -3.413 
1704874862.291 -2.842 -3.395 
1704874862.391 -2.767 -3.380 
1704874862.492 -2.693 -3.369 
1704874862.592 -2.619 -3.357 
1704874862.691 -2.542 -3.347 
1704874862.792 -2.465 -3.332 
1704874862.892 -2.391 -3.317 
1704874862.991 -2.317 -3.308 
1704874863.092 -2.238 -3.300 
1704874863.193 -2.157 -3.290 
1704874863.293 -2.075 -3.280 
1704874863.393 -1.998 -3.267 
1704874863.492 -1.917 -3.253 
1704874863.593 -1.832 -3.237 
1704874863.692 -1.748 -3.225 
1704874863.794 -1.666 -3.214 
1704874863.894 -1.581 -3.201 
1704874863.994 -1.498 -3.186 
1704874864.095 -1.414 -3.170 
1704874864.194 -1.329 -3.151 
1704874864.294 -1.244 -3.134 
1704874864.395 -1.165 -3.120 
1704874864.495 -1.086 -3.107 
1704874864.596 -1.006 -3.091 
1704874864.695 -0.928 -3.074 
1704874864.795 -0.846 -3.055 
1704874864.894 -0.767 -3.037 
1704874864.995 -0.686 -3.018 
1704874865.096 -0.613 -3.004 
1704874865.196 -0.539 -2.991 
1704874865.296 -0.460 -2.980 
1704874865.396 -0.379 -2.973 
1704874865.496 -0.303 -2.966 
1704874865.596 -0.228 -2.962 
1704874865.699 -0.130 -2.944 
1704874865.798 -0.016 -2.933 
1704874865.897 0.086 -2.916 
1704874865.996 0.177 -2.898 
1704874866.096 0.272 -2.897 
1704874866.197 0.337 -2.906 
1704874866.296 0.400 -2.902 
1704874866.397 0.480 -2.899 
1704874866.499 0.569 -2.896 
1704874866.598 0.642 -2.895 
1704874866.697 0.710 -2.897 
1704874866.798 0.788 -2.897 
1704874866.898 0.865 -2.902 
1704874866.999 0.940 -2.906 
1704874867.099 1.015 -2.909 
1704874867.200 1.091 -2.913 
1704874867.299 1.166 -2.917 
1704874867.399 1.240 -2.922 
1704874867.499 1.314 -2.926 
1704874867.600 1.394 -2.932 
1704874867.700 1.476 -2.937 
1704874867.800 1.554 -2.942 
1704874867.900 1.632 -2.948 
1704874868.002 1.709 -2.955 
1704874868.102 1.786 -2.963 
1704874868.201 1.862 -2.970 
1704874868.302 1.944 -2.978 
1704874868.402 2.021 -2.983 
1704874868.501 2.093 -2.987 
1704874868.600 2.198 -3.002 
1704874868.700 2.313 -3.020 
1704874868.800 2.415 -3.026 
1704874868.901 2.509 -3.029 
1704874869.001 2.605 -3.032 
1704874869.102 2.702 -3.039 
1704874869.201 2.800 -3.048 
1704874869.301 2.897 -3.055 
1704874869.401 2.997 -3.061 
1704874869.502 3.101 -3.069 
1704874869.602 3.207 -3.084 
1704874869.703 3.291 -3.085 
1704874869.803 3.350 -3.093 
1704874869.903 3.417 -3.102 
1704874870.003 3.492 -3.112 
1704874870.103 3.571 -3.122 
1704874870.204 3.650 -3.135 
1704874870.305 3.731 -3.150 
1704874870.403 3.796 -3.159 
1704874870.504 3.869 -3.170 
1704874870.604 3.944 -3.182 
1704874870.705 4.020 -3.193 
1704874873.912 4.391 -3.393 
1704874873.912 4.391 -3.393 
1704874874.013 4.391 -3.423 
1704874874.114 4.367 -3.528 
1704874874.216 4.344 -3.653 
1704874874.316 4.319 -3.779 
1704874874.416 4.284 -3.894 
1704874874.516 4.266 -4.010 
1704874874.618 4.272 -4.124 
1704874874.719 4.278 -4.221 
1704874874.818 4.287 -4.309 
1704874874.918 4.296 -4.391 
1704874875.019 4.298 -4.452 
1704874875.119 4.290 -4.488 
1704874875.218 4.261 -4.496 
1704874875.319 4.231 -4.513 
1704874875.419 4.256 -4.565 
1704874875.519 4.333 -4.641 
1704874875.619 4.368 -4.695 
1704874875.719 4.388 -4.732 
1704874875.819 4.422 -4.780 
1704874875.920 4.467 -4.833 
1704874876.020 4.516 -4.875 
1704874876.120 4.571 -4.906 
1704874876.220 4.636 -4.931 
1704874876.320 4.709 -4.948 
1704874876.422 4.786 -4.956 
1704874876.522 4.870 -4.951 
1704874876.623 4.950 -4.941 
1704874876.723 5.035 -4.924 
1704874876.823 5.121 -4.902 
1704874876.925 5.208 -4.869 
1704874877.024 5.292 -4.825 
1704874877.125 5.370 -4.776 
1704874877.225 5.453 -4.727 
1704874877.326 5.543 -4.680 
1704874877.425 5.624 -4.631 
1704874877.525 5.712 -4.576 
1704874877.625 5.767 -4.538 
1704874877.725 5.817 -4.511 
1704874877.826 5.885 -4.469 
1704874877.925 5.951 -4.427 
1704874878.025 6.013 -4.387 
1704874878.127 6.073 -4.349 
1704874878.226 6.145 -4.313 
1704874878.326 6.214 -4.281 
1704874878.427 6.313 -4.244 
1704874878.526 6.418 -4.195 
1704874878.627 6.505 -4.148 
1704874878.727 6.589 -4.118 
1704874878.826 6.670 -4.097 
1704874878.927 6.749 -4.084 
1704874879.027 6.818 -4.075 
1704874879.127 6.872 -4.060 
1704874879.228 6.921 -4.048 
1704874879.327 7.020 -4.080 
1704874879.427 7.098 -4.106 
1704874879.527 7.149 -4.120 
1704874879.627 7.193 -4.147 
1704874879.727 7.258 -4.207 
1704874879.828 7.313 -4.271 
1704874879.928 7.346 -4.315 
1704874880.030 7.373 -4.365 
1704874880.128 7.397 -4.415 
1704874880.228 7.422 -4.464 
1704874880.328 7.446 -4.513 
1704874880.427 7.458 -4.566 
1704874880.529 7.460 -4.623 
1704874880.629 7.466 -4.677 
1704874880.729 7.487 -4.727 
1704874880.829 7.515 -4.780 
1704874880.930 7.534 -4.843 
1704874881.029 7.534 -4.889 
1704874881.132 7.533 -4.941 
1704874881.231 7.533 -5.000 
1704874881.331 7.531 -5.058 
1704874881.431 7.527 -5.123 
1704874881.531 7.523 -5.187 
1704874881.631 7.519 -5.254 
1704874881.732 7.516 -5.327 
1704874881.832 7.519 -5.391 
1704874881.933 7.508 -5.459 
1704874882.033 7.497 -5.529 
1704874882.132 7.482 -5.598 
1704874882.233 7.466 -5.668 
1704874882.332 7.449 -5.737 
1704874882.433 7.429 -5.808 
1704874882.533 7.405 -5.879 
1704874882.636 7.387 -5.951 
1704874882.735 7.375 -6.022 
1704874882.834 7.360 -6.093 
1704874882.935 7.339 -6.164 
1704874883.036 7.310 -6.229 
1704874883.136 7.270 -6.289 
1704874883.237 7.227 -6.346 
1704874883.338 7.190 -6.405 
1704874883.438 7.152 -6.476 
1704874883.537 7.114 -6.548 
1704874883.637 7.063 -6.604 
1704874883.738 7.011 -6.650 
1704874883.838 6.965 -6.684 
1704874883.939 6.917 -6.708 
1704874884.039 6.876 -6.722 
1704874884.139 6.832 -6.740 
1704874884.240 6.776 -6.775 
1704874884.338 6.715 -6.812 
1704874884.439 6.645 -6.852 
1704874884.539 6.572 -6.889 
1704874884.640 6.495 -6.926 
1704874884.740 6.416 -6.962 
1704874884.840 6.345 -7.000 
1704874884.939 6.266 -7.039 
1704874885.040 6.179 -7.080 
1704874885.141 6.091 -7.124 
1704874885.240 6.007 -7.165 
1704874885.341 5.928 -7.201 
1704874885.440 5.841 -7.233 
1704874885.540 5.747 -7.259 
1704874885.641 5.656 -7.289 
1704874885.742 5.569 -7.324 
1704874885.843 5.501 -7.360 
1704874885.941 5.423 -7.378 
1704874886.042 5.341 -7.394 
1704874886.142 5.264 -7.406 
1704874886.241 5.171 -7.403 
1704874886.342 5.079 -7.398 
1704874886.443 4.992 -7.390 
1704874886.543 4.909 -7.382 
1704874886.643 4.845 -7.375 
1704874886.744 4.787 -7.377 
1704874886.851 4.708 -7.379 
1704874886.946 4.607 -7.364 
1704874887.047 4.497 -7.344 
1704874887.144 4.398 -7.323 
1704874887.247 4.304 -7.313 
1704874887.345 4.235 -7.305 
1704874887.445 4.177 -7.294 
1704874887.545 4.131 -7.281 
1704874887.645 4.074 -7.272 
1704874887.745 4.014 -7.268 
1704874887.845 3.959 -7.267 
1704874887.946 3.894 -7.262 
1704874888.046 3.802 -7.230 
1704874888.146 3.724 -7.211 
1704874888.246 3.660 -7.199 
1704874888.347 3.600 -7.184 
1704874888.450 3.536 -7.160 
1704874888.549 3.467 -7.142 
1704874888.649 3.398 -7.124 
1704874888.748 3.327 -7.105 
1704874888.848 3.255 -7.087 
1704874888.949 3.183 -7.067 
1704874889.048 3.107 -7.043 
1704874889.150 3.023 -7.017 
1704874889.254 2.944 -6.996 
1704874889.352 2.857 -6.972 
1704874889.450 2.770 -6.947 
1704874889.551 2.682 -6.925 
1704874889.653 2.589 -6.901 
1704874889.752 2.497 -6.878 
1704874889.853 2.405 -6.854 
1704874889.953 2.313 -6.824 
1704874890.054 2.206 -6.799 
1704874890.154 2.102 -6.777 
1704874890.254 2.014 -6.769 
1704874890.353 1.954 -6.757 
1704874890.456 1.895 -6.734 
1704874890.556 1.827 -6.715 
1704874890.656 1.743 -6.689 
1704874890.757 1.656 -6.666 
1704874890.857 1.575 -6.651 
1704874890.957 1.496 -6.639 
1704874891.057 1.418 -6.625 
1704874891.157 1.334 -6.615 
1704874891.258 1.252 -6.607 
1704874891.358 1.169 -6.595 
1704874891.458 1.087 -6.584 
1704874891.559 1.008 -6.573 
1704874891.659 0.930 -6.561 
1704874891.760 0.849 -6.551 
1704874891.860 0.764 -6.548 
1704874891.960 0.681 -6.544 
1704874892.060 0.602 -6.539 
1704874892.161 0.522 -6.533 
1704874892.260 0.440 -6.527 
1704874892.360 0.355 -6.521 
1704874892.460 0.269 -6.527 
1704874892.561 0.184 -6.535 
1704874892.661 0.104 -6.541 
1704874892.761 0.033 -6.540 
1704874892.861 -0.050 -6.546 
1704874892.961 -0.137 -6.558 
1704874893.063 -0.224 -6.573 
1704874893.163 -0.306 -6.594 
1704874893.262 -0.380 -6.616 
1704874893.361 -0.459 -6.635 
1704874893.462 -0.535 -6.654 
1704874893.562 -0.609 -6.679 
1704874893.662 -0.683 -6.707 
1704874893.763 -0.756 -6.736 
1704874893.862 -0.824 -6.770 
1704874893.972 -0.894 -6.800 
1704874894.066 -0.987 -6.836 
1704874894.166 -1.100 -6.885 
1704874894.266 -1.203 -6.935 
1704874894.366 -1.287 -6.985 
1704874894.466 -1.357 -7.031 
1704874894.566 -1.429 -7.067 
1704874894.666 -1.504 -7.102 
1704874894.766 -1.586 -7.133 
1704874894.865 -1.661 -7.163 
1704874894.966 -1.729 -7.192 
1704874895.067 -1.796 -7.224 
1704874895.166 -1.858 -7.240 
1704874895.266 -1.923 -7.252 
1704874895.367 -1.996 -7.262 
1704874895.466 -2.072 -7.270 
1704874895.567 -2.149 -7.272 
1704874895.666 -2.212 -7.273 
1704874895.767 -2.276 -7.276 
1704874895.867 -2.350 -7.275 
1704874895.967 -2.425 -7.280 
1704874896.067 -2.492 -7.290 
1704874896.167 -2.560 -7.287 
1704874896.268 -2.631 -7.275 
1704874896.367 -2.698 -7.263 
1704874896.468 -2.761 -7.260 
1704874896.568 -2.825 -7.246 
1704874896.668 -2.901 -7.213 
1704874896.768 -2.970 -7.184 
1704874896.868 -3.031 -7.166 
1704874896.968 -3.080 -7.163 
1704874897.069 -3.131 -7.152 
1704874897.171 -3.184 -7.124 
1704874897.271 -3.233 -7.082 
1704874897.372 -3.286 -7.013 
1704874897.471 -3.327 -6.940 
1704874897.571 -3.360 -6.898 
1704874897.672 -3.378 -6.871 
1704874897.772 -3.404 -6.827 
1704874897.872 -3.439 -6.769 
1704874897.972 -3.475 -6.711 
1704874898.072 -3.508 -6.660 
1704874898.172 -3.539 -6.608 
1704874898.273 -3.573 -6.550 
1704874898.372 -3.610 -6.483 
1704874898.472 -3.642 -6.417 
1704874898.573 -3.676 -6.351 
1704874898.673 -3.708 -6.285 
1704874898.772 -3.742 -6.218 
1704874898.873 -3.777 -6.145 
1704874898.973 -3.813 -6.067 
1704874899.074 -3.855 -5.994 
1704874899.174 -3.895 -5.920 
1704874899.274 -3.937 -5.842 
1704874899.374 -3.978 -5.766 
1704874899.474 -4.015 -5.687 
1704874899.574 -4.055 -5.603 
1704874903.085 -3.706 -5.523 
1704874903.085 -3.706 -5.523 
1704874903.186 -3.658 -5.544 
1704874903.287 -3.574 -5.580 
1704874903.386 -3.465 -5.619 
1704874903.487 -3.400 -5.664 
1704874903.586 -3.332 -5.718 
1704874903.686 -3.223 -5.788 
1704874903.787 -3.125 -5.870 
1704874903.887 -3.029 -5.952 
1704874903.987 -2.955 -6.037 
1704874904.088 -2.878 -6.119 
1704874904.189 -2.811 -6.192 
1704874904.289 -2.753 -6.245 
1704874904.389 -2.697 -6.296 
1704874904.489 -2.638 -6.357 
1704874904.589 -2.580 -6.421 
1704874904.689 -2.522 -6.482 
1704874904.789 -2.446 -6.566 
1704874904.890 -2.366 -6.653 
1704874904.991 -2.299 -6.730 
1704874905.090 -2.236 -6.800 
1704874905.192 -2.177 -6.875 
1704874905.291 -2.130 -6.956 
1704874905.391 -2.087 -7.031 
1704874905.491 -2.041 -7.090 
1704874905.591 -1.991 -7.157 
1704874905.690 -1.962 -7.267 
1704874905.792 -1.928 -7.376 
1704874905.891 -1.887 -7.466 
1704874905.991 -1.843 -7.567 
1704874906.090 -1.814 -7.662 
1704874906.191 -1.837 -7.767 
1704874906.292 -1.885 -7.887 
1704874906.391 -1.936 -7.993 
1704874906.494 -2.025 -8.072 
1704874906.592 -2.137 -8.125 
1704874906.693 -2.289 -8.159 
1704874906.792 -2.416 -8.193 
1704874906.893 -2.515 -8.225 
1704874906.994 -2.618 -8.242 
1704874907.094 -2.744 -8.244 
1704874907.200 -2.853 -8.254 
1704874907.296 -2.936 -8.263 
1704874907.395 -3.003 -8.264 
1704874907.495 -3.079 -8.250 
1704874907.597 -3.171 -8.246 
1704874907.695 -3.251 -8.246 
1704874907.795 -3.332 -8.245 
1704874907.895 -3.433 -8.230 
1704874907.995 -3.532 -8.218 
1704874908.096 -3.624 -8.213 
1704874908.196 -3.704 -8.210 
1704874908.295 -3.788 -8.202 
1704874908.395 -3.888 -8.183 
1704874908.496 -3.986 -8.162 
1704874908.596 -4.079 -8.141 
1704874908.696 -4.174 -8.121 
1704874908.796 -4.268 -8.104 
1704874908.896 -4.372 -8.072 
1704874908.997 -4.468 -8.043 
1704874909.097 -4.556 -8.015 
1704874909.197 -4.649 -7.989 
1704874909.297 -4.740 -7.964 
1704874909.397 -4.839 -7.921 
1704874909.497 -4.936 -7.876 
1704874909.598 -5.029 -7.838 
1704874909.697 -5.116 -7.804 
1704874909.798 -5.200 -7.771 
1704874909.898 -5.292 -7.718 
1704874909.999 -5.382 -7.665 
1704874910.100 -5.464 -7.624 
1704874910.202 -5.547 -7.578 
1704874910.300 -5.620 -7.536 
1704874910.401 -5.699 -7.471 
1704874910.500 -5.782 -7.413 
1704874910.601 -5.861 -7.366 
1704874910.701 -5.939 -7.313 
1704874910.802 -6.013 -7.251 
1704874910.902 -6.077 -7.202 
1704874911.002 -6.134 -7.148 
1704874911.104 -6.195 -7.086 
1704874911.203 -6.256 -7.029 
1704874911.303 -6.317 -6.964 
1704874911.403 -6.378 -6.878 
1704874911.503 -6.431 -6.796 
1704874911.604 -6.480 -6.723 
1704874911.704 -6.528 -6.670 
1704874911.803 -6.585 -6.602 
1704874911.904 -6.646 -6.523 
1704874912.004 -6.714 -6.443 
1704874912.105 -6.773 -6.368 
1704874912.204 -6.823 -6.296 
1704874912.307 -6.861 -6.221 
1704874912.408 -6.908 -6.134 
1704874912.508 -6.954 -6.048 
1704874912.607 -6.998 -5.963 
1704874912.709 -7.043 -5.875 
1704874912.808 -7.091 -5.786 
1704874912.909 -7.119 -5.723 
1704874913.008 -7.146 -5.683 
1704874913.108 -7.177 -5.614 
1704874913.209 -7.211 -5.529 
1704874913.309 -7.241 -5.466 
1704874913.409 -7.272 -5.397 
1704874913.509 -7.307 -5.324 
1704874913.612 -7.336 -5.251 
1704874913.712 -7.366 -5.180 
1704874913.811 -7.395 -5.108 
1704874913.912 -7.424 -5.032 
1704874914.012 -7.450 -4.957 
1704874914.112 -7.478 -4.887 
1704874914.213 -7.511 -4.811 
1704874914.313 -7.546 -4.744 
1704874914.413 -7.574 -4.672 
1704874914.512 -7.602 -4.597 
1704874914.616 -7.628 -4.521 
1704874914.714 -7.653 -4.445 
1704874914.815 -7.681 -4.367 
1704874914.915 -7.709 -4.288 
1704874915.015 -7.736 -4.216 
1704874915.115 -7.761 -4.140 
1704874915.215 -7.788 -4.064 
1704874915.315 -7.813 -3.988 
1704874915.416 -7.835 -3.907 
1704874915.516 -7.859 -3.829 
1704874915.616 -7.883 -3.750 
1704874915.716 -7.905 -3.671 
1704874915.818 -7.928 -3.593 
1704874915.919 -7.953 -3.513 
1704874916.018 -7.973 -3.439 
1704874916.120 -7.991 -3.360 
1704874916.220 -8.012 -3.279 
1704874916.320 -8.031 -3.200 
1704874916.420 -8.052 -3.122 
1704874916.519 -8.071 -3.042 
1704874916.622 -8.089 -2.957 
1704874916.720 -8.107 -2.880 
1704874916.821 -8.119 -2.803 
1704874916.921 -8.133 -2.724 
1704874917.021 -8.149 -2.644 
1704874917.121 -8.166 -2.566 
1704874917.221 -8.182 -2.482 
1704874917.322 -8.195 -2.400 
1704874917.421 -8.202 -2.326 
1704874917.524 -8.209 -2.249 
1704874917.622 -8.215 -2.164 
1704874917.721 -8.226 -2.081 
1704874917.822 -8.237 -1.995 
1704874917.922 -8.252 -1.912 
1704874918.023 -8.266 -1.833 
1704874918.123 -8.277 -1.754 
1704874918.224 -8.289 -1.669 
1704874918.324 -8.298 -1.583 
1704874918.423 -8.306 -1.500 
1704874918.525 -8.317 -1.418 
1704874918.624 -8.327 -1.337 
1704874918.724 -8.335 -1.257 
1704874918.828 -8.342 -1.175 
1704874918.924 -8.348 -1.096 
1704874919.025 -8.355 -1.007 
1704874919.124 -8.364 -0.926 
1704874919.225 -8.373 -0.835 
1704874919.531 -8.381 -0.734 
1704874919.627 -8.379 -0.751 
1704874919.726 -8.382 -0.729 
1704874919.827 -8.383 -0.624 
1704874919.929 -8.388 -0.503 
1704874920.028 -8.396 -0.386 
1704874920.127 -8.404 -0.269 
1704874920.227 -8.412 -0.147 
1704874920.327 -8.420 -0.026 
1704874920.428 -8.429 0.090 
1704874920.528 -8.442 0.196 
1704874920.628 -8.444 0.272 
1704874920.727 -8.440 0.350 
1704874924.838 -8.346 -0.081 
1704874924.938 -8.370 -0.035 
1704874925.040 -8.407 0.075 
1704874925.140 -8.428 0.115 
1704874925.240 -8.447 0.115 
1704874925.341 -8.461 0.038 
1704874925.441 -8.471 -0.088 
1704874925.541 -8.470 -0.211 
1704874925.641 -8.468 -0.312 
1704874925.741 -8.470 -0.372 
1704874925.846 -8.470 -0.437 
1704874925.943 -8.470 -0.513 
1704874926.045 -8.471 -0.593 
1704874926.143 -8.470 -0.677 
1704874926.242 -8.470 -0.762 
1704874926.343 -8.471 -0.852 
1704874926.442 -8.470 -0.941 
1704874926.543 -8.470 -1.034 
1704874926.643 -8.469 -1.129 
1704874926.743 -8.468 -1.224 
1704874926.844 -8.468 -1.320 
1704874926.944 -8.469 -1.423 
1704874927.044 -8.470 -1.522 
1704874927.144 -8.479 -1.600 
1704874927.245 -8.484 -1.677 
1704874927.346 -8.465 -1.729 
1704874927.446 -8.445 -1.780 
1704874927.547 -8.431 -1.857 
1704874927.648 -8.424 -1.948 
1704874927.746 -8.421 -2.037 
1704874927.847 -8.415 -2.124 
1704874927.950 -8.407 -2.204 
1704874928.050 -8.388 -2.257 
1704874928.148 -8.368 -2.318 
1704874928.250 -8.357 -2.393 
1704874928.350 -8.345 -2.491 
1704874928.450 -8.339 -2.582 
1704874928.551 -8.336 -2.663 
1704874928.652 -8.327 -2.736 
1704874928.754 -8.318 -2.805 
1704874928.853 -8.315 -2.888 
1704874928.955 -8.314 -2.971 
1704874929.058 -8.311 -3.053 
1704874929.156 -8.309 -3.133 
1704874929.255 -8.307 -3.211 
1704874929.355 -8.304 -3.293 
1704874929.458 -8.300 -3.376 
1704874929.560 -8.299 -3.458 
1704874929.657 -8.294 -3.537 
1704874929.757 -8.289 -3.625 
1704874929.857 -8.287 -3.712 
1704874929.956 -8.283 -3.791 
1704874930.056 -8.278 -3.876 
1704874930.157 -8.275 -3.961 
1704874930.256 -8.273 -4.045 
1704874930.356 -8.273 -4.133 
1704874930.457 -8.269 -4.215 
1704874930.557 -8.264 -4.298 
1704874930.662 -8.257 -4.388 
1704874930.758 -8.253 -4.464 
1704874930.858 -8.248 -4.553 
1704874930.959 -8.245 -4.642 
1704874931.058 -8.244 -4.728 
1704874931.158 -8.241 -4.813 
1704874931.258 -8.235 -4.897 
1704874931.359 -8.233 -4.985 
1704874931.460 -8.230 -5.073 
1704874931.559 -8.223 -5.160 
1704874931.659 -8.217 -5.247 
1704874931.760 -8.211 -5.333 
1704874931.859 -8.206 -5.420 
1704874931.959 -8.204 -5.507 
1704874932.060 -8.199 -5.592 
1704874932.159 -8.193 -5.680 
1704874932.260 -8.188 -5.768 
1704874932.360 -8.182 -5.855 
1704874932.460 -8.176 -5.942 
1704874932.560 -8.169 -6.029 
1704874932.660 -8.163 -6.113 
1704874932.760 -8.157 -6.202 
1704874932.860 -8.151 -6.289 
1704874932.961 -8.145 -6.377 
1704874933.062 -8.139 -6.464 
1704874933.161 -8.132 -6.552 
1704874933.261 -8.126 -6.638 
1704874933.362 -8.119 -6.724 
1704874933.462 -8.112 -6.812 
1704874933.562 -8.106 -6.900 
1704874933.663 -8.099 -6.989 
1704874933.762 -8.093 -7.074 
1704874933.862 -8.086 -7.161 
1704874933.962 -8.079 -7.248 
1704874934.063 -8.071 -7.334 
1704874934.163 -8.063 -7.421 
1704874934.263 -8.055 -7.510 
1704874934.364 -8.047 -7.596 
1704874934.463 -8.039 -7.682 
1704874934.563 -8.031 -7.772 
1704874938.374 -7.979 -8.412 
1704874938.375 -7.979 -8.412 
1704874938.477 -7.973 -8.367 
1704874938.579 -7.975 -8.243 
1704874938.679 -7.983 -8.116 
1704874938.778 -7.987 -8.002 
1704874938.879 -7.992 -7.883 
1704874938.979 -7.998 -7.761 
1704874939.080 -8.002 -7.638 
1704874939.179 -8.004 -7.523 
1704874939.280 -8.010 -7.405 
1704874939.379 -8.018 -7.284 
1704874939.481 -8.027 -7.160 
1704874939.580 -8.035 -7.041 
1704874939.681 -8.042 -6.920 
1704874939.781 -8.049 -6.799 
1704874939.881 -8.056 -6.677 
1704874939.981 -8.065 -6.557 
1704874940.082 -8.073 -6.436 
1704874940.181 -8.081 -6.317 
1704874940.281 -8.089 -6.196 
1704874940.381 -8.097 -6.076 
1704874940.482 -8.105 -5.954 
1704874940.582 -8.114 -5.834 
1704874940.681 -8.121 -5.712 
1704874940.782 -8.129 -5.589 
1704874940.884 -8.135 -5.466 
1704874940.982 -8.141 -5.346 
1704874941.082 -8.150 -5.224 
1704874941.183 -8.158 -5.102 
1704874941.282 -8.165 -4.992 
1704874941.382 -8.166 -4.898 
1704874941.482 -8.166 -4.809 
1704874941.583 -8.170 -4.717 
1704874941.683 -8.174 -4.628 
1704874941.783 -8.179 -4.534 
1704874941.883 -8.175 -4.443 
1704874941.983 -8.176 -4.354 
1704874942.083 -8.176 -4.263 
1704874942.183 -8.179 -4.171 
1704874942.283 -8.180 -4.081 
1704874942.384 -8.182 -3.989 
1704874942.484 -8.174 -3.905 
1704874942.584 -8.165 -3.807 
1704874942.684 -8.163 -3.720 
1704874942.784 -8.163 -3.630 
1704874942.885 -8.153 -3.534 
1704874942.986 -8.147 -3.446 
1704874943.086 -8.137 -3.361 
1704874943.186 -8.126 -3.266 
1704874943.285 -8.114 -3.172 
1704874943.386 -8.103 -3.082 
1704874943.486 -8.089 -2.988 
1704874943.587 -8.072 -2.892 
1704874943.686 -8.059 -2.803 
1704874943.787 -8.044 -2.713 
1704874943.887 -8.025 -2.619 
1704874943.989 -8.003 -2.522 
1704874944.087 -7.978 -2.425 
1704874944.186 -7.958 -2.335 
1704874944.287 -7.932 -2.244 
1704874944.388 -7.907 -2.152 
1704874944.487 -7.882 -2.060 
1704874944.587 -7.862 -1.992 
1704874944.688 -7.848 -1.924 
1704874944.787 -7.828 -1.854 
1704874944.888 -7.800 -1.789 
1704874944.987 -7.774 -1.716 
1704874945.087 -7.749 -1.646 
1704874945.188 -7.727 -1.579 
1704874945.288 -7.700 -1.509 
1704874945.388 -7.655 -1.426 
1704874945.488 -7.613 -1.350 
1704874945.588 -7.577 -1.284 
1704874945.688 -7.546 -1.228 
1704874945.789 -7.519 -1.163 
1704874945.889 -7.480 -1.088 
1704874945.989 -7.421 -1.001 
1704874946.089 -7.365 -0.915 
1704874946.189 -7.331 -0.847 
1704874946.289 -7.300 -0.784 
1704874946.389 -7.262 -0.715 
1704874946.489 -7.208 -0.633 
1704874946.591 -7.159 -0.554 
1704874946.690 -7.113 -0.481 
1704874946.790 -7.065 -0.411 
1704874946.890 -7.009 -0.336 
1704874946.990 -6.952 -0.256 
1704874947.090 -6.896 -0.175 
1704874947.190 -6.843 -0.096 
1704874947.290 -6.790 -0.020 
1704874947.391 -6.728 0.057 
1704874947.490 -6.668 0.133 
1704874947.591 -6.604 0.210 
1704874947.691 -6.538 0.295 
1704874947.792 -6.472 0.380 
1704874947.893 -6.409 0.470 
1704874947.993 -6.348 0.560 
1704874948.093 -6.288 0.635 
1704874948.193 -6.222 0.711 
1704874948.294 -6.155 0.796 
1704874948.393 -6.093 0.890 
1704874948.494 -6.034 0.982 
1704874948.593 -5.973 1.062 
1704874948.695 -5.906 1.152 
1704874948.794 -5.850 1.236 
1704874948.894 -5.799 1.319 
1704874948.994 -5.749 1.404 
1704874949.095 -5.691 1.497 
1704874949.194 -5.630 1.594 
1704874949.295 -5.579 1.682 
1704874949.395 -5.538 1.772 
1704874949.496 -5.509 1.878 
1704874949.595 -5.488 1.978 
1704874949.695 -5.468 2.074 
1704874949.795 -5.447 2.171 
1704874949.895 -5.418 2.267 
1704874949.995 -5.396 2.356 
1704874950.095 -5.385 2.450 
1704874950.196 -5.382 2.552 
1704874950.296 -5.382 2.651 
1704874950.396 -5.379 2.747 
1704874950.497 -5.366 2.839 
1704874950.596 -5.367 2.922 
1704874950.697 -5.382 3.015 
1704874950.796 -5.401 3.107 
1704874950.896 -5.421 3.196 
1704874950.996 -5.445 3.284 
1704874951.096 -5.468 3.369 
1704874951.197 -5.479 3.442 
1704874951.296 -5.494 3.517 
1704874951.397 -5.536 3.608 
1704874951.497 -5.579 3.696 
1704874951.597 -5.608 3.774 
1704874951.697 -5.651 3.851 
1704874951.799 -5.706 3.922 
1704874951.898 -5.761 3.985 
1704874951.998 -5.813 4.043 
1704874952.099 -5.856 4.103 
1704874952.199 -5.907 4.165 
1704874952.299 -5.985 4.228 
1704874952.400 -6.057 4.288 
1704874952.499 -6.120 4.344 
1704874952.600 -6.180 4.404 
1704874952.700 -6.235 4.465 
1704874952.800 -6.303 4.523 
1704874952.901 -6.376 4.577 
1704874953.000 -6.452 4.628 
1704874953.100 -6.534 4.677 
1704874953.200 -6.627 4.715 
1704874953.300 -6.724 4.754 
1704874953.400 -6.816 4.792 
1704874953.501 -6.906 4.827 
1704874953.600 -7.006 4.856 
1704874953.701 -7.116 4.881 
1704874953.801 -7.222 4.905 
1704874953.901 -7.329 4.932 
1704874954.002 -7.436 4.956 
1704874954.101 -7.550 4.982 
1704874954.203 -7.662 5.003 
1704874954.305 -7.776 5.024 
1704874954.404 -7.887 5.045 
1704874959.815 -7.813 5.107 
1704874959.815 -7.813 5.107 
1704874959.916 -7.794 5.091 
1704874960.016 -7.727 5.078 
1704874960.118 -7.607 5.080 
1704874960.217 -7.476 5.082 
1704874960.316 -7.400 5.094 
1704874960.416 -7.333 5.106 
1704874960.516 -7.243 5.100 
1704874960.616 -7.157 5.093 
1704874960.717 -7.059 5.084 
1704874960.817 -6.954 5.073 
1704874960.917 -6.854 5.049 
1704874961.017 -6.754 5.018 
1704874961.117 -6.659 4.980 
1704874961.218 -6.565 4.932 
1704874961.318 -6.485 4.873 
1704874961.418 -6.400 4.810 
1704874961.518 -6.303 4.752 
1704874961.619 -6.213 4.671 
1704874961.718 -6.136 4.577 
1704874961.818 -6.062 4.476 
1704874961.920 -5.989 4.384 
1704874962.018 -5.920 4.302 
1704874962.119 -5.850 4.209 
1704874962.220 -5.778 4.111 
1704874962.320 -5.706 4.011 
1704874962.420 -5.636 3.912 
1704874962.520 -5.567 3.820 
1704874962.621 -5.501 3.729 
1704874962.720 -5.435 3.640 
1704874962.820 -5.367 3.549 
1704874962.923 -5.298 3.453 
1704874963.020 -5.233 3.364 
1704874963.120 -5.164 3.271 
1704874963.221 -5.094 3.177 
1704874963.321 -5.026 3.083 
1704874963.420 -4.958 2.990 
1704874963.521 -4.887 2.894 
1704874963.622 -4.818 2.798 
1704874963.721 -4.751 2.704 
1704874963.822 -4.686 2.609 
1704874963.922 -4.620 2.512 
1704874964.022 -4.551 2.417 
1704874964.122 -4.483 2.322 
1704874964.223 -4.418 2.231 
1704874964.322 -4.355 2.138 
1704874964.423 -4.290 2.046 
1704874964.522 -4.226 1.955 
1704874964.623 -4.167 1.867 
1704874964.723 -4.108 1.778 
1704874964.823 -4.049 1.691 
1704874964.923 -3.988 1.605 
1704874965.023 -3.927 1.521 
1704874965.123 -3.873 1.440 
1704874965.223 -3.826 1.361 
1704874965.323 -3.783 1.276 
1704874965.424 -3.736 1.190 
1704874965.524 -3.694 1.107 
1704874965.624 -3.661 1.030 
1704874965.735 -3.627 0.955 
1704874965.825 -3.606 0.894 
1704874965.925 -3.591 0.802 
1704874966.032 -3.575 0.726 
1704874966.126 -3.588 0.611 
1704874966.226 -3.597 0.538 
1704874966.325 -3.580 0.495 
1704874966.425 -3.634 0.416 
1704874966.524 -3.704 0.351 
1704874966.624 -3.741 0.306 
1704874966.725 -3.801 0.261 
1704874966.825 -3.865 0.203 
1704874966.925 -3.915 0.156 
1704874967.026 -3.959 0.119 
1704874967.126 -4.010 0.077 
1704874967.226 -4.077 0.022 
1704874967.326 -4.150 -0.039 
1704874967.426 -4.222 -0.102 
1704874967.526 -4.296 -0.166 
1704874967.626 -4.372 -0.234 
1704874967.729 -4.449 -0.305 
1704874967.829 -4.524 -0.382 
1704874967.929 -4.602 -0.464 
1704874968.029 -4.684 -0.535 
1704874968.129 -4.774 -0.612 
1704874968.229 -4.847 -0.692 
1704874968.329 -4.914 -0.781 
1704874968.430 -4.988 -0.874 
1704874968.529 -5.055 -0.960 
1704874968.630 -5.116 -1.056 
1704874968.732 -5.176 -1.157 
1704874968.831 -5.232 -1.262 
1704874968.931 -5.284 -1.357 
1704874969.031 -5.315 -1.468 
1704874969.132 -5.335 -1.592 
1704874969.231 -5.348 -1.708 
1704874969.331 -5.351 -1.829 
1704874969.432 -5.339 -1.949 
1704874969.531 -5.313 -2.065 
1704874969.631 -5.277 -2.174 
1704874969.731 -5.234 -2.281 
1704874969.831 -5.182 -2.382 
1704874969.932 -5.105 -2.475 
1704874970.035 -5.017 -2.561 
1704874970.132 -4.929 -2.635 
1704874970.231 -4.840 -2.719 
1704874970.334 -4.751 -2.808 
1704874970.434 -4.663 -2.895 
1704874970.534 -4.578 -2.976 
1704874970.635 -4.493 -3.055 
1704874970.734 -4.406 -3.133 
1704874970.834 -4.314 -3.206 
1704874970.934 -4.217 -3.278 
1704874971.036 -4.116 -3.346 
1704874971.136 -4.012 -3.418 
1704874971.235 -3.905 -3.486 
1704874971.335 -3.807 -3.549 
1704874971.436 -3.727 -3.612 
1704874971.534 -3.641 -3.677 
1704874971.635 -3.545 -3.743 
1704874971.735 -3.453 -3.810 
1704874971.834 -3.359 -3.883 
1704874971.935 -3.265 -3.951 
1704874972.035 -3.169 -4.015 
1704874972.135 -3.071 -4.079 
1704874972.236 -2.978 -4.147 
1704874972.336 -2.885 -4.212 
1704874972.436 -2.788 -4.275 
1704874972.536 -2.691 -4.336 
1704874972.637 -2.592 -4.397 
1704874972.737 -2.492 -4.461 
1704874972.838 -2.392 -4.524 
1704874972.937 -2.291 -4.586 
1704874973.037 -2.188 -4.648 
1704874973.137 -2.086 -4.710 
1704874973.239 -1.982 -4.771 
1704874973.338 -1.879 -4.833 
1704874973.437 -1.779 -4.893 
1704874973.538 -1.676 -4.949 
1704874973.637 -1.576 -5.005 
1704874973.738 -1.471 -5.068 
1704874973.838 -1.366 -5.132 
1704874973.938 -1.264 -5.194 
1704874974.038 -1.165 -5.255 
1704874974.138 -1.064 -5.313 
1704874974.242 -0.962 -5.372 
1704874974.339 -0.869 -5.424 
1704874974.438 -0.767 -5.480 
1704874974.538 -0.659 -5.541 
1704874974.639 -0.555 -5.595 
1704874974.739 -0.452 -5.645 
1704874974.839 -0.349 -5.703 
1704874974.939 -0.245 -5.759 
1704874975.040 -0.137 -5.795 
1704874975.141 -0.061 -5.824 
1704874975.240 0.024 -5.852 
1704874975.340 0.112 -5.883 
1704874975.440 0.194 -5.910 
1704874975.541 0.277 -5.938 
1704874975.640 0.364 -5.978 
1704874975.740 0.450 -6.017 
1704874975.840 0.534 -6.056 
1704874975.941 0.622 -6.097 
1704874976.041 0.712 -6.136 
1704874976.141 0.802 -6.178 
1704874976.242 0.893 -6.221 
1704874976.341 0.985 -6.259 
1704874976.442 1.076 -6.296 
1704874976.541 1.166 -6.336 
1704874976.641 1.257 -6.384 
1704874976.742 1.346 -6.441 
1704874976.841 1.432 -6.488 
1704874976.941 1.515 -6.534 
1704874977.041 1.596 -6.592 
1704874977.141 1.680 -6.649 
1704874977.242 1.762 -6.711 
1704874977.342 1.844 -6.778 
1704874977.443 1.925 -6.826 
1704874977.542 2.009 -6.882 
1704874977.643 2.089 -6.947 
1704874977.743 2.166 -7.013 
1704874977.844 2.242 -7.083 
1704874977.944 2.310 -7.158 
1704874978.044 2.377 -7.237 
1704874978.145 2.445 -7.319 
1704874978.244 2.516 -7.402 
1704874978.345 2.581 -7.481 
1704874978.444 2.637 -7.553 
1704874978.545 2.696 -7.627 
1704874978.644 2.752 -7.698 
1704874978.744 2.811 -7.773 
1704874978.845 2.870 -7.847 
1704874978.945 2.932 -7.916 
1704874979.044 2.975 -7.962 
1704874979.144 3.030 -8.014 
1704874979.245 3.101 -8.072 
1704874979.345 3.188 -8.128 
1704874979.446 3.264 -8.175 
1704874979.545 3.317 -8.217 
1704874979.645 3.369 -8.255 
1704874979.746 3.428 -8.293 
1704874979.845 3.504 -8.326 
1704874979.946 3.573 -8.360 
1704874980.046 3.675 -8.406 
1704874980.146 3.763 -8.453 
1704874980.246 3.850 -8.487 
1704874980.347 3.929 -8.515 
1704874980.446 4.009 -8.530 
1704874980.547 4.092 -8.550 
1704874980.647 4.168 -8.575 
1704874980.747 4.244 -8.595 
1704874980.847 4.360 -8.600 
1704874980.946 4.472 -8.596 
1704874981.047 4.582 -8.586 
1704874981.150 4.622 -8.555 
1704874981.249 4.680 -8.550 
1704874981.349 4.768 -8.572 
1704874981.449 4.897 -8.592 
1704874981.548 5.034 -8.598 
1704874981.648 5.141 -8.601 
1704874981.750 5.176 -8.602 
1704874981.849 5.214 -8.603 
1704874981.950 5.270 -8.605 
1704874982.050 5.355 -8.607 
1704874982.149 5.446 -8.599 
1704874982.249 5.530 -8.594 
1704874982.349 5.603 -8.590 
1704874982.450 5.670 -8.591 
1704874982.549 5.743 -8.590 
1704874982.650 5.820 -8.589 
1704874982.750 5.897 -8.587 
1704874982.850 5.973 -8.585 
1704874982.950 6.050 -8.584 
1704874983.049 6.126 -8.583 
1704874983.151 6.202 -8.582 
1704874983.251 6.276 -8.582 
1704874983.351 6.350 -8.582 
1704874983.451 6.428 -8.580 
1704874983.552 6.509 -8.579 
1704874983.652 6.584 -8.580 
1704874983.752 6.661 -8.580 
1704874983.853 6.736 -8.583 
1704874983.952 6.810 -8.588 
1704874984.052 6.883 -8.588 
1704874984.152 6.964 -8.588 
1704874984.251 7.043 -8.592 
1704874984.355 7.149 -8.578 
1704874984.452 7.239 -8.574 
1704874984.552 7.338 -8.576 
1704874984.653 7.454 -8.577 
1704874984.753 7.568 -8.585 
1704874984.853 7.658 -8.597 
1704874984.953 7.753 -8.598 
1704874985.055 7.858 -8.600 
1704874985.153 7.936 -8.608 
1704874985.253 8.001 -8.605 
