1703407082.960 70
1703407083.280 133
1703407083.581 136
1703407084.009 136
1703407084.388 136
1703407084.652 136
1703407084.901 140
1703407085.156 141
1703407085.406 145
1703407085.677 145
1703407085.932 147
1703407086.209 148
1703407086.470 148
1703407086.757 159
1703407087.021 198
1703407087.283 218
1703407087.560 244
1703407087.844 304
1703407088.119 316
1703407088.394 319
1703407088.663 320
1703407088.939 320
1703407089.212 320
1703407089.483 320
1703407089.756 368
1703407090.021 400
1703407090.297 429
1703407090.562 449
1703407090.839 485
1703407091.090 578
1703407091.373 599
1703407091.630 626
1703407091.918 646
1703407092.174 667
1703407092.465 680
1703407092.741 699
1703407092.996 708
1703407093.261 713
1703407093.545 740
1703407093.819 766
1703407094.089 782
1703407094.372 796
1703407094.641 813
1703407094.924 825
1703407095.211 855
1703407095.522 894
1703407095.799 919
1703407096.085 937
1703407096.358 952
1703407096.656 979
1703407096.969 1026
1703407097.218 1037
1703407097.507 1041
1703407097.820 1042
1703407098.130 1044
1703407098.408 1051
1703407098.718 1056
1703407099.055 1072
1703407099.353 1076
1703407099.632 1079
1703407099.935 1097
1703407100.227 1112
1703407100.517 1150
1703407100.813 1170
1703407101.084 1180
1703407101.368 1185
1703407101.645 1195
1703407101.930 1233
1703407102.201 1263
1703407102.503 1313
1703407102.797 1336
1703407103.096 1346
1703407103.404 1358
1703407103.697 1373
1703407103.982 1387
1703407104.263 1387
1703407104.562 1405
1703407104.824 1421
1703407105.106 1421
1703407105.397 1421
1703407105.673 1441
1703407105.954 1444
1703407106.260 1452
1703407106.563 1462
1703407106.833 1478
1703407107.097 1488
1703407107.374 1492
1703407107.633 1521
1703407107.917 1534
1703407108.212 1560
1703407108.495 1591
1703407108.790 1599
1703407109.084 1647
1703407109.379 1669
1703407109.685 1679
1703407109.994 1692
1703407110.260 1697
1703407110.538 1697
1703407110.808 1698
1703407111.101 1698
1703407111.387 1698
1703407111.664 1698
1703407111.923 1698
1703407112.201 1698
1703407112.481 1698
1703407112.759 1698
1703407113.039 1698
1703407113.300 1698
1703407113.568 1698
1703407113.843 1698
1703407114.134 1698
1703407114.445 1698
1703407114.716 1698
1703407115.014 1701
1703407115.319 1703
1703407115.590 1715
1703407115.892 1715
1703407116.167 1716
1703407116.500 1728
1703407116.809 1730
1703407117.097 1756
1703407117.393 1779
1703407117.656 1795
1703407117.950 1818
1703407118.250 1841
1703407118.508 1866
1703407118.833 1898
1703407119.122 1929
1703407119.417 1948
1703407119.708 1991
1703407119.986 2005
1703407120.273 2034
1703407120.560 2058
1703407120.850 2083
1703407121.141 2107
1703407121.429 2135
1703407121.706 2180
1703407122.012 2213
1703407122.316 2217
1703407122.560 2218
1703407122.867 2218
1703407123.184 2220
1703407123.489 2220
1703407123.744 2220
1703407124.035 2220
1703407124.340 2221
1703407124.629 2222
1703407124.917 2225
1703407125.194 2226
1703407125.498 2227
1703407125.796 2228
1703407126.095 2228
1703407126.411 2230
1703407126.705 2233
1703407126.987 2236
1703407127.274 2242
1703407127.574 2254
1703407127.853 2263
1703407128.164 2335
1703407128.461 2348
1703407128.753 2348
1703407129.046 2349
1703407129.352 2352
1703407129.644 2358
1703407129.925 2367
1703407130.231 2443
1703407130.517 2455
1703407130.803 2460
1703407131.090 2470
1703407131.369 2474
1703407131.666 2479
1703407131.936 2482
1703407132.216 2490
1703407132.559 2512
1703407132.844 2546
1703407133.143 2606
1703407133.429 2622
1703407133.714 2627
1703407134.000 2629
1703407134.284 2633
1703407134.572 2652
1703407134.849 2682
1703407135.136 2719
1703407135.448 2743
1703407135.769 2764
1703407136.076 2779
1703407136.357 2791
1703407136.636 2800
1703407136.919 2807
1703407137.196 2813
1703407137.478 2816
1703407137.772 2819
1703407138.049 2822
1703407138.341 2826
1703407138.626 2830
1703407138.907 2840
1703407139.196 2850
1703407139.482 2865
1703407139.764 2890
1703407140.050 2910
1703407140.339 2930
1703407140.671 2953
1703407140.961 2976
1703407141.253 3003
1703407141.550 3024
1703407141.890 3064
1703407142.197 3064
1703407142.488 3064
1703407142.779 3065
1703407143.057 3066
1703407143.334 3067
1703407143.611 3068
1703407143.892 3068
1703407144.174 3069
1703407144.459 3070
1703407144.736 3072
1703407144.999 3073
1703407145.310 3073
1703407145.587 3073
1703407145.868 3073
1703407146.149 3074
1703407146.434 3074
1703407146.736 3074
1703407147.115 3075
1703407147.408 3091
1703407147.685 3102
1703407147.977 3111
1703407148.259 3126
1703407148.547 3142
1703407148.829 3173
1703407149.107 3183
1703407149.408 3191
1703407149.695 3196
1703407149.980 3197
1703407150.263 3199
1703407150.566 3202
1703407150.855 3203
1703407151.145 3208
1703407151.446 3216
1703407151.714 3228
1703407151.995 3230
1703407152.277 3232
1703407152.565 3232
1703407152.850 3232
1703407153.128 3233
1703407153.425 3233
1703407153.726 3233
1703407154.051 3233
1703407154.330 3233
1703407154.611 3281
1703407154.918 3281
1703407155.203 3288
1703407155.491 3288
1703407155.791 3288
1703407156.086 3288
1703407156.368 3288
1703407156.652 3288
1703407156.965 3288
1703407157.248 3288
1703407157.517 3288
1703407157.796 3288
1703407158.109 3288
1703407158.382 3288
1703407158.687 3288
1703407158.976 3288
1703407159.259 3288
1703407159.556 3288
1703407159.837 3288
1703407160.175 3288
1703407160.476 3288
1703407160.762 3289
1703407161.065 3289
1703407161.349 3290
1703407161.629 3293
1703407161.897 3293
1703407162.184 3293
1703407162.482 3341
1703407162.786 3346
1703407163.064 3346
1703407163.366 3346
1703407163.663 3365
1703407163.952 3409
1703407164.246 3456
1703407164.538 3507
1703407164.816 3507
1703407165.111 3523
1703407165.393 3528
1703407165.681 3532
1703407166.041 3550
1703407166.320 3561
1703407166.603 3561
1703407166.940 3561
1703407167.237 3564
1703407167.533 3576
1703407167.846 3576
1703407168.134 3576
1703407168.476 3576
1703407168.782 3576
1703407169.063 3576
1703407169.358 3576
1703407169.689 3576
1703407169.954 3576
1703407170.243 3576
1703407170.554 3576
1703407170.833 3576
1703407171.077 3576
1703407171.355 3577
1703407171.627 3577
1703407171.908 3577
1703407172.189 3577
1703407172.529 3577
1703407172.795 3580
1703407173.084 3582
1703407173.375 3582
1703407173.664 3601
1703407174.004 3617
1703407174.342 3622
1703407174.669 3641
1703407174.968 3684
1703407175.269 3716
1703407175.545 3738
1703407175.857 3767
1703407176.152 3793
1703407176.446 3838
1703407176.733 3851
1703407177.039 3851
1703407177.339 3858
1703407177.628 3864
1703407177.929 3864
1703407178.186 3871
1703407178.465 3892
1703407178.754 3911
1703407179.060 3926
1703407179.344 3933
1703407179.634 3941
1703407179.906 3947
1703407180.193 3951
1703407180.470 3952
1703407180.764 3952
1703407181.031 3952
1703407181.292 3954
1703407181.549 3955
1703407181.824 3956
1703407182.098 3958
1703407182.373 3963
1703407182.655 3971
1703407182.923 4000
1703407183.207 4012
1703407183.471 4023
1703407183.756 4029
1703407184.036 4045
1703407184.316 4048
1703407184.590 4050
1703407184.901 4055
1703407185.161 4055
1703407185.446 4056
1703407185.759 4058
1703407186.046 4058
1703407186.340 4064
1703407186.631 4067
1703407186.902 4069
1703407187.167 4069
1703407187.427 4069
1703407187.692 4069
1703407187.994 4069
1703407188.275 4069
1703407188.556 4069
1703407188.827 4070
1703407189.102 4070
1703407189.381 4077
1703407189.666 4077
1703407189.941 4077
1703407190.234 4077
1703407190.562 4077
1703407190.851 4079
1703407191.145 4079
1703407191.426 4079
1703407191.720 4079
1703407192.014 4079
1703407192.300 4079
1703407192.586 4079
1703407192.870 4079
1703407193.155 4079
1703407193.439 4079
1703407193.723 4079
1703407194.007 4079
1703407194.295 4085
1703407194.641 4099
1703407194.958 4122
1703407195.258 4125
1703407195.592 4127
1703407195.893 4127
1703407196.198 4127
1703407196.461 4127
1703407196.757 4127
1703407197.018 4128
1703407197.295 4128
1703407197.572 4131
1703407197.853 4131
1703407198.150 4131
1703407198.426 4131
1703407198.702 4131
1703407198.990 4132
1703407199.279 4134
1703407199.559 4134
1703407199.836 4134
1703407200.116 4134
1703407200.398 4134
1703407200.691 4134
1703407200.975 4134
1703407201.272 4134
1703407201.571 4134
1703407201.854 4135
1703407202.152 4136
1703407202.437 4136
1703407202.743 4136
1703407203.056 4147
1703407203.338 4154
1703407203.619 4154
1703407203.905 4154
1703407204.203 4154
1703407204.481 4154
1703407204.784 4154
1703407205.073 4154
1703407205.359 4154
1703407205.649 4154
1703407205.944 4154
1703407206.217 4154
1703407206.488 4154
1703407206.778 4154
1703407207.076 4154
1703407207.372 4154
1703407207.723 4154
1703407208.041 4154
1703407208.328 4154
1703407208.617 4154
1703407208.968 4154
1703407209.236 4154
1703407209.510 4154
1703407209.797 4154
1703407210.078 4154
1703407210.432 4154
1703407210.698 4154
1703407210.991 4154
1703407211.285 4154
1703407211.583 4154
1703407211.874 4154
1703407212.155 4154
1703407212.455 4156
1703407212.714 4158
1703407212.990 4163
1703407213.268 4169
1703407213.563 4183
1703407213.825 4193
1703407214.104 4198
1703407214.401 4201
1703407214.690 4204
1703407214.975 4207
1703407215.257 4210
1703407215.539 4237
1703407215.823 4267
1703407216.108 4278
1703407216.401 4306
1703407216.694 4325
1703407216.986 4348
1703407217.268 4401
1703407217.576 4450
1703407217.851 4489
1703407218.133 4505
1703407218.414 4528
1703407218.691 4553
1703407218.983 4571
1703407219.258 4580
1703407219.552 4602
1703407219.836 4611
1703407220.150 4612
1703407220.425 4613
1703407220.703 4614
1703407220.991 4614
1703407221.277 4614
1703407221.567 4614
1703407221.848 4614
1703407222.139 4614
1703407222.420 4614
1703407222.703 4614
1703407222.988 4614
1703407223.287 4614
1703407223.583 4614
1703407223.899 4615
1703407224.268 4615
1703407224.577 4615
1703407224.861 4615
1703407225.146 4615
1703407225.423 4615
1703407225.735 4615
1703407226.016 4615
1703407226.299 4615
1703407226.575 4615
1703407226.871 4615
1703407227.162 4615
1703407227.443 4615
1703407227.728 4615
1703407228.043 4615
1703407228.333 4615
1703407228.618 4615
1703407228.902 4615
1703407229.205 4615
1703407229.493 4615
1703407229.779 4615
1703407230.063 4615
1703407230.344 4619
1703407230.625 4619
1703407230.910 4619
1703407231.188 4619
1703407231.499 4619
1703407231.783 4619
1703407232.068 4619
1703407232.355 4619
1703407232.642 4621
1703407232.929 4623
1703407233.227 4641
1703407233.510 4671
1703407233.790 4693
1703407234.076 4701
1703407234.413 4705
1703407234.744 4706
1703407235.035 4710
1703407235.314 4712
1703407235.638 4713
1703407235.919 4715
1703407236.218 4722
1703407236.526 4744
1703407236.813 4765
1703407237.094 4771
1703407237.380 4774
1703407237.686 4774
1703407237.970 4775
1703407238.257 4777
1703407238.549 4791
1703407238.826 4816
1703407239.112 4828
1703407239.389 4829
1703407239.673 4831
1703407239.973 4835
1703407240.326 4839
1703407240.676 4846
1703407240.961 4849
1703407241.239 4853
1703407241.524 4856
1703407241.797 4857
1703407242.074 4862
1703407242.364 4866
1703407242.641 4869
1703407242.947 4873
1703407243.221 4877
1703407243.509 4881
1703407243.780 4885
1703407244.067 4890
1703407244.349 4892
1703407244.620 4894
1703407244.906 4895
1703407245.181 4895
1703407245.454 4895
1703407245.739 4895
1703407246.021 4895
1703407246.316 4895
1703407246.601 4895
1703407246.935 4895
1703407247.205 4895
1703407247.476 4895
1703407247.768 4895
1703407248.035 4896
1703407248.293 4911
1703407248.583 4911
1703407248.874 4912
1703407249.163 4912
1703407249.437 4912
1703407249.716 4912
1703407250.011 4915
1703407250.286 4930
1703407250.597 4941
1703407250.887 4968
1703407251.184 4982
1703407251.472 5009
1703407251.755 5030
1703407252.051 5060
1703407252.339 5080
1703407252.616 5095
1703407252.894 5105
1703407253.205 5117
1703407253.478 5126
1703407253.751 5140
1703407254.047 5147
1703407254.348 5153
1703407254.604 5158
1703407254.874 5158
1703407255.147 5159
1703407255.434 5168
1703407255.714 5187
1703407255.987 5191
1703407256.257 5201
1703407256.555 5219
1703407256.819 5247
1703407257.086 5258
1703407257.388 5266
1703407257.648 5266
1703407257.981 5266
1703407258.295 5267
1703407258.632 5267
1703407258.941 5267
1703407259.224 5267
1703407259.500 5267
1703407259.774 5267
1703407260.049 5267
1703407260.321 5267
1703407260.609 5310
1703407260.892 5310
1703407261.201 5311
1703407261.454 5311
1703407261.732 5311
1703407262.021 5311
1703407262.317 5311
1703407262.621 5311
1703407262.926 5311
1703407263.212 5311
1703407263.514 5311
1703407263.862 5311
1703407264.152 5312
1703407264.436 5314
1703407264.721 5328
1703407265.011 5338
1703407265.305 5338
1703407265.603 5342
1703407265.926 5343
1703407266.209 5348
1703407266.492 5349
1703407266.775 5349
1703407267.055 5349
1703407267.356 5350
1703407267.636 5350
1703407267.886 5350
1703407268.186 5350
1703407268.438 5350
1703407268.768 5350
1703407269.046 5350
1703407269.329 5350
1703407269.617 5350
1703407269.901 5351
1703407270.179 5353
1703407270.473 5361
1703407270.755 5364
1703407271.077 5364
1703407271.366 5364
1703407271.647 5364
1703407271.929 5364
1703407272.229 5364
1703407272.521 5364
1703407272.832 5364
1703407273.127 5364
1703407273.397 5364
1703407273.691 5364
1703407273.964 5364
1703407274.245 5364
1703407274.527 5364
1703407274.807 5364
1703407275.081 5364
1703407275.363 5364
1703407275.652 5364
1703407275.946 5364
1703407276.223 5364
1703407276.535 5364
1703407276.804 5364
1703407277.076 5364
1703407277.350 5364
1703407277.630 5364
1703407277.906 5364
1703407278.181 5364
1703407278.468 5364
1703407278.737 5364
1703407279.013 5364
1703407279.296 5364
1703407279.577 5364
1703407279.872 5364
1703407280.167 5364
1703407280.489 5364
1703407280.766 5364
1703407281.050 5364
1703407281.334 5364
1703407281.619 5364
1703407281.912 5364
1703407282.215 5364
1703407282.496 5364
1703407282.782 5364
1703407283.067 5364
1703407283.355 5364
1703407283.640 5364
1703407283.937 5364
1703407284.222 5364
1703407284.498 5364
1703407284.777 5364
1703407285.060 5364
1703407285.324 5364
1703407285.608 5364
1703407285.877 5365
1703407286.143 5365
1703407286.409 5365
1703407286.687 5365
1703407286.948 5365
1703407287.293 5365
1703407287.575 5365
1703407287.868 5365
1703407288.167 5365
1703407288.493 5365
1703407288.800 5365
1703407289.080 5365
1703407289.367 5365
1703407289.637 5365
1703407289.914 5365
1703407290.192 5370
1703407290.498 5370
1703407290.802 5370
1703407291.093 5370
1703407291.378 5370
1703407291.704 5370
1703407291.973 5373
1703407292.273 5380
1703407292.578 5384
1703407292.869 5401
1703407293.167 5440
1703407293.498 5492
1703407293.777 5524
1703407294.067 5540
1703407294.366 5575
1703407294.654 5613
1703407294.947 5629
1703407295.227 5646
1703407295.518 5660
1703407295.788 5668
1703407296.080 5670
1703407296.363 5674
1703407296.645 5684
1703407296.935 5684
1703407297.202 5684
1703407297.481 5684
1703407297.774 5684
1703407298.112 5685
1703407298.398 5689
1703407298.744 5697
1703407299.076 5701
1703407299.409 5702
1703407299.701 5708
1703407300.002 5714
1703407300.272 5720
1703407300.581 5722
1703407300.877 5722
1703407301.166 5725
1703407301.473 5736
1703407301.753 5748
1703407302.032 5781
1703407302.308 5839
1703407302.585 5870
1703407302.858 5912
1703407303.134 5928
1703407303.424 5935
1703407303.692 5951
1703407303.966 5964
1703407304.251 6002
1703407304.512 6024
1703407304.790 6042
1703407305.036 6056
1703407305.302 6058
1703407305.562 6058
1703407305.837 6058
1703407306.103 6059
1703407306.388 6059
1703407306.685 6063
1703407306.936 6063
1703407307.218 6063
1703407307.488 6063
1703407307.746 6063
1703407308.015 6063
1703407308.276 6075
1703407308.554 6075
1703407308.830 6075
1703407309.111 6075
1703407309.395 6075
1703407309.680 6075
1703407309.965 6075
1703407310.247 6075
1703407310.530 6075
1703407310.815 6075
1703407311.098 6076
1703407311.385 6077
1703407311.674 6078
1703407311.946 6082
1703407312.225 6083
1703407312.511 6084
1703407312.789 6087
1703407313.064 6092
1703407313.341 6092
1703407313.667 6092
1703407313.948 6092
1703407314.231 6092
1703407314.506 6092
1703407314.795 6093
1703407315.085 6100
1703407315.368 6102
1703407315.647 6108
1703407315.940 6108
1703407316.217 6108
1703407316.509 6110
1703407316.801 6116
1703407317.101 6123
1703407317.382 6124
1703407317.663 6124
1703407317.919 6124
1703407318.229 6124
1703407318.498 6124
1703407318.779 6124
1703407319.065 6124
1703407319.344 6124
1703407319.622 6124
1703407319.915 6124
1703407320.202 6124
1703407320.480 6124
1703407320.754 6124
1703407321.033 6124
1703407321.314 6124
1703407321.595 6124
1703407321.879 6124
1703407322.187 6124
1703407322.459 6124
1703407322.728 6124
1703407323.015 6124
1703407323.296 6124
1703407323.577 6124
1703407323.851 6124
1703407324.134 6124
1703407324.398 6124
1703407324.661 6124
1703407324.937 6124
1703407325.201 6124
1703407325.468 6124
1703407325.733 6124
1703407326.008 6124
1703407326.308 6124
1703407326.600 6124
1703407326.887 6124
1703407327.153 6124
1703407327.477 6124
1703407327.756 6125
1703407328.060 6125
1703407328.330 6126
1703407328.620 6126
1703407328.911 6126
1703407329.200 6127
1703407329.488 6127
1703407329.770 6127
1703407330.064 6127
1703407330.343 6127
1703407330.630 6127
1703407330.917 6127
1703407331.217 6127
1703407331.499 6127
1703407331.791 6127
1703407332.077 6127
1703407332.351 6128
1703407332.634 6128
1703407332.928 6128
1703407333.202 6128
1703407333.482 6128
1703407333.763 6128
1703407334.045 6128
1703407334.342 6128
1703407334.674 6128
1703407334.997 6128
1703407335.277 6128
1703407335.550 6128
1703407335.829 6128
1703407336.137 6128
1703407336.413 6128
1703407336.702 6128
1703407336.983 6128
1703407337.260 6128
1703407337.545 6128
1703407337.838 6128
1703407338.137 6128
1703407338.435 6128
1703407338.697 6128
1703407338.989 6129
1703407339.290 6129
1703407339.564 6131
1703407339.849 6132
1703407340.123 6138
1703407340.412 6138
1703407340.690 6138
1703407340.973 6138
1703407341.264 6140
1703407341.546 6140
1703407341.822 6140
1703407342.110 6140
1703407342.425 6140
1703407342.718 6140
1703407342.982 6140
1703407343.235 6140
1703407343.497 6140
1703407343.800 6140
1703407344.064 6140
1703407344.326 6140
1703407344.602 6140
1703407344.865 6140
1703407345.126 6140
1703407345.391 6140
1703407345.704 6140
1703407345.985 6140
1703407346.261 6140
1703407346.544 6140
1703407346.823 6140
1703407347.113 6140
1703407347.420 6140
1703407347.698 6140
1703407347.991 6142
1703407348.278 6142
1703407348.556 6142
1703407348.845 6142
1703407349.106 6142
1703407349.395 6142
1703407349.697 6142
1703407349.974 6142
1703407350.259 6142
1703407350.530 6142
1703407350.815 6142
1703407351.111 6142
1703407351.410 6142
1703407351.691 6142
1703407351.972 6142
1703407352.302 6142
1703407352.592 6142
1703407352.950 6142
1703407353.220 6142
1703407353.499 6142
1703407353.787 6142
1703407354.121 6142
1703407354.478 6142
1703407354.765 6142
1703407355.044 6142
1703407355.324 6142
1703407355.606 6143
1703407355.884 6143
1703407356.174 6143
1703407356.458 6143
1703407356.742 6143
1703407357.035 6143
1703407357.339 6149
1703407357.623 6152
1703407357.909 6161
1703407358.233 6177
1703407358.553 6199
1703407358.842 6199
1703407359.122 6199
1703407359.414 6199
1703407359.687 6199
1703407360.005 6199
1703407360.285 6199
1703407360.571 6204
1703407360.864 6204
1703407361.186 6206
1703407361.450 6206
1703407361.743 6206
1703407362.011 6208
1703407362.275 6209
1703407362.557 6209
1703407362.843 6209
1703407363.122 6209
1703407363.424 6209
