1703416110.412 69
1703416110.821 128
1703416111.227 134
1703416111.594 134
1703416111.860 138
1703416112.116 139
1703416112.369 139
1703416112.626 143
1703416112.882 143
1703416113.128 146
1703416113.392 148
1703416113.664 155
1703416113.942 186
1703416114.211 206
1703416114.485 214
1703416114.758 252
1703416115.032 295
1703416115.310 299
1703416115.582 301
1703416115.854 301
1703416116.110 301
1703416116.373 301
1703416116.645 301
1703416116.911 323
1703416117.167 369
1703416117.448 423
1703416117.710 456
1703416117.968 456
1703416118.232 459
1703416118.485 459
1703416118.753 494
1703416119.012 520
1703416119.269 539
1703416119.564 561
1703416119.843 591
1703416120.111 647
1703416120.377 754
1703416120.653 851
1703416120.940 885
1703416121.203 936
1703416121.478 963
1703416121.811 1007
1703416122.101 1037
1703416122.380 1064
1703416122.667 1117
1703416122.952 1120
1703416123.231 1147
1703416123.530 1158
1703416123.815 1163
1703416124.096 1168
1703416124.379 1174
1703416124.668 1175
1703416124.950 1184
1703416125.247 1189
1703416125.573 1200
1703416125.884 1200
1703416126.168 1200
1703416126.455 1200
1703416126.753 1206
1703416127.025 1208
1703416127.305 1228
1703416127.608 1278
1703416127.879 1315
1703416128.167 1326
1703416128.459 1347
1703416128.768 1373
1703416129.044 1381
1703416129.356 1394
1703416129.644 1407
1703416129.911 1432
1703416130.193 1450
1703416130.475 1473
1703416130.802 1510
1703416131.092 1529
1703416131.375 1560
1703416131.650 1569
1703416131.935 1586
1703416132.251 1596
1703416132.530 1624
1703416132.842 1635
1703416133.148 1663
1703416133.431 1689
1703416133.711 1719
1703416134.021 1725
1703416134.296 1725
1703416134.578 1725
1703416134.938 1725
1703416135.223 1725
1703416135.524 1726
1703416135.828 1726
1703416136.104 1729
1703416136.378 1735
1703416136.669 1740
1703416136.954 1740
1703416137.241 1740
1703416137.584 1745
1703416137.878 1745
1703416138.161 1756
1703416138.453 1771
1703416138.741 1782
1703416139.049 1804
1703416139.337 1817
1703416139.632 1834
1703416139.908 1865
1703416140.201 1897
1703416140.528 1927
1703416140.813 1947
1703416141.102 1977
1703416141.402 2000
1703416141.722 2028
1703416142.002 2045
1703416142.286 2058
1703416142.578 2069
1703416142.874 2079
1703416143.189 2089
1703416143.470 2104
1703416143.732 2108
1703416144.018 2113
1703416144.298 2118
1703416144.577 2120
1703416144.865 2122
1703416145.169 2126
1703416145.477 2127
1703416145.753 2128
1703416146.028 2128
1703416146.305 2128
1703416146.587 2128
1703416146.859 2130
1703416147.148 2130
1703416147.410 2130
1703416147.673 2131
1703416147.938 2131
1703416148.210 2133
1703416148.474 2135
1703416148.747 2138
1703416149.027 2139
1703416149.306 2146
1703416149.569 2146
1703416149.833 2160
1703416150.088 2161
1703416150.352 2180
1703416150.620 2188
1703416150.883 2206
1703416151.151 2206
1703416151.416 2237
1703416151.670 2239
1703416151.938 2250
1703416152.202 2254
1703416152.467 2260
1703416152.740 2265
1703416153.028 2266
1703416153.308 2268
1703416153.589 2341
1703416153.850 2341
1703416154.125 2346
1703416154.392 2348
1703416154.677 2350
1703416154.941 2355
1703416155.207 2358
1703416155.480 2385
1703416155.749 2433
1703416156.013 2468
1703416156.293 2482
1703416156.558 2491
1703416156.837 2503
1703416157.102 2512
1703416157.370 2524
1703416157.633 2597
1703416157.926 2649
1703416158.188 2678
1703416158.453 2699
1703416158.724 2718
1703416158.993 2732
1703416159.254 2742
1703416159.508 2743
1703416159.763 2745
1703416160.058 2750
1703416160.329 2752
1703416160.625 2754
1703416160.882 2755
1703416161.140 2759
1703416161.393 2764
1703416161.650 2774
1703416161.918 2784
1703416162.434 2804
1703416162.819 2829
1703416163.092 2847
1703416163.360 2886
1703416163.617 2890
1703416163.874 2890
1703416164.146 2891
1703416164.414 2892
1703416164.690 2892
1703416164.952 2892
1703416165.218 2892
1703416165.481 2892
1703416165.739 2892
1703416165.997 2892
1703416166.250 2892
1703416166.506 2892
1703416166.752 2892
1703416167.006 2892
1703416167.277 2892
1703416167.536 2892
1703416167.791 2892
1703416168.049 2892
1703416168.311 2892
1703416168.591 2892
1703416168.861 2892
1703416169.131 2892
1703416169.401 2893
1703416169.664 2898
1703416169.924 2910
1703416170.197 2912
1703416170.456 2914
1703416170.718 2925
1703416170.981 2925
1703416171.261 2925
1703416171.613 2932
1703416171.882 2947
1703416172.148 2972
1703416172.416 3003
1703416172.682 3050
1703416172.945 3082
1703416173.208 3114
1703416173.480 3166
1703416173.760 3225
1703416174.015 3251
1703416174.287 3276
1703416174.559 3293
1703416174.819 3311
1703416175.133 3351
1703416175.396 3398
1703416175.661 3424
1703416175.926 3431
1703416176.220 3434
1703416176.480 3434
1703416176.740 3437
1703416176.999 3443
1703416177.275 3447
1703416177.537 3450
1703416177.807 3450
1703416178.083 3450
1703416178.357 3450
1703416178.610 3450
1703416178.873 3461
1703416179.137 3481
1703416179.417 3493
1703416179.676 3504
1703416179.944 3508
1703416180.209 3511
1703416180.478 3511
1703416180.761 3511
1703416181.046 3511
1703416181.319 3511
1703416181.594 3511
1703416181.861 3511
1703416182.119 3511
1703416182.385 3511
1703416182.652 3511
1703416182.938 3511
1703416183.244 3511
1703416183.554 3511
1703416183.818 3512
1703416184.074 3512
1703416184.341 3512
1703416184.645 3512
1703416185.051 3512
1703416185.356 3512
1703416185.615 3512
1703416185.879 3512
1703416186.152 3512
1703416186.411 3512
1703416186.720 3512
1703416186.977 3512
1703416187.247 3512
1703416187.503 3515
1703416187.761 3521
1703416188.025 3529
1703416188.287 3545
1703416188.548 3567
1703416188.855 3576
1703416189.133 3592
1703416189.390 3604
1703416189.673 3614
1703416189.940 3624
1703416190.216 3624
1703416190.482 3624
1703416190.747 3624
1703416191.014 3625
1703416191.274 3629
1703416191.533 3631
1703416191.793 3649
1703416192.057 3677
1703416192.320 3711
1703416192.596 3791
1703416192.863 3828
1703416193.129 3839
1703416193.405 3847
1703416193.674 3847
1703416193.944 3856
1703416194.196 3856
1703416194.452 3856
1703416194.710 3858
1703416194.973 3859
1703416195.241 3859
1703416195.517 3859
1703416195.802 3859
1703416196.087 3859
1703416196.398 3859
1703416196.668 3864
1703416196.935 3864
1703416197.214 3864
1703416197.489 3867
1703416197.760 3868
1703416198.034 3868
1703416198.296 3873
1703416198.562 3898
1703416198.821 3944
1703416199.080 3971
1703416199.336 3971
1703416199.607 3971
1703416199.874 3974
1703416200.127 3974
1703416200.400 3974
1703416200.661 3976
1703416200.919 3978
1703416201.192 3984
1703416201.462 3989
1703416201.717 3999
1703416201.983 4028
1703416202.284 4043
1703416202.545 4052
1703416202.808 4052
1703416203.081 4052
1703416203.351 4052
1703416203.613 4052
1703416203.873 4052
1703416204.134 4052
1703416204.383 4052
1703416204.645 4052
1703416204.905 4054
1703416205.165 4054
1703416205.425 4055
1703416205.682 4074
1703416205.944 4074
1703416206.201 4075
1703416206.465 4077
1703416206.735 4077
1703416206.995 4077
1703416207.261 4077
1703416207.535 4077
1703416207.816 4077
1703416208.089 4077
1703416208.348 4077
1703416208.604 4077
1703416208.866 4077
1703416209.146 4077
1703416209.403 4077
1703416209.666 4078
1703416209.926 4079
1703416210.193 4079
1703416210.452 4079
1703416210.714 4079
1703416210.984 4079
1703416211.252 4081
1703416211.513 4082
1703416211.784 4086
1703416212.059 4088
1703416212.327 4098
1703416212.595 4109
1703416212.863 4121
1703416213.133 4133
1703416213.410 4162
1703416213.712 4181
1703416213.984 4229
1703416214.263 4257
1703416214.525 4270
1703416214.799 4279
1703416215.079 4283
1703416215.346 4289
1703416215.662 4297
1703416215.937 4298
1703416216.201 4298
1703416216.460 4302
1703416216.753 4334
1703416217.029 4362
1703416217.299 4368
1703416217.570 4370
1703416217.833 4374
1703416218.123 4376
1703416218.390 4376
1703416218.650 4376
1703416218.920 4376
1703416219.185 4379
1703416219.458 4381
1703416219.725 4383
1703416219.989 4385
1703416220.256 4390
1703416220.518 4391
1703416220.780 4393
1703416221.045 4395
1703416221.307 4397
1703416221.580 4400
1703416221.862 4410
1703416222.143 4434
1703416222.400 4445
1703416222.673 4469
1703416222.943 4473
1703416223.220 4473
1703416223.507 4477
1703416223.762 4477
1703416224.021 4477
1703416224.298 4477
1703416224.558 4477
1703416224.821 4477
1703416225.084 4477
1703416225.346 4478
1703416225.612 4478
1703416225.887 4478
1703416226.149 4478
1703416226.411 4478
1703416226.671 4478
1703416226.924 4478
1703416227.177 4478
1703416227.425 4478
1703416227.671 4479
1703416227.938 4479
1703416228.202 4479
1703416228.472 4479
1703416228.741 4479
1703416228.996 4479
1703416229.258 4479
1703416229.525 4479
1703416229.791 4479
1703416230.081 4479
1703416230.347 4479
1703416230.609 4479
1703416230.882 4479
1703416231.141 4479
1703416231.416 4479
1703416231.679 4479
1703416231.947 4479
1703416232.210 4479
1703416232.485 4479
1703416232.755 4479
1703416233.024 4479
1703416233.287 4479
1703416233.556 4479
1703416233.823 4479
1703416234.085 4479
1703416234.365 4479
1703416234.634 4479
1703416234.910 4479
1703416235.164 4479
1703416235.433 4479
1703416235.692 4479
1703416235.950 4479
1703416236.211 4479
1703416236.471 4479
1703416236.746 4479
1703416237.015 4479
1703416237.290 4479
1703416237.557 4479
1703416237.831 4479
1703416238.099 4485
1703416238.362 4485
1703416238.684 4485
1703416239.005 4485
1703416239.268 4486
1703416239.543 4489
1703416239.817 4493
1703416240.080 4497
1703416240.346 4505
1703416240.614 4523
1703416240.880 4560
1703416241.150 4575
1703416241.409 4577
1703416241.677 4577
1703416241.980 4579
1703416242.292 4584
1703416242.591 4596
1703416242.900 4598
1703416243.173 4598
1703416243.453 4598
1703416243.743 4598
1703416244.022 4598
1703416244.288 4598
1703416244.554 4599
1703416244.827 4600
1703416245.107 4616
1703416245.392 4649
1703416245.675 4675
1703416245.948 4675
1703416246.223 4677
1703416246.493 4677
1703416246.762 4677
1703416247.030 4677
1703416247.296 4678
1703416247.572 4681
1703416247.833 4683
1703416248.090 4685
1703416248.348 4687
1703416248.615 4688
1703416248.885 4689
1703416249.153 4690
1703416249.423 4691
1703416249.706 4691
1703416249.975 4691
1703416250.237 4692
1703416250.506 4694
1703416250.786 4694
1703416251.045 4696
1703416251.311 4696
1703416251.578 4698
1703416251.844 4701
1703416252.107 4704
1703416252.390 4707
1703416252.659 4710
1703416252.922 4714
1703416253.179 4719
1703416253.438 4722
1703416253.700 4728
1703416253.961 4732
1703416254.221 4736
1703416254.482 4738
1703416254.743 4740
1703416255.010 4742
1703416255.270 4743
1703416255.526 4746
1703416255.783 4749
1703416256.073 4749
1703416256.388 4749
1703416256.674 4749
1703416256.948 4749
1703416257.228 4750
1703416257.504 4753
1703416257.790 4754
1703416258.063 4755
1703416258.355 4765
1703416258.618 4774
1703416258.873 4796
1703416259.139 4815
1703416259.396 4837
1703416259.680 4861
1703416259.937 4878
1703416260.213 4902
1703416260.478 4925
1703416260.741 4932
1703416260.997 4944
1703416261.281 4975
1703416261.547 4990
1703416261.811 4997
1703416262.087 5001
1703416262.359 5003
1703416262.626 5006
1703416262.908 5011
1703416263.174 5039
1703416263.473 5070
1703416263.734 5072
1703416264.000 5079
1703416264.272 5089
1703416264.535 5091
1703416264.806 5091
1703416265.067 5091
1703416265.331 5091
1703416265.604 5091
1703416265.865 5091
1703416266.139 5091
1703416266.400 5091
1703416266.661 5091
1703416266.934 5091
1703416267.206 5091
1703416267.476 5091
1703416267.749 5091
1703416268.014 5091
1703416268.279 5091
1703416268.558 5091
1703416268.819 5091
1703416269.076 5091
1703416269.332 5091
1703416269.592 5091
1703416269.851 5091
1703416270.110 5091
1703416270.393 5091
1703416270.653 5091
1703416270.910 5091
1703416271.171 5091
1703416271.436 5091
1703416271.710 5091
1703416271.994 5091
1703416272.286 5091
1703416272.576 5092
1703416272.905 5092
1703416273.187 5093
1703416273.484 5161
1703416273.764 5176
1703416274.048 5181
1703416274.327 5190
1703416274.589 5196
1703416274.850 5202
1703416275.139 5203
1703416275.447 5203
1703416275.714 5203
1703416275.984 5203
1703416276.260 5203
1703416276.531 5203
1703416276.794 5203
1703416277.052 5203
1703416277.304 5203
1703416277.566 5203
1703416277.828 5203
1703416278.093 5203
1703416278.356 5203
1703416278.664 5203
1703416278.927 5203
1703416279.211 5203
1703416279.498 5203
1703416279.777 5203
1703416280.059 5203
1703416280.326 5203
1703416280.603 5203
1703416280.903 5203
1703416281.173 5203
1703416281.427 5203
1703416281.692 5203
1703416281.971 5203
1703416282.233 5203
1703416282.497 5203
1703416282.764 5203
1703416283.029 5203
1703416283.302 5203
1703416283.562 5203
1703416283.823 5203
1703416284.087 5203
1703416284.345 5203
1703416284.595 5203
1703416284.856 5203
1703416285.114 5203
1703416285.380 5203
1703416285.654 5203
1703416285.929 5203
1703416286.192 5203
1703416286.455 5203
1703416286.718 5203
1703416286.986 5203
1703416287.252 5203
1703416287.512 5203
1703416287.790 5203
1703416288.060 5203
1703416288.334 5203
1703416288.595 5203
1703416288.877 5203
1703416289.131 5203
1703416289.432 5203
1703416289.703 5203
1703416289.960 5203
1703416290.229 5203
1703416290.495 5203
1703416290.752 5206
1703416291.008 5206
1703416291.267 5206
1703416291.522 5206
1703416291.793 5206
1703416292.073 5210
1703416292.326 5210
1703416292.577 5210
1703416292.829 5210
1703416293.091 5210
1703416293.347 5210
1703416293.602 5210
1703416293.852 5210
1703416294.106 5210
1703416294.376 5210
1703416294.635 5210
1703416294.892 5210
1703416295.178 5210
1703416295.440 5210
1703416295.704 5210
1703416295.974 5210
1703416296.245 5210
1703416296.500 5210
1703416296.761 5210
1703416297.045 5210
1703416297.303 5210
1703416297.560 5210
1703416297.820 5210
1703416298.084 5210
1703416298.347 5210
1703416298.611 5210
1703416298.893 5210
1703416299.156 5210
1703416299.436 5210
1703416299.701 5211
1703416299.960 5211
1703416300.223 5213
1703416300.484 5214
1703416300.760 5214
1703416301.016 5214
1703416301.271 5214
1703416301.536 5216
1703416301.801 5217
1703416302.055 5218
1703416302.307 5219
1703416302.576 5221
1703416302.842 5221
1703416303.107 5221
1703416303.371 5222
1703416303.631 5222
1703416303.890 5222
1703416304.143 5224
1703416304.400 5224
1703416304.660 5224
1703416304.921 5225
1703416305.177 5225
1703416305.440 5227
1703416305.697 5233
1703416305.971 5246
1703416306.239 5250
1703416306.501 5251
1703416306.776 5253
1703416307.031 5260
1703416307.287 5262
1703416307.552 5262
1703416307.801 5262
1703416308.061 5262
1703416308.323 5262
1703416308.647 5262
1703416308.917 5266
1703416309.195 5266
1703416309.479 5266
1703416309.759 5267
1703416310.040 5267
1703416310.357 5267
1703416310.627 5285
1703416311.065 5289
1703416311.403 5289
1703416311.758 5289
1703416312.190 5290
1703416312.462 5299
1703416312.739 5313
1703416313.030 5328
1703416313.311 5336
1703416313.586 5357
1703416313.852 5380
1703416314.130 5399
1703416314.440 5423
1703416314.725 5446
1703416314.993 5468
1703416315.245 5533
1703416315.501 5568
1703416315.760 5609
1703416316.018 5629
1703416316.306 5661
1703416316.561 5666
1703416316.846 5670
1703416317.109 5671
1703416317.370 5686
1703416317.632 5686
1703416317.899 5686
1703416318.161 5686
1703416318.421 5686
1703416318.685 5688
1703416318.965 5697
1703416319.226 5697
1703416319.494 5697
1703416319.766 5697
1703416320.027 5702
1703416320.286 5702
1703416320.548 5702
1703416320.811 5702
1703416321.072 5702
1703416321.382 5702
1703416321.668 5702
1703416321.941 5703
1703416322.224 5703
1703416322.536 5728
1703416322.829 5729
1703416323.132 5729
1703416323.445 5729
1703416323.736 5729
1703416324.029 5729
1703416324.333 5729
1703416324.608 5729
1703416324.891 5729
1703416325.174 5729
1703416325.458 5729
1703416325.747 5729
1703416326.037 5729
1703416326.335 5729
1703416326.622 5729
1703416326.915 5729
1703416327.211 5729
1703416327.495 5729
1703416327.775 5729
1703416328.055 5729
1703416328.336 5729
1703416328.622 5729
1703416328.923 5730
1703416329.300 5743
1703416329.640 5750
1703416329.926 5753
1703416330.215 5762
1703416330.504 5767
1703416330.821 5775
1703416331.114 5782
1703416331.402 5786
1703416331.693 5792
1703416331.968 5794
1703416332.249 5803
1703416332.541 5803
1703416332.832 5803
1703416333.119 5803
1703416333.409 5803
1703416333.695 5803
1703416333.988 5803
1703416334.312 5803
1703416334.628 5803
1703416334.970 5803
1703416335.266 5803
1703416335.563 5803
1703416335.872 5803
1703416336.182 5803
1703416336.476 5803
1703416336.775 5803
1703416337.065 5803
1703416337.367 5803
1703416337.671 5803
1703416337.957 5803
1703416338.244 5803
1703416338.550 5803
1703416338.838 5803
1703416339.165 5803
1703416339.466 5803
1703416339.764 5803
1703416340.056 5803
1703416340.340 5803
1703416340.630 5803
1703416340.932 5803
1703416341.219 5803
1703416341.509 5803
1703416341.796 5803
1703416342.092 5803
1703416342.413 5803
1703416342.721 5803
1703416343.017 5803
1703416343.300 5803
1703416343.637 5803
1703416343.926 5803
1703416344.215 5803
1703416344.575 5803
1703416344.859 5803
1703416345.158 5803
1703416345.440 5803
1703416345.725 5803
1703416346.031 5803
1703416346.402 5803
1703416346.762 5803
1703416347.064 5803
1703416347.363 5803
1703416347.655 5803
1703416347.961 5803
1703416348.252 5803
1703416348.564 5803
1703416348.854 5803
1703416349.145 5803
1703416349.435 5803
1703416349.734 5803
1703416350.019 5803
1703416350.308 5806
1703416350.601 5806
1703416350.885 5806
1703416351.175 5812
1703416351.487 5812
1703416351.793 5812
1703416352.088 5818
1703416352.384 5844
1703416352.678 5855
1703416352.971 5856
1703416353.275 5865
1703416353.567 5886
1703416353.831 5899
1703416354.134 5909
1703416354.454 5911
1703416354.747 5911
1703416355.044 5911
1703416355.363 5912
1703416355.659 5915
1703416355.953 5918
1703416356.268 5918
1703416356.540 5918
1703416356.843 5918
1703416357.151 5918
1703416357.466 5923
1703416357.762 5930
1703416358.072 5939
1703416358.364 5940
1703416358.694 5940
1703416359.039 5940
1703416359.305 5940
1703416359.582 5941
1703416359.857 5941
1703416360.157 5941
1703416360.471 5941
1703416360.753 5941
1703416361.039 5941
1703416361.368 5941
1703416361.712 5941
1703416362.036 5941
1703416362.330 5941
1703416362.607 5956
1703416362.898 5956
1703416363.190 5956
1703416363.502 5956
1703416363.787 5956
1703416364.058 5956
1703416364.333 5956
1703416364.607 5956
1703416364.883 5956
1703416365.179 5956
1703416365.459 5956
1703416365.750 5956
1703416366.043 5959
1703416366.336 5959
1703416366.641 5959
1703416366.907 5959
1703416367.191 5960
1703416367.485 5960
1703416367.763 5960
1703416368.055 5960
1703416368.354 5960
1703416368.644 5960
1703416368.955 5960
1703416369.246 5960
1703416369.532 5960
1703416369.826 5960
1703416370.106 5960
1703416370.397 5960
1703416370.691 5960
1703416370.983 5960
1703416371.280 5960
1703416371.562 5960
1703416371.848 5960
1703416372.148 5960
1703416372.452 5960
1703416372.739 5960
1703416373.031 5960
1703416373.337 5960
1703416373.639 5960
1703416373.925 5960
1703416374.212 5960
1703416374.502 5960
1703416374.796 5960
1703416375.116 5960
1703416375.410 5960
1703416375.746 5960
1703416376.052 5960
1703416376.340 5960
1703416376.636 5960
1703416376.921 5960
1703416377.213 5960
1703416377.508 5960
1703416377.792 5960
1703416378.089 5962
1703416378.375 5964
1703416378.656 5967
1703416378.957 5983
1703416379.243 5988
1703416379.525 5989
1703416379.820 6018
1703416380.106 6037
1703416380.393 6068
1703416380.688 6089
1703416380.978 6094
1703416381.290 6096
1703416381.624 6113
1703416381.961 6113
1703416382.246 6113
1703416382.506 6113
1703416382.804 6113
1703416383.091 6113
1703416383.381 6113
1703416383.671 6113
1703416383.972 6113
1703416384.259 6113
1703416384.551 6113
1703416384.850 6113
1703416385.139 6113
1703416385.424 6113
1703416385.741 6113
1703416386.024 6113
1703416386.298 6113
1703416386.569 6113
1703416386.845 6113
1703416387.128 6113
1703416387.410 6113
1703416387.693 6113
1703416387.966 6113
1703416388.257 6113
1703416388.579 6113
1703416388.886 6113
1703416389.174 6113
1703416389.482 6113
1703416389.778 6113
1703416390.059 6113
1703416390.350 6113
1703416390.652 6113
1703416390.922 6113
1703416391.219 6113
1703416391.511 6116
1703416391.818 6116
1703416392.111 6116
1703416392.408 6116
1703416392.703 6116
1703416392.999 6116
1703416393.298 6117
1703416393.621 6117
1703416393.932 6118
1703416394.224 6118
1703416394.510 6118
1703416394.808 6118
1703416395.093 6118
1703416395.409 6118
1703416395.678 6118
1703416395.983 6118
1703416396.260 6118
1703416396.565 6118
1703416396.881 6118
1703416397.156 6118
1703416397.436 6118
1703416397.728 6118
1703416398.032 6118
