1703407566.961 71
1703407567.305 134
1703407567.755 137
1703407568.134 137
1703407568.400 137
1703407568.653 137
1703407568.913 137
1703407569.160 141
1703407569.413 142
1703407569.667 142
1703407569.933 145
1703407570.212 148
1703407570.475 150
1703407570.766 163
1703407571.031 217
1703407571.305 279
1703407571.558 288
1703407571.813 288
1703407572.070 288
1703407572.334 289
1703407572.597 291
1703407572.868 292
1703407573.136 303
1703407573.416 344
1703407573.681 402
1703407573.937 417
1703407574.207 420
1703407574.472 421
1703407574.746 426
1703407575.032 430
1703407575.325 433
1703407575.595 440
1703407575.861 454
1703407576.125 459
1703407576.390 460
1703407576.645 472
1703407576.906 489
1703407577.167 512
1703407577.420 532
1703407577.706 566
1703407577.980 601
1703407578.253 645
1703407578.514 680
1703407578.787 730
1703407579.058 733
1703407579.326 739
1703407579.630 778
1703407579.924 810
1703407580.178 829
1703407580.428 837
1703407580.685 848
1703407580.948 859
1703407581.203 881
1703407581.462 902
1703407581.723 947
1703407582.003 1006
1703407582.317 1047
1703407582.615 1056
1703407582.899 1074
1703407583.200 1096
1703407583.474 1105
1703407583.751 1127
1703407584.027 1180
1703407584.327 1216
1703407584.580 1231
1703407584.866 1253
1703407585.139 1291
1703407585.441 1298
1703407585.750 1303
1703407586.031 1304
1703407586.311 1310
1703407586.606 1313
1703407586.874 1313
1703407587.151 1314
1703407587.428 1315
1703407587.695 1316
1703407587.982 1316
1703407588.261 1316
1703407588.548 1317
1703407588.844 1318
1703407589.112 1322
1703407589.378 1325
1703407589.646 1328
1703407589.931 1328
1703407590.191 1328
1703407590.457 1328
1703407590.755 1369
1703407591.031 1397
1703407591.323 1423
1703407591.609 1464
1703407591.877 1471
1703407592.154 1494
1703407592.471 1494
1703407592.756 1501
1703407593.047 1517
1703407593.330 1550
1703407593.614 1598
1703407593.898 1621
1703407594.181 1643
1703407594.479 1651
1703407594.750 1665
1703407595.034 1676
1703407595.334 1684
1703407595.619 1698
1703407595.897 1704
1703407596.177 1710
1703407596.454 1724
1703407596.726 1730
1703407597.013 1736
1703407597.270 1738
1703407597.573 1738
1703407597.874 1738
1703407598.151 1738
1703407598.425 1738
1703407598.710 1739
1703407598.990 1741
1703407599.262 1748
1703407599.551 1755
1703407599.819 1772
1703407600.088 1783
1703407600.381 1793
1703407600.690 1816
1703407600.981 1848
1703407601.263 1887
1703407601.610 1913
1703407601.925 1948
1703407602.214 1994
1703407602.484 2004
1703407602.765 2009
1703407603.061 2012
1703407603.413 2024
1703407603.700 2028
1703407603.988 2040
1703407604.271 2048
1703407604.566 2055
1703407604.851 2063
1703407605.149 2065
1703407605.432 2070
1703407605.731 2072
1703407606.029 2073
1703407606.350 2077
1703407606.636 2077
1703407606.921 2079
1703407607.202 2079
1703407607.490 2080
1703407607.757 2080
1703407608.045 2082
1703407608.337 2082
1703407608.618 2082
1703407608.901 2082
1703407609.182 2082
1703407609.458 2082
1703407609.746 2082
1703407610.030 2082
1703407610.309 2082
1703407610.606 2083
1703407610.885 2083
1703407611.165 2083
1703407611.448 2085
1703407611.758 2226
1703407612.043 2372
1703407612.299 2372
1703407612.597 2380
1703407612.876 2382
1703407613.164 2384
1703407613.456 2388
1703407613.747 2389
1703407614.041 2405
1703407614.315 2409
1703407614.593 2416
1703407614.880 2423
1703407615.183 2444
1703407615.462 2455
1703407615.751 2470
1703407616.032 2472
1703407616.348 2472
1703407616.649 2475
1703407616.937 2475
1703407617.234 2475
1703407617.498 2475
1703407617.770 2475
1703407618.067 2475
1703407618.353 2475
1703407618.640 2475
1703407618.918 2476
1703407619.221 2476
1703407619.485 2476
1703407619.785 2476
1703407620.115 2482
1703407620.406 2482
1703407620.715 2486
1703407621.037 2487
1703407621.369 2488
1703407621.663 2491
1703407621.947 2493
1703407622.225 2515
1703407622.528 2565
1703407622.824 2584
1703407623.117 2628
1703407623.405 2662
1703407623.717 2680
1703407623.992 2694
1703407624.274 2711
1703407624.565 2722
1703407624.854 2731
1703407625.167 2781
1703407625.446 2823
1703407625.775 2846
1703407626.046 2864
1703407626.367 2882
1703407626.667 2896
1703407626.949 2911
1703407627.232 2930
1703407627.513 2948
1703407627.804 2963
1703407628.090 2976
1703407628.380 2999
1703407628.667 3014
1703407628.963 3031
1703407629.263 3052
1703407629.558 3070
1703407629.827 3089
1703407630.111 3103
1703407630.415 3117
1703407630.724 3125
1703407631.020 3134
1703407631.311 3135
1703407631.589 3136
1703407631.881 3137
1703407632.184 3144
1703407632.496 3148
1703407632.771 3150
1703407633.046 3152
1703407633.337 3156
1703407633.687 3207
1703407634.012 3251
1703407634.325 3262
1703407634.600 3276
1703407634.905 3283
1703407635.181 3287
1703407635.480 3302
1703407635.788 3311
1703407636.075 3314
1703407636.385 3314
1703407636.664 3314
1703407636.964 3314
1703407637.247 3314
1703407637.526 3314
1703407637.836 3314
1703407638.109 3314
1703407638.388 3314
1703407638.684 3314
1703407639.029 3314
1703407639.323 3314
1703407639.601 3314
1703407639.884 3314
1703407640.166 3314
1703407640.466 3314
1703407640.744 3314
1703407641.057 3315
1703407641.336 3315
1703407641.651 3315
1703407641.937 3315
1703407642.219 3315
1703407642.517 3315
1703407642.778 3315
1703407643.069 3315
1703407643.335 3315
1703407643.627 3315
1703407643.925 3315
1703407644.206 3315
1703407644.484 3316
1703407644.779 3316
1703407645.068 3318
1703407645.398 3321
1703407645.683 3323
1703407645.980 3328
1703407646.248 3336
1703407646.528 3347
1703407646.808 3362
1703407647.088 3379
1703407647.360 3397
1703407647.642 3415
1703407647.961 3437
1703407648.226 3454
1703407648.510 3472
1703407648.786 3498
1703407649.067 3520
1703407649.348 3538
1703407649.629 3552
1703407649.918 3565
1703407650.195 3581
1703407650.496 3596
1703407650.776 3596
1703407651.068 3596
1703407651.351 3596
1703407651.634 3596
1703407651.921 3596
1703407652.204 3600
1703407652.518 3613
1703407652.809 3634
1703407653.089 3646
1703407653.363 3658
1703407653.646 3660
1703407653.936 3667
1703407654.225 3669
1703407654.515 3672
1703407654.814 3684
1703407655.101 3696
1703407655.401 3720
1703407655.687 3745
1703407655.979 3762
1703407656.246 3769
1703407656.548 3772
1703407656.830 3789
1703407657.134 3792
1703407657.439 3792
1703407657.734 3792
1703407658.036 3794
1703407658.325 3794
1703407658.607 3794
1703407658.890 3794
1703407659.174 3794
1703407659.458 3794
1703407659.787 3795
1703407660.065 3795
1703407660.375 3795
1703407660.654 3795
1703407660.930 3795
1703407661.245 3795
1703407661.546 3795
1703407661.839 3795
1703407662.121 3795
1703407662.433 3795
1703407662.700 3795
1703407663.019 3795
1703407663.345 3795
1703407663.643 3795
1703407663.991 3795
1703407664.270 3795
1703407664.566 3795
1703407664.854 3795
1703407665.154 3795
1703407665.445 3795
1703407665.734 3795
1703407666.031 3795
1703407666.345 3795
1703407666.616 3795
1703407666.903 3795
1703407667.200 3795
1703407667.562 3795
1703407667.915 3796
1703407668.232 3796
1703407668.538 3796
1703407668.842 3796
1703407669.148 3796
1703407669.467 3796
1703407669.735 3796
1703407670.022 3796
1703407670.305 3796
1703407670.612 3796
1703407670.897 3796
1703407671.202 3796
1703407671.507 3796
1703407671.786 3796
1703407672.061 3796
1703407672.358 3796
1703407672.642 3796
1703407672.924 3796
1703407673.195 3796
1703407673.490 3796
1703407673.774 3796
1703407674.056 3796
1703407674.347 3796
1703407674.631 3796
1703407674.942 3796
1703407675.213 3796
1703407675.495 3796
1703407675.789 3796
1703407676.083 3796
1703407676.399 3796
1703407676.696 3796
1703407676.970 3796
1703407677.256 3796
1703407677.529 3796
1703407677.817 3796
1703407678.113 3796
1703407678.385 3796
1703407678.685 3796
1703407678.972 3796
1703407679.226 3796
1703407679.485 3796
1703407679.797 3796
1703407680.057 3796
1703407680.336 3796
1703407680.598 3796
1703407680.895 3796
1703407681.232 3796
1703407681.508 3801
1703407681.812 3804
1703407682.086 3808
1703407682.375 3809
1703407682.653 3810
1703407682.932 3819
1703407683.223 3822
1703407683.491 3829
1703407683.763 3833
1703407684.047 3841
1703407684.349 3852
1703407684.637 3881
1703407684.932 3905
1703407685.216 3925
1703407685.510 3958
1703407685.809 3986
1703407686.100 4023
1703407686.409 4071
1703407686.692 4118
1703407686.998 4167
1703407687.277 4221
1703407687.558 4250
1703407687.846 4270
1703407688.134 4276
1703407688.437 4326
1703407688.740 4368
1703407689.023 4394
1703407689.319 4409
1703407689.606 4421
1703407689.886 4432
1703407690.164 4438
1703407690.444 4454
1703407690.755 4474
1703407691.081 4474
1703407691.378 4474
1703407691.653 4474
1703407691.948 4474
1703407692.235 4474
1703407692.518 4474
1703407692.808 4474
1703407693.095 4474
1703407693.381 4474
1703407693.662 4474
1703407693.917 4477
1703407694.189 4477
1703407694.458 4477
1703407694.728 4477
1703407694.993 4477
1703407695.273 4477
1703407695.543 4477
1703407695.814 4477
1703407696.095 4477
1703407696.366 4477
1703407696.652 4477
1703407696.930 4477
1703407697.214 4477
1703407697.493 4477
1703407697.781 4480
1703407698.053 4480
1703407698.340 4484
1703407698.652 4488
1703407698.927 4493
1703407699.224 4516
1703407699.504 4554
1703407699.815 4606
1703407700.083 4668
1703407700.374 4723
1703407700.664 4766
1703407700.969 4795
1703407701.260 4814
1703407701.546 4826
1703407701.829 4834
1703407702.110 4858
1703407702.405 4876
1703407702.686 4888
1703407702.970 4894
1703407703.260 4901
1703407703.537 4903
1703407703.831 4904
1703407704.120 4905
1703407704.416 4907
1703407704.711 4910
1703407704.977 4912
1703407705.260 4915
1703407705.536 4920
1703407705.810 4923
1703407706.097 4924
1703407706.373 4924
1703407706.667 4924
1703407706.942 4924
1703407707.226 4924
1703407707.479 4924
1703407707.747 4924
1703407708.012 4924
1703407708.292 4924
1703407708.525 4925
1703407708.794 4926
1703407709.053 4927
1703407709.315 4932
1703407709.582 4937
1703407709.884 4948
1703407710.168 4956
1703407710.480 4959
1703407710.760 4968
1703407711.040 4990
1703407711.338 4998
1703407711.683 5007
1703407711.969 5018
1703407712.251 5036
1703407712.570 5056
1703407712.838 5066
1703407713.127 5082
1703407713.411 5082
1703407713.709 5091
1703407714.006 5096
1703407714.291 5141
1703407714.605 5170
1703407714.901 5200
1703407715.187 5250
1703407715.476 5255
1703407715.760 5268
1703407716.044 5269
1703407716.340 5269
1703407716.625 5270
1703407716.905 5270
1703407717.193 5270
1703407717.481 5272
1703407717.780 5283
1703407718.069 5307
1703407718.358 5353
1703407718.650 5366
1703407718.949 5385
1703407719.236 5392
1703407719.555 5404
1703407719.847 5410
1703407720.134 5411
1703407720.415 5411
1703407720.688 5411
1703407720.958 5411
1703407721.244 5419
1703407721.522 5419
1703407721.794 5419
1703407722.072 5419
1703407722.370 5419
1703407722.697 5419
1703407722.983 5419
1703407723.262 5419
1703407723.543 5419
1703407723.796 5419
1703407724.058 5419
1703407724.332 5419
1703407724.592 5419
1703407724.904 5419
1703407725.187 5419
1703407725.474 5419
1703407725.754 5419
1703407726.041 5426
1703407726.324 5437
1703407726.610 5461
1703407726.889 5488
1703407727.168 5507
1703407727.444 5516
1703407727.736 5525
1703407728.019 5540
1703407728.297 5569
1703407728.655 5587
1703407728.936 5595
1703407729.211 5597
1703407729.491 5598
1703407729.815 5598
1703407730.094 5599
1703407730.381 5599
1703407730.657 5599
1703407730.944 5599
1703407731.229 5600
1703407731.518 5600
1703407731.808 5600
1703407732.121 5605
1703407732.402 5605
1703407732.685 5606
1703407732.957 5606
1703407733.227 5606
1703407733.490 5606
1703407733.746 5609
1703407734.007 5611
1703407734.282 5611
1703407734.553 5611
1703407734.817 5611
1703407735.075 5612
1703407735.343 5615
1703407735.601 5615
1703407735.877 5615
1703407736.163 5616
1703407736.438 5616
1703407736.714 5616
1703407737.000 5617
1703407737.281 5619
1703407737.570 5622
1703407737.870 5628
1703407738.142 5635
1703407738.482 5640
1703407738.816 5644
1703407739.088 5644
1703407739.375 5644
1703407739.636 5644
1703407739.917 5651
1703407740.193 5656
1703407740.470 5658
1703407740.754 5658
1703407741.039 5658
1703407741.372 5658
1703407741.691 5658
1703407742.007 5659
1703407742.289 5659
1703407742.553 5660
1703407742.842 5660
1703407743.125 5660
1703407743.436 5660
1703407743.709 5660
1703407744.012 5662
1703407744.306 5666
1703407744.563 5672
1703407744.844 5673
1703407745.117 5678
1703407745.397 5678
1703407745.684 5678
1703407745.970 5678
1703407746.247 5678
1703407746.524 5678
1703407746.816 5678
1703407747.093 5678
1703407747.380 5678
1703407747.672 5678
1703407747.953 5678
1703407748.253 5678
1703407748.524 5678
1703407748.813 5678
1703407749.092 5678
1703407749.364 5678
1703407749.692 5683
1703407749.993 5683
1703407750.273 5683
1703407750.557 5683
1703407750.843 5683
1703407751.133 5683
1703407751.407 5683
1703407751.691 5683
1703407751.977 5683
1703407752.278 5683
1703407752.566 5683
1703407752.847 5683
1703407753.135 5684
1703407753.425 5684
1703407753.712 5684
1703407753.994 5684
1703407754.270 5684
1703407754.589 5684
1703407754.883 5686
1703407755.178 5686
1703407755.467 5690
1703407755.771 5737
1703407756.054 5737
1703407756.342 5738
1703407756.644 5738
1703407756.930 5743
1703407757.218 5743
1703407757.505 5743
1703407757.785 5746
1703407758.063 5758
1703407758.344 5766
1703407758.620 5768
1703407758.891 5770
1703407759.167 5771
1703407759.446 5775
1703407759.732 5775
1703407760.009 5775
1703407760.283 5775
1703407760.571 5776
1703407760.851 5776
1703407761.136 5776
1703407761.431 5780
1703407761.686 5781
1703407761.995 5782
1703407762.271 5782
1703407762.535 5784
1703407762.824 5784
1703407763.112 5784
1703407763.394 5784
1703407763.700 5784
1703407764.011 5784
1703407764.292 5786
1703407764.566 5786
1703407764.847 5786
1703407765.134 5786
1703407765.415 5786
1703407765.690 5787
1703407765.976 5790
1703407766.257 5797
1703407766.544 5809
1703407766.836 5821
1703407767.124 5829
1703407767.426 5851
1703407767.714 5862
1703407767.999 5877
1703407768.318 5896
1703407768.631 5937
1703407768.921 5959
1703407769.224 5985
1703407769.514 6043
1703407769.751 6043
1703407770.020 6043
1703407770.299 6078
1703407770.576 6107
1703407770.857 6139
1703407771.131 6144
1703407771.411 6154
1703407771.690 6160
1703407771.972 6160
1703407772.246 6161
1703407772.535 6161
1703407772.813 6161
1703407773.109 6161
1703407773.400 6161
1703407773.687 6161
1703407773.984 6161
1703407774.276 6161
1703407774.562 6161
1703407774.841 6172
1703407775.147 6185
1703407775.439 6191
1703407775.758 6204
1703407776.047 6209
1703407776.327 6209
1703407776.625 6209
1703407776.882 6209
1703407777.168 6209
1703407777.488 6211
1703407777.784 6211
1703407778.070 6211
1703407778.356 6211
1703407778.637 6211
1703407778.906 6212
1703407779.200 6218
1703407779.488 6218
1703407779.782 6218
1703407780.055 6218
1703407780.335 6218
1703407780.600 6218
1703407780.879 6218
1703407781.133 6218
1703407781.396 6219
1703407781.659 6221
1703407781.921 6221
1703407782.196 6221
1703407782.458 6221
1703407782.719 6226
1703407782.996 6226
1703407783.261 6226
1703407783.546 6226
1703407783.822 6226
1703407784.112 6226
1703407784.440 6226
1703407784.716 6226
1703407784.992 6226
1703407785.265 6226
1703407785.547 6226
1703407785.832 6244
1703407786.130 6244
1703407786.412 6244
1703407786.756 6244
1703407787.068 6248
1703407787.341 6248
1703407787.619 6249
1703407787.907 6250
1703407788.182 6251
1703407788.464 6251
1703407788.746 6256
1703407789.050 6259
1703407789.377 6259
1703407789.654 6259
1703407789.939 6259
1703407790.222 6261
1703407790.493 6271
1703407790.827 6356
1703407791.093 6357
1703407791.381 6357
1703407791.683 6357
1703407791.953 6357
1703407792.231 6357
1703407792.520 6357
1703407792.813 6357
1703407793.155 6357
1703407793.445 6357
1703407793.741 6357
1703407794.023 6357
1703407794.307 6357
1703407794.595 6357
1703407794.871 6357
1703407795.146 6357
1703407795.434 6357
1703407795.707 6357
1703407795.972 6357
1703407796.237 6357
1703407796.493 6357
1703407796.765 6357
1703407797.024 6357
1703407797.295 6357
1703407797.553 6357
1703407797.824 6357
1703407798.107 6357
1703407798.404 6357
1703407798.687 6357
1703407798.978 6357
1703407799.258 6357
1703407799.528 6357
1703407799.794 6357
1703407800.088 6357
1703407800.385 6357
1703407800.660 6357
1703407800.929 6357
1703407801.202 6357
1703407801.479 6357
1703407801.767 6357
1703407802.102 6357
1703407802.372 6357
1703407802.637 6357
1703407802.928 6357
1703407803.215 6357
1703407803.502 6357
1703407803.797 6357
1703407804.081 6357
1703407804.369 6357
1703407804.628 6357
1703407804.901 6357
1703407805.173 6357
1703407805.449 6357
1703407805.723 6357
1703407806.000 6357
1703407806.275 6357
1703407806.534 6357
1703407806.811 6357
1703407807.084 6357
1703407807.362 6357
1703407807.645 6357
1703407807.926 6357
1703407808.199 6357
1703407808.496 6357
1703407808.793 6357
1703407809.077 6357
1703407809.414 6357
1703407809.707 6357
1703407809.997 6357
1703407810.282 6357
1703407810.552 6357
1703407810.841 6357
1703407811.117 6358
1703407811.393 6359
1703407811.671 6359
1703407811.951 6359
1703407812.230 6360
1703407812.513 6360
1703407812.809 6360
1703407813.059 6361
1703407813.343 6363
1703407813.628 6367
1703407813.915 6373
1703407814.211 6381
1703407814.495 6382
1703407814.783 6386
1703407815.076 6389
1703407815.374 6397
1703407815.651 6403
1703407815.919 6406
