1703408074.067 69
1703408074.584 132
1703408074.995 132
1703408075.250 132
1703408075.503 136
1703408075.758 136
1703408076.008 137
1703408076.264 141
1703408076.519 141
1703408076.777 144
1703408077.031 146
1703408077.320 153
1703408077.581 183
1703408077.844 213
1703408078.100 233
1703408078.366 274
1703408078.631 334
1703408078.901 409
1703408079.189 416
1703408079.464 418
1703408079.730 418
1703408079.987 418
1703408080.255 418
1703408080.518 418
1703408080.810 432
1703408081.139 468
1703408081.459 508
1703408081.732 536
1703408082.014 567
1703408082.280 583
1703408082.557 604
1703408082.817 627
1703408083.098 650
1703408083.366 734
1703408083.620 761
1703408083.881 780
1703408084.162 804
1703408084.439 821
1703408084.700 830
1703408084.976 835
1703408085.248 841
1703408085.549 875
1703408085.870 878
1703408086.155 880
1703408086.446 885
1703408086.741 887
1703408087.033 941
1703408087.317 971
1703408087.622 1020
1703408087.910 1027
1703408088.238 1041
1703408088.521 1081
1703408088.777 1095
1703408089.050 1095
1703408089.323 1096
1703408089.654 1097
1703408089.974 1097
1703408090.242 1097
1703408090.524 1097
1703408090.818 1098
1703408091.116 1099
1703408091.413 1099
1703408091.697 1099
1703408091.978 1108
1703408092.250 1115
1703408092.526 1116
1703408092.809 1118
1703408093.089 1118
1703408093.369 1149
1703408093.682 1186
1703408093.960 1217
1703408094.238 1243
1703408094.520 1246
1703408094.794 1250
1703408095.061 1259
1703408095.339 1260
1703408095.624 1283
1703408095.901 1318
1703408096.185 1345
1703408096.484 1385
1703408096.832 1419
1703408097.113 1439
1703408097.383 1449
1703408097.668 1460
1703408097.975 1482
1703408098.303 1485
1703408098.603 1500
1703408098.873 1509
1703408099.173 1519
1703408099.492 1530
1703408099.773 1559
1703408100.064 1573
1703408100.365 1589
1703408100.636 1596
1703408100.907 1601
1703408101.194 1601
1703408101.467 1601
1703408101.740 1601
1703408102.021 1601
1703408102.306 1602
1703408102.574 1604
1703408102.864 1605
1703408103.118 1612
1703408103.384 1620
1703408103.670 1627
1703408103.929 1637
1703408104.217 1656
1703408104.522 1682
1703408104.783 1700
1703408105.071 1718
1703408105.359 1745
1703408105.652 1772
1703408105.955 1801
1703408106.254 1832
1703408106.583 1858
1703408106.861 1866
1703408107.172 1874
1703408107.477 1887
1703408107.764 1901
1703408108.042 1921
1703408108.344 1955
1703408108.676 2002
1703408108.969 2031
1703408109.271 2041
1703408109.571 2048
1703408109.884 2052
1703408110.167 2054
1703408110.453 2072
1703408110.735 2072
1703408111.021 2072
1703408111.305 2072
1703408111.596 2072
1703408111.884 2072
1703408112.213 2073
1703408112.550 2073
1703408112.883 2073
1703408113.193 2073
1703408113.471 2073
1703408113.755 2073
1703408114.030 2074
1703408114.322 2075
1703408114.607 2078
1703408114.911 2083
1703408115.217 2105
1703408115.528 2117
1703408115.794 2130
1703408116.079 2140
1703408116.378 2140
1703408116.671 2148
1703408116.950 2154
1703408117.231 2174
1703408117.521 2188
1703408117.818 2231
1703408118.116 2319
1703408118.402 2340
1703408118.696 2349
1703408118.972 2354
1703408119.314 2356
1703408119.603 2359
1703408119.907 2369
1703408120.193 2381
1703408120.482 2392
1703408120.754 2399
1703408121.047 2414
1703408121.328 2435
1703408121.623 2448
1703408121.886 2453
1703408122.183 2454
1703408122.456 2455
1703408122.773 2463
1703408123.106 2467
1703408123.412 2470
1703408123.696 2485
1703408123.980 2508
1703408124.301 2513
1703408124.641 2513
1703408124.946 2513
1703408125.249 2514
1703408125.536 2515
1703408125.821 2520
1703408126.116 2536
1703408126.400 2559
1703408126.691 2578
1703408126.976 2611
1703408127.266 2627
1703408127.637 2673
1703408127.961 2691
1703408128.319 2738
1703408128.596 2742
1703408128.906 2749
1703408129.212 2759
1703408129.481 2774
1703408129.769 2789
1703408130.051 2794
1703408130.350 2800
1703408130.638 2801
1703408130.915 2801
1703408131.198 2802
1703408131.481 2808
1703408131.805 2814
1703408132.088 2816
1703408132.382 2819
1703408132.665 2824
1703408132.954 2830
1703408133.237 2835
1703408133.528 2840
1703408133.827 2847
1703408134.115 2854
1703408134.396 2863
1703408134.684 2877
1703408134.977 2890
1703408135.272 2900
1703408135.560 2918
1703408135.841 2930
1703408136.128 2943
1703408136.412 2960
1703408136.702 2974
1703408136.987 2995
1703408137.276 3006
1703408137.561 3025
1703408137.886 3040
1703408138.167 3051
1703408138.471 3060
1703408138.760 3069
1703408139.059 3075
1703408139.366 3081
1703408139.621 3081
1703408139.904 3081
1703408140.210 3081
1703408140.532 3081
1703408140.842 3081
1703408141.125 3086
1703408141.415 3090
1703408141.708 3091
1703408141.990 3100
1703408142.276 3116
1703408142.567 3130
1703408142.855 3133
1703408143.148 3133
1703408143.453 3133
1703408143.753 3135
1703408144.113 3137
1703408144.402 3138
1703408144.696 3144
1703408145.056 3161
1703408145.359 3184
1703408145.630 3197
1703408145.921 3205
1703408146.222 3209
1703408146.509 3209
1703408146.808 3209
1703408147.097 3209
1703408147.399 3209
1703408147.705 3209
1703408148.015 3209
1703408148.294 3209
1703408148.588 3209
1703408148.881 3209
1703408149.171 3209
1703408149.454 3209
1703408149.799 3209
1703408150.079 3209
1703408150.360 3209
1703408150.641 3209
1703408150.940 3209
1703408151.224 3209
1703408151.527 3211
1703408151.811 3211
1703408152.093 3212
1703408152.380 3212
1703408152.676 3212
1703408153.024 3212
1703408153.292 3212
1703408153.561 3212
1703408153.842 3212
1703408154.127 3212
1703408154.399 3212
1703408154.711 3212
1703408154.995 3212
1703408155.272 3212
1703408155.582 3212
1703408155.872 3212
1703408156.174 3212
1703408156.472 3212
1703408156.744 3212
1703408157.040 3212
1703408157.357 3215
1703408157.648 3230
1703408157.948 3233
1703408158.218 3237
1703408158.505 3244
1703408158.795 3248
1703408159.073 3261
1703408159.348 3270
1703408159.637 3279
1703408159.927 3289
1703408160.203 3311
1703408160.481 3326
1703408160.761 3336
1703408161.049 3361
1703408161.329 3365
1703408161.616 3386
1703408161.902 3421
1703408162.189 3458
1703408162.471 3463
1703408162.751 3463
1703408163.040 3463
1703408163.350 3463
1703408163.659 3463
1703408163.968 3463
1703408164.247 3463
1703408164.559 3463
1703408164.831 3463
1703408165.116 3463
1703408165.402 3463
1703408165.698 3463
1703408165.978 3463
1703408166.321 3463
1703408166.636 3463
1703408166.923 3463
1703408167.213 3463
1703408167.508 3463
1703408167.786 3463
1703408168.081 3463
1703408168.358 3463
1703408168.652 3463
1703408168.936 3463
1703408169.223 3463
1703408169.519 3463
1703408169.808 3463
1703408170.159 3463
1703408170.484 3463
1703408170.772 3463
1703408171.061 3463
1703408171.383 3463
1703408171.668 3463
1703408171.973 3464
1703408172.278 3464
1703408172.582 3464
1703408172.851 3464
1703408173.136 3464
1703408173.436 3464
1703408173.747 3464
1703408174.047 3464
1703408174.321 3464
1703408174.610 3465
1703408174.920 3465
1703408175.203 3465
1703408175.491 3465
1703408175.796 3465
1703408176.099 3465
1703408176.396 3471
1703408176.684 3478
1703408177.023 3479
1703408177.370 3479
1703408177.676 3479
1703408177.950 3479
1703408178.232 3479
1703408178.552 3479
1703408178.847 3479
1703408179.170 3479
1703408179.522 3479
1703408179.815 3479
1703408180.104 3479
1703408180.401 3479
1703408180.685 3479
1703408180.970 3479
1703408181.261 3479
1703408181.568 3479
1703408181.858 3479
1703408182.161 3479
1703408182.462 3479
1703408182.748 3479
1703408183.053 3485
1703408183.342 3485
1703408183.622 3485
1703408183.904 3485
1703408184.198 3485
1703408184.461 3485
1703408184.751 3485
1703408185.031 3485
1703408185.317 3485
1703408185.622 3485
1703408185.931 3485
1703408186.216 3485
1703408186.483 3485
1703408186.757 3485
1703408187.034 3485
1703408187.321 3485
1703408187.639 3485
1703408187.920 3485
1703408188.207 3485
1703408188.493 3485
1703408188.779 3485
1703408189.097 3485
1703408189.383 3485
1703408189.693 3485
1703408189.986 3485
1703408190.270 3485
1703408190.548 3485
1703408190.840 3485
1703408191.163 3485
1703408191.458 3485
1703408191.751 3485
1703408192.019 3485
1703408192.301 3485
1703408192.596 3485
1703408192.883 3485
1703408193.165 3485
1703408193.449 3485
1703408193.750 3485
1703408194.086 3485
1703408194.366 3485
1703408194.646 3485
1703408194.930 3485
1703408195.204 3485
1703408195.505 3485
1703408195.797 3485
1703408196.089 3487
1703408196.381 3487
1703408196.677 3487
1703408196.979 3488
1703408197.269 3504
1703408197.559 3512
1703408197.846 3518
1703408198.134 3534
1703408198.416 3600
1703408198.697 3615
1703408198.978 3636
1703408199.266 3636
1703408199.574 3670
1703408199.888 3721
1703408200.181 3795
1703408200.464 3822
1703408200.765 3854
1703408201.057 3870
1703408201.343 3870
1703408201.634 3870
1703408201.915 3879
1703408202.201 3887
1703408202.545 3887
1703408202.874 3887
1703408203.175 3887
1703408203.490 3888
1703408203.781 3888
1703408204.107 3888
1703408204.400 3888
1703408204.716 3888
1703408205.008 3888
1703408205.292 3893
1703408205.564 3894
1703408205.820 3894
1703408206.085 3894
1703408206.371 3894
1703408206.649 3894
1703408206.939 3898
1703408207.220 3900
1703408207.515 3909
1703408207.803 3923
1703408208.090 3934
1703408208.400 3955
1703408208.701 4007
1703408208.996 4042
1703408209.288 4058
1703408209.578 4075
1703408209.862 4099
1703408210.148 4147
1703408210.423 4162
1703408210.706 4177
1703408210.984 4177
1703408211.285 4177
1703408211.568 4186
1703408211.846 4195
1703408212.138 4207
1703408212.415 4216
1703408212.699 4233
1703408212.980 4246
1703408213.279 4270
1703408213.537 4283
1703408213.823 4295
1703408214.106 4301
1703408214.418 4321
1703408214.667 4344
1703408214.954 4387
1703408215.234 4408
1703408215.518 4417
1703408215.814 4447
1703408216.101 4462
1703408216.385 4483
1703408216.670 4498
1703408216.925 4505
1703408217.185 4510
1703408217.455 4518
1703408217.724 4520
1703408218.006 4520
1703408218.332 4520
1703408218.618 4520
1703408218.904 4520
1703408219.185 4520
1703408219.478 4520
1703408219.767 4520
1703408220.066 4520
1703408220.366 4520
1703408220.650 4520
1703408220.945 4520
1703408221.222 4520
1703408221.533 4520
1703408221.834 4520
1703408222.118 4520
1703408222.390 4520
1703408222.680 4520
1703408222.966 4520
1703408223.253 4520
1703408223.522 4520
1703408223.810 4520
1703408224.091 4528
1703408224.368 4543
1703408224.658 4556
1703408224.954 4575
1703408225.225 4599
1703408225.515 4615
1703408225.797 4638
1703408226.076 4649
1703408226.382 4672
1703408226.677 4686
1703408226.955 4701
1703408227.224 4716
1703408227.524 4738
1703408227.791 4763
1703408228.069 4791
1703408228.361 4827
1703408228.677 4875
1703408228.952 4919
1703408229.260 4966
1703408229.539 4993
1703408229.820 5004
1703408230.108 5011
1703408230.401 5031
1703408230.697 5038
1703408230.979 5043
1703408231.254 5049
1703408231.534 5055
1703408231.824 5069
1703408232.118 5096
1703408232.460 5120
1703408232.727 5124
1703408233.015 5138
1703408233.325 5151
1703408233.627 5155
1703408233.971 5155
1703408234.245 5159
1703408234.522 5161
1703408234.812 5166
1703408235.113 5171
1703408235.395 5182
1703408235.679 5196
1703408235.956 5218
1703408236.249 5255
1703408236.538 5268
1703408236.812 5268
1703408237.108 5270
1703408237.371 5270
1703408237.654 5270
1703408237.937 5270
1703408238.238 5270
1703408238.555 5270
1703408238.850 5270
1703408239.137 5270
1703408239.422 5271
1703408239.709 5271
1703408240.011 5277
1703408240.300 5290
1703408240.599 5310
1703408240.924 5316
1703408241.215 5320
1703408241.504 5321
1703408241.795 5322
1703408242.078 5322
1703408242.365 5322
1703408242.669 5325
1703408243.017 5326
1703408243.292 5326
1703408243.582 5326
1703408243.870 5329
1703408244.175 5337
1703408244.507 5344
1703408244.798 5359
1703408245.080 5363
1703408245.381 5364
1703408245.637 5378
1703408245.926 5389
1703408246.209 5428
1703408246.496 5459
1703408246.778 5494
1703408247.057 5585
1703408247.345 5596
1703408247.583 5610
1703408247.863 5635
1703408248.137 5659
1703408248.410 5678
1703408248.684 5683
1703408248.948 5683
1703408249.217 5683
1703408249.498 5689
1703408249.768 5689
1703408250.086 5689
1703408250.348 5690
1703408250.641 5694
1703408250.947 5709
1703408251.234 5723
1703408251.515 5742
1703408251.795 5769
1703408252.073 5774
1703408252.348 5775
1703408252.635 5776
1703408252.920 5778
1703408253.213 5779
1703408253.491 5782
1703408253.764 5783
1703408254.049 5783
1703408254.341 5785
1703408254.637 5788
1703408254.914 5788
1703408255.203 5788
1703408255.508 5788
1703408255.788 5796
1703408256.086 5803
1703408256.372 5803
1703408256.661 5804
1703408256.939 5805
1703408257.257 5807
1703408257.553 5809
1703408257.850 5809
1703408258.114 5809
1703408258.374 5809
1703408258.641 5809
1703408258.927 5809
1703408259.192 5809
1703408259.536 5809
1703408259.898 5811
1703408260.194 5811
1703408260.533 5811
1703408260.848 5811
1703408261.129 5811
1703408261.398 5811
1703408261.682 5811
1703408261.969 5811
1703408262.268 5811
1703408262.556 5811
1703408262.847 5811
1703408263.125 5811
1703408263.397 5811
1703408263.654 5811
1703408263.926 5811
1703408264.218 5811
1703408264.489 5811
1703408264.746 5811
1703408265.003 5811
1703408265.304 5811
1703408265.560 5811
1703408265.834 5811
1703408266.116 5811
1703408266.409 5822
1703408266.754 5822
1703408267.069 5827
1703408267.350 5827
1703408267.631 5827
1703408267.913 5859
1703408268.207 5860
1703408268.508 5860
1703408268.779 5860
1703408269.053 5860
1703408269.326 5860
1703408269.621 5860
1703408269.897 5860
1703408270.174 5860
1703408270.463 5860
1703408270.760 5860
1703408271.038 5860
1703408271.337 5861
1703408271.610 5861
1703408271.884 5861
1703408272.163 5861
1703408272.450 5861
1703408272.746 5861
1703408273.008 5861
1703408273.293 5861
1703408273.573 5861
1703408273.848 5861
1703408274.139 5861
1703408274.417 5861
1703408274.707 5861
1703408274.984 5861
1703408275.276 5861
1703408275.554 5861
1703408275.846 5861
1703408276.124 5861
1703408276.408 5861
1703408276.698 5861
1703408276.965 5861
1703408277.238 5861
1703408277.536 5861
1703408277.822 5861
1703408278.113 5861
1703408278.399 5864
1703408278.758 5866
1703408279.046 5871
1703408279.335 5872
1703408279.636 5875
1703408279.890 5880
1703408280.168 5882
1703408280.450 5882
1703408280.754 5883
1703408281.084 5883
1703408281.350 5883
1703408281.677 5888
1703408281.982 5888
1703408282.265 5891
1703408282.546 5892
1703408282.842 5892
1703408283.116 5892
1703408283.390 5892
1703408283.663 5892
1703408283.961 5892
1703408284.253 5892
1703408284.541 5892
1703408284.817 5893
1703408285.106 5893
1703408285.428 5893
1703408285.716 5894
1703408286.015 5894
1703408286.296 5894
1703408286.642 5894
1703408286.988 5894
1703408287.265 5894
1703408287.549 5895
1703408287.834 5895
1703408288.087 5895
1703408288.362 5895
1703408288.670 5902
1703408288.949 5902
1703408289.234 5902
1703408289.501 5902
1703408289.779 5902
1703408290.056 5902
1703408290.336 5902
1703408290.630 5902
1703408290.908 5902
1703408291.202 5902
1703408291.489 5902
1703408291.763 5902
1703408292.055 5902
1703408292.340 5902
1703408292.638 5902
1703408292.934 5902
1703408293.224 5902
1703408293.519 5902
1703408293.777 5902
1703408294.052 5902
1703408294.333 5902
1703408294.617 5902
1703408294.911 5912
1703408295.232 5912
1703408295.501 5912
1703408295.776 5912
1703408296.049 5912
1703408296.329 5912
1703408296.605 5912
1703408296.885 5914
1703408297.240 5917
1703408297.522 5920
1703408297.854 5922
1703408298.147 5925
1703408298.425 5927
1703408298.720 5930
1703408299.025 5935
1703408299.303 5935
1703408299.590 5940
1703408299.870 5940
1703408300.156 5940
1703408300.447 5940
1703408300.740 5940
1703408301.043 5940
1703408301.323 5940
1703408301.649 5940
1703408301.949 5940
1703408302.248 5940
1703408302.574 5940
1703408302.861 5941
1703408303.145 5941
1703408303.477 5941
1703408303.767 5941
1703408304.071 5941
1703408304.357 5941
1703408304.647 5941
1703408304.952 5941
1703408305.207 5944
1703408305.468 5946
1703408305.729 5946
1703408305.993 5946
1703408306.254 5946
1703408306.523 5946
1703408306.791 5949
1703408307.066 5949
1703408307.349 5949
1703408307.631 5951
1703408307.903 5952
1703408308.188 5953
1703408308.463 5953
1703408308.743 5953
1703408309.015 5953
1703408309.299 5954
1703408309.577 5954
1703408309.850 5954
1703408310.139 5955
1703408310.414 5956
1703408310.686 5957
1703408310.964 5957
1703408311.240 5959
1703408311.518 5960
1703408311.831 5967
1703408312.102 5973
1703408312.394 5975
1703408312.671 5976
1703408312.980 5976
1703408313.258 5977
1703408313.542 5977
1703408313.815 5978
1703408314.099 5978
1703408314.433 5978
1703408314.769 5978
1703408315.057 5978
1703408315.360 5978
1703408315.683 5978
1703408315.976 5980
1703408316.267 5982
1703408316.552 5982
1703408316.839 5982
1703408317.112 5982
1703408317.393 5982
1703408317.676 5982
1703408317.957 5982
1703408318.244 5982
1703408318.531 5982
1703408318.831 5982
1703408319.111 5982
1703408319.413 5982
1703408319.757 5982
1703408320.077 5982
1703408320.383 5982
1703408320.651 5982
1703408320.927 5982
1703408321.221 5982
1703408321.520 5982
1703408321.803 5982
1703408322.095 5982
1703408322.377 5982
1703408322.653 5982
1703408322.930 5984
1703408323.229 5991
1703408323.504 5993
1703408323.792 5993
1703408324.070 5993
1703408324.357 5993
1703408324.678 5994
1703408324.985 5994
1703408325.259 5994
1703408325.556 5994
1703408325.865 5995
1703408326.143 5995
1703408326.429 5996
1703408326.738 5996
1703408327.015 5996
1703408327.305 5996
1703408327.573 5996
1703408327.847 5996
1703408328.109 5996
1703408328.388 5996
1703408328.654 5996
1703408328.894 5996
1703408329.172 5996
1703408329.433 5996
1703408329.708 5996
1703408329.990 5996
1703408330.262 5996
1703408330.539 5996
1703408330.808 5997
1703408331.099 5997
1703408331.430 5997
1703408331.707 5997
1703408331.984 5997
1703408332.278 5997
1703408332.563 5997
1703408332.883 5997
1703408333.171 5997
1703408333.454 6000
1703408333.751 6000
1703408334.040 6000
1703408334.394 6004
1703408334.704 6004
1703408334.985 6004
1703408335.262 6007
1703408335.542 6007
1703408335.870 6008
1703408336.177 6008
1703408336.466 6008
1703408336.733 6008
1703408337.004 6008
1703408337.278 6008
1703408337.554 6008
1703408337.828 6009
1703408338.115 6009
1703408338.390 6009
1703408338.681 6009
1703408338.956 6009
1703408339.240 6009
1703408339.510 6009
1703408339.786 6009
1703408340.068 6014
1703408340.368 6014
1703408340.653 6016
1703408340.944 6016
1703408341.255 6016
1703408341.533 6016
1703408341.820 6016
1703408342.101 6016
1703408342.416 6016
1703408342.730 6017
1703408343.046 6020
1703408343.320 6027
1703408343.633 6042
1703408343.902 6060
1703408344.185 6082
1703408344.469 6100
1703408344.756 6113
1703408345.032 6129
1703408345.316 6130
1703408345.608 6131
1703408345.915 6132
1703408346.232 6132
1703408346.522 6132
1703408346.825 6132
1703408347.093 6132
1703408347.387 6132
1703408347.694 6132
1703408347.969 6132
1703408348.245 6132
1703408348.536 6132
1703408348.819 6132
1703408349.100 6132
