1703408401.784 69
1703408402.092 137
1703408402.596 141
1703408402.976 141
1703408403.257 141
1703408403.518 141
1703408403.765 142
1703408404.018 146
1703408404.270 146
1703408404.523 148
1703408404.786 149
1703408405.049 151
1703408405.316 157
1703408405.578 187
1703408405.838 249
1703408406.106 277
1703408406.367 285
1703408406.646 294
1703408406.919 294
1703408407.183 294
1703408407.449 294
1703408407.716 294
1703408407.993 294
1703408408.266 299
1703408408.541 329
1703408408.809 351
1703408409.089 374
1703408409.359 387
1703408409.630 387
1703408409.893 389
1703408410.164 398
1703408410.450 420
1703408410.708 427
1703408410.971 432
1703408411.221 438
1703408411.476 459
1703408411.732 464
1703408411.997 491
1703408412.270 528
1703408412.526 567
1703408412.791 596
1703408413.060 635
1703408413.334 663
1703408413.622 729
1703408413.899 747
1703408414.189 776
1703408414.485 818
1703408414.758 818
1703408415.044 879
1703408415.314 1010
1703408415.600 1073
1703408415.890 1078
1703408416.159 1097
1703408416.450 1108
1703408416.747 1162
1703408417.008 1169
1703408417.293 1182
1703408417.589 1190
1703408417.911 1191
1703408418.193 1206
1703408418.485 1211
1703408418.791 1213
1703408419.049 1214
1703408419.336 1214
1703408419.613 1214
1703408419.896 1220
1703408420.184 1227
1703408420.499 1227
1703408420.809 1262
1703408421.080 1262
1703408421.365 1264
1703408421.636 1277
1703408421.920 1308
1703408422.208 1336
1703408422.500 1355
1703408422.833 1370
1703408423.140 1373
1703408423.435 1378
1703408423.770 1385
1703408424.061 1423
1703408424.350 1467
1703408424.688 1532
1703408424.973 1536
1703408425.255 1565
1703408425.550 1584
1703408425.834 1601
1703408426.130 1627
1703408426.420 1645
1703408426.704 1673
1703408427.009 1675
1703408427.308 1691
1703408427.592 1693
1703408427.889 1718
1703408428.176 1719
1703408428.460 1730
1703408428.748 1743
1703408429.059 1757
1703408429.395 1772
1703408429.678 1783
1703408429.988 1789
1703408430.283 1800
1703408430.566 1803
1703408430.857 1808
1703408431.143 1808
1703408431.439 1808
1703408431.729 1808
1703408432.017 1808
1703408432.303 1808
1703408432.580 1808
1703408432.851 1808
1703408433.166 1808
1703408433.476 1812
1703408433.748 1828
1703408434.075 1837
1703408434.364 1853
1703408434.667 1861
1703408434.955 1874
1703408435.240 1892
1703408435.542 1929
1703408435.817 1958
1703408436.101 1987
1703408436.383 2017
1703408436.687 2038
1703408437.002 2066
1703408437.334 2102
1703408437.586 2115
1703408437.873 2119
1703408438.183 2140
1703408438.476 2153
1703408438.768 2176
1703408439.059 2251
1703408439.353 2339
1703408439.643 2386
1703408439.926 2409
1703408440.217 2413
1703408440.497 2414
1703408440.790 2427
1703408441.063 2435
1703408441.352 2435
1703408441.608 2435
1703408441.884 2439
1703408442.176 2439
1703408442.451 2439
1703408442.729 2439
1703408443.010 2440
1703408443.297 2443
1703408443.613 2445
1703408443.920 2445
1703408444.189 2451
1703408444.467 2454
1703408444.759 2460
1703408445.052 2464
1703408445.338 2478
1703408445.618 2489
1703408445.911 2500
1703408446.202 2526
1703408446.497 2526
1703408446.795 2533
1703408447.135 2533
1703408447.428 2536
1703408447.725 2536
1703408448.008 2543
1703408448.300 2574
1703408448.589 2574
1703408448.906 2576
1703408449.215 2578
1703408449.507 2579
1703408449.808 2584
1703408450.084 2587
1703408450.362 2589
1703408451.268 2594
1703408451.958 2601
1703408452.247 2602
1703408452.533 2606
1703408452.840 2608
1703408453.110 2609
1703408453.400 2619
1703408453.700 2630
1703408454.042 2675
1703408454.327 2686
1703408454.626 2697
1703408454.917 2734
1703408455.211 2748
1703408455.498 2808
1703408455.794 2858
1703408456.084 2888
1703408456.377 2915
1703408456.673 2932
1703408456.966 2945
1703408457.254 2958
1703408457.542 2966
1703408457.831 2975
1703408458.125 2985
1703408458.412 2998
1703408458.706 3004
1703408458.992 3018
1703408459.283 3029
1703408459.572 3046
1703408459.856 3064
1703408460.145 3090
1703408460.442 3110
1703408460.724 3133
1703408461.007 3158
1703408461.312 3193
1703408461.601 3202
1703408461.876 3215
1703408462.162 3219
1703408462.516 3221
1703408462.845 3224
1703408463.128 3224
1703408463.443 3224
1703408463.727 3224
1703408464.017 3224
1703408464.324 3226
1703408464.617 3227
1703408464.902 3229
1703408465.191 3231
1703408465.475 3232
1703408465.764 3238
1703408466.012 3243
1703408466.332 3243
1703408466.629 3243
1703408466.893 3243
1703408467.166 3243
1703408467.455 3243
1703408467.735 3243
1703408468.018 3243
1703408468.326 3243
1703408468.636 3244
1703408468.915 3244
1703408469.216 3245
1703408469.501 3245
1703408469.816 3245
1703408470.107 3245
1703408470.395 3245
1703408470.685 3245
1703408470.971 3245
1703408471.258 3245
1703408471.553 3245
1703408471.892 3245
1703408472.195 3245
1703408472.477 3245
1703408472.755 3245
1703408473.039 3245
1703408473.346 3245
1703408473.646 3245
1703408473.927 3245
1703408474.228 3245
1703408474.506 3245
1703408474.797 3248
1703408475.090 3248
1703408475.384 3262
1703408475.668 3280
1703408475.955 3302
1703408476.270 3309
1703408476.560 3309
1703408476.856 3309
1703408477.163 3314
1703408477.447 3327
1703408477.742 3369
1703408478.032 3413
1703408478.331 3436
1703408478.647 3456
1703408478.937 3460
1703408479.215 3461
1703408479.507 3461
1703408479.789 3465
1703408480.073 3469
1703408480.361 3469
1703408480.648 3471
1703408480.936 3471
1703408481.231 3471
1703408481.577 3475
1703408481.900 3478
1703408482.205 3478
1703408482.511 3478
1703408482.788 3485
1703408483.087 3485
1703408483.371 3485
1703408483.696 3485
1703408484.014 3485
1703408484.336 3485
1703408484.650 3485
1703408484.966 3485
1703408485.269 3485
1703408485.579 3485
1703408485.874 3485
1703408486.157 3485
1703408486.472 3485
1703408486.758 3485
1703408487.084 3485
1703408487.370 3485
1703408487.662 3485
1703408487.949 3514
1703408488.239 3531
1703408488.526 3536
1703408488.818 3539
1703408489.104 3539
1703408489.369 3540
1703408489.663 3540
1703408489.945 3540
1703408490.227 3540
1703408490.515 3540
1703408490.798 3540
1703408491.085 3540
1703408491.376 3540
1703408491.666 3540
1703408491.952 3540
1703408492.229 3540
1703408492.537 3552
1703408492.807 3555
1703408493.119 3565
1703408493.378 3565
1703408493.703 3565
1703408494.017 3565
1703408494.308 3565
1703408494.595 3565
1703408494.953 3565
1703408495.244 3565
1703408495.527 3565
1703408495.797 3565
1703408496.075 3565
1703408496.365 3565
1703408496.658 3565
1703408496.946 3565
1703408497.244 3565
1703408497.589 3565
1703408497.853 3565
1703408498.151 3566
1703408498.437 3566
1703408498.722 3568
1703408499.005 3572
1703408499.301 3576
1703408499.573 3586
1703408499.876 3592
1703408500.153 3602
1703408500.477 3617
1703408500.767 3635
1703408501.064 3649
1703408501.361 3677
1703408501.654 3697
1703408501.934 3712
1703408502.234 3725
1703408502.522 3750
1703408502.813 3762
1703408503.102 3772
1703408503.398 3780
1703408503.685 3794
1703408503.986 3797
1703408504.280 3815
1703408504.573 3822
1703408504.843 3822
1703408505.147 3827
1703408505.425 3829
1703408505.735 3829
1703408506.028 3837
1703408506.325 3862
1703408506.693 3888
1703408506.992 3916
1703408507.272 3942
1703408507.555 3950
1703408507.835 3962
1703408508.110 3996
1703408508.379 4007
1703408508.643 4053
1703408508.917 4062
1703408509.191 4062
1703408509.462 4063
1703408509.756 4077
1703408510.040 4091
1703408510.332 4119
1703408510.622 4132
1703408510.900 4134
1703408511.186 4141
1703408511.490 4150
1703408511.756 4158
1703408512.045 4160
1703408512.326 4163
1703408512.606 4163
1703408512.894 4163
1703408513.173 4163
1703408513.463 4163
1703408513.746 4163
1703408514.032 4163
1703408514.329 4163
1703408514.631 4163
1703408514.889 4164
1703408515.187 4164
1703408515.479 4164
1703408515.804 4164
1703408516.107 4164
1703408516.369 4165
1703408516.644 4166
1703408516.921 4166
1703408517.204 4166
1703408517.492 4166
1703408517.768 4166
1703408518.034 4166
1703408518.318 4166
1703408518.601 4166
1703408518.882 4166
1703408519.172 4166
1703408519.484 4166
1703408519.801 4166
1703408520.085 4166
1703408520.380 4168
1703408520.683 4169
1703408520.948 4169
1703408521.232 4169
1703408521.540 4170
1703408521.821 4170
1703408522.148 4170
1703408522.421 4170
1703408522.749 4170
1703408523.026 4170
1703408523.316 4170
1703408523.596 4170
1703408523.884 4170
1703408524.174 4170
1703408524.449 4170
1703408524.739 4170
1703408525.028 4170
1703408525.314 4170
1703408525.604 4170
1703408525.896 4171
1703408526.192 4172
1703408526.503 4172
1703408526.765 4173
1703408527.065 4177
1703408527.343 4177
1703408527.619 4181
1703408527.922 4185
1703408528.209 4198
1703408528.493 4239
1703408528.797 4273
1703408529.091 4324
1703408529.377 4356
1703408529.659 4369
1703408529.956 4376
1703408530.317 4378
1703408530.590 4379
1703408530.898 4379
1703408531.198 4379
1703408531.478 4379
1703408531.754 4379
1703408532.038 4379
1703408532.313 4379
1703408532.611 4379
1703408532.890 4379
1703408533.164 4379
1703408533.463 4379
1703408533.755 4379
1703408534.053 4379
1703408534.344 4379
1703408534.649 4379
1703408534.927 4379
1703408535.206 4379
1703408535.523 4379
1703408535.822 4379
1703408536.150 4379
1703408536.445 4379
1703408536.740 4379
1703408537.000 4379
1703408537.285 4379
1703408537.572 4379
1703408537.852 4379
1703408538.130 4379
1703408538.410 4379
1703408538.693 4379
1703408538.973 4379
1703408539.268 4379
1703408539.626 4379
1703408539.936 4379
1703408540.231 4379
1703408540.519 4379
1703408540.829 4379
1703408541.113 4379
1703408541.408 4383
1703408541.693 4384
1703408541.977 4384
1703408542.272 4384
1703408542.560 4384
1703408542.849 4387
1703408543.150 4387
1703408543.428 4390
1703408543.720 4396
1703408544.016 4410
1703408544.338 4412
1703408544.641 4412
1703408544.920 4412
1703408545.217 4412
1703408545.501 4412
1703408545.791 4412
1703408546.082 4412
1703408546.371 4433
1703408546.700 4467
1703408547.042 4488
1703408547.372 4505
1703408547.678 4512
1703408547.954 4513
1703408548.241 4514
1703408548.538 4516
1703408548.822 4521
1703408549.100 4523
1703408549.405 4530
1703408549.694 4533
1703408550.015 4538
1703408550.300 4538
1703408550.592 4539
1703408550.875 4539
1703408551.174 4539
1703408551.461 4539
1703408551.747 4539
1703408552.043 4539
1703408552.322 4539
1703408552.599 4539
1703408552.881 4539
1703408553.166 4539
1703408553.446 4539
1703408553.747 4539
1703408554.038 4539
1703408554.327 4539
1703408554.614 4539
1703408554.912 4539
1703408555.198 4548
1703408555.493 4548
1703408555.815 4548
1703408556.146 4548
1703408556.431 4548
1703408556.717 4548
1703408557.014 4548
1703408557.300 4548
1703408557.582 4548
1703408557.865 4548
1703408558.148 4548
1703408558.434 4549
1703408558.713 4549
1703408558.994 4549
1703408559.284 4549
1703408559.598 4549
1703408559.885 4549
1703408560.183 4549
1703408560.461 4551
1703408560.758 4555
1703408561.063 4566
1703408561.357 4577
1703408561.643 4593
1703408561.914 4612
1703408562.194 4630
1703408562.477 4656
1703408562.773 4674
1703408563.065 4686
1703408563.358 4695
1703408563.654 4701
1703408563.932 4717
1703408564.219 4734
1703408564.507 4742
1703408564.790 4746
1703408565.070 4746
1703408565.352 4746
1703408565.643 4746
1703408565.934 4746
1703408566.213 4746
1703408566.490 4746
1703408566.832 4746
1703408567.134 4746
1703408567.419 4746
1703408567.708 4746
1703408567.993 4746
1703408568.292 4746
1703408568.584 4755
1703408568.870 4757
1703408569.183 4757
1703408569.518 4767
1703408569.814 4780
1703408570.095 4780
1703408570.407 4798
1703408570.697 4815
1703408570.996 4828
1703408571.298 4838
1703408571.616 4839
1703408571.906 4840
1703408572.184 4842
1703408572.477 4843
1703408572.759 4845
1703408573.051 4845
1703408573.330 4851
1703408573.624 4851
1703408573.924 4851
1703408574.228 4851
1703408574.584 4852
1703408574.942 4852
1703408575.229 4853
1703408575.552 4853
1703408575.862 4853
1703408576.145 4853
1703408576.432 4853
1703408576.716 4853
1703408577.039 4853
1703408577.345 4853
1703408577.649 4853
1703408577.940 4853
1703408578.306 4853
1703408578.586 4853
1703408578.907 4853
1703408579.208 4853
1703408579.493 4853
1703408579.789 4853
1703408580.093 4853
1703408580.381 4853
1703408580.726 4853
1703408581.033 4853
1703408581.312 4853
1703408581.588 4853
1703408581.892 4853
1703408582.183 4853
1703408582.507 4853
1703408582.793 4856
1703408583.068 4856
1703408583.341 4856
1703408583.618 4856
1703408583.890 4859
1703408584.163 4859
1703408584.434 4860
1703408584.721 4860
1703408585.014 4860
1703408585.297 4860
1703408585.584 4860
1703408585.871 4860
1703408586.186 4860
1703408586.469 4860
1703408586.775 4882
1703408587.043 4882
1703408587.309 4882
1703408587.585 4882
1703408587.870 4885
1703408588.155 4885
1703408588.480 4885
1703408588.767 4894
1703408589.067 4897
1703408589.359 4902
1703408589.650 4903
1703408589.937 4939
1703408590.230 4979
1703408590.546 4990
1703408590.868 5005
1703408591.163 5073
1703408591.455 5089
1703408591.755 5125
1703408592.041 5194
1703408592.333 5285
1703408592.638 5343
1703408592.898 5372
1703408593.207 5386
1703408593.468 5393
1703408593.751 5403
1703408594.041 5412
1703408594.333 5417
1703408594.610 5419
1703408594.887 5419
1703408595.165 5419
1703408595.450 5419
1703408595.727 5419
1703408596.013 5419
1703408596.296 5419
1703408596.577 5419
1703408596.855 5419
1703408597.145 5419
1703408597.431 5419
1703408597.735 5423
1703408598.026 5433
1703408598.308 5438
1703408598.646 5442
1703408598.923 5442
1703408599.214 5444
1703408599.498 5448
1703408599.788 5458
1703408600.072 5475
1703408600.352 5476
1703408600.638 5494
1703408600.948 5506
1703408601.241 5536
1703408601.514 5541
1703408601.805 5551
1703408602.099 5554
1703408602.383 5557
1703408602.674 5558
1703408602.957 5562
1703408603.238 5562
1703408603.532 5562
1703408603.810 5562
1703408604.094 5562
1703408604.374 5562
1703408604.655 5562
1703408604.931 5563
1703408605.229 5564
1703408605.575 5574
1703408605.850 5594
1703408606.133 5595
1703408606.439 5595
1703408606.707 5602
1703408606.973 5610
1703408607.257 5610
1703408607.566 5614
1703408607.861 5619
1703408608.140 5623
1703408608.428 5627
1703408608.713 5637
1703408608.993 5640
1703408609.313 5648
1703408609.634 5649
1703408609.913 5650
1703408610.204 5653
1703408610.495 5653
1703408610.789 5654
1703408611.071 5660
1703408611.352 5665
1703408611.637 5666
1703408611.915 5666
1703408612.201 5666
1703408612.497 5666
1703408612.792 5666
1703408613.083 5667
1703408613.401 5667
1703408613.706 5668
1703408613.996 5668
1703408614.295 5668
1703408614.642 5668
1703408614.945 5672
1703408615.217 5672
1703408615.504 5672
1703408615.787 5672
1703408616.121 5672
1703408616.405 5672
1703408616.690 5674
1703408616.976 5687
1703408617.262 5687
1703408617.544 5689
1703408617.845 5702
1703408618.133 5702
1703408618.424 5706
1703408618.714 5717
1703408619.014 5733
1703408619.350 5755
1703408619.598 5782
1703408619.889 5855
1703408620.185 5889
1703408620.489 5929
1703408620.777 5978
1703408621.059 6006
1703408621.370 6036
1703408621.635 6054
1703408621.906 6065
1703408622.172 6066
1703408622.434 6066
1703408622.705 6066
1703408622.966 6066
1703408623.236 6066
1703408623.509 6066
1703408623.801 6066
1703408624.076 6067
1703408624.390 6068
1703408624.705 6068
1703408624.993 6068
1703408625.295 6068
1703408625.573 6068
1703408625.852 6068
1703408626.148 6068
1703408626.441 6069
1703408626.734 6070
1703408627.021 6071
1703408627.304 6071
1703408627.596 6080
1703408627.863 6084
1703408628.150 6084
1703408628.439 6085
1703408628.718 6090
1703408629.003 6090
1703408629.277 6092
1703408629.629 6092
1703408629.919 6092
1703408630.235 6095
1703408630.523 6096
1703408630.809 6103
1703408631.100 6104
1703408631.375 6104
1703408631.669 6104
1703408631.970 6104
1703408632.256 6104
1703408632.540 6104
1703408632.826 6104
1703408633.112 6104
1703408633.445 6114
1703408633.717 6114
1703408634.029 6126
1703408634.295 6126
1703408634.561 6126
1703408634.834 6126
1703408635.104 6126
1703408635.365 6126
1703408635.628 6126
1703408635.922 6126
1703408636.194 6126
1703408636.489 6126
1703408636.781 6126
1703408637.061 6126
1703408637.336 6126
1703408637.653 6126
1703408637.910 6127
1703408638.186 6127
1703408638.467 6127
1703408638.723 6127
1703408638.993 6127
1703408639.258 6127
1703408639.543 6127
1703408639.856 6127
1703408640.143 6127
1703408640.422 6127
1703408640.701 6127
1703408640.978 6127
1703408641.253 6127
1703408641.537 6127
1703408641.824 6127
1703408642.155 6127
1703408642.487 6127
1703408642.769 6128
1703408643.039 6128
1703408643.313 6128
1703408643.598 6128
1703408643.887 6128
1703408644.202 6128
1703408644.453 6128
1703408644.738 6128
1703408645.034 6128
1703408645.336 6129
1703408645.604 6129
1703408645.860 6129
1703408646.154 6129
1703408646.417 6129
1703408646.684 6129
1703408646.965 6129
1703408647.236 6129
1703408647.506 6129
1703408647.788 6129
1703408648.098 6129
1703408648.368 6129
1703408648.643 6129
1703408648.966 6129
1703408649.233 6129
1703408649.549 6129
1703408649.827 6129
1703408650.112 6129
1703408650.389 6129
1703408650.710 6130
1703408650.993 6130
1703408651.280 6130
1703408651.542 6130
1703408651.824 6130
1703408652.103 6130
1703408652.376 6130
1703408652.672 6132
1703408652.952 6141
1703408653.238 6146
1703408653.516 6153
1703408653.796 6160
1703408654.076 6163
1703408654.360 6168
1703408654.689 6172
1703408654.969 6172
1703408655.240 6172
1703408655.520 6172
1703408655.800 6172
1703408656.086 6172
1703408656.375 6172
1703408656.703 6175
1703408657.001 6176
1703408657.284 6176
1703408657.569 6177
1703408657.849 6180
1703408658.127 6181
1703408658.413 6181
1703408658.698 6182
1703408658.979 6182
1703408659.255 6182
1703408659.544 6182
1703408659.879 6182
1703408660.149 6182
1703408660.430 6182
1703408660.732 6182
1703408660.996 6183
1703408661.281 6183
1703408661.605 6183
1703408661.850 6183
1703408662.137 6183
1703408662.434 6183
1703408662.725 6183
1703408663.018 6183
1703408663.319 6183
1703408663.612 6183
1703408663.896 6183
1703408664.178 6183
1703408664.466 6186
1703408664.749 6186
1703408665.032 6186
1703408665.304 6186
1703408665.590 6186
1703408665.885 6186
1703408666.165 6186
1703408666.453 6186
1703408666.728 6186
1703408667.016 6186
1703408667.309 6186
1703408667.586 6186
1703408667.962 6186
1703408668.247 6186
1703408668.584 6189
1703408668.896 6198
1703408669.175 6201
1703408669.457 6204
1703408669.740 6205
1703408670.021 6211
1703408670.293 6214
1703408670.564 6222
1703408670.850 6222
1703408671.163 6222
1703408671.446 6222
1703408671.708 6222
1703408671.983 6226
1703408672.277 6226
1703408672.552 6226
1703408672.843 6226
1703408673.117 6226
1703408673.419 6226
1703408673.679 6226
1703408673.955 6226
1703408674.224 6235
1703408674.476 6235
1703408674.749 6235
1703408675.012 6237
1703408675.277 6237
1703408675.605 6237
1703408675.915 6237
1703408676.196 6237
1703408676.458 6237
1703408676.725 6237
1703408676.991 6237
1703408677.256 6237
1703408677.550 6237
1703408677.810 6237
1703408678.082 6237
1703408678.386 6238
1703408678.684 6238
1703408678.969 6238
1703408679.254 6238
1703408679.538 6239
1703408679.840 6239
1703408680.121 6260
1703408680.416 6260
1703408680.686 6260
1703408680.941 6260
1703408681.245 6260
