1703407570.635 1.063 0.029 
1703407570.636 1.063 0.029 
1703407570.730 1.076 0.030 
1703407570.828 1.153 -0.025 
1703407570.928 1.255 -0.125 
1703407571.028 1.363 -0.216 
1703407571.127 1.478 -0.289 
1703407571.228 1.533 -0.350 
1703407571.327 1.599 -0.431 
1703407571.428 1.671 -0.528 
1703407571.528 1.752 -0.620 
1703407571.628 1.832 -0.712 
1703407571.728 1.902 -0.793 
1703407571.828 1.970 -0.873 
1703407571.928 2.037 -0.950 
1703407572.029 2.096 -1.019 
1703407580.140 2.288 -1.866 
1703407580.240 2.259 -1.780 
1703407580.339 2.237 -1.685 
1703407580.441 2.200 -1.619 
1703407580.540 2.086 -1.542 
1703407580.640 1.995 -1.461 
1703407580.740 1.913 -1.376 
1703407580.840 1.832 -1.284 
1703407580.940 1.750 -1.199 
1703407581.041 1.670 -1.114 
1703407581.140 1.591 -1.028 
1703407581.241 1.515 -0.946 
1703407581.342 1.461 -0.870 
1703407581.440 1.398 -0.799 
1703407581.541 1.315 -0.714 
1703407581.643 1.243 -0.611 
1703407581.741 1.205 -0.491 
1703407581.841 1.198 -0.396 
1703407581.942 1.215 -0.316 
1703407582.041 1.200 -0.189 
1703407582.143 1.178 -0.081 
1703407582.245 1.181 0.028 
1703407582.344 1.205 0.139 
1703407582.444 1.236 0.254 
1703407582.544 1.292 0.365 
1703407582.645 1.348 0.468 
1703407582.745 1.437 0.558 
1703407582.845 1.527 0.642 
1703407582.944 1.612 0.721 
1703407583.045 1.639 0.789 
1703407583.144 1.631 0.845 
1703407583.244 1.684 0.869 
1703407583.345 1.735 0.886 
1703407583.446 1.759 0.893 
1703407583.546 1.840 0.907 
1703407583.645 1.969 0.934 
1703407583.745 2.078 0.922 
1703407583.846 2.216 0.925 
1703407583.946 2.338 0.947 
1703407584.046 2.428 1.014 
1703407584.146 2.509 1.119 
1703407590.658 1.880 1.709 
1703407590.659 1.880 1.709 
1703407590.759 1.975 1.742 
1703407590.859 2.100 1.771 
1703407590.959 2.217 1.815 
1703407591.061 2.334 1.867 
1703407591.160 2.445 1.911 
1703407591.260 2.561 1.954 
1703407591.360 2.703 2.021 
1703407591.460 2.849 2.076 
1703407591.559 2.962 2.113 
1703407591.662 3.085 2.132 
1703407591.760 3.222 2.157 
1703407591.860 3.344 2.167 
1703407591.960 3.442 2.176 
1703407592.060 3.497 2.192 
1703407592.160 3.568 2.206 
1703407592.261 3.663 2.228 
1703407592.361 3.754 2.250 
1703407592.461 3.837 2.269 
1703407592.562 3.910 2.286 
1703407592.661 3.979 2.294 
1703407592.761 4.046 2.302 
1703407592.864 4.118 2.323 
1703407592.961 4.220 2.370 
1703407593.061 4.327 2.407 
1703407593.161 4.409 2.443 
1703407593.261 4.493 2.476 
1703407593.361 4.577 2.506 
1703407593.461 4.652 2.524 
1703407593.561 4.722 2.546 
1703407593.662 4.794 2.587 
1703407593.762 4.868 2.675 
1703407593.862 4.917 2.784 
1703407593.962 4.950 2.902 
1703407594.062 4.974 3.013 
1703407594.163 4.985 3.100 
1703407594.262 4.981 3.171 
1703407594.362 4.956 3.263 
1703407594.463 4.924 3.370 
1703407594.563 4.920 3.463 
1703407594.663 4.919 3.556 
1703407594.763 4.888 3.644 
1703407594.864 4.833 3.721 
1703407594.963 4.781 3.787 
1703407595.064 4.720 3.856 
1703407595.164 4.628 3.920 
1703407595.263 4.545 3.975 
1703407595.363 4.472 4.019 
1703407595.463 4.402 4.063 
1703407595.564 4.328 4.113 
1703407595.664 4.251 4.162 
1703407595.764 4.165 4.216 
1703407595.864 4.083 4.271 
1703407595.965 4.001 4.323 
1703407596.064 3.914 4.362 
1703407596.164 3.805 4.389 
1703407596.265 3.691 4.414 
1703407596.364 3.591 4.431 
1703407596.465 3.485 4.445 
1703407596.565 3.378 4.469 
1703407596.665 3.280 4.488 
1703407596.765 3.187 4.489 
1703407596.866 3.092 4.482 
1703407596.966 2.982 4.465 
1703407597.066 2.868 4.443 
1703407597.165 2.769 4.424 
1703407597.266 2.690 4.398 
1703407597.366 2.598 4.355 
1703407597.469 2.507 4.314 
1703407597.570 2.430 4.267 
1703407597.669 2.358 4.213 
1703407597.771 2.277 4.160 
1703407597.870 2.204 4.116 
1703407597.970 2.128 4.074 
1703407598.070 2.061 4.026 
1703407598.170 2.000 3.970 
1703407598.270 1.941 3.902 
1703407598.370 1.881 3.832 
1703407598.470 1.820 3.767 
1703407598.571 1.759 3.702 
1703407598.670 1.698 3.632 
1703407598.771 1.641 3.555 
1703407598.871 1.592 3.487 
1703407598.972 1.558 3.436 
1703407599.070 1.501 3.392 
1703407599.171 1.438 3.335 
1703407599.271 1.381 3.270 
1703407599.371 1.328 3.197 
1703407599.472 1.266 3.130 
1703407599.571 1.202 3.067 
1703407599.672 1.130 3.010 
1703407599.772 1.052 2.953 
1703407599.872 0.962 2.907 
1703407599.971 0.875 2.868 
1703407600.072 0.788 2.830 
1703407600.173 0.702 2.790 
1703407600.273 0.610 2.749 
1703407600.373 0.512 2.707 
1703407600.473 0.415 2.673 
1703407600.573 0.320 2.643 
1703407600.673 0.219 2.619 
1703407600.772 0.119 2.598 
1703407600.881 0.016 2.585 
1703407600.976 -0.080 2.574 
1703407601.074 -0.171 2.561 
1703407601.174 -0.264 2.548 
1703407601.273 -0.354 2.536 
1703407601.373 -0.440 2.530 
1703407601.474 -0.518 2.527 
1703407601.574 -0.591 2.526 
1703407601.674 -0.661 2.523 
1703407601.774 -0.722 2.504 
1703407601.874 -0.805 2.433 
1703407601.974 -0.860 2.339 
1703407602.074 -0.891 2.318 
1703407602.175 -0.911 2.264 
1703407602.274 -0.933 2.175 
1703407602.377 -0.970 2.103 
1703407602.477 -0.993 2.047 
1703407602.578 -1.013 2.000 
1703407602.678 -1.044 1.942 
1703407602.779 -1.077 1.871 
1703407602.878 -1.115 1.790 
1703407602.978 -1.151 1.705 
1703407603.079 -1.191 1.623 
1703407603.181 -1.234 1.544 
1703407603.281 -1.276 1.465 
1703407603.381 -1.321 1.380 
1703407603.481 -1.368 1.295 
1703407603.581 -1.416 1.208 
1703407603.681 -1.461 1.119 
1703407603.781 -1.501 1.034 
1703407603.881 -1.533 0.950 
1703407603.982 -1.571 0.863 
1703407604.081 -1.611 0.770 
1703407604.182 -1.644 0.675 
1703407604.282 -1.671 0.600 
1703407604.382 -1.684 0.553 
1703407604.482 -1.699 0.497 
1703407604.582 -1.709 0.414 
1703407604.682 -1.720 0.332 
1703407604.782 -1.738 0.253 
1703407604.883 -1.756 0.179 
1703407604.982 -1.770 0.105 
1703407605.083 -1.783 0.026 
1703407605.183 -1.791 -0.067 
1703407605.282 -1.801 -0.154 
1703407605.383 -1.814 -0.234 
1703407605.483 -1.826 -0.314 
1703407605.584 -1.837 -0.394 
1703407605.683 -1.849 -0.472 
1703407605.783 -1.860 -0.546 
1703407605.884 -1.887 -0.661 
1703407605.984 -1.907 -0.764 
1703407606.084 -1.916 -0.851 
1703407606.184 -1.927 -0.923 
1703407606.284 -1.937 -0.998 
1703407606.384 -1.949 -1.072 
1703407606.486 -1.960 -1.143 
1703407606.584 -1.971 -1.215 
1703407606.684 -1.993 -1.274 
1703407606.784 -2.008 -1.340 
1703407606.885 -2.019 -1.406 
1703407606.985 -2.033 -1.474 
1703407607.084 -2.043 -1.547 
1703407607.185 -2.043 -1.625 
1703407607.285 -2.034 -1.715 
1703407607.386 -2.026 -1.811 
1703407607.485 -2.018 -1.899 
1703407607.586 -2.011 -1.969 
1703407607.686 -2.014 -2.026 
1703407607.785 -2.030 -2.081 
1703407607.887 -2.024 -2.161 
1703407607.987 -2.029 -2.249 
1703407608.088 -2.032 -2.309 
1703407608.188 -2.020 -2.332 
1703407608.287 -1.978 -2.364 
1703407608.388 -1.940 -2.419 
1703407608.488 -1.885 -2.500 
1703407608.589 -1.801 -2.647 
1703407608.689 -1.701 -2.791 
1703407608.788 -1.602 -2.914 
1703407608.888 -1.520 -3.022 
1703407611.296 -1.388 -3.407 
1703407611.399 -1.429 -3.424 
1703407611.498 -1.551 -3.456 
1703407611.597 -1.533 -3.425 
1703407611.696 -1.410 -3.398 
1703407611.799 -1.280 -3.381 
1703407611.899 -1.130 -3.388 
1703407612.000 -0.956 -3.407 
1703407612.100 -0.871 -3.433 
1703407612.199 -0.823 -3.464 
1703407612.300 -0.790 -3.487 
1703407612.401 -0.788 -3.491 
1703407612.501 -0.754 -3.533 
1703407612.600 -0.677 -3.610 
1703407612.701 -0.546 -3.687 
1703407612.800 -0.419 -3.763 
1703407612.901 -0.301 -3.831 
1703407613.000 -0.240 -3.884 
1703407613.101 -0.261 -3.937 
1703407613.200 -0.299 -3.965 
1703407613.301 -0.325 -3.992 
1703407613.401 -0.290 -4.050 
1703407613.501 -0.189 -4.104 
1703407613.600 -0.095 -4.154 
1703407613.701 -0.051 -4.195 
1703407613.801 -0.065 -4.187 
1703407613.903 -0.053 -4.212 
1703407614.002 0.012 -4.286 
1703407614.101 0.102 -4.351 
1703407614.202 0.189 -4.406 
1703407614.302 0.280 -4.458 
1703407614.403 0.353 -4.469 
1703407614.502 0.427 -4.496 
1703407614.602 0.512 -4.543 
1703407614.703 0.623 -4.589 
1703407614.803 0.745 -4.630 
1703407614.903 0.854 -4.671 
1703407615.003 0.962 -4.716 
1703407615.102 1.068 -4.764 
1703407615.203 1.185 -4.800 
1703407615.304 1.300 -4.818 
1703407615.404 1.413 -4.826 
1703407620.719 1.921 -4.979 
1703407620.720 1.921 -4.979 
1703407620.819 1.895 -4.989 
1703407620.919 1.791 -5.017 
1703407621.024 1.674 -5.057 
1703407621.124 1.559 -5.090 
1703407621.225 1.442 -5.126 
1703407621.324 1.328 -5.161 
1703407621.424 1.212 -5.199 
1703407621.525 1.098 -5.235 
1703407621.625 0.983 -5.270 
1703407621.725 0.867 -5.309 
1703407621.824 0.753 -5.350 
1703407621.925 0.638 -5.390 
1703407622.024 0.526 -5.426 
1703407622.126 0.414 -5.466 
1703407622.226 0.306 -5.511 
1703407622.332 0.192 -5.564 
1703407622.427 0.087 -5.605 
1703407622.528 -0.026 -5.649 
1703407622.628 -0.137 -5.698 
1703407622.727 -0.231 -5.740 
1703407622.827 -0.292 -5.774 
1703407622.929 -0.351 -5.811 
1703407623.031 -0.410 -5.879 
1703407623.131 -0.459 -5.944 
1703407623.231 -0.497 -5.981 
1703407623.330 -0.520 -5.985 
1703407623.435 -0.547 -5.976 
1703407624.740 -0.573 -5.958 
1703407624.840 -0.575 -5.986 
1703407624.941 -0.563 -6.049 
1703407625.040 -0.501 -6.156 
1703407625.140 -0.439 -6.249 
1703407625.240 -0.376 -6.339 
1703407625.340 -0.274 -6.402 
1703407625.441 -0.203 -6.462 
1703407625.540 -0.143 -6.499 
1703407625.641 -0.050 -6.533 
1703407625.741 0.043 -6.561 
1703407625.841 0.113 -6.574 
1703407625.941 0.184 -6.587 
1703407626.041 0.241 -6.608 
1703407626.142 0.307 -6.613 
1703407626.242 0.390 -6.624 
1703407626.341 0.480 -6.640 
1703407626.442 0.562 -6.655 
1703407626.541 0.649 -6.665 
1703407626.642 0.735 -6.673 
1703407626.742 0.821 -6.682 
1703407626.842 0.915 -6.693 
1703407626.942 1.002 -6.705 
1703407627.042 1.090 -6.715 
1703407627.144 1.194 -6.720 
1703407627.243 1.289 -6.721 
1703407627.344 1.383 -6.723 
1703407627.442 1.475 -6.731 
1703407627.545 1.568 -6.741 
1703407627.644 1.675 -6.742 
1703407627.745 1.775 -6.737 
1703407627.845 1.870 -6.732 
1703407627.945 1.969 -6.730 
1703407628.044 2.060 -6.735 
1703407628.145 2.170 -6.733 
1703407628.245 2.277 -6.726 
1703407628.345 2.378 -6.718 
1703407628.445 2.473 -6.713 
1703407628.545 2.559 -6.715 
1703407628.645 2.658 -6.711 
1703407628.746 2.763 -6.710 
1703407628.846 2.857 -6.709 
1703407628.946 2.947 -6.709 
1703407629.047 3.037 -6.710 
1703407629.147 3.134 -6.704 
1703407629.246 3.231 -6.691 
1703407629.346 3.320 -6.678 
1703407629.446 3.404 -6.665 
1703407629.547 3.480 -6.660 
1703407629.646 3.554 -6.653 
1703407629.747 3.653 -6.613 
1703407629.846 3.742 -6.569 
1703407629.947 3.811 -6.541 
1703407630.047 3.881 -6.512 
1703407630.147 3.971 -6.474 
1703407630.248 4.041 -6.477 
1703407630.347 4.114 -6.466 
1703407630.447 4.183 -6.427 
1703407630.548 4.250 -6.363 
1703407630.668 4.313 -6.292 
1703407630.755 4.372 -6.231 
1703407630.852 4.428 -6.158 
1703407630.951 4.476 -6.071 
1703407631.049 4.512 -6.016 
1703407631.149 4.540 -5.968 
1703407631.249 4.573 -5.889 
1703407631.348 4.610 -5.813 
1703407631.448 4.652 -5.735 
1703407631.552 4.696 -5.650 
1703407633.053 4.650 -5.165 
1703407633.055 4.650 -5.165 
1703407633.154 4.711 -5.181 
1703407633.254 4.822 -5.216 
1703407633.354 4.909 -5.239 
1703407633.454 5.023 -5.230 
1703407633.554 5.150 -5.220 
1703407633.655 5.265 -5.195 
1703407633.755 5.370 -5.184 
1703407633.855 5.490 -5.197 
1703407633.955 5.604 -5.204 
1703407634.055 5.713 -5.205 
1703407634.155 5.822 -5.211 
1703407634.258 5.937 -5.242 
1703407634.361 6.054 -5.280 
1703407634.458 6.153 -5.308 
1703407634.557 6.235 -5.330 
1703407634.656 6.321 -5.351 
1703407634.757 6.408 -5.391 
1703407634.856 6.494 -5.443 
1703407634.956 6.572 -5.491 
1703407635.056 6.640 -5.534 
1703407635.157 6.708 -5.601 
1703407635.257 6.771 -5.680 
1703407635.356 6.828 -5.750 
1703407635.458 6.885 -5.808 
1703407635.557 6.936 -5.856 
1703407635.657 6.984 -5.934 
1703407635.758 7.029 -6.029 
1703407635.857 7.073 -6.108 
1703407635.958 7.114 -6.180 
1703407636.058 7.158 -6.239 
1703407636.158 7.193 -6.313 
1703407636.258 7.220 -6.392 
1703407636.359 7.249 -6.466 
1703407636.458 7.280 -6.527 
1703407636.558 7.302 -6.597 
1703407636.658 7.306 -6.689 
1703407636.758 7.311 -6.776 
1703407636.860 7.325 -6.848 
1703407636.960 7.344 -6.910 
1703407637.059 7.358 -6.977 
1703407637.160 7.356 -7.064 
1703407637.260 7.351 -7.143 
1703407637.360 7.350 -7.208 
1703407637.461 7.345 -7.272 
1703407637.561 7.332 -7.342 
1703407637.661 7.294 -7.433 
1703407637.761 7.272 -7.511 
1703407637.861 7.275 -7.570 
1703407637.961 7.263 -7.624 
1703407638.061 7.227 -7.675 
1703407638.161 7.180 -7.745 
1703407638.261 7.126 -7.822 
1703407638.361 7.057 -7.898 
1703407638.464 7.004 -7.965 
1703407638.562 6.982 -8.016 
1703407638.662 6.993 -8.051 
1703407638.763 6.952 -8.083 
1703407638.862 6.845 -8.137 
1703407638.963 6.740 -8.197 
1703407639.062 6.701 -8.233 
1703407639.162 6.656 -8.261 
1703407639.262 6.575 -8.297 
1703407639.364 6.480 -8.335 
1703407639.464 6.391 -8.368 
1703407639.563 6.315 -8.400 
1703407639.662 6.247 -8.432 
1703407639.763 6.157 -8.457 
1703407639.863 6.071 -8.479 
1703407639.963 5.981 -8.496 
1703407640.063 5.890 -8.512 
1703407640.164 5.798 -8.528 
1703407640.264 5.702 -8.547 
1703407640.364 5.602 -8.568 
1703407640.464 5.506 -8.585 
1703407640.564 5.406 -8.601 
1703407640.664 5.350 -8.608 
1703407640.765 5.282 -8.621 
1703407640.866 5.201 -8.628 
1703407640.966 5.118 -8.634 
1703407641.066 5.040 -8.642 
1703407641.166 4.961 -8.651 
1703407641.266 4.880 -8.661 
1703407641.366 4.798 -8.671 
1703407641.467 4.715 -8.678 
1703407641.566 4.631 -8.684 
1703407641.669 4.546 -8.689 
1703407641.768 4.465 -8.698 
1703407641.867 4.381 -8.704 
1703407641.966 4.297 -8.709 
1703407642.067 4.210 -8.714 
1703407642.166 4.125 -8.717 
1703407642.267 4.038 -8.720 
1703407642.367 3.952 -8.724 
1703407642.467 3.867 -8.729 
1703407642.567 3.782 -8.732 
1703407642.668 3.694 -8.734 
1703407642.768 3.608 -8.736 
1703407642.869 3.521 -8.737 
1703407642.969 3.435 -8.739 
1703407643.069 3.350 -8.740 
1703407643.168 3.265 -8.743 
1703407643.268 3.177 -8.744 
1703407643.368 3.090 -8.745 
1703407643.468 3.006 -8.746 
1703407643.569 2.920 -8.747 
1703407643.669 2.835 -8.749 
1703407643.770 2.751 -8.750 
1703407643.869 2.666 -8.751 
1703407643.968 2.583 -8.751 
1703407644.070 2.497 -8.751 
1703407644.169 2.414 -8.751 
1703407644.270 2.331 -8.753 
1703407644.372 2.246 -8.753 
1703407644.470 2.166 -8.752 
1703407644.570 2.083 -8.750 
1703407644.670 2.001 -8.749 
1703407644.770 1.920 -8.747 
1703407644.870 1.839 -8.746 
1703407644.971 1.759 -8.745 
1703407645.070 1.678 -8.743 
1703407645.170 1.598 -8.742 
1703407645.270 1.520 -8.741 
1703407645.372 1.439 -8.740 
1703407645.471 1.360 -8.739 
1703407645.571 1.282 -8.738 
1703407645.672 1.204 -8.737 
1703407645.771 1.127 -8.736 
1703407645.871 1.049 -8.735 
1703407645.971 0.972 -8.734 
1703407646.072 0.895 -8.733 
1703407646.172 0.820 -8.731 
1703407646.274 0.744 -8.729 
1703407646.372 0.670 -8.726 
1703407646.472 0.563 -8.724 
1703407646.573 0.446 -8.721 
1703407646.675 0.339 -8.720 
1703407646.774 0.251 -8.716 
1703407646.873 0.159 -8.710 
1703407646.972 0.064 -8.703 
1703407647.073 -0.032 -8.698 
1703407647.173 -0.125 -8.692 
1703407647.273 -0.214 -8.683 
1703407647.374 -0.301 -8.671 
1703407647.475 -0.392 -8.655 
1703407647.573 -0.478 -8.643 
1703407647.677 -0.571 -8.633 
1703407647.774 -0.652 -8.622 
1703407647.874 -0.733 -8.612 
1703407647.974 -0.815 -8.591 
1703407648.075 -0.894 -8.569 
1703407648.175 -0.972 -8.551 
1703407648.274 -1.049 -8.530 
1703407648.375 -1.121 -8.502 
1703407648.478 -1.193 -8.472 
1703407648.575 -1.269 -8.449 
1703407648.676 -1.344 -8.426 
1703407648.776 -1.414 -8.399 
1703407648.876 -1.475 -8.359 
1703407648.975 -1.536 -8.315 
1703407649.077 -1.596 -8.270 
1703407649.175 -1.654 -8.223 
1703407649.278 -1.722 -8.180 
1703407649.376 -1.783 -8.139 
1703407649.478 -1.845 -8.092 
1703407649.577 -1.890 -8.042 
1703407649.677 -1.940 -7.987 
1703407649.777 -1.993 -7.928 
1703407649.877 -2.046 -7.869 
1703407649.977 -2.102 -7.814 
1703407650.077 -2.161 -7.760 
1703407650.177 -2.218 -7.703 
1703407650.278 -2.266 -7.640 
1703407650.378 -2.315 -7.569 
1703407650.477 -2.362 -7.489 
1703407650.578 -2.409 -7.406 
1703407650.682 -2.458 -7.342 
1703407650.779 -2.504 -7.275 
1703407650.882 -2.553 -7.190 
1703407650.979 -2.593 -7.107 
1703407651.079 -2.641 -7.023 
1703407651.180 -2.689 -6.933 
1703407651.280 -2.730 -6.840 
1703407651.380 -2.754 -6.773 
1703407651.481 -2.778 -6.704 
1703407651.580 -2.824 -6.620 
1703407651.681 -2.877 -6.542 
1703407651.780 -2.927 -6.470 
1703407653.785 -2.949 -5.947 
1703407653.786 -2.950 -5.947 
1703407653.886 -2.998 -6.023 
1703407653.987 -3.085 -6.101 
1703407654.086 -3.186 -6.167 
1703407654.187 -3.295 -6.211 
1703407654.287 -3.408 -6.254 
1703407654.387 -3.522 -6.305 
1703407654.487 -3.636 -6.353 
1703407654.588 -3.748 -6.396 
1703407654.687 -3.859 -6.439 
1703407654.788 -3.972 -6.481 
1703407654.887 -4.084 -6.526 
1703407654.988 -4.198 -6.563 
1703407655.088 -4.313 -6.598 
1703407655.187 -4.427 -6.632 
1703407655.289 -4.540 -6.662 
1703407655.388 -4.653 -6.691 
1703407655.490 -4.765 -6.724 
1703407655.588 -4.875 -6.750 
1703407655.693 -4.995 -6.776 
1703407655.790 -5.113 -6.799 
1703407655.889 -5.222 -6.825 
1703407655.990 -5.301 -6.854 
1703407656.089 -5.365 -6.867 
1703407656.189 -5.431 -6.872 
1703407656.289 -5.508 -6.883 
1703407656.389 -5.582 -6.897 
1703407656.490 -5.652 -6.906 
1703407656.590 -5.719 -6.915 
1703407656.690 -5.786 -6.920 
1703407656.790 -5.865 -6.928 
1703407656.892 -5.942 -6.934 
1703407656.990 -6.011 -6.941 
1703407657.090 -6.087 -6.948 
1703407657.191 -6.162 -6.953 
1703407657.290 -6.241 -6.961 
1703407659.196 -6.279 -6.761 
1703407659.197 -6.279 -6.761 
1703407659.297 -6.317 -6.725 
1703407659.397 -6.411 -6.639 
1703407659.498 -6.491 -6.552 
1703407659.597 -6.569 -6.472 
1703407659.697 -6.653 -6.388 
1703407659.798 -6.739 -6.316 
1703407659.898 -6.830 -6.254 
1703407659.998 -6.931 -6.179 
1703407660.099 -7.025 -6.103 
1703407660.198 -7.118 -6.038 
1703407660.305 -7.205 -5.989 
1703407660.404 -7.291 -5.947 
1703407660.504 -7.388 -5.948 
1703407660.602 -7.466 -5.943 
1703407660.702 -7.561 -5.948 
1703407660.803 -7.657 -5.975 
1703407660.904 -7.740 -6.007 
1703407661.003 -7.814 -6.040 
1703407661.104 -7.886 -6.094 
1703407661.204 -7.955 -6.137 
1703407661.304 -8.018 -6.190 
1703407661.404 -8.083 -6.240 
1703407661.504 -8.152 -6.289 
1703407661.604 -8.222 -6.356 
1703407661.704 -8.286 -6.428 
1703407661.804 -8.341 -6.490 
1703407661.904 -8.383 -6.532 
1703407662.003 -8.415 -6.569 
1703407662.104 -8.460 -6.619 
1703407662.204 -8.512 -6.680 
1703407662.304 -8.563 -6.756 
1703407662.404 -8.613 -6.830 
1703407662.505 -8.660 -6.892 
1703407662.606 -8.706 -6.950 
1703407662.706 -8.756 -7.006 
1703407662.806 -8.807 -7.085 
1703407667.919 -8.494 -7.184 
1703407667.920 -8.494 -7.184 
1703407668.020 -8.539 -7.219 
1703407668.121 -8.582 -7.265 
1703407668.221 -8.602 -7.280 
1703407668.322 -8.553 -7.248 
1703407668.421 -8.443 -7.196 
1703407668.522 -8.336 -7.131 
1703407668.626 -8.238 -7.067 
1703407668.724 -8.136 -7.002 
1703407668.823 -8.035 -6.936 
1703407668.922 -7.932 -6.867 
1703407669.022 -7.829 -6.793 
1703407669.122 -7.743 -6.737 
1703407669.222 -7.672 -6.690 
1703407669.323 -7.604 -6.647 
1703407669.423 -7.535 -6.604 
1703407669.523 -7.464 -6.561 
1703407669.623 -7.394 -6.520 
1703407669.724 -7.328 -6.480 
1703407669.823 -7.260 -6.441 
1703407669.924 -7.192 -6.407 
1703407670.024 -7.121 -6.389 
1703407670.124 -7.028 -6.360 
1703407670.225 -6.914 -6.315 
1703407670.324 -6.796 -6.274 
1703407670.424 -6.707 -6.254 
1703407670.524 -6.614 -6.242 
1703407670.624 -6.515 -6.230 
1703407670.725 -6.416 -6.222 
1703407670.825 -6.312 -6.216 
1703407670.924 -6.215 -6.204 
1703407671.025 -6.118 -6.195 
1703407671.125 -6.019 -6.192 
1703407671.225 -5.920 -6.189 
1703407671.325 -5.834 -6.184 
1703407671.426 -5.764 -6.177 
1703407671.529 -5.701 -6.171 
1703407671.627 -5.643 -6.167 
1703407671.728 -5.565 -6.164 
1703407671.827 -5.478 -6.162 
1703407671.928 -5.389 -6.157 
1703407672.027 -5.308 -6.154 
1703407672.128 -5.226 -6.154 
1703407672.228 -5.140 -6.148 
1703407672.332 -5.050 -6.146 
1703407672.428 -4.968 -6.146 
1703407672.528 -4.876 -6.146 
1703407672.629 -4.784 -6.146 
1703407672.729 -4.693 -6.145 
1703407672.829 -4.601 -6.141 
1703407672.931 -4.508 -6.141 
1703407673.032 -4.414 -6.142 
1703407673.133 -4.319 -6.141 
1703407673.232 -4.224 -6.140 
1703407673.332 -4.128 -6.133 
1703407673.433 -4.030 -6.130 
1703407673.532 -3.933 -6.130 
1703407673.633 -3.836 -6.130 
1703407673.732 -3.738 -6.130 
1703407673.833 -3.639 -6.126 
1703407673.934 -3.540 -6.121 
1703407674.033 -3.442 -6.119 
1703407674.133 -3.344 -6.119 
1703407674.233 -3.243 -6.120 
1703407674.335 -3.145 -6.120 
1703407674.435 -3.046 -6.116 
1703407674.534 -2.948 -6.117 
1703407674.637 -2.849 -6.122 
1703407674.739 -2.750 -6.126 
1703407674.835 -2.657 -6.130 
1703407674.936 -2.555 -6.127 
1703407675.037 -2.456 -6.131 
1703407675.135 -2.362 -6.135 
1703407675.235 -2.263 -6.135 
1703407675.335 -2.168 -6.135 
1703407675.436 -2.072 -6.127 
1703407675.535 -1.982 -6.120 
1703407675.636 -1.891 -6.110 
1703407675.735 -1.808 -6.097 
1703407675.836 -1.723 -6.077 
1703407675.937 -1.642 -6.054 
1703407676.037 -1.566 -6.028 
1703407676.137 -1.489 -5.993 
1703407676.239 -1.408 -5.959 
1703407676.339 -1.326 -5.921 
1703407676.438 -1.247 -5.879 
1703407676.539 -1.181 -5.849 
1703407676.638 -1.128 -5.831 
1703407676.739 -1.081 -5.826 
1703407676.838 -1.029 -5.806 
1703407676.940 -0.972 -5.751 
1703407677.038 -0.926 -5.681 
1703407677.139 -0.878 -5.610 
1703407677.239 -0.834 -5.532 
1703407677.342 -0.794 -5.451 
1703407677.440 -0.757 -5.382 
1703407677.541 -0.712 -5.337 
1703407677.640 -0.670 -5.275 
1703407677.741 -0.641 -5.184 
1703407677.840 -0.621 -5.095 
1703407677.940 -0.605 -5.006 
1703407678.041 -0.583 -4.922 
1703407678.141 -0.574 -4.829 
1703407678.241 -0.575 -4.738 
1703407678.341 -0.581 -4.652 
1703407678.443 -0.590 -4.566 
1703407678.542 -0.611 -4.493 
1703407678.642 -0.657 -4.401 
1703407678.741 -0.717 -4.308 
1703407678.842 -0.761 -4.229 
1703407678.942 -0.803 -4.147 
1703407679.041 -0.845 -4.063 
1703407679.141 -0.905 -3.984 
1703407679.242 -0.968 -3.910 
1703407679.341 -1.033 -3.842 
1703407679.442 -1.111 -3.772 
1703407679.542 -1.187 -3.702 
1703407679.643 -1.259 -3.638 
1703407679.743 -1.332 -3.575 
1703407679.842 -1.415 -3.509 
1703407679.943 -1.495 -3.437 
1703407680.045 -1.570 -3.366 
1703407680.144 -1.642 -3.304 
1703407680.244 -1.718 -3.231 
1703407680.344 -1.792 -3.140 
1703407680.446 -1.867 -3.050 
1703407680.543 -1.932 -2.976 
1703407680.652 -1.993 -2.888 
1703407680.747 -2.040 -2.785 
1703407680.847 -2.093 -2.695 
1703407680.947 -2.141 -2.602 
1703407681.047 -2.170 -2.479 
1703407681.147 -2.188 -2.357 
1703407681.247 -2.207 -2.247 
1703407681.347 -2.227 -2.133 
1703407681.447 -2.243 -2.011 
1703407681.548 -2.259 -1.910 
1703407681.647 -2.266 -1.810 
1703407681.747 -2.270 -1.700 
1703407681.849 -2.261 -1.578 
1703407681.948 -2.254 -1.457 
1703407682.048 -2.251 -1.337 
1703407682.147 -2.251 -1.218 
1703407682.249 -2.254 -1.104 
1703407682.349 -2.263 -0.981 
1703407682.449 -2.265 -0.873 
1703407682.553 -2.269 -0.767 
1703407682.651 -2.278 -0.675 
1703407682.750 -2.294 -0.582 
1703407682.851 -2.318 -0.473 
1703407682.950 -2.348 -0.365 
1703407683.051 -2.360 -0.279 
1703407683.151 -2.361 -0.210 
1703407683.254 -2.387 -0.123 
1703407683.350 -2.427 -0.035 
1703407683.452 -2.466 0.046 
1703407683.552 -2.501 0.118 
1703407683.651 -2.540 0.188 
1703407683.752 -2.609 0.271 
1703407683.850 -2.656 0.344 
1703407683.951 -2.707 0.410 
1703407684.051 -2.758 0.467 
1703407684.152 -2.810 0.521 
1703407684.252 -2.868 0.581 
1703407684.352 -2.927 0.670 
1703407684.453 -2.996 0.751 
1703407684.552 -3.064 0.813 
1703407684.651 -3.155 0.862 
1703407684.752 -3.245 0.902 
1703407684.853 -3.334 0.924 
1703407684.953 -3.433 0.945 
1703407685.052 -3.527 0.976 
1703407685.153 -3.616 1.008 
1703407685.253 -3.696 1.023 
1703407685.352 -3.789 1.024 
1703407685.453 -3.890 1.019 
1703407685.553 -3.984 1.012 
1703407685.653 -4.068 1.003 
1703407685.753 -4.152 0.986 
1703407685.854 -4.245 0.975 
1703407685.953 -4.321 0.978 
1703407686.054 -4.397 0.969 
1703407686.153 -4.459 0.939 
1703407686.254 -4.521 0.898 
1703407686.353 -4.604 0.839 
1703407686.454 -4.685 0.778 
1703407686.554 -4.753 0.730 
1703407686.655 -4.828 0.685 
1703407686.755 -4.903 0.636 
1703407686.855 -4.999 0.593 
1703407686.955 -5.112 0.560 
1703407688.159 -5.253 0.383 
1703407688.260 -5.259 0.408 
1703407688.360 -5.312 0.502 
1703407688.461 -5.367 0.618 
1703407688.560 -5.418 0.731 
1703407688.661 -5.457 0.846 
1703407688.761 -5.475 0.963 
1703407688.861 -5.488 1.086 
1703407688.960 -5.470 1.184 
1703407689.060 -5.435 1.280 
1703407689.161 -5.402 1.389 
1703407689.261 -5.367 1.502 
1703407689.361 -5.320 1.610 
1703407689.461 -5.274 1.711 
1703407689.562 -5.242 1.797 
1703407689.661 -5.197 1.890 
1703407689.762 -5.154 1.981 
1703407689.862 -5.110 2.071 
1703407689.962 -5.067 2.138 
1703407690.062 -5.049 2.190 
1703407690.162 -5.009 2.257 
1703407690.262 -4.961 2.328 
1703407690.363 -4.916 2.397 
1703407690.462 -4.879 2.457 
1703407690.564 -4.838 2.514 
1703407690.664 -4.772 2.577 
1703407690.765 -4.706 2.636 
1703407690.864 -4.610 2.701 
1703407690.964 -4.519 2.769 
1703407691.064 -4.441 2.831 
1703407691.165 -4.380 2.884 
1703407691.265 -4.320 2.932 
1703407691.364 -4.243 2.969 
1703407691.465 -4.143 2.984 
1703407691.564 -4.042 2.978 
1703407691.666 -3.950 2.969 
1703407691.766 -3.881 2.957 
1703407691.866 -3.793 2.941 
1703407691.967 -3.687 2.925 
1703407692.067 -3.601 2.913 
1703407692.168 -3.546 2.908 
1703407692.268 -3.483 2.895 
1703407692.368 -3.403 2.880 
1703407692.468 -3.315 2.863 
1703407692.569 -3.235 2.849 
1703407692.668 -3.156 2.832 
1703407692.769 -3.074 2.817 
1703407692.868 -2.992 2.801 
1703407692.968 -2.910 2.786 
1703407693.068 -2.827 2.771 
1703407693.169 -2.743 2.759 
1703407693.269 -2.656 2.745 
1703407693.369 -2.573 2.729 
1703407693.470 -2.489 2.711 
1703407693.569 -2.403 2.694 
1703407693.677 -2.317 2.683 
1703407693.772 -2.225 2.679 
1703407693.871 -2.128 2.676 
1703407693.970 -2.027 2.678 
1703407694.070 -1.931 2.679 
1703407694.170 -1.836 2.679 
1703407694.271 -1.743 2.681 
1703407694.370 -1.644 2.683 
1703407694.470 -1.540 2.688 
1703407694.570 -1.439 2.692 
1703407694.670 -1.336 2.697 
1703407694.771 -1.234 2.702 
1703407694.871 -1.134 2.708 
1703407694.971 -1.033 2.710 
1703407695.071 -0.930 2.708 
1703407695.171 -0.826 2.708 
1703407695.272 -0.726 2.708 
1703407695.372 -0.627 2.708 
1703407695.472 -0.527 2.706 
1703407695.572 -0.429 2.702 
1703407695.673 -0.330 2.698 
1703407695.773 -0.240 2.698 
1703407695.872 -0.150 2.693 
1703407695.973 -0.058 2.689 
1703407696.072 0.033 2.682 
1703407696.172 0.128 2.677 
1703407696.273 0.218 2.668 
1703407696.373 0.301 2.663 
1703407696.474 0.388 2.664 
1703407696.573 0.476 2.664 
1703407696.674 0.564 2.663 
1703407696.774 0.651 2.666 
1703407696.873 0.738 2.669 
1703407696.974 0.829 2.675 
1703407697.074 0.914 2.690 
1703407697.174 1.001 2.721 
1703407697.276 1.086 2.770 
1703407697.374 1.164 2.822 
1703407697.474 1.242 2.878 
1703407697.575 1.318 2.936 
1703407697.675 1.391 2.998 
1703407697.775 1.464 3.066 
1703407697.875 1.534 3.148 
1703407697.975 1.597 3.229 
1703407698.075 1.650 3.311 
1703407698.176 1.694 3.399 
1703407698.275 1.749 3.495 
1703407698.375 1.797 3.586 
1703407698.475 1.838 3.682 
1703407698.576 1.864 3.787 
1703407698.675 1.888 3.896 
1703407698.776 1.906 4.006 
1703407698.876 1.914 4.114 
1703407698.977 1.929 4.214 
1703407699.076 1.939 4.321 
1703407699.176 1.944 4.428 
1703407699.276 1.945 4.536 
1703407699.377 1.943 4.640 
1703407699.476 1.932 4.746 
1703407699.577 1.924 4.847 
1703407699.677 1.907 4.953 
1703407699.777 1.882 5.040 
1703407699.877 1.841 5.119 
1703407699.977 1.756 5.222 
1703407700.079 1.673 5.312 
1703407700.178 1.624 5.377 
1703407700.279 1.585 5.434 
1703407700.378 1.510 5.496 
1703407700.479 1.437 5.561 
1703407700.579 1.375 5.623 
1703407700.679 1.313 5.677 
1703407700.782 1.246 5.739 
1703407700.879 1.185 5.800 
1703407700.980 1.116 5.853 
1703407701.080 1.051 5.903 
1703407701.180 0.993 5.947 
1703407701.280 0.926 6.030 
1703407701.379 0.861 6.084 
1703407701.481 0.811 6.127 
1703407701.580 0.773 6.182 
1703407701.680 0.735 6.261 
1703407701.780 0.704 6.315 
1703407701.882 0.678 6.367 
1703407701.981 0.696 6.442 
1703407702.081 0.719 6.512 
1703407702.183 0.724 6.566 
1703407702.282 0.752 6.619 
1703407702.382 0.823 6.672 
1703407702.482 0.922 6.720 
1703407702.582 1.012 6.756 
1703407702.682 1.065 6.785 
1703407702.783 1.119 6.812 
1703407702.883 1.181 6.840 
1703407702.983 1.292 6.861 
1703407703.083 1.396 6.891 
1703407703.189 1.498 6.915 
1703407703.285 1.586 6.936 
1703407703.384 1.666 6.957 
1703407703.483 1.734 6.975 
1703407703.583 1.778 6.992 
1703407703.683 1.817 7.010 
1703407703.784 1.889 7.021 
1703407703.884 1.971 7.033 
1703407703.985 2.071 7.036 
1703407704.084 2.165 7.044 
1703407704.184 2.241 7.064 
1703407704.283 2.293 7.092 
1703407704.384 2.367 7.111 
1703407704.484 2.469 7.119 
1703407704.585 2.589 7.119 
1703407704.685 2.704 7.131 
1703407704.785 2.787 7.157 
1703407704.885 2.873 7.167 
1703407704.985 2.965 7.177 
1703407705.086 3.057 7.186 
1703407705.185 3.148 7.192 
1703407705.286 3.244 7.196 
1703407705.386 3.323 7.212 
1703407705.486 3.392 7.231 
1703407705.586 3.486 7.217 
1703407705.687 3.582 7.189 
1703407705.786 3.672 7.169 
1703407705.886 3.717 7.159 
1703407705.987 3.722 7.175 
1703407706.087 3.737 7.181 
1703407706.188 3.820 7.094 
1703407706.287 3.907 6.982 
1703407706.388 3.996 6.902 
1703407706.488 4.079 6.847 
1703407706.589 4.145 6.811 
1703407706.691 4.178 6.772 
1703407706.792 4.185 6.672 
1703407706.892 4.189 6.567 
1703407706.993 4.210 6.497 
1703407707.092 4.232 6.437 
1703407707.192 4.228 6.370 
1703407707.292 4.221 6.280 
1703407707.392 4.214 6.189 
1703407707.495 4.207 6.105 
1703407707.593 4.203 6.024 
1703407707.693 4.197 5.945 
1703407707.793 4.185 5.861 
1703407707.893 4.170 5.773 
1703407707.993 4.155 5.676 
1703407708.093 4.138 5.582 
1703407708.193 4.122 5.486 
1703407708.294 4.105 5.391 
1703407708.394 4.084 5.289 
1703407708.494 4.069 5.222 
1703407708.599 4.066 5.161 
1703407708.697 4.051 5.079 
1703407708.795 4.037 4.999 
1703407708.894 4.025 4.923 
1703407708.995 4.011 4.844 
1703407709.094 3.996 4.765 
1703407709.194 3.984 4.682 
1703407709.295 3.973 4.603 
1703407709.395 3.963 4.524 
1703407709.494 3.954 4.445 
1703407709.595 3.945 4.367 
1703407709.696 3.935 4.294 
1703407709.795 3.929 4.218 
1703407709.896 3.933 4.133 
1703407709.996 3.931 4.053 
1703407710.096 3.927 3.981 
1703407710.196 3.928 3.906 
1703407710.298 3.928 3.835 
1703407710.399 3.933 3.763 
1703407710.499 3.940 3.692 
1703407710.600 3.946 3.623 
1703407710.699 3.957 3.556 
1703407710.799 3.972 3.488 
1703407710.900 3.990 3.413 
1703407710.999 4.011 3.299 
1703407711.100 4.025 3.199 
1703407711.200 4.022 3.136 
1703407711.300 4.035 3.077 
1703407711.400 4.061 3.016 
1703407711.500 4.082 2.949 
1703407711.600 4.103 2.867 
1703407711.701 4.126 2.782 
1703407711.801 4.145 2.704 
1703407711.901 4.148 2.643 
1703407712.001 4.167 2.583 
1703407712.101 4.197 2.513 
1703407712.201 4.229 2.434 
1703407712.301 4.261 2.356 
1703407712.401 4.294 2.277 
1703407712.501 4.326 2.198 
1703407712.601 4.359 2.119 
1703407712.701 4.386 2.056 
1703407712.801 4.394 1.998 
1703407712.902 4.422 1.937 
1703407713.001 4.463 1.868 
1703407713.101 4.505 1.798 
1703407713.202 4.544 1.724 
1703407713.303 4.581 1.653 
1703407713.403 4.624 1.588 
1703407713.502 4.672 1.519 
1703407714.013 4.727 1.391 
1703407714.112 4.801 1.362 
1703407714.215 4.911 1.287 
1703407714.318 4.999 1.204 
1703407714.418 5.074 1.119 
1703407714.516 5.146 1.027 
1703407714.620 5.229 0.934 
1703407714.719 5.311 0.838 
1703407714.818 5.382 0.747 
1703407714.918 5.449 0.657 
1703407715.017 5.515 0.564 
1703407715.118 5.583 0.465 
1703407715.219 5.645 0.359 
1703407715.318 5.704 0.248 
1703407715.420 5.766 0.144 
1703407715.519 5.821 0.039 
1703407715.618 5.874 -0.071 
1703407715.719 5.926 -0.182 
1703407715.819 5.972 -0.268 
1703407715.919 6.008 -0.350 
1703407716.019 6.039 -0.434 
1703407716.119 6.068 -0.513 
1703407716.220 6.101 -0.586 
1703407716.320 6.137 -0.649 
1703407716.420 6.168 -0.754 
1703407716.520 6.204 -0.859 
1703407716.620 6.233 -0.953 
1703407716.720 6.238 -1.020 
1703407716.820 6.233 -1.076 
1703407716.921 6.233 -1.137 
1703407717.021 6.267 -1.227 
1703407717.121 6.351 -1.318 
1703407718.223 6.303 -1.485 
1703407718.324 6.355 -1.421 
1703407718.424 6.425 -1.325 
1703407718.524 6.499 -1.204 
1703407718.624 6.560 -1.084 
1703407718.725 6.594 -0.972 
1703407718.824 6.629 -0.867 
1703407718.925 6.660 -0.770 
1703407719.026 6.692 -0.693 
1703407719.126 6.722 -0.622 
1703407719.226 6.738 -0.531 
1703407719.326 6.743 -0.419 
1703407719.427 6.748 -0.320 
1703407719.526 6.758 -0.246 
1703407719.626 6.765 -0.168 
1703407719.727 6.767 -0.076 
1703407719.827 6.759 0.031 
1703407719.926 6.754 0.132 
1703407720.026 6.752 0.218 
1703407720.130 6.758 0.280 
1703407720.228 6.768 0.364 
1703407720.328 6.774 0.465 
1703407720.427 6.780 0.555 
1703407720.527 6.792 0.633 
1703407720.627 6.795 0.713 
1703407720.727 6.823 0.835 
1703407720.828 6.874 0.935 
1703407720.927 6.905 1.015 
1703407721.028 6.931 1.101 
1703407721.127 6.958 1.202 
1703407721.230 6.994 1.289 
1703407721.329 7.021 1.352 
1703407721.430 7.033 1.404 
1703407721.530 7.042 1.446 
1703407721.630 7.059 1.512 
1703407721.731 7.089 1.614 
1703407721.830 7.120 1.709 
1703407721.930 7.148 1.788 
1703407722.031 7.168 1.850 
1703407722.132 7.185 1.912 
1703407722.231 7.206 1.995 
1703407722.331 7.238 2.111 
1703407722.431 7.266 2.224 
1703407722.531 7.293 2.327 
1703407722.631 7.321 2.389 
1703407722.732 7.350 2.456 
1703407722.832 7.373 2.539 
1703407722.932 7.411 2.615 
1703407723.032 7.430 2.710 
1703407723.132 7.422 2.819 
1703407723.233 7.378 2.939 
1703407723.333 7.321 3.048 
1703407723.434 7.211 3.137 
1703407723.533 7.081 3.191 
1703407723.633 6.982 3.199 
1703407723.733 6.942 3.185 
1703407723.833 6.908 3.173 
1703407723.933 6.803 3.211 
1703407724.033 6.673 3.244 
1703407724.133 6.600 3.267 
1703407724.233 6.535 3.287 
1703407724.334 6.444 3.315 
1703407724.434 6.346 3.344 
1703407724.535 6.251 3.370 
1703407724.634 6.156 3.396 
1703407724.734 6.073 3.416 
1703407724.835 5.991 3.437 
1703407724.936 5.906 3.452 
1703407725.036 5.817 3.462 
1703407725.135 5.753 3.477 
1703407725.235 5.700 3.504 
1703407725.335 5.629 3.582 
1703407725.436 5.565 3.702 
1703407725.536 5.497 3.814 
1703407725.635 5.455 3.899 
1703407725.736 5.399 3.975 
1703407725.838 5.342 4.044 
1703407725.936 5.295 4.122 
1703407726.036 5.263 4.229 
1703407726.136 5.231 4.314 
1703407726.237 5.231 4.406 
1703407726.337 5.239 4.497 
1703407726.437 5.259 4.594 
1703407726.537 5.273 4.685 
1703407726.637 5.276 4.768 
1703407726.737 5.286 4.849 
1703407726.837 5.302 4.938 
1703407726.938 5.324 5.030 
1703407727.038 5.361 5.117 
1703407727.138 5.401 5.196 
1703407727.238 5.446 5.273 
1703407727.338 5.494 5.352 
1703407727.439 5.546 5.430 
1703407727.539 5.601 5.502 
1703407727.639 5.658 5.574 
1703407727.739 5.715 5.645 
1703407727.839 5.767 5.719 
1703407727.940 5.815 5.794 
1703407728.040 5.859 5.867 
1703407728.140 5.906 5.937 
1703407728.240 5.955 6.004 
1703407728.341 6.002 6.070 
1703407728.441 6.032 6.133 
1703407728.540 6.058 6.205 
1703407728.642 6.078 6.288 
1703407728.740 6.101 6.363 
1703407728.841 6.128 6.428 
1703407728.941 6.137 6.502 
1703407729.043 6.144 6.577 
1703407729.140 6.146 6.651 
1703407729.242 6.147 6.726 
1703407729.341 6.146 6.799 
1703407729.441 6.142 6.874 
1703407729.541 6.145 6.945 
1703407729.642 6.139 7.015 
1703407729.742 6.135 7.089 
1703407729.841 6.133 7.166 
1703407729.942 6.130 7.241 
1703407730.042 6.114 7.345 
1703407730.142 6.106 7.454 
1703407730.242 6.094 7.539 
1703407730.342 6.080 7.626 
1703407730.442 6.051 7.718 
1703407730.542 6.023 7.801 
1703407730.643 5.990 7.883 
1703407730.743 5.955 7.963 
1703407730.843 5.915 8.043 
1703407730.943 5.882 8.113 
1703407731.044 5.852 8.172 
1703407731.143 5.824 8.218 
1703407731.243 5.811 8.249 
1703407731.344 5.830 8.277 
1703407731.443 5.816 8.319 
1703407731.543 5.693 8.357 
1703407731.643 5.588 8.401 
1703407731.744 5.559 8.442 
1703407731.844 5.550 8.452 
1703407731.945 5.457 8.478 
1703407732.044 5.309 8.499 
1703407732.145 5.176 8.526 
1703407732.244 5.099 8.533 
1703407732.345 5.030 8.531 
1703407732.445 4.938 8.521 
1703407732.545 4.837 8.504 
1703407732.645 4.769 8.487 
1703407732.746 4.720 8.469 
1703407732.846 4.659 8.433 
1703407732.945 4.579 8.403 
1703407733.046 4.495 8.375 
1703407733.146 4.427 8.347 
1703407733.245 4.365 8.317 
1703407733.345 4.292 8.264 
1703407733.450 4.214 8.202 
1703407733.548 4.139 8.144 
1703407733.648 4.070 8.100 
1703407733.747 3.998 8.058 
1703407733.846 3.916 8.007 
1703407733.946 3.834 7.950 
1703407734.047 3.757 7.890 
1703407734.147 3.681 7.832 
1703407734.247 3.600 7.769 
1703407734.348 3.514 7.704 
1703407734.448 3.437 7.639 
1703407734.548 3.361 7.568 
1703407734.648 3.282 7.494 
1703407734.748 3.203 7.415 
1703407734.851 3.121 7.342 
1703407734.951 3.039 7.265 
1703407735.051 2.958 7.183 
1703407735.151 2.876 7.104 
1703407735.251 2.793 7.023 
1703407735.351 2.708 6.940 
1703407735.451 2.622 6.853 
1703407735.552 2.540 6.772 
1703407735.653 2.455 6.691 
1703407735.752 2.373 6.611 
1703407735.852 2.290 6.532 
1703407735.953 2.203 6.456 
1703407736.052 2.123 6.378 
1703407736.153 2.039 6.303 
1703407736.252 1.953 6.230 
1703407736.353 1.868 6.163 
1703407736.454 1.776 6.099 
1703407736.554 1.705 6.036 
1703407736.652 1.628 5.978 
1703407736.753 1.542 5.928 
1703407736.853 1.459 5.878 
1703407736.953 1.372 5.835 
1703407737.053 1.277 5.798 
1703407737.154 1.191 5.757 
1703407737.254 1.118 5.719 
1703407737.354 1.043 5.691 
1703407737.453 0.952 5.676 
1703407737.554 0.868 5.671 
1703407737.654 0.795 5.675 
1703407737.754 0.718 5.677 
1703407737.854 0.604 5.700 
1703407737.957 0.487 5.721 
1703407738.055 0.394 5.746 
1703407738.156 0.289 5.755 
1703407738.255 0.195 5.766 
1703407738.356 0.106 5.776 
1703407738.455 0.019 5.786 
1703407738.555 -0.072 5.796 
1703407738.656 -0.157 5.805 
1703407738.755 -0.245 5.814 
1703407738.856 -0.334 5.821 
1703407738.956 -0.418 5.830 
1703407739.056 -0.499 5.841 
1703407739.156 -0.573 5.852 
1703407739.257 -0.639 5.863 
1703407739.357 -0.709 5.878 
1703407739.457 -0.802 5.904 
1703407739.558 -0.882 5.921 
1703407739.657 -0.945 5.935 
1703407739.758 -1.006 5.940 
1703407739.857 -1.090 5.972 
1703407743.868 -0.681 5.673 
1703407743.969 -0.765 5.705 
1703407744.069 -0.867 5.753 
1703407744.169 -0.927 5.769 
1703407744.269 -0.894 5.753 
1703407744.370 -0.763 5.755 
1703407744.469 -0.619 5.768 
1703407744.570 -0.471 5.757 
1703407744.670 -0.357 5.737 
1703407744.770 -0.261 5.725 
1703407744.871 -0.192 5.732 
1703407744.970 -0.125 5.728 
1703407745.070 -0.069 5.717 
1703407745.169 -0.013 5.686 
1703407745.270 0.076 5.662 
1703407745.370 0.185 5.642 
1703407745.470 0.300 5.622 
1703407745.570 0.383 5.633 
1703407745.677 0.470 5.622 
1703407745.774 0.573 5.596 
1703407745.873 0.677 5.568 
1703407745.973 0.780 5.536 
1703407746.073 0.884 5.502 
1703407746.173 0.989 5.466 
1703407746.274 1.093 5.433 
1703407746.379 1.188 5.404 
1703407746.473 1.267 5.379 
1703407746.574 1.338 5.361 
1703407746.673 1.390 5.377 
1703407746.773 1.463 5.354 
1703407746.873 1.549 5.281 
1703407746.974 1.622 5.197 
1703407747.074 1.690 5.115 
1703407747.174 1.763 5.028 
1703407747.274 1.837 4.938 
1703407747.374 1.898 4.855 
1703407747.475 1.949 4.766 
1703407747.575 1.995 4.681 
1703407747.675 2.039 4.595 
1703407747.775 2.083 4.512 
1703407747.875 2.129 4.458 
1703407747.975 2.169 4.423 
1703407748.083 2.184 4.324 
1703407748.181 2.167 4.184 
1703407748.279 2.173 4.068 
1703407748.378 2.159 3.950 
1703407748.479 2.123 3.843 
1703407748.580 2.078 3.745 
1703407748.680 2.029 3.642 
1703407748.781 1.974 3.536 
1703407748.880 1.909 3.432 
1703407748.983 1.833 3.334 
1703407749.083 1.761 3.238 
1703407749.182 1.682 3.145 
1703407749.283 1.594 3.063 
1703407749.382 1.503 2.989 
1703407749.483 1.400 2.928 
1703407749.583 1.302 2.872 
1703407749.683 1.205 2.811 
1703407749.784 1.102 2.749 
1703407749.884 0.993 2.695 
1703407749.983 0.889 2.644 
1703407750.085 0.784 2.592 
1703407750.184 0.677 2.539 
1703407750.286 0.570 2.485 
1703407750.386 0.467 2.426 
1703407750.485 0.366 2.368 
1703407750.585 0.267 2.317 
1703407750.686 0.165 2.246 
1703407750.786 0.070 2.177 
1703407750.885 -0.023 2.109 
1703407750.985 -0.116 2.033 
1703407751.086 -0.208 1.957 
1703407751.186 -0.299 1.881 
1703407751.286 -0.387 1.810 
1703407751.386 -0.474 1.729 
1703407751.486 -0.560 1.647 
1703407751.586 -0.647 1.568 
1703407751.686 -0.734 1.488 
1703407751.787 -0.821 1.407 
1703407751.887 -0.908 1.325 
1703407751.986 -0.994 1.243 
1703407752.087 -1.083 1.160 
1703407752.187 -1.170 1.078 
1703407752.288 -1.257 0.996 
1703407752.388 -1.343 0.915 
1703407752.488 -1.432 0.830 
1703407752.590 -1.525 0.749 
1703407752.688 -1.618 0.688 
1703407752.787 -1.705 0.632 
1703407752.890 -1.823 0.569 
1703407752.988 -1.950 0.510 
1703407753.088 -2.057 0.446 
1703407753.188 -2.166 0.384 
1703407753.288 -2.268 0.331 
1703407753.389 -2.371 0.285 
1703407753.489 -2.475 0.246 
1703407753.590 -2.590 0.225 
1703407753.689 -2.702 0.221 
1703407753.789 -2.802 0.220 
1703407753.890 -2.881 0.227 
1703407753.989 -2.968 0.256 
1703407754.089 -3.065 0.304 
1703407754.189 -3.161 0.354 
1703407754.290 -3.252 0.401 
1703407754.389 -3.346 0.454 
1703407754.490 -3.453 0.521 
1703407754.593 -3.553 0.582 
1703407754.692 -3.625 0.630 
1703407754.791 -3.706 0.672 
1703407754.892 -3.810 0.706 
1703407754.992 -3.927 0.719 
1703407755.092 -4.027 0.737 
1703407755.192 -4.118 0.764 
1703407755.293 -4.187 0.783 
1703407755.392 -4.237 0.793 
1703407756.397 -4.367 0.791 
1703407756.398 -4.367 0.791 
1703407756.498 -4.437 0.782 
1703407756.598 -4.562 0.706 
1703407756.701 -4.682 0.642 
1703407756.799 -4.777 0.602 
1703407756.899 -4.863 0.530 
1703407756.998 -4.951 0.452 
1703407757.098 -5.038 0.373 
1703407757.199 -5.132 0.292 
1703407757.299 -5.220 0.207 
1703407757.399 -5.295 0.114 
1703407757.500 -5.369 0.019 
1703407757.599 -5.449 -0.074 
1703407757.699 -5.529 -0.169 
1703407757.800 -5.596 -0.270 
1703407757.899 -5.662 -0.374 
1703407757.999 -5.725 -0.479 
1703407758.099 -5.783 -0.576 
1703407758.200 -5.830 -0.636 
1703407758.300 -5.866 -0.698 
1703407758.400 -5.902 -0.762 
1703407758.501 -5.931 -0.833 
1703407758.600 -5.965 -0.903 
1703407758.701 -6.001 -0.973 
1703407758.800 -6.037 -1.045 
1703407758.900 -6.065 -1.101 
1703407759.001 -6.088 -1.166 
1703407759.101 -6.117 -1.239 
1703407759.201 -6.148 -1.308 
1703407759.301 -6.179 -1.378 
1703407759.402 -6.233 -1.479 
1703407759.501 -6.284 -1.585 
1703407759.602 -6.321 -1.662 
1703407759.702 -6.355 -1.746 
1703407759.802 -6.391 -1.835 
1703407759.902 -6.430 -1.921 
1703407760.002 -6.473 -2.008 
1703407760.101 -6.520 -2.092 
1703407760.204 -6.555 -2.166 
1703407760.302 -6.596 -2.243 
1703407760.404 -6.644 -2.317 
1703407760.503 -6.692 -2.390 
1703407760.603 -6.742 -2.457 
1703407760.702 -6.794 -2.520 
1703407760.802 -6.850 -2.585 
1703407760.903 -6.905 -2.644 
1703407761.003 -6.986 -2.707 
1703407761.104 -7.080 -2.770 
1703407761.204 -7.160 -2.822 
1703407761.304 -7.253 -2.861 
1703407761.403 -7.337 -2.896 
1703407761.504 -7.429 -2.926 
1703407761.604 -7.530 -2.945 
1703407761.703 -7.636 -2.950 
1703407761.804 -7.739 -2.952 
1703407761.904 -7.829 -2.946 
1703407762.004 -7.915 -2.903 
1703407762.105 -8.003 -2.824 
1703407762.205 -8.091 -2.736 
1703407762.305 -8.179 -2.662 
1703407762.405 -8.254 -2.612 
1703407762.505 -8.316 -2.557 
1703407762.606 -8.369 -2.476 
1703407762.705 -8.415 -2.392 
1703407762.806 -8.461 -2.304 
1703407762.906 -8.505 -2.224 
1703407763.006 -8.538 -2.157 
1703407763.106 -8.564 -2.097 
1703407763.206 -8.590 -2.033 
1703407763.306 -8.615 -1.955 
1703407763.406 -8.632 -1.851 
1703407763.507 -8.647 -1.759 
1703407763.616 -8.666 -1.682 
1703407763.713 -8.687 -1.598 
1703407763.810 -8.710 -1.506 
1703407763.909 -8.713 -1.414 
1703407764.008 -8.719 -1.339 
1703407764.108 -8.727 -1.265 
1703407764.208 -8.733 -1.191 
1703407764.308 -8.723 -1.084 
1703407764.408 -8.711 -0.981 
1703407764.508 -8.706 -0.894 
1703407764.609 -8.703 -0.819 
1703407764.708 -8.702 -0.740 
1703407764.809 -8.698 -0.649 
1703407764.909 -8.695 -0.560 
1703407765.009 -8.690 -0.469 
1703407765.109 -8.687 -0.381 
1703407765.210 -8.685 -0.294 
1703407765.309 -8.682 -0.204 
1703407765.410 -8.661 -0.097 
1703407765.509 -8.648 0.002 
1703407765.610 -8.638 0.096 
1703407765.709 -8.629 0.186 
1703407765.810 -8.619 0.284 
1703407765.910 -8.599 0.385 
1703407766.010 -8.576 0.479 
1703407766.111 -8.557 0.571 
1703407766.210 -8.539 0.663 
1703407766.311 -8.515 0.764 
1703407766.410 -8.486 0.860 
1703407766.511 -8.455 0.949 
1703407766.611 -8.425 1.038 
1703407766.711 -8.392 1.139 
1703407766.812 -8.358 1.240 
1703407766.911 -8.323 1.328 
1703407767.011 -8.289 1.413 
1703407767.112 -8.250 1.505 
1703407767.212 -8.209 1.606 
1703407767.311 -8.160 1.699 
1703407767.412 -8.119 1.782 
1703407767.511 -8.076 1.868 
1703407767.613 -8.028 1.957 
1703407767.711 -7.983 2.045 
1703407767.814 -7.939 2.134 
1703407767.914 -7.895 2.219 
1703407768.014 -7.848 2.305 
1703407768.115 -7.798 2.392 
1703407768.214 -7.751 2.476 
1703407768.315 -7.704 2.558 
1703407768.416 -7.657 2.638 
1703407768.517 -7.610 2.722 
1703407768.616 -7.565 2.804 
1703407768.716 -7.519 2.888 
1703407768.816 -7.478 2.966 
1703407768.918 -7.435 3.040 
1703407769.018 -7.391 3.114 
1703407769.118 -7.350 3.188 
1703407769.219 -7.309 3.263 
1703407769.319 -7.267 3.340 
1703407769.419 -7.230 3.416 
1703407769.520 -7.199 3.492 
1703407769.620 -7.174 3.561 
1703407769.720 -7.146 3.616 
1703407769.819 -7.114 3.677 
1703407769.920 -7.073 3.740 
1703407770.019 -7.037 3.798 
1703407770.120 -7.010 3.850 
1703407770.220 -6.987 3.931 
1703407770.320 -6.955 4.016 
1703407770.420 -6.925 4.100 
1703407770.520 -6.905 4.162 
1703407770.621 -6.883 4.236 
1703407770.721 -6.856 4.317 
1703407770.821 -6.836 4.392 
1703407770.920 -6.814 4.464 
1703407771.021 -6.782 4.536 
1703407771.121 -6.757 4.599 
1703407771.221 -6.732 4.657 
1703407771.323 -6.680 4.733 
1703407771.421 -6.617 4.808 
1703407771.522 -6.573 4.864 
1703407771.621 -6.544 4.906 
1703407771.724 -6.505 4.956 
1703407771.822 -6.457 5.010 
1703407771.922 -6.389 5.071 
1703407772.024 -6.321 5.137 
1703407772.123 -6.265 5.196 
1703407772.223 -6.211 5.257 
1703407772.324 -6.142 5.327 
1703407772.427 -6.080 5.388 
1703407772.525 -6.015 5.448 
1703407772.625 -5.946 5.516 
1703407772.725 -5.875 5.584 
1703407772.826 -5.820 5.634 
1703407775.634 -5.719 5.799 
1703407775.635 -5.719 5.799 
1703407775.736 -5.718 5.809 
1703407775.835 -5.758 5.856 
1703407775.936 -5.863 5.940 
1703407776.036 -5.950 6.023 
1703407776.136 -6.032 6.110 
1703407776.236 -6.114 6.199 
1703407776.335 -6.196 6.286 
1703407776.437 -6.279 6.375 
1703407776.536 -6.360 6.463 
1703407776.636 -6.442 6.550 
1703407776.736 -6.524 6.638 
1703407776.837 -6.608 6.725 
1703407776.936 -6.690 6.812 
1703407777.038 -6.771 6.899 
1703407777.137 -6.853 6.984 
1703407777.239 -6.936 7.070 
1703407777.339 -7.019 7.154 
1703407777.439 -7.102 7.239 
1703407777.540 -7.186 7.325 
1703407777.640 -7.271 7.402 
1703407777.739 -7.362 7.477 
1703407777.840 -7.442 7.548 
1703407777.940 -7.514 7.613 
1703407778.039 -7.565 7.671 
1703407778.140 -7.622 7.723 
1703407778.241 -7.686 7.760 
1703407778.340 -7.759 7.789 
1703407778.440 -7.853 7.819 
1703407778.540 -7.940 7.843 
1703407778.640 -8.015 7.854 
1703407778.743 -8.107 7.850 
1703407778.840 -8.205 7.829 
1703407778.941 -8.305 7.795 
1703407779.041 -8.392 7.763 
1703407779.141 -8.473 7.700 
1703407779.250 -8.545 7.625 
1703407779.346 -8.598 7.575 
1703407779.445 -8.650 7.503 
1703407779.546 -8.689 7.404 
1703407779.645 -8.725 7.321 
1703407779.745 -8.755 7.238 
1703407779.846 -8.760 7.136 
1703407779.946 -8.751 7.031 
1703407780.046 -8.734 6.936 
1703407780.146 -8.711 6.855 
1703407780.247 -8.683 6.780 
1703407780.347 -8.656 6.709 
1703407780.448 -8.629 6.639 
1703407780.546 -8.600 6.564 
1703407780.649 -8.552 6.474 
1703407780.748 -8.503 6.387 
1703407780.849 -8.458 6.298 
1703407780.949 -8.419 6.209 
1703407781.049 -8.373 6.115 
1703407781.148 -8.314 6.023 
1703407781.248 -8.257 5.939 
1703407781.348 -8.202 5.854 
1703407781.449 -8.166 5.795 
1703407781.549 -8.128 5.746 
1703407781.649 -8.072 5.673 
1703407781.749 -8.020 5.605 
1703407781.849 -7.965 5.540 
1703407781.949 -7.919 5.477 
1703407782.050 -7.871 5.411 
1703407782.149 -7.819 5.344 
1703407782.250 -7.762 5.276 
1703407782.350 -7.702 5.216 
1703407782.450 -7.638 5.160 
1703407782.550 -7.573 5.100 
1703407782.651 -7.509 5.031 
1703407782.751 -7.450 4.967 
1703407782.851 -7.386 4.912 
1703407782.951 -7.319 4.855 
1703407783.051 -7.252 4.797 
1703407783.152 -7.184 4.737 
1703407783.251 -7.118 4.678 
1703407783.351 -7.050 4.620 
1703407783.452 -6.981 4.562 
1703407783.551 -6.911 4.505 
1703407783.651 -6.841 4.448 
1703407783.752 -6.770 4.389 
1703407783.852 -6.701 4.334 
1703407783.952 -6.630 4.278 
1703407784.052 -6.558 4.221 
1703407784.153 -6.485 4.163 
1703407784.252 -6.411 4.108 
1703407784.353 -6.340 4.057 
1703407784.453 -6.270 4.000 
1703407784.553 -6.201 3.945 
1703407784.653 -6.131 3.885 
1703407784.754 -6.063 3.824 
1703407784.853 -5.998 3.769 
1703407784.958 -5.930 3.714 
1703407785.053 -5.869 3.658 
1703407785.153 -5.805 3.590 
1703407785.254 -5.737 3.525 
1703407785.353 -5.672 3.461 
1703407785.453 -5.606 3.400 
1703407785.554 -5.546 3.339 
1703407785.657 -5.489 3.268 
1703407785.755 -5.442 3.185 
1703407785.856 -5.392 3.104 
1703407785.956 -5.342 3.037 
1703407786.057 -5.296 2.968 
1703407786.156 -5.246 2.892 
1703407786.257 -5.193 2.823 
1703407786.357 -5.148 2.763 
1703407786.456 -5.105 2.693 
1703407786.566 -5.068 2.611 
1703407786.663 -5.040 2.527 
1703407786.761 -5.004 2.446 
1703407786.863 -4.963 2.357 
1703407786.959 -4.922 2.282 
1703407787.060 -4.876 2.220 
1703407787.160 -4.849 2.140 
1703407787.260 -4.829 2.044 
1703407787.361 -4.805 1.946 
1703407787.461 -4.781 1.859 
1703407787.560 -4.760 1.767 
1703407787.661 -4.744 1.671 
1703407787.761 -4.731 1.571 
1703407787.861 -4.721 1.469 
1703407787.966 -4.716 1.362 
1703407788.062 -4.717 1.255 
1703407788.165 -4.719 1.141 
1703407788.264 -4.730 1.026 
1703407788.364 -4.737 0.905 
1703407789.779 -4.669 0.599 
1703407789.780 -4.669 0.599 
1703407789.878 -4.682 0.566 
1703407789.977 -4.700 0.463 
1703407790.078 -4.703 0.329 
1703407790.177 -4.703 0.214 
1703407790.277 -4.724 0.134 
1703407790.378 -4.737 0.054 
1703407790.478 -4.739 -0.039 
1703407790.579 -4.746 -0.145 
1703407790.679 -4.763 -0.279 
1703407790.779 -4.792 -0.422 
1703407790.879 -4.804 -0.576 
1703407790.979 -4.799 -0.704 
1703407791.078 -4.806 -0.809 
1703407791.181 -4.819 -0.918 
1703407791.281 -4.820 -1.047 
1703407791.382 -4.819 -1.159 
1703407791.481 -4.821 -1.247 
1703407791.583 -4.825 -1.346 
1703407791.682 -4.828 -1.448 
1703407791.782 -4.835 -1.552 
1703407791.882 -4.842 -1.643 
1703407791.982 -4.830 -1.701 
1703407792.082 -4.841 -1.799 
1703407792.182 -4.901 -1.927 
1703407792.283 -4.957 -2.046 
1703407792.383 -5.029 -2.160 
1703407792.483 -5.074 -2.270 
1703407792.583 -5.116 -2.359 
1703407792.683 -5.167 -2.415 
1703407792.783 -5.208 -2.454 
1703407792.883 -5.247 -2.423 
1703407792.983 -5.274 -2.414 
1703407798.293 -5.201 -3.344 
1703407798.294 -5.201 -3.344 
1703407798.394 -5.191 -3.302 
1703407798.494 -5.177 -3.228 
1703407798.594 -5.203 -3.136 
1703407798.694 -5.258 -3.028 
1703407798.795 -5.285 -2.929 
1703407798.895 -5.302 -2.825 
1703407798.995 -5.314 -2.714 
1703407799.096 -5.324 -2.600 
1703407799.195 -5.339 -2.485 
1703407799.295 -5.347 -2.372 
1703407799.395 -5.353 -2.261 
1703407799.496 -5.351 -2.149 
1703407799.595 -5.346 -2.030 
1703407799.695 -5.340 -1.916 
1703407799.796 -5.336 -1.803 
1703407799.896 -5.331 -1.689 
1703407799.996 -5.315 -1.569 
1703407800.098 -5.300 -1.449 
1703407800.197 -5.288 -1.337 
1703407800.297 -5.281 -1.231 
1703407800.397 -5.249 -1.116 
1703407800.496 -5.219 -0.997 
1703407800.597 -5.192 -0.883 
1703407800.696 -5.159 -0.769 
1703407800.797 -5.115 -0.652 
1703407800.898 -5.077 -0.540 
1703407800.997 -5.039 -0.436 
1703407801.097 -4.981 -0.328 
1703407801.198 -4.925 -0.223 
1703407801.297 -4.876 -0.117 
1703407801.398 -4.832 -0.016 
1703407801.497 -4.766 0.086 
1703407801.598 -4.696 0.188 
1703407801.698 -4.634 0.286 
1703407801.798 -4.574 0.383 
1703407801.899 -4.497 0.480 
1703407801.998 -4.420 0.573 
1703407802.099 -4.345 0.666 
1703407802.199 -4.273 0.759 
1703407802.300 -4.193 0.848 
1703407802.399 -4.109 0.930 
1703407802.500 -4.020 1.011 
1703407802.600 -3.934 1.097 
1703407802.700 -3.849 1.180 
1703407802.801 -3.772 1.247 
1703407802.901 -3.692 1.305 
1703407803.000 -3.612 1.363 
1703407803.101 -3.535 1.426 
1703407803.201 -3.458 1.489 
1703407803.301 -3.376 1.546 
1703407803.401 -3.289 1.599 
1703407803.501 -3.200 1.651 
1703407803.601 -3.111 1.708 
1703407803.701 -3.027 1.763 
1703407803.802 -2.932 1.811 
1703407803.902 -2.839 1.855 
1703407804.001 -2.746 1.898 
1703407804.102 -2.652 1.948 
1703407804.202 -2.560 1.996 
1703407804.302 -2.467 2.042 
1703407804.402 -2.371 2.086 
1703407804.502 -2.273 2.130 
1703407804.602 -2.177 2.172 
1703407804.703 -2.077 2.211 
1703407804.803 -1.978 2.242 
1703407804.904 -1.881 2.271 
1703407805.008 -1.776 2.300 
1703407805.103 -1.686 2.323 
1703407805.204 -1.580 2.345 
1703407805.308 -1.482 2.372 
1703407805.405 -1.389 2.398 
1703407805.505 -1.291 2.422 
1703407805.604 -1.194 2.441 
1703407805.704 -1.096 2.455 
1703407805.805 -0.999 2.471 
1703407805.905 -0.913 2.491 
1703407806.004 -0.819 2.503 
1703407806.106 -0.722 2.514 
1703407806.207 -0.632 2.524 
1703407806.307 -0.537 2.529 
1703407806.407 -0.443 2.534 
1703407806.507 -0.352 2.540 
1703407806.607 -0.260 2.543 
1703407806.707 -0.168 2.545 
1703407806.806 -0.076 2.548 
1703407806.907 0.015 2.552 
1703407807.007 0.102 2.569 
1703407807.108 0.191 2.587 
1703407807.207 0.277 2.599 
1703407807.308 0.367 2.619 
1703407807.408 0.462 2.641 
1703407807.509 0.552 2.657 
1703407807.608 0.623 2.654 
1703407807.708 0.688 2.664 
1703407807.811 0.774 2.697 
1703407807.909 0.861 2.734 
1703407808.010 0.941 2.769 
1703407808.110 1.020 2.801 
1703407808.210 1.099 2.835 
1703407808.311 1.178 2.871 
1703407808.410 1.255 2.912 
1703407808.511 1.324 2.959 
1703407808.610 1.393 3.010 
1703407808.710 1.467 3.064 
1703407808.811 1.543 3.116 
1703407808.911 1.615 3.169 
1703407809.011 1.681 3.222 
1703407809.111 1.744 3.279 
1703407809.211 1.810 3.342 
1703407809.311 1.879 3.403 
1703407809.412 1.945 3.458 
1703407809.512 2.012 3.520 
1703407809.611 2.073 3.579 
1703407809.712 2.135 3.643 
1703407809.811 2.199 3.708 
1703407809.912 2.263 3.771 
1703407810.013 2.325 3.832 
1703407810.112 2.388 3.894 
1703407810.212 2.449 3.959 
1703407810.313 2.510 4.024 
1703407810.414 2.572 4.087 
1703407810.513 2.633 4.150 
1703407810.613 2.693 4.213 
1703407810.716 2.756 4.277 
1703407810.813 2.813 4.336 
1703407810.914 2.874 4.398 
1703407811.014 2.936 4.459 
1703407811.114 2.995 4.520 
1703407811.213 3.054 4.578 
1703407811.313 3.116 4.636 
1703407811.413 3.178 4.695 
1703407811.514 3.234 4.752 
1703407811.614 3.293 4.806 
1703407811.714 3.352 4.859 
1703407811.814 3.413 4.908 
1703407811.917 3.477 4.958 
1703407812.015 3.535 5.005 
1703407812.114 3.592 5.057 
1703407812.214 3.647 5.107 
1703407812.315 3.705 5.153 
1703407812.415 3.765 5.194 
1703407812.515 3.852 5.256 
1703407812.615 3.951 5.321 
1703407812.716 4.038 5.380 
1703407812.816 4.092 5.436 
1703407812.916 4.162 5.483 
1703407813.017 4.252 5.528 
1703407813.116 4.332 5.571 
1703407813.217 4.417 5.609 
1703407813.316 4.501 5.643 
1703407813.417 4.582 5.676 
1703407813.517 4.660 5.713 
1703407813.625 4.743 5.750 
1703407813.721 4.827 5.786 
1703407813.819 4.912 5.814 
1703407813.918 4.999 5.838 
1703407814.020 5.083 5.864 
1703407814.119 5.164 5.891 
1703407814.220 5.250 5.917 
1703407814.319 5.338 5.938 
1703407814.419 5.428 5.955 
1703407814.519 5.520 5.974 
1703407814.619 5.606 5.993 
1703407814.719 5.697 6.012 
1703407814.820 5.790 6.029 
1703407814.920 5.883 6.040 
1703407815.020 5.976 6.051 
1703407815.121 6.070 6.065 
1703407815.220 6.167 6.080 
1703407815.320 6.268 6.090 
1703407815.421 6.366 6.099 
1703407815.520 6.461 6.107 
1703407815.621 6.560 6.114 
1703407815.721 6.660 6.122 
1703407815.822 6.755 6.129 
1703407815.922 6.819 6.133 
1703407816.021 6.885 6.136 
1703407816.121 6.960 6.141 
1703407816.221 7.036 6.145 
1703407816.322 7.114 6.150 
1703407816.422 7.192 6.154 
1703407816.522 7.269 6.157 
1703407816.622 7.343 6.162 
1703407816.722 7.420 6.165 
1703407816.823 7.500 6.170 
1703407816.922 7.578 6.174 
1703407817.023 7.658 6.178 
1703407817.124 7.736 6.182 
1703407817.223 7.816 6.186 
1703407817.323 7.896 6.190 
1703407817.424 7.974 6.194 
1703407817.524 8.055 6.199 
1703407817.625 8.140 6.203 
1703407817.724 8.229 6.207 
