1703416114.695 1.122 0.044 
1703416114.696 1.122 0.044 
1703416114.798 1.152 0.018 
1703416114.897 1.215 -0.047 
1703416114.999 1.298 -0.167 
1703416115.098 1.375 -0.264 
1703416115.198 1.448 -0.358 
1703416115.299 1.528 -0.449 
1703416115.399 1.620 -0.542 
1703416115.497 1.718 -0.644 
1703416118.503 1.967 -1.161 
1703416118.604 1.993 -1.145 
1703416120.208 2.151 -1.398 
1703416120.308 2.082 -1.362 
1703416120.409 1.980 -1.285 
1703416120.511 1.878 -1.194 
1703416120.610 1.772 -1.134 
1703416120.710 1.708 -1.068 
1703416120.809 1.662 -1.002 
1703416120.910 1.615 -0.946 
1703416121.013 1.567 -0.851 
1703416121.112 1.537 -0.752 
1703416121.210 1.530 -0.626 
1703416121.310 1.539 -0.521 
1703416121.410 1.568 -0.426 
1703416121.510 1.614 -0.296 
1703416121.615 1.664 -0.157 
1703416121.717 1.727 -0.016 
1703416121.813 1.767 0.116 
1703416121.912 1.792 0.213 
1703416122.011 1.793 0.296 
1703416122.111 1.780 0.362 
1703416122.211 1.769 0.451 
1703416122.311 1.782 0.588 
1703416122.411 1.744 0.639 
1703416122.511 1.721 0.606 
1703416124.015 1.786 0.408 
1703416124.115 1.786 0.395 
1703416124.215 1.726 0.377 
1703416124.315 1.684 0.357 
1703416124.416 1.733 0.390 
1703416124.516 1.852 0.482 
1703416126.423 2.145 0.525 
1703416126.424 2.145 0.525 
1703416126.523 2.133 0.545 
1703416126.623 2.104 0.595 
1703416126.725 2.101 0.715 
1703416126.823 2.107 0.838 
1703416126.924 2.133 0.962 
1703416127.025 2.180 1.080 
1703416127.124 2.221 1.186 
1703416127.223 2.261 1.293 
1703416127.327 2.290 1.385 
1703416127.429 2.287 1.456 
1703416127.529 2.302 1.520 
1703416127.629 2.354 1.588 
1703416127.729 2.410 1.641 
1703416127.829 2.461 1.671 
1703416127.930 2.502 1.684 
1703416128.030 2.528 1.677 
1703416128.130 2.572 1.702 
1703416128.229 2.677 1.759 
1703416128.330 2.765 1.812 
1703416128.430 2.833 1.842 
1703416128.530 2.902 1.881 
1703416128.631 2.983 1.937 
1703416128.730 3.036 1.986 
1703416128.830 3.107 2.022 
1703416128.931 3.184 2.052 
1703416129.031 3.269 2.087 
1703416129.131 3.350 2.129 
1703416129.231 3.426 2.170 
1703416129.331 3.490 2.210 
1703416129.432 3.559 2.248 
1703416129.531 3.637 2.288 
1703416129.631 3.726 2.348 
1703416129.731 3.828 2.410 
1703416129.831 3.919 2.469 
1703416129.931 4.011 2.536 
1703416130.033 4.105 2.622 
1703416130.132 4.200 2.710 
1703416130.233 4.277 2.789 
1703416130.332 4.349 2.860 
1703416130.433 4.435 2.934 
1703416130.532 4.522 3.036 
1703416130.632 4.600 3.139 
1703416130.733 4.648 3.257 
1703416130.833 4.675 3.388 
1703416130.933 4.665 3.502 
1703416131.033 4.612 3.606 
1703416131.133 4.551 3.707 
1703416131.234 4.484 3.807 
1703416131.333 4.406 3.900 
1703416131.434 4.330 3.993 
1703416131.534 4.252 4.084 
1703416131.633 4.168 4.170 
1703416131.734 4.082 4.254 
1703416131.834 3.991 4.332 
1703416131.934 3.898 4.399 
1703416132.036 3.808 4.462 
1703416132.135 3.706 4.532 
1703416132.234 3.606 4.605 
1703416132.335 3.508 4.672 
1703416132.435 3.407 4.731 
1703416132.534 3.303 4.790 
1703416132.635 3.198 4.849 
1703416132.735 3.094 4.905 
1703416132.835 2.999 4.951 
1703416132.935 2.912 4.993 
1703416133.035 2.833 5.035 
1703416133.135 2.759 5.075 
1703416133.237 2.684 5.114 
1703416133.337 2.608 5.151 
1703416133.436 2.534 5.183 
1703416133.536 2.462 5.211 
1703416133.636 2.356 5.227 
1703416133.736 2.257 5.225 
1703416133.836 2.177 5.230 
1703416133.937 2.081 5.201 
1703416134.036 1.993 5.162 
1703416134.137 1.896 5.104 
1703416135.640 1.745 4.920 
1703416135.741 1.732 4.916 
1703416135.841 1.789 4.846 
1703416135.941 1.864 4.748 
1703416136.040 1.919 4.693 
1703416136.143 1.960 4.603 
1703416136.241 1.983 4.547 
1703416136.341 1.992 4.483 
1703416136.441 2.000 4.409 
1703416136.541 2.016 4.319 
1703416136.641 2.042 4.212 
1703416136.741 2.056 4.119 
1703416136.841 2.059 4.041 
1703416136.941 2.040 3.940 
1703416137.041 2.020 3.835 
1703416137.142 2.008 3.747 
1703416137.242 1.984 3.706 
1703416137.343 1.957 3.659 
1703416137.442 1.903 3.602 
1703416137.542 1.794 3.533 
1703416137.642 1.716 3.472 
1703416137.743 1.672 3.415 
1703416137.842 1.610 3.361 
1703416137.942 1.528 3.313 
1703416138.043 1.445 3.264 
1703416138.143 1.367 3.212 
1703416138.243 1.279 3.163 
1703416138.343 1.188 3.126 
1703416138.443 1.102 3.094 
1703416138.543 1.013 3.057 
1703416138.643 0.922 3.022 
1703416138.743 0.828 2.992 
1703416138.843 0.731 2.974 
1703416138.944 0.634 2.958 
1703416139.043 0.541 2.941 
1703416139.144 0.444 2.923 
1703416139.244 0.352 2.905 
1703416139.343 0.261 2.890 
1703416139.444 0.170 2.870 
1703416139.545 0.085 2.847 
1703416139.645 0.000 2.820 
1703416139.747 -0.083 2.789 
1703416139.846 -0.162 2.760 
1703416139.946 -0.239 2.730 
1703416140.046 -0.316 2.700 
1703416140.147 -0.391 2.669 
1703416140.247 -0.469 2.643 
1703416140.347 -0.541 2.618 
1703416140.449 -0.610 2.588 
1703416140.550 -0.677 2.549 
1703416140.649 -0.738 2.512 
1703416140.748 -0.799 2.470 
1703416140.848 -0.890 2.412 
1703416140.953 -0.994 2.356 
1703416141.050 -1.076 2.320 
1703416141.149 -1.138 2.270 
1703416141.249 -1.197 2.205 
1703416141.348 -1.250 2.131 
1703416141.448 -1.300 2.061 
1703416141.549 -1.344 1.993 
1703416141.649 -1.382 1.924 
1703416141.748 -1.413 1.851 
1703416141.850 -1.442 1.779 
1703416141.949 -1.471 1.713 
1703416142.049 -1.494 1.640 
1703416142.150 -1.521 1.576 
1703416142.250 -1.547 1.518 
1703416142.350 -1.567 1.448 
1703416142.449 -1.577 1.338 
1703416142.549 -1.580 1.233 
1703416142.650 -1.588 1.138 
1703416142.750 -1.593 1.058 
1703416142.850 -1.592 0.996 
1703416142.951 -1.588 0.944 
1703416143.050 -1.602 0.876 
1703416143.151 -1.606 0.761 
1703416143.251 -1.606 0.643 
1703416143.350 -1.610 0.549 
1703416143.451 -1.621 0.477 
1703416143.552 -1.642 0.388 
1703416143.651 -1.647 0.284 
1703416143.751 -1.646 0.180 
1703416143.852 -1.646 0.098 
1703416143.951 -1.647 0.029 
1703416144.054 -1.647 -0.008 
1703416144.153 -1.634 -0.061 
1703416144.256 -1.626 -0.129 
1703416144.353 -1.625 -0.205 
1703416144.453 -1.623 -0.289 
1703416144.553 -1.619 -0.374 
1703416144.654 -1.614 -0.453 
1703416144.753 -1.609 -0.534 
1703416144.853 -1.599 -0.604 
1703416144.953 -1.584 -0.667 
1703416145.054 -1.573 -0.742 
1703416145.154 -1.564 -0.824 
1703416145.255 -1.554 -0.907 
1703416145.355 -1.544 -0.989 
1703416145.454 -1.533 -1.070 
1703416145.554 -1.522 -1.153 
1703416145.654 -1.512 -1.232 
1703416145.756 -1.505 -1.311 
1703416145.855 -1.519 -1.368 
1703416145.955 -1.518 -1.427 
1703416146.056 -1.491 -1.503 
1703416146.156 -1.455 -1.603 
1703416146.255 -1.431 -1.680 
1703416146.355 -1.413 -1.754 
1703416146.455 -1.396 -1.838 
1703416146.556 -1.380 -1.919 
1703416146.656 -1.359 -2.018 
1703416146.755 -1.371 -2.097 
1703416146.855 -1.356 -2.182 
1703416146.955 -1.319 -2.265 
1703416147.056 -1.274 -2.362 
1703416147.156 -1.229 -2.460 
1703416147.256 -1.182 -2.562 
1703416147.356 -1.159 -2.642 
1703416147.457 -1.157 -2.712 
1703416147.556 -1.141 -2.770 
1703416147.656 -1.093 -2.827 
1703416147.757 -1.007 -2.910 
1703416147.857 -0.924 -2.998 
1703416147.957 -0.908 -3.060 
1703416148.057 -0.870 -3.134 
1703416148.158 -0.802 -3.206 
1703416148.257 -0.730 -3.272 
1703416148.357 -0.660 -3.338 
1703416148.458 -0.588 -3.404 
1703416148.559 -0.515 -3.470 
1703416148.658 -0.440 -3.535 
1703416148.758 -0.364 -3.599 
1703416148.858 -0.292 -3.658 
1703416148.958 -0.230 -3.711 
1703416149.059 -0.179 -3.765 
1703416149.159 -0.147 -3.818 
1703416149.259 -0.098 -3.863 
1703416149.359 -0.001 -3.899 
1703416149.459 0.103 -3.932 
1703416149.559 0.188 -3.966 
1703416149.659 0.261 -4.000 
1703416149.759 0.340 -4.030 
1703416149.858 0.437 -4.051 
1703416149.959 0.534 -4.073 
1703416150.059 0.621 -4.092 
1703416150.160 0.706 -4.113 
1703416150.260 0.797 -4.135 
1703416150.360 0.889 -4.157 
1703416150.460 0.979 -4.180 
1703416150.560 1.066 -4.205 
1703416150.660 1.154 -4.227 
1703416150.760 1.244 -4.249 
1703416150.861 1.338 -4.280 
1703416150.961 1.433 -4.312 
1703416151.060 1.505 -4.320 
1703416151.161 1.562 -4.336 
1703416151.261 1.623 -4.362 
1703416151.361 1.695 -4.392 
1703416151.461 1.782 -4.420 
1703416151.561 1.864 -4.443 
1703416151.661 1.939 -4.467 
1703416151.761 2.013 -4.494 
1703416151.861 2.092 -4.526 
1703416151.962 2.175 -4.557 
1703416152.061 2.265 -4.586 
1703416153.367 2.623 -4.696 
1703416153.368 2.623 -4.696 
1703416153.468 2.671 -4.722 
1703416153.567 2.782 -4.747 
1703416153.667 2.919 -4.775 
1703416153.767 3.025 -4.798 
1703416153.868 3.092 -4.813 
1703416153.969 3.151 -4.842 
1703416154.069 3.235 -4.852 
1703416154.169 3.311 -4.858 
1703416154.268 3.377 -4.871 
1703416154.369 3.474 -4.889 
1703416154.469 3.587 -4.899 
1703416154.569 3.674 -4.908 
1703416154.671 3.741 -4.917 
1703416154.769 3.814 -4.925 
1703416154.870 3.898 -4.930 
1703416154.969 3.977 -4.929 
1703416155.070 4.050 -4.931 
1703416155.170 4.122 -4.938 
1703416155.270 4.217 -4.981 
1703416155.370 4.314 -5.019 
1703416155.472 4.416 -5.049 
1703416155.571 4.520 -5.096 
1703416155.671 4.630 -5.158 
1703416155.771 4.736 -5.209 
1703416155.871 4.841 -5.252 
1703416157.074 4.900 -5.254 
1703416157.174 4.896 -5.253 
1703416157.275 4.901 -5.302 
1703416157.374 4.868 -5.428 
1703416157.474 4.832 -5.540 
1703416157.575 4.770 -5.645 
1703416157.674 4.687 -5.730 
1703416157.778 4.591 -5.806 
1703416157.878 4.472 -5.859 
1703416157.978 4.364 -5.901 
1703416158.078 4.256 -5.946 
1703416158.179 4.141 -5.978 
1703416158.279 4.025 -6.003 
1703416158.379 3.904 -6.018 
1703416158.479 3.790 -6.029 
1703416158.580 3.715 -6.056 
1703416158.681 3.643 -6.072 
1703416158.785 3.568 -6.081 
1703416158.882 3.481 -6.081 
1703416158.982 3.382 -6.059 
1703416159.082 3.286 -6.041 
1703416159.181 3.197 -6.028 
1703416159.281 3.104 -6.012 
1703416159.382 3.006 -5.996 
1703416159.481 2.940 -5.990 
1703416159.582 2.882 -5.977 
1703416159.682 2.798 -5.965 
1703416159.783 2.719 -5.953 
1703416159.883 2.646 -5.941 
1703416159.988 2.567 -5.932 
1703416160.084 2.481 -5.925 
1703416160.183 2.395 -5.914 
1703416160.283 2.313 -5.904 
1703416160.383 2.230 -5.895 
1703416160.485 2.143 -5.885 
1703416160.583 2.060 -5.883 
1703416160.683 1.976 -5.880 
1703416160.783 1.891 -5.878 
1703416160.883 1.808 -5.882 
1703416160.983 1.727 -5.887 
1703416161.083 1.644 -5.889 
1703416161.184 1.564 -5.892 
1703416161.284 1.484 -5.897 
1703416161.385 1.405 -5.902 
1703416161.484 1.327 -5.908 
1703416161.583 1.251 -5.914 
1703416161.684 1.173 -5.921 
1703416161.784 1.096 -5.925 
1703416161.885 1.019 -5.929 
1703416161.985 0.943 -5.932 
1703416162.085 0.867 -5.934 
1703416162.185 0.788 -5.937 
1703416162.285 0.710 -5.942 
1703416162.385 0.634 -5.946 
1703416162.485 0.560 -5.946 
1703416162.585 0.485 -5.948 
1703416162.685 0.405 -5.949 
1703416162.786 0.325 -5.944 
1703416162.888 0.250 -5.937 
1703416162.989 0.176 -5.929 
1703416163.088 0.080 -5.923 
1703416163.189 -0.013 -5.929 
1703416163.289 -0.115 -5.931 
1703416163.388 -0.216 -5.927 
1703416163.489 -0.303 -5.920 
1703416163.588 -0.387 -5.902 
1703416163.688 -0.463 -5.865 
1703416163.789 -0.521 -5.815 
1703416163.889 -0.560 -5.759 
1703416163.989 -0.592 -5.690 
1703416164.091 -0.610 -5.604 
1703416164.191 -0.624 -5.519 
1703416164.291 -0.632 -5.441 
1703416164.390 -0.633 -5.364 
1703416164.494 -0.622 -5.280 
1703416164.594 -0.608 -5.211 
1703416164.694 -0.597 -5.162 
1703416164.795 -0.596 -5.104 
1703416164.894 -0.601 -5.033 
1703416164.995 -0.595 -4.968 
1703416165.094 -0.596 -4.888 
1703416165.198 -0.602 -4.782 
1703416165.298 -0.611 -4.682 
1703416165.398 -0.625 -4.584 
1703416165.498 -0.632 -4.513 
1703416165.598 -0.643 -4.448 
1703416165.698 -0.664 -4.366 
1703416165.799 -0.681 -4.278 
1703416165.898 -0.698 -4.193 
1703416165.999 -0.712 -4.115 
1703416166.098 -0.726 -4.041 
1703416166.199 -0.752 -3.957 
1703416166.298 -0.785 -3.868 
1703416166.399 -0.813 -3.786 
1703416166.499 -0.834 -3.714 
1703416166.599 -0.855 -3.645 
1703416166.700 -0.890 -3.562 
1703416166.799 -0.938 -3.468 
1703416166.900 -0.977 -3.386 
1703416167.000 -1.006 -3.333 
1703416167.100 -1.026 -3.255 
1703416167.200 -1.054 -3.152 
1703416167.301 -1.086 -3.058 
1703416167.400 -1.113 -2.979 
1703416167.501 -1.140 -2.902 
1703416167.601 -1.165 -2.825 
1703416167.701 -1.189 -2.748 
1703416167.803 -1.228 -2.664 
1703416167.902 -1.266 -2.588 
1703416168.002 -1.295 -2.524 
1703416168.103 -1.325 -2.455 
1703416168.203 -1.359 -2.362 
1703416168.304 -1.395 -2.278 
1703416168.403 -1.430 -2.206 
1703416168.503 -1.466 -2.138 
1703416168.604 -1.499 -2.071 
1703416168.703 -1.538 -1.998 
1703416168.804 -1.569 -1.921 
1703416168.905 -1.598 -1.843 
1703416169.005 -1.629 -1.755 
1703416169.104 -1.662 -1.682 
1703416169.206 -1.698 -1.615 
1703416169.304 -1.734 -1.543 
1703416169.405 -1.771 -1.459 
1703416169.505 -1.811 -1.376 
1703416169.605 -1.847 -1.292 
1703416169.705 -1.882 -1.213 
1703416169.805 -1.922 -1.129 
1703416169.906 -1.962 -1.026 
1703416170.006 -2.007 -0.923 
1703416170.106 -2.052 -0.826 
1703416170.205 -2.096 -0.727 
1703416170.306 -2.139 -0.627 
1703416170.405 -2.186 -0.523 
1703416170.506 -2.245 -0.413 
1703416170.606 -2.304 -0.307 
1703416170.707 -2.359 -0.195 
1703416170.806 -2.413 -0.089 
1703416170.907 -2.469 0.018 
1703416171.006 -2.524 0.127 
1703416171.107 -2.574 0.228 
1703416171.207 -2.621 0.325 
1703416171.307 -2.681 0.430 
1703416171.407 -2.741 0.542 
1703416171.507 -2.806 0.642 
1703416171.607 -2.879 0.734 
1703416171.707 -2.957 0.827 
1703416171.807 -3.037 0.910 
1703416171.908 -3.123 0.977 
1703416172.007 -3.220 1.056 
1703416172.110 -3.321 1.138 
1703416172.208 -3.420 1.199 
1703416172.308 -3.529 1.239 
1703416172.409 -3.645 1.263 
1703416172.508 -3.732 1.282 
1703416172.609 -3.825 1.284 
1703416172.708 -3.937 1.287 
1703416172.808 -4.048 1.294 
1703416172.909 -4.144 1.290 
1703416173.008 -4.235 1.262 
1703416173.109 -4.326 1.223 
1703416173.209 -4.411 1.182 
1703416173.310 -4.482 1.131 
1703416173.409 -4.552 1.074 
1703416173.509 -4.628 1.031 
1703416173.609 -4.700 1.004 
1703416173.709 -4.760 0.960 
1703416173.810 -4.798 0.900 
1703416173.910 -4.842 0.822 
1703416174.010 -4.884 0.742 
1703416174.110 -4.958 0.647 
1703416174.211 -5.022 0.552 
1703416178.219 -4.772 0.320 
1703416178.318 -4.782 0.353 
1703416178.419 -4.806 0.427 
1703416178.519 -4.854 0.533 
1703416178.620 -4.872 0.624 
1703416178.720 -4.866 0.718 
1703416178.819 -4.870 0.837 
1703416178.919 -4.865 0.965 
1703416179.021 -4.858 1.077 
1703416179.120 -4.836 1.194 
1703416179.219 -4.814 1.309 
1703416179.320 -4.785 1.421 
1703416179.420 -4.753 1.536 
1703416179.521 -4.721 1.650 
1703416179.620 -4.691 1.742 
1703416179.721 -4.669 1.805 
1703416179.821 -4.636 1.859 
1703416179.921 -4.595 1.916 
1703416180.024 -4.545 1.977 
1703416180.123 -4.504 2.030 
1703416180.224 -4.451 2.076 
1703416180.324 -4.396 2.110 
1703416180.424 -4.340 2.133 
1703416180.524 -4.289 2.146 
1703416180.624 -4.243 2.147 
1703416180.725 -4.204 2.142 
1703416180.825 -4.156 2.158 
1703416180.925 -4.098 2.184 
1703416181.025 -4.036 2.208 
1703416181.125 -3.980 2.235 
1703416181.225 -3.925 2.263 
1703416181.325 -3.855 2.287 
1703416181.426 -3.777 2.304 
1703416181.525 -3.708 2.321 
1703416181.626 -3.644 2.338 
1703416181.726 -3.578 2.350 
1703416181.827 -3.506 2.360 
1703416181.927 -3.436 2.376 
1703416182.027 -3.360 2.394 
1703416182.127 -3.277 2.406 
1703416182.227 -3.189 2.420 
1703416182.327 -3.105 2.434 
1703416182.427 -3.020 2.451 
1703416182.527 -2.946 2.484 
1703416182.628 -2.877 2.516 
1703416182.728 -2.813 2.546 
1703416182.828 -2.753 2.572 
1703416182.928 -2.693 2.591 
1703416183.028 -2.635 2.605 
1703416183.129 -2.573 2.613 
1703416183.229 -2.512 2.617 
1703416183.329 -2.453 2.621 
1703416183.429 -2.395 2.623 
1703416183.529 -2.333 2.624 
1703416183.629 -2.266 2.622 
1703416183.729 -2.194 2.619 
1703416183.829 -2.122 2.615 
1703416183.930 -2.052 2.608 
1703416184.030 -1.991 2.602 
1703416184.130 -1.943 2.609 
1703416184.230 -1.901 2.634 
1703416184.330 -1.843 2.644 
1703416184.430 -1.791 2.618 
1703416184.533 -1.729 2.570 
1703416184.631 -1.646 2.531 
1703416184.731 -1.534 2.501 
1703416184.830 -1.404 2.489 
1703416184.932 -1.292 2.495 
1703416185.032 -1.191 2.493 
1703416185.135 -1.115 2.475 
1703416185.234 -1.036 2.471 
1703416185.335 -0.943 2.473 
1703416185.434 -0.848 2.484 
1703416185.535 -0.756 2.487 
1703416185.635 -0.656 2.490 
1703416185.735 -0.564 2.484 
1703416185.835 -0.472 2.486 
1703416185.936 -0.391 2.508 
1703416186.035 -0.304 2.530 
1703416186.136 -0.219 2.551 
1703416186.235 -0.134 2.570 
1703416186.335 -0.042 2.578 
1703416186.436 0.054 2.584 
1703416186.535 0.155 2.591 
1703416186.636 0.213 2.605 
1703416186.737 0.284 2.604 
1703416186.836 0.371 2.603 
1703416186.936 0.457 2.601 
1703416187.037 0.546 2.603 
1703416187.136 0.637 2.610 
1703416187.236 0.730 2.616 
1703416187.337 0.822 2.621 
1703416187.438 0.916 2.626 
1703416187.537 1.008 2.631 
1703416187.637 1.102 2.637 
1703416187.738 1.194 2.644 
1703416187.837 1.286 2.650 
1703416187.938 1.374 2.653 
1703416188.038 1.462 2.651 
1703416188.139 1.554 2.650 
1703416188.240 1.647 2.651 
1703416188.339 1.730 2.657 
1703416188.439 1.815 2.653 
1703416188.539 1.903 2.642 
1703416188.639 1.992 2.626 
1703416188.740 2.079 2.616 
1703416188.840 2.166 2.609 
1703416188.940 2.253 2.600 
1703416189.040 2.336 2.583 
1703416189.140 2.420 2.561 
1703416189.239 2.509 2.535 
1703416189.340 2.597 2.515 
1703416189.440 2.682 2.498 
1703416189.540 2.767 2.477 
1703416189.641 2.850 2.448 
1703416189.741 2.931 2.419 
1703416189.841 3.015 2.387 
1703416189.941 3.099 2.360 
1703416190.041 3.183 2.334 
1703416190.141 3.266 2.305 
1703416190.241 3.348 2.276 
1703416190.342 3.429 2.244 
1703416190.442 3.511 2.212 
1703416190.541 3.592 2.178 
1703416190.641 3.673 2.144 
1703416190.742 3.754 2.108 
1703416190.842 3.832 2.072 
1703416190.943 3.911 2.035 
1703416191.042 3.990 1.999 
1703416191.142 4.071 1.964 
1703416191.243 4.154 1.926 
1703416191.342 4.233 1.887 
1703416191.442 4.305 1.847 
1703416191.543 4.384 1.811 
1703416191.643 4.463 1.777 
1703416191.743 4.543 1.746 
1703416191.842 4.624 1.721 
1703416191.943 4.709 1.694 
1703416192.043 4.782 1.662 
1703416192.144 4.854 1.634 
1703416192.243 4.933 1.609 
1703416192.344 5.009 1.584 
1703416192.444 5.079 1.566 
1703416192.545 5.171 1.554 
1703416192.645 5.293 1.549 
1703416192.745 5.407 1.534 
1703416192.845 5.503 1.516 
1703416192.944 5.585 1.519 
1703416193.044 5.661 1.532 
1703416193.145 5.748 1.531 
1703416193.245 5.848 1.518 
1703416193.344 5.951 1.540 
1703416193.445 6.049 1.580 
1703416193.545 6.132 1.605 
1703416193.645 6.206 1.648 
1703416193.746 6.276 1.703 
1703416193.845 6.337 1.767 
1703416193.946 6.383 1.883 
1703416194.046 6.419 1.976 
1703416194.146 6.445 2.041 
1703416194.246 6.458 2.121 
1703416194.346 6.460 2.219 
1703416194.446 6.465 2.320 
1703416194.546 6.480 2.409 
1703416194.646 6.494 2.487 
1703416198.754 6.125 2.467 
1703416198.755 6.125 2.467 
1703416198.855 6.181 2.397 
1703416198.956 6.278 2.315 
1703416199.056 6.384 2.235 
1703416199.156 6.486 2.160 
1703416199.256 6.577 2.077 
1703416199.357 6.666 1.995 
1703416199.457 6.762 1.919 
1703416199.557 6.856 1.844 
1703416199.657 6.942 1.763 
1703416199.757 7.028 1.679 
1703416199.858 7.120 1.599 
1703416199.957 7.219 1.524 
1703416200.057 7.305 1.436 
1703416200.158 7.388 1.347 
1703416200.258 7.469 1.260 
1703416200.358 7.546 1.180 
1703416200.458 7.627 1.095 
1703416200.559 7.705 1.005 
1703416200.659 7.778 0.911 
1703416200.759 7.850 0.813 
1703416200.859 7.919 0.717 
1703416200.959 7.982 0.619 
1703416201.059 8.031 0.519 
1703416201.160 8.087 0.409 
1703416201.259 8.151 0.296 
1703416201.359 8.206 0.187 
1703416201.460 8.243 0.072 
1703416201.560 8.267 -0.029 
1703416201.660 8.293 -0.095 
1703416201.760 8.311 -0.128 
1703416201.860 8.306 -0.167 
1703416201.960 8.275 -0.221 
1703416202.060 8.240 -0.282 
1703416202.160 8.207 -0.347 
1703416202.261 8.168 -0.395 
1703416202.360 8.123 -0.441 
1703416202.461 8.054 -0.486 
1703416202.561 7.972 -0.522 
1703416202.661 7.889 -0.557 
1703416202.762 7.826 -0.597 
1703416202.861 7.751 -0.636 
1703416202.961 7.660 -0.670 
1703416203.063 7.570 -0.703 
1703416203.162 7.479 -0.729 
1703416203.261 7.388 -0.753 
1703416203.362 7.291 -0.779 
1703416203.462 7.201 -0.806 
1703416203.564 7.110 -0.831 
1703416203.664 7.019 -0.855 
1703416203.764 6.928 -0.878 
1703416203.864 6.832 -0.899 
1703416203.964 6.730 -0.919 
1703416204.063 6.643 -0.941 
1703416204.163 6.543 -0.952 
1703416204.264 6.457 -0.970 
1703416204.364 6.381 -0.976 
1703416204.464 6.326 -0.961 
1703416204.564 6.270 -0.948 
1703416204.664 6.184 -0.941 
1703416204.766 6.067 -0.927 
1703416204.867 5.949 -0.919 
1703416204.967 5.841 -0.919 
1703416205.067 5.740 -0.909 
1703416205.167 5.638 -0.898 
1703416205.267 5.541 -0.891 
1703416205.367 5.441 -0.878 
1703416205.467 5.361 -0.877 
1703416205.567 5.283 -0.888 
1703416205.667 5.169 -0.885 
1703416205.768 5.061 -0.842 
1703416205.867 4.955 -0.778 
1703416205.968 4.862 -0.706 
1703416206.068 4.813 -0.650 
1703416206.168 4.785 -0.571 
1703416206.268 4.741 -0.459 
1703416206.368 4.709 -0.330 
1703416206.468 4.690 -0.216 
1703416206.568 4.681 -0.101 
1703416206.668 4.672 0.020 
1703416206.769 4.664 0.139 
1703416206.869 4.658 0.257 
1703416206.969 4.652 0.376 
1703416207.069 4.646 0.492 
1703416207.169 4.640 0.593 
1703416207.269 4.634 0.688 
1703416207.369 4.629 0.777 
1703416207.470 4.626 0.863 
1703416207.570 4.618 0.965 
1703416207.669 4.603 1.065 
1703416207.770 4.598 1.146 
1703416207.870 4.582 1.205 
1703416207.969 4.556 1.255 
1703416208.070 4.542 1.318 
1703416208.171 4.521 1.399 
1703416208.270 4.502 1.486 
1703416208.370 4.481 1.565 
1703416208.470 4.462 1.638 
1703416208.570 4.446 1.717 
1703416208.671 4.430 1.795 
1703416208.770 4.414 1.871 
1703416208.873 4.397 1.952 
1703416208.971 4.382 2.027 
1703416209.072 4.362 2.107 
1703416209.171 4.343 2.187 
1703416209.272 4.324 2.265 
1703416209.372 4.302 2.348 
1703416209.471 4.283 2.434 
1703416209.571 4.260 2.518 
1703416209.672 4.230 2.602 
1703416209.772 4.203 2.681 
1703416209.872 4.179 2.760 
1703416209.972 4.153 2.857 
1703416210.072 4.133 2.947 
1703416210.172 4.103 3.031 
1703416210.272 4.060 3.119 
1703416210.372 4.019 3.199 
1703416210.473 3.980 3.290 
1703416210.573 3.936 3.391 
1703416210.673 3.891 3.478 
1703416210.774 3.839 3.558 
1703416210.873 3.785 3.637 
1703416210.974 3.724 3.726 
1703416211.074 3.654 3.817 
1703416211.174 3.596 3.899 
1703416211.274 3.541 3.976 
1703416211.374 3.476 4.058 
1703416211.474 3.412 4.141 
1703416211.575 3.347 4.223 
1703416211.674 3.280 4.301 
1703416211.774 3.208 4.378 
1703416211.875 3.139 4.453 
1703416211.975 3.067 4.532 
1703416212.074 2.997 4.606 
1703416212.174 2.930 4.683 
1703416212.275 2.863 4.760 
1703416212.375 2.796 4.837 
1703416212.475 2.730 4.911 
1703416212.575 2.664 4.987 
1703416212.675 2.596 5.061 
1703416212.776 2.531 5.131 
1703416212.876 2.465 5.203 
1703416212.976 2.397 5.276 
1703416213.075 2.331 5.347 
1703416213.176 2.267 5.418 
1703416213.276 2.200 5.491 
1703416213.376 2.135 5.562 
1703416213.476 2.068 5.636 
1703416213.576 2.000 5.709 
1703416213.677 1.935 5.780 
1703416213.777 1.873 5.849 
1703416213.877 1.808 5.921 
1703416213.977 1.744 5.993 
1703416214.077 1.679 6.065 
1703416214.177 1.615 6.137 
1703416214.277 1.555 6.207 
1703416214.377 1.494 6.279 
1703416214.478 1.434 6.359 
1703416214.577 1.375 6.434 
1703416214.680 1.318 6.510 
1703416214.779 1.267 6.577 
1703416214.880 1.216 6.642 
1703416214.979 1.166 6.711 
1703416215.081 1.109 6.795 
1703416215.179 1.059 6.879 
1703416215.280 1.022 6.947 
1703416215.380 0.980 7.010 
1703416215.480 0.935 7.074 
1703416215.580 0.893 7.146 
1703416215.680 0.856 7.209 
1703416215.781 0.826 7.289 
1703416215.881 0.797 7.364 
1703416215.981 0.779 7.488 
1703416216.080 0.772 7.622 
1703416216.181 0.761 7.703 
1703416216.281 0.754 7.754 
1703416216.382 0.735 7.771 
1703416216.481 0.768 7.837 
1703416217.083 0.820 7.915 
1703416217.183 0.840 7.910 
1703416217.283 0.898 7.920 
1703416217.383 0.991 7.969 
1703416217.484 1.102 8.034 
1703416217.584 1.181 8.084 
1703416217.683 1.245 8.107 
1703416217.784 1.296 8.100 
1703416217.884 1.387 8.099 
1703416217.984 1.520 8.121 
1703416218.084 1.594 8.123 
1703416218.184 1.642 8.125 
1703416218.284 1.722 8.119 
1703416218.384 1.818 8.128 
1703416218.485 1.916 8.133 
1703416218.584 2.012 8.137 
1703416218.685 2.107 8.145 
1703416218.785 2.204 8.146 
1703416218.885 2.303 8.144 
1703416218.985 2.373 8.142 
1703416219.085 2.446 8.145 
1703416219.185 2.538 8.142 
1703416219.286 2.635 8.139 
1703416219.386 2.731 8.139 
1703416219.486 2.830 8.138 
1703416219.586 2.924 8.134 
1703416219.686 3.007 8.130 
1703416219.786 3.088 8.127 
1703416219.887 3.169 8.126 
1703416219.986 3.223 8.142 
1703416220.087 3.242 8.181 
1703416220.187 3.295 8.190 
1703416220.286 3.386 8.148 
1703416220.387 3.500 8.076 
1703416220.488 3.613 8.020 
1703416220.587 3.704 7.987 
1703416220.687 3.786 7.964 
1703416220.788 3.861 7.923 
1703416220.889 3.933 7.884 
1703416220.988 3.981 7.856 
1703416221.088 4.023 7.830 
1703416221.188 4.081 7.803 
1703416221.290 4.155 7.757 
1703416221.392 4.253 7.681 
1703416221.491 4.321 7.634 
1703416221.592 4.374 7.600 
1703416221.691 4.460 7.546 
1703416221.790 4.555 7.460 
1703416221.890 4.641 7.385 
1703416221.991 4.701 7.334 
1703416222.091 4.764 7.281 
1703416222.191 4.835 7.211 
1703416222.291 4.895 7.145 
1703416222.392 4.943 7.095 
1703416222.491 4.988 7.042 
1703416222.592 5.036 6.983 
1703416222.691 5.088 6.920 
1703416222.792 5.140 6.859 
1703416222.893 5.192 6.798 
1703416222.992 5.242 6.736 
1703416223.092 5.290 6.674 
1703416223.192 5.338 6.609 
1703416223.291 5.379 6.562 
1703416223.392 5.418 6.509 
1703416223.492 5.451 6.422 
1703416223.593 5.472 6.341 
1703416223.693 5.487 6.270 
1703416223.793 5.506 6.200 
1703416223.893 5.540 6.125 
1703416223.994 5.570 6.046 
1703416224.093 5.599 5.975 
1703416224.193 5.615 5.898 
1703416224.293 5.626 5.804 
1703416224.394 5.623 5.701 
1703416224.494 5.611 5.601 
1703416224.594 5.590 5.505 
1703416224.693 5.550 5.407 
1703416224.794 5.514 5.309 
1703416224.894 5.491 5.231 
1703416224.995 5.455 5.165 
1703416225.095 5.415 5.101 
1703416225.195 5.379 5.040 
1703416225.295 5.344 4.976 
1703416225.395 5.306 4.902 
1703416225.495 5.268 4.820 
1703416225.596 5.233 4.741 
1703416225.695 5.197 4.663 
1703416225.795 5.162 4.584 
1703416225.896 5.125 4.503 
1703416225.996 5.074 4.423 
1703416226.096 5.034 4.344 
1703416226.196 4.993 4.267 
1703416226.297 4.949 4.191 
1703416226.397 4.904 4.113 
1703416226.496 4.852 4.037 
1703416226.596 4.789 3.968 
1703416226.697 4.723 3.901 
1703416226.798 4.668 3.833 
1703416226.897 4.606 3.765 
1703416226.997 4.536 3.696 
1703416227.101 4.463 3.631 
1703416227.201 4.386 3.564 
1703416227.301 4.310 3.496 
1703416227.400 4.233 3.427 
1703416227.500 4.153 3.356 
1703416227.600 4.068 3.286 
1703416227.700 3.985 3.216 
1703416227.800 3.902 3.146 
1703416227.901 3.817 3.076 
1703416228.000 3.728 3.006 
1703416228.100 3.641 2.936 
1703416228.201 3.553 2.866 
1703416228.301 3.469 2.800 
1703416228.401 3.379 2.740 
1703416228.501 3.292 2.677 
1703416228.602 3.206 2.615 
1703416228.701 3.125 2.558 
1703416228.801 3.041 2.500 
1703416228.902 2.958 2.448 
1703416229.002 2.879 2.398 
1703416229.102 2.800 2.350 
1703416229.201 2.724 2.304 
1703416229.302 2.647 2.258 
1703416229.402 2.574 2.216 
1703416229.502 2.503 2.175 
1703416229.602 2.437 2.134 
1703416229.702 2.371 2.092 
1703416229.803 2.306 2.051 
1703416229.903 2.221 1.980 
1703416230.004 2.146 1.927 
1703416230.104 2.089 1.866 
1703416230.203 2.034 1.793 
1703416230.304 1.977 1.713 
1703416230.404 1.933 1.666 
1703416230.504 1.901 1.624 
1703416230.604 1.889 1.529 
1703416230.705 1.886 1.438 
1703416230.806 1.894 1.363 
1703416230.906 1.893 1.262 
1703416231.006 1.899 1.198 
1703416231.106 1.892 1.136 
1703416231.206 1.890 1.039 
1703416231.307 1.886 0.944 
1703416231.406 1.878 0.856 
1703416231.507 1.871 0.759 
1703416231.608 1.864 0.658 
1703416231.707 1.857 0.552 
1703416231.807 1.851 0.444 
1703416231.907 1.849 0.335 
1703416232.007 1.844 0.228 
1703416232.107 1.836 0.121 
1703416232.207 1.832 0.015 
1703416232.307 1.829 -0.095 
1703416232.408 1.826 -0.205 
1703416232.508 1.822 -0.316 
1703416232.607 1.818 -0.426 
1703416232.708 1.815 -0.542 
1703416232.808 1.813 -0.657 
1703416232.908 1.810 -0.774 
1703416233.009 1.808 -0.894 
1703416233.109 1.803 -1.014 
1703416233.209 1.797 -1.134 
1703416233.309 1.793 -1.254 
1703416233.408 1.789 -1.371 
1703416233.509 1.783 -1.490 
1703416233.610 1.777 -1.607 
1703416233.709 1.772 -1.723 
1703416233.809 1.770 -1.830 
1703416233.910 1.763 -1.935 
1703416234.010 1.754 -2.040 
1703416234.110 1.746 -2.139 
1703416234.210 1.738 -2.235 
1703416234.310 1.730 -2.328 
1703416234.410 1.723 -2.420 
1703416234.511 1.713 -2.504 
1703416234.611 1.709 -2.593 
1703416234.710 1.704 -2.682 
1703416234.811 1.697 -2.769 
1703416234.910 1.695 -2.858 
1703416235.011 1.693 -2.951 
1703416235.111 1.684 -3.033 
1703416235.210 1.685 -3.118 
1703416235.311 1.688 -3.210 
1703416235.411 1.688 -3.305 
1703416235.511 1.696 -3.394 
1703416235.611 1.706 -3.487 
1703416235.712 1.708 -3.573 
1703416235.811 1.718 -3.660 
1703416235.911 1.731 -3.755 
1703416236.013 1.742 -3.854 
1703416236.113 1.761 -3.951 
1703416236.212 1.783 -4.052 
1703416236.312 1.784 -4.143 
1703416236.413 1.802 -4.231 
1703416236.512 1.835 -4.324 
1703416236.620 1.876 -4.428 
1703416236.716 1.914 -4.538 
1703416236.814 1.954 -4.647 
1703416236.913 1.994 -4.756 
1703416237.013 2.039 -4.861 
1703416237.113 2.082 -4.954 
1703416237.214 2.117 -5.037 
1703416237.314 2.147 -5.098 
1703416237.414 2.174 -5.136 
1703416237.513 2.200 -5.164 
1703416237.614 2.228 -5.213 
1703416237.714 2.263 -5.252 
1703416237.814 2.304 -5.300 
1703416237.914 2.353 -5.378 
1703416238.014 2.407 -5.460 
1703416238.114 2.514 -5.543 
1703416238.216 2.635 -5.606 
1703416238.314 2.749 -5.659 
1703416238.415 2.874 -5.688 
1703416238.514 2.968 -5.682 
1703416238.615 3.094 -5.674 
1703416238.715 3.216 -5.654 
1703416238.815 3.331 -5.647 
1703416238.916 3.459 -5.631 
1703416239.016 3.578 -5.615 
1703416239.115 3.702 -5.605 
1703416239.215 3.820 -5.597 
1703416239.315 3.944 -5.584 
1703416239.416 4.022 -5.568 
1703416239.516 4.091 -5.559 
1703416239.617 4.173 -5.557 
1703416239.716 4.259 -5.550 
1703416239.817 4.343 -5.546 
1703416239.916 4.431 -5.540 
1703416240.016 4.522 -5.533 
1703416240.117 4.620 -5.525 
1703416240.216 4.720 -5.518 
1703416240.317 4.825 -5.511 
1703416240.417 4.931 -5.493 
1703416240.517 5.039 -5.474 
1703416240.618 5.154 -5.451 
1703416240.717 5.270 -5.428 
1703416240.818 5.382 -5.397 
1703416240.918 5.487 -5.370 
1703416241.017 5.590 -5.344 
1703416241.118 5.705 -5.290 
1703416241.218 5.812 -5.219 
1703416242.322 5.868 -5.071 
1703416242.323 5.868 -5.071 
1703416242.424 5.944 -5.086 
1703416242.524 6.052 -5.121 
1703416242.624 6.141 -5.153 
1703416242.726 6.252 -5.157 
1703416242.825 6.360 -5.143 
1703416242.925 6.476 -5.124 
1703416243.024 6.590 -5.120 
1703416243.125 6.711 -5.114 
1703416243.225 6.833 -5.109 
1703416243.325 6.953 -5.107 
1703416243.426 7.074 -5.108 
1703416243.526 7.167 -5.108 
1703416243.626 7.247 -5.106 
1703416243.725 7.326 -5.104 
1703416243.826 7.405 -5.102 
1703416243.926 7.484 -5.107 
1703416244.026 7.555 -5.117 
1703416244.126 7.625 -5.130 
1703416244.227 7.702 -5.152 
1703416244.326 7.774 -5.165 
1703416244.427 7.841 -5.171 
1703416244.526 7.930 -5.213 
1703416244.627 8.009 -5.237 
1703416244.726 8.071 -5.243 
1703416244.827 8.144 -5.274 
1703416244.927 8.211 -5.303 
1703416245.027 8.275 -5.328 
1703416245.127 8.339 -5.352 
1703416245.228 8.402 -5.395 
1703416245.328 8.450 -5.496 
1703416245.427 8.500 -5.562 
1703416245.528 8.546 -5.631 
1703416245.629 8.566 -5.722 
1703416245.728 8.564 -5.814 
1703416245.828 8.566 -5.895 
1703416245.929 8.555 -5.964 
1703416246.029 8.525 -6.036 
1703416246.129 8.503 -6.104 
1703416246.229 8.456 -6.178 
1703416246.329 8.408 -6.256 
1703416246.429 8.362 -6.332 
1703416246.529 8.319 -6.395 
1703416246.629 8.268 -6.452 
1703416246.729 8.214 -6.505 
1703416246.830 8.159 -6.557 
1703416246.930 8.105 -6.614 
1703416247.030 8.049 -6.675 
1703416247.131 7.988 -6.736 
1703416247.230 7.921 -6.801 
1703416247.330 7.856 -6.864 
1703416247.430 7.793 -6.926 
1703416247.531 7.726 -6.987 
1703416247.631 7.656 -7.053 
1703416247.731 7.581 -7.121 
1703416247.830 7.509 -7.185 
1703416247.931 7.435 -7.247 
1703416248.032 7.358 -7.316 
1703416248.131 7.277 -7.376 
1703416248.232 7.198 -7.435 
1703416248.332 7.146 -7.484 
1703416248.432 7.097 -7.521 
1703416248.532 7.040 -7.561 
1703416248.632 6.979 -7.604 
1703416248.732 6.910 -7.646 
1703416248.832 6.847 -7.688 
1703416248.932 6.782 -7.729 
1703416249.033 6.719 -7.770 
1703416249.132 6.658 -7.810 
1703416249.232 6.598 -7.850 
1703416249.333 6.526 -7.888 
1703416249.433 6.450 -7.924 
1703416249.532 6.385 -7.958 
1703416249.632 6.318 -7.991 
1703416249.733 6.253 -8.027 
1703416249.834 6.191 -8.060 
1703416249.934 6.127 -8.093 
1703416250.034 6.041 -8.121 
1703416250.134 5.964 -8.146 
1703416250.234 5.899 -8.170 
1703416250.334 5.827 -8.194 
1703416250.434 5.758 -8.224 
1703416250.534 5.692 -8.254 
1703416250.635 5.615 -8.280 
1703416250.734 5.539 -8.303 
1703416250.834 5.467 -8.325 
1703416250.935 5.394 -8.348 
1703416251.034 5.325 -8.372 
1703416251.135 5.254 -8.395 
1703416251.235 5.179 -8.419 
1703416251.336 5.091 -8.435 
1703416251.435 5.017 -8.451 
1703416251.536 4.941 -8.468 
1703416251.636 4.870 -8.487 
1703416251.736 4.795 -8.505 
1703416251.837 4.714 -8.515 
1703416251.937 4.634 -8.528 
1703416252.038 4.553 -8.543 
1703416252.137 4.478 -8.554 
1703416252.237 4.401 -8.565 
1703416252.338 4.320 -8.580 
1703416252.437 4.237 -8.593 
1703416252.538 4.155 -8.600 
1703416252.638 4.073 -8.602 
1703416252.738 3.993 -8.603 
1703416252.838 3.911 -8.605 
1703416252.938 3.824 -8.608 
1703416253.038 3.742 -8.613 
1703416253.139 3.659 -8.614 
1703416253.238 3.577 -8.615 
1703416253.338 3.493 -8.611 
1703416253.439 3.407 -8.609 
1703416253.538 3.320 -8.609 
1703416253.639 3.233 -8.606 
1703416253.740 3.147 -8.599 
1703416253.839 3.061 -8.591 
1703416253.940 2.976 -8.583 
1703416254.039 2.888 -8.576 
1703416254.140 2.795 -8.565 
1703416254.239 2.708 -8.559 
1703416254.340 2.621 -8.551 
1703416254.441 2.532 -8.540 
1703416254.540 2.445 -8.530 
1703416254.640 2.353 -8.516 
1703416254.741 2.262 -8.501 
1703416254.840 2.172 -8.486 
1703416254.940 2.081 -8.471 
1703416255.040 1.990 -8.455 
1703416255.140 1.900 -8.439 
1703416255.241 1.807 -8.424 
1703416255.341 1.715 -8.408 
1703416255.442 1.623 -8.391 
1703416255.542 1.532 -8.374 
1703416255.642 1.433 -8.355 
1703416257.547 1.232 -8.170 
1703416257.547 1.232 -8.170 
1703416257.648 1.179 -8.215 
1703416257.748 1.085 -8.281 
1703416257.848 0.954 -8.350 
1703416257.948 0.807 -8.423 
1703416258.049 0.700 -8.504 
1703416258.148 0.587 -8.576 
1703416258.249 0.455 -8.629 
1703416258.349 0.384 -8.635 
1703416258.448 0.301 -8.630 
1703416258.548 0.232 -8.607 
1703416258.649 0.098 -8.631 
1703416258.748 -0.021 -8.645 
1703416258.849 -0.137 -8.655 
1703416258.949 -0.258 -8.669 
1703416259.050 -0.376 -8.683 
1703416259.149 -0.495 -8.695 
1703416259.249 -0.615 -8.707 
1703416259.350 -0.735 -8.718 
1703416259.450 -0.854 -8.728 
1703416259.549 -0.970 -8.737 
1703416259.650 -1.073 -8.745 
1703416259.750 -1.173 -8.753 
1703416259.850 -1.272 -8.760 
1703416259.950 -1.372 -8.767 
1703416260.051 -1.473 -8.774 
1703416260.150 -1.573 -8.781 
1703416260.251 -1.672 -8.788 
1703416260.359 -1.780 -8.795 
1703416260.452 -1.845 -8.795 
1703416260.552 -1.898 -8.801 
1703416260.653 -1.956 -8.806 
1703416260.756 -2.038 -8.793 
1703416260.856 -2.112 -8.783 
1703416260.955 -2.164 -8.766 
1703416261.056 -2.196 -8.768 
1703416261.156 -2.282 -8.712 
1703416261.257 -2.392 -8.615 
1703416261.357 -2.491 -8.544 
1703416261.456 -2.585 -8.433 
1703416261.556 -2.685 -8.312 
1703416261.656 -2.764 -8.205 
1703416261.757 -2.826 -8.128 
1703416261.856 -2.893 -8.043 
1703416261.957 -2.956 -7.960 
1703416262.056 -3.012 -7.882 
1703416262.157 -3.070 -7.802 
1703416262.257 -3.139 -7.726 
1703416262.358 -3.205 -7.657 
1703416262.457 -3.274 -7.591 
1703416262.558 -3.342 -7.521 
1703416262.659 -3.407 -7.443 
1703416262.759 -3.472 -7.373 
1703416262.861 -3.562 -7.309 
1703416262.961 -3.673 -7.230 
1703416263.061 -3.741 -7.149 
1703416263.161 -3.813 -7.071 
1703416263.261 -3.886 -7.001 
1703416263.361 -3.978 -6.947 
1703416263.461 -4.050 -6.928 
1703416263.561 -4.092 -6.937 
1703416268.770 -3.789 -6.263 
1703416268.874 -3.814 -6.247 
1703416268.972 -3.864 -6.243 
1703416269.072 -3.960 -6.276 
1703416269.172 -4.071 -6.308 
1703416269.273 -4.192 -6.329 
1703416270.875 -4.297 -6.169 
1703416270.976 -4.282 -6.219 
1703416271.077 -4.219 -6.329 
1703416271.176 -4.180 -6.421 
1703416271.277 -4.154 -6.501 
1703416271.376 -4.111 -6.589 
1703416273.179 -3.914 -6.573 
1703416273.179 -3.914 -6.573 
1703416273.280 -3.990 -6.559 
1703416273.380 -4.111 -6.559 
1703416273.480 -4.251 -6.563 
1703416273.580 -4.385 -6.558 
1703416273.681 -4.503 -6.541 
1703416273.781 -4.619 -6.525 
1703416273.881 -4.739 -6.508 
1703416273.981 -4.857 -6.495 
1703416274.081 -4.977 -6.488 
1703416274.182 -5.091 -6.483 
1703416274.282 -5.208 -6.471 
1703416274.382 -5.325 -6.464 
1703416274.482 -5.445 -6.467 
1703416274.582 -5.561 -6.473 
1703416274.683 -5.679 -6.476 
1703416274.783 -5.799 -6.479 
1703416274.883 -5.918 -6.486 
1703416274.984 -6.033 -6.503 
1703416275.083 -6.147 -6.525 
1703416275.183 -6.268 -6.540 
1703416275.283 -6.386 -6.563 
1703416275.383 -6.487 -6.583 
1703416275.483 -6.565 -6.597 
1703416275.583 -6.641 -6.619 
1703416275.683 -6.714 -6.645 
1703416275.784 -6.783 -6.688 
1703416275.885 -6.842 -6.733 
1703416275.984 -6.909 -6.774 
1703416276.084 -6.986 -6.810 
1703416276.184 -7.054 -6.850 
1703416276.284 -7.117 -6.909 
1703416276.384 -7.166 -6.968 
1703416276.485 -7.209 -7.025 
1703416276.584 -7.257 -7.099 
1703416276.685 -7.307 -7.204 
1703416276.785 -7.352 -7.286 
1703416276.885 -7.387 -7.347 
1703416276.986 -7.415 -7.406 
1703416277.086 -7.450 -7.486 
1703416277.185 -7.487 -7.572 
1703416277.286 -7.522 -7.649 
1703416277.386 -7.552 -7.722 
1703416277.486 -7.586 -7.811 
1703416277.587 -7.622 -7.894 
1703416277.687 -7.654 -7.976 
1703416277.787 -7.686 -8.056 
1703416277.887 -7.718 -8.139 
1703416277.987 -7.749 -8.225 
1703416278.089 -7.776 -8.319 
1703416278.187 -7.800 -8.408 
1703416278.288 -7.825 -8.502 
1703416278.387 -7.854 -8.573 
1703416283.000 -7.833 -8.817 
1703416283.001 -7.833 -8.816 
1703416283.100 -7.802 -8.719 
1703416283.201 -7.720 -8.607 
1703416283.301 -7.639 -8.503 
1703416283.401 -7.571 -8.417 
1703416283.501 -7.493 -8.324 
1703416283.601 -7.416 -8.231 
1703416283.701 -7.341 -8.138 
1703416283.801 -7.266 -8.046 
1703416283.901 -7.193 -7.953 
1703416284.001 -7.118 -7.859 
1703416284.102 -7.043 -7.764 
1703416284.202 -6.969 -7.669 
1703416284.302 -6.895 -7.575 
1703416284.402 -6.820 -7.476 
1703416284.502 -6.747 -7.374 
1703416284.602 -6.674 -7.279 
1703416284.702 -6.598 -7.186 
1703416284.803 -6.514 -7.093 
1703416284.903 -6.437 -7.000 
1703416285.003 -6.361 -6.903 
1703416285.103 -6.275 -6.801 
1703416285.204 -6.180 -6.709 
1703416285.303 -6.081 -6.628 
1703416285.403 -6.001 -6.540 
1703416285.504 -5.909 -6.466 
1703416285.604 -5.815 -6.404 
1703416285.703 -5.741 -6.356 
1703416285.803 -5.674 -6.313 
1703416285.903 -5.595 -6.275 
1703416286.004 -5.498 -6.251 
1703416286.105 -5.405 -6.233 
1703416286.206 -5.344 -6.200 
1703416286.307 -5.273 -6.176 
1703416286.406 -5.179 -6.179 
1703416286.507 -5.067 -6.182 
1703416286.606 -4.952 -6.182 
1703416286.707 -4.855 -6.185 
1703416286.807 -4.770 -6.184 
1703416286.907 -4.682 -6.188 
1703416287.008 -4.582 -6.190 
1703416287.107 -4.483 -6.193 
1703416287.208 -4.384 -6.193 
1703416287.307 -4.294 -6.191 
1703416287.408 -4.196 -6.191 
1703416287.508 -4.098 -6.193 
1703416287.608 -3.999 -6.194 
1703416287.708 -3.899 -6.196 
1703416287.809 -3.798 -6.192 
1703416287.908 -3.698 -6.192 
1703416288.008 -3.594 -6.194 
1703416288.109 -3.495 -6.196 
1703416288.208 -3.394 -6.196 
1703416288.309 -3.293 -6.189 
1703416288.410 -3.191 -6.189 
1703416288.509 -3.092 -6.190 
1703416288.609 -2.990 -6.190 
1703416288.710 -2.891 -6.189 
1703416288.809 -2.792 -6.182 
1703416288.910 -2.695 -6.177 
1703416289.009 -2.599 -6.172 
1703416289.110 -2.502 -6.163 
1703416289.210 -2.405 -6.157 
1703416289.319 -2.310 -6.146 
1703416289.413 -2.220 -6.136 
1703416289.512 -2.132 -6.130 
1703416289.611 -2.038 -6.113 
1703416289.711 -1.949 -6.091 
1703416289.811 -1.864 -6.068 
1703416289.911 -1.781 -6.043 
1703416290.011 -1.698 -6.006 
1703416290.111 -1.622 -5.994 
1703416290.211 -1.546 -5.983 
1703416290.311 -1.474 -5.949 
1703416290.412 -1.399 -5.912 
1703416290.512 -1.322 -5.867 
1703416290.611 -1.253 -5.812 
1703416290.712 -1.189 -5.743 
1703416290.812 -1.129 -5.674 
1703416290.913 -1.067 -5.611 
1703416291.012 -1.019 -5.572 
1703416291.112 -0.974 -5.515 
1703416291.213 -0.927 -5.434 
1703416291.313 -0.873 -5.363 
1703416291.412 -0.822 -5.301 
1703416291.513 -0.780 -5.235 
1703416291.613 -0.759 -5.157 
1703416291.714 -0.743 -5.076 
1703416291.813 -0.721 -5.014 
1703416291.913 -0.692 -4.942 
1703416292.014 -0.676 -4.843 
1703416292.113 -0.657 -4.760 
1703416292.215 -0.647 -4.679 
1703416292.314 -0.639 -4.599 
1703416292.414 -0.645 -4.505 
1703416292.516 -0.659 -4.398 
1703416292.615 -0.676 -4.301 
1703416292.715 -0.706 -4.207 
1703416292.818 -0.748 -4.111 
1703416292.917 -0.812 -4.026 
1703416293.018 -0.885 -3.942 
1703416293.118 -0.960 -3.860 
1703416293.218 -1.030 -3.770 
1703416293.319 -1.110 -3.688 
1703416293.418 -1.197 -3.611 
1703416293.518 -1.287 -3.535 
1703416293.620 -1.373 -3.456 
1703416293.720 -1.462 -3.381 
1703416293.821 -1.555 -3.310 
1703416293.920 -1.647 -3.242 
1703416294.020 -1.737 -3.174 
1703416294.120 -1.822 -3.110 
1703416294.220 -1.902 -3.052 
1703416294.320 -1.981 -2.989 
1703416294.421 -2.055 -2.902 
1703416294.521 -2.132 -2.820 
1703416294.621 -2.205 -2.739 
1703416294.721 -2.259 -2.628 
1703416294.821 -2.301 -2.533 
1703416294.922 -2.341 -2.457 
1703416295.021 -2.375 -2.377 
1703416295.121 -2.393 -2.263 
1703416295.221 -2.397 -2.144 
1703416295.322 -2.412 -2.024 
1703416295.422 -2.430 -1.906 
1703416295.523 -2.437 -1.791 
1703416295.623 -2.439 -1.675 
1703416295.723 -2.442 -1.564 
1703416295.823 -2.450 -1.454 
1703416295.922 -2.453 -1.350 
1703416296.023 -2.452 -1.247 
1703416296.123 -2.452 -1.152 
1703416296.224 -2.451 -1.056 
1703416296.323 -2.437 -0.949 
1703416296.424 -2.426 -0.851 
1703416296.524 -2.416 -0.761 
1703416296.623 -2.408 -0.678 
1703416296.724 -2.404 -0.589 
1703416296.824 -2.410 -0.495 
1703416296.923 -2.418 -0.405 
1703416297.024 -2.421 -0.319 
1703416297.124 -2.430 -0.226 
1703416297.224 -2.429 -0.139 
1703416297.324 -2.434 -0.046 
1703416297.424 -2.447 0.043 
1703416297.525 -2.460 0.124 
1703416297.624 -2.482 0.210 
1703416297.725 -2.546 0.334 
1703416297.825 -2.603 0.444 
1703416297.926 -2.627 0.529 
1703416298.025 -2.651 0.608 
1703416298.125 -2.715 0.685 
1703416298.226 -2.785 0.752 
1703416298.326 -2.856 0.822 
1703416298.426 -2.926 0.889 
1703416298.526 -2.993 0.971 
1703416298.627 -3.066 1.051 
1703416298.727 -3.142 1.120 
1703416298.827 -3.228 1.183 
1703416298.927 -3.321 1.238 
1703416299.027 -3.418 1.273 
1703416299.128 -3.516 1.289 
1703416299.227 -3.622 1.309 
1703416299.328 -3.726 1.341 
1703416299.428 -3.818 1.364 
1703416299.529 -3.914 1.367 
1703416299.628 -4.016 1.350 
1703416299.729 -4.113 1.325 
1703416299.828 -4.199 1.292 
1703416299.928 -4.285 1.252 
1703416300.030 -4.380 1.217 
1703416300.130 -4.470 1.203 
1703416300.231 -4.552 1.181 
1703416300.330 -4.623 1.135 
1703416300.431 -4.687 1.063 
1703416300.531 -4.740 0.986 
1703416300.631 -4.787 0.916 
1703416300.730 -4.839 0.848 
1703416300.831 -4.877 0.759 
1703416300.930 -4.888 0.661 
1703416301.032 -4.892 0.563 
1703416301.131 -4.910 0.478 
1703416301.230 -4.920 0.385 
1703416301.331 -4.924 0.281 
1703416301.431 -4.924 0.179 
1703416301.531 -4.924 0.078 
1703416301.632 -4.921 -0.027 
1703416301.732 -4.920 -0.133 
1703416301.832 -4.920 -0.239 
1703416301.932 -4.919 -0.344 
1703416302.032 -4.918 -0.449 
1703416302.132 -4.917 -0.553 
1703416302.233 -4.917 -0.656 
1703416302.332 -4.917 -0.760 
1703416302.433 -4.916 -0.865 
1703416302.533 -4.914 -0.970 
1703416302.633 -4.914 -1.074 
1703416302.733 -4.915 -1.179 
1703416302.833 -4.917 -1.280 
1703416302.934 -4.919 -1.385 
1703416303.034 -4.921 -1.490 
1703416303.134 -4.923 -1.591 
1703416303.235 -4.926 -1.691 
1703416303.334 -4.928 -1.791 
1703416303.435 -4.931 -1.891 
1703416303.534 -4.933 -1.989 
1703416303.634 -4.927 -2.080 
1703416303.735 -4.932 -2.169 
1703416303.835 -4.936 -2.258 
1703416303.935 -4.941 -2.347 
1703416304.035 -4.952 -2.435 
1703416304.135 -4.992 -2.562 
1703416304.235 -5.022 -2.683 
1703416304.335 -5.049 -2.790 
1703416304.435 -5.066 -2.882 
1703416304.535 -5.086 -2.970 
1703416304.636 -5.097 -3.067 
1703416305.739 -4.983 -3.174 
1703416305.840 -5.084 -3.197 
1703416305.940 -5.212 -3.244 
1703416306.040 -5.312 -3.318 
1703416306.140 -5.431 -3.378 
1703416306.241 -5.532 -3.408 
1703416306.340 -5.630 -3.398 
1703416306.440 -5.751 -3.383 
1703416306.541 -5.874 -3.369 
1703416306.641 -5.988 -3.351 
1703416306.741 -6.082 -3.334 
1703416306.841 -6.167 -3.318 
1703416306.941 -6.249 -3.301 
1703416307.041 -6.360 -3.262 
1703416307.142 -6.456 -3.237 
1703416307.241 -6.550 -3.224 
1703416307.341 -6.631 -3.209 
1703416307.442 -6.715 -3.198 
1703416307.541 -6.790 -3.186 
1703416307.644 -6.868 -3.178 
1703416307.743 -6.945 -3.167 
1703416307.843 -7.021 -3.154 
1703416307.944 -7.106 -3.144 
1703416308.044 -7.209 -3.120 
1703416308.144 -7.311 -3.101 
1703416308.244 -7.403 -3.081 
1703416308.344 -7.502 -3.054 
1703416308.445 -7.607 -3.013 
1703416308.546 -7.705 -2.958 
1703416308.645 -7.794 -2.904 
1703416308.745 -7.892 -2.837 
1703416308.844 -7.985 -2.763 
1703416308.945 -8.080 -2.693 
1703416309.044 -8.162 -2.609 
1703416309.146 -8.244 -2.520 
1703416309.245 -8.308 -2.436 
1703416309.346 -8.351 -2.370 
1703416309.446 -8.385 -2.317 
1703416309.546 -8.428 -2.249 
1703416309.645 -8.478 -2.158 
1703416309.746 -8.529 -2.058 
1703416309.846 -8.571 -1.976 
1703416309.945 -8.613 -1.897 
1703416310.046 -8.657 -1.818 
1703416310.146 -8.689 -1.740 
1703416310.247 -8.708 -1.650 
1703416310.347 -8.722 -1.561 
1703416310.447 -8.740 -1.464 
1703416310.548 -8.757 -1.345 
1703416310.647 -8.760 -1.218 
1703416310.748 -8.766 -1.110 
1703416310.848 -8.781 -1.008 
1703416310.948 -8.785 -0.906 
1703416311.049 -8.791 -0.807 
1703416311.150 -8.798 -0.711 
1703416311.248 -8.804 -0.625 
1703416311.348 -8.809 -0.534 
1703416311.449 -8.810 -0.435 
1703416311.548 -8.810 -0.342 
1703416311.649 -8.806 -0.243 
1703416311.749 -8.809 -0.152 
1703416311.850 -8.810 -0.058 
1703416311.950 -8.808 0.046 
1703416312.052 -8.797 0.149 
1703416312.150 -8.783 0.247 
1703416312.250 -8.770 0.350 
1703416312.350 -8.761 0.452 
1703416312.449 -8.746 0.553 
1703416312.550 -8.729 0.654 
1703416312.649 -8.715 0.715 
1703416312.750 -8.709 0.772 
1703416312.850 -8.701 0.846 
1703416312.950 -8.691 0.929 
1703416313.051 -8.678 1.008 
1703416313.151 -8.667 1.087 
1703416313.251 -8.646 1.163 
1703416313.351 -8.625 1.231 
1703416313.452 -8.611 1.304 
1703416313.551 -8.584 1.403 
1703416313.651 -8.527 1.500 
1703416313.752 -8.496 1.570 
1703416313.851 -8.474 1.639 
1703416313.952 -8.434 1.735 
1703416314.052 -8.390 1.834 
1703416314.152 -8.355 1.914 
1703416314.253 -8.318 1.990 
1703416314.353 -8.277 2.078 
1703416314.452 -8.231 2.166 
1703416314.553 -8.186 2.251 
1703416314.652 -8.140 2.331 
1703416314.753 -8.092 2.407 
1703416314.853 -8.046 2.481 
1703416314.952 -7.995 2.555 
1703416315.053 -7.926 2.631 
1703416315.152 -7.863 2.709 
1703416315.254 -7.812 2.778 
1703416315.353 -7.766 2.845 
1703416315.453 -7.724 2.908 
1703416315.553 -7.659 2.974 
1703416315.654 -7.604 3.039 
1703416315.753 -7.557 3.093 
1703416315.854 -7.513 3.144 
1703416315.953 -7.463 3.193 
1703416316.053 -7.377 3.260 
1703416316.154 -7.279 3.335 
1703416316.254 -7.195 3.420 
1703416316.354 -7.124 3.504 
1703416316.454 -7.080 3.542 
1703416316.555 -7.044 3.549 
1703416316.654 -7.003 3.575 
1703416316.762 -6.937 3.633 
1703416316.855 -6.854 3.704 
1703416316.955 -6.764 3.778 
1703416317.055 -6.687 3.842 
1703416317.155 -6.618 3.911 
1703416317.256 -6.544 3.988 
1703416317.356 -6.469 4.058 
1703416317.455 -6.392 4.119 
1703416317.557 -6.316 4.178 
1703416317.656 -6.255 4.226 
1703416317.756 -6.197 4.273 
1703416317.856 -6.148 4.302 
1703416317.956 -6.097 4.315 
1703416318.056 -6.005 4.289 
1703416318.157 -5.917 4.278 
1703416318.256 -5.825 4.276 
1703416318.357 -5.720 4.256 
1703416318.457 -5.625 4.218 
1703416318.557 -5.544 4.171 
1703416318.658 -5.479 4.112 
1703416318.757 -5.436 4.042 
1703416318.857 -5.389 3.952 
1703416318.957 -5.353 3.877 
1703416319.058 -5.318 3.808 
1703416319.157 -5.283 3.737 
1703416319.258 -5.242 3.666 
1703416319.358 -5.188 3.597 
1703416319.458 -5.132 3.537 
1703416319.558 -5.060 3.482 
1703416319.658 -4.982 3.428 
1703416319.758 -4.906 3.367 
1703416319.858 -4.842 3.293 
1703416319.958 -4.757 3.216 
1703416320.059 -4.661 3.148 
1703416320.158 -4.599 3.091 
1703416320.258 -4.521 3.037 
1703416320.360 -4.413 2.990 
1703416320.459 -4.301 2.949 
1703416320.560 -4.185 2.906 
1703416320.659 -4.068 2.860 
1703416320.759 -3.951 2.816 
1703416320.859 -3.851 2.778 
1703416320.959 -3.766 2.747 
1703416321.060 -3.677 2.713 
1703416321.160 -3.605 2.678 
1703416321.260 -3.545 2.651 
1703416321.361 -3.485 2.623 
1703416321.461 -3.401 2.594 
1703416321.562 -3.334 2.591 
1703416321.661 -3.230 2.590 
1703416321.761 -3.123 2.598 
1703416321.861 -3.039 2.598 
1703416321.962 -2.948 2.599 
1703416322.063 -2.837 2.585 
1703416322.162 -2.730 2.568 
1703416322.262 -2.628 2.548 
1703416322.362 -2.610 2.536 
1703416322.463 -2.599 2.526 
1703416322.563 -2.554 2.517 
1703416322.663 -2.451 2.513 
1703416322.762 -2.325 2.503 
1703416322.863 -2.201 2.500 
1703416322.963 -2.081 2.506 
1703416323.063 -1.962 2.514 
1703416323.163 -1.840 2.523 
1703416323.263 -1.721 2.536 
1703416323.363 -1.601 2.549 
1703416323.464 -1.480 2.562 
1703416323.563 -1.358 2.575 
1703416323.663 -1.234 2.586 
1703416323.764 -1.117 2.601 
1703416323.864 -1.002 2.612 
1703416323.964 -0.884 2.624 
1703416324.065 -0.763 2.626 
1703416324.165 -0.648 2.632 
1703416324.264 -0.568 2.647 
1703416324.364 -0.479 2.645 
1703416324.465 -0.384 2.640 
1703416324.565 -0.298 2.635 
1703416324.665 -0.213 2.631 
1703416324.765 -0.125 2.624 
1703416324.865 -0.046 2.617 
1703416324.965 0.037 2.617 
1703416325.066 0.124 2.618 
1703416325.165 0.207 2.618 
1703416325.265 0.289 2.617 
1703416325.366 0.372 2.619 
1703416325.466 0.452 2.621 
1703416325.568 0.527 2.616 
1703416325.666 0.629 2.636 
1703416325.766 0.743 2.669 
1703416325.866 0.821 2.699 
1703416325.967 0.895 2.731 
1703416326.066 0.982 2.760 
1703416326.167 1.066 2.799 
1703416326.268 1.151 2.846 
1703416326.370 1.232 2.906 
1703416326.470 1.316 2.972 
1703416326.569 1.401 3.043 
1703416326.671 1.484 3.125 
1703416326.770 1.568 3.211 
1703416326.869 1.644 3.302 
1703416326.971 1.715 3.401 
1703416327.070 1.768 3.507 
1703416327.174 1.825 3.615 
1703416327.271 1.887 3.716 
1703416327.370 1.944 3.819 
1703416327.470 1.991 3.923 
1703416327.572 2.041 4.030 
1703416327.670 2.076 4.147 
1703416327.771 2.100 4.269 
1703416327.871 2.127 4.384 
1703416327.972 2.143 4.500 
1703416328.072 2.144 4.619 
1703416328.172 2.137 4.739 
1703416328.272 2.119 4.860 
1703416328.372 2.086 4.980 
1703416328.472 2.058 5.088 
1703416328.573 2.019 5.188 
1703416328.674 1.974 5.285 
1703416328.772 1.930 5.374 
1703416328.872 1.886 5.453 
1703416328.973 1.844 5.525 
1703416329.073 1.804 5.596 
1703416329.173 1.719 5.668 
1703416329.273 1.653 5.730 
1703416329.373 1.582 5.773 
1703416329.474 1.490 5.803 
1703416329.573 1.398 5.823 
1703416329.674 1.307 5.842 
1703416329.774 1.215 5.861 
1703416329.875 1.123 5.885 
1703416329.973 1.033 5.901 
1703416330.074 0.935 5.913 
1703416330.174 0.841 5.928 
1703416330.274 0.749 5.941 
1703416330.374 0.644 5.946 
1703416330.475 0.544 5.956 
1703416330.574 0.449 5.967 
1703416330.675 0.352 5.978 
1703416330.775 0.254 5.987 
1703416330.875 0.158 5.996 
1703416330.976 0.064 6.004 
1703416331.075 -0.033 6.016 
1703416331.176 -0.128 6.038 
1703416331.275 -0.217 6.056 
1703416331.376 -0.300 6.091 
1703416331.477 -0.378 6.127 
1703416331.578 -0.468 6.177 
1703416331.677 -0.553 6.229 
1703416331.778 -0.623 6.278 
1703416331.877 -0.693 6.318 
1703416331.978 -0.775 6.353 
1703416332.077 -0.866 6.415 
1703416332.178 -0.952 6.507 
1703416332.279 -1.024 6.585 
1703416332.380 -1.095 6.642 
1703416332.481 -1.173 6.693 
1703416332.580 -1.242 6.765 
1703416332.680 -1.315 6.838 
1703416332.780 -1.385 6.907 
1703416332.880 -1.453 6.971 
1703416332.980 -1.519 7.031 
1703416333.080 -1.587 7.094 
1703416333.180 -1.659 7.157 
1703416333.281 -1.727 7.219 
1703416333.381 -1.794 7.280 
1703416333.483 -1.861 7.337 
1703416333.581 -1.929 7.391 
1703416338.099 -1.789 7.721 
1703416338.100 -1.788 7.721 
1703416338.200 -1.716 7.658 
1703416338.302 -1.617 7.577 
1703416338.401 -1.491 7.507 
1703416338.501 -1.358 7.437 
1703416338.603 -1.243 7.363 
1703416338.702 -1.142 7.302 
1703416338.803 -1.027 7.251 
1703416338.903 -0.912 7.203 
1703416339.002 -0.803 7.148 
1703416339.104 -0.699 7.093 
1703416339.203 -0.595 7.037 
1703416339.303 -0.493 6.983 
1703416339.404 -0.386 6.923 
1703416339.503 -0.291 6.865 
1703416339.604 -0.209 6.824 
1703416339.703 -0.119 6.779 
1703416339.803 -0.024 6.726 
1703416339.904 0.065 6.672 
1703416340.006 0.152 6.618 
1703416340.104 0.242 6.563 
1703416340.204 0.330 6.510 
1703416340.306 0.425 6.453 
1703416340.404 0.507 6.401 
1703416340.507 0.597 6.343 
1703416340.605 0.688 6.285 
1703416340.705 0.782 6.227 
1703416340.805 0.875 6.171 
1703416340.906 0.960 6.117 
1703416341.006 1.047 6.060 
1703416341.106 1.138 6.002 
1703416341.206 1.232 5.940 
1703416341.306 1.325 5.881 
1703416341.410 1.408 5.842 
1703416341.510 1.489 5.783 
1703416341.610 1.573 5.711 
1703416341.710 1.659 5.643 
1703416341.810 1.744 5.572 
1703416341.911 1.832 5.495 
1703416342.010 1.917 5.424 
1703416342.111 1.995 5.349 
1703416342.211 2.065 5.254 
1703416342.312 2.128 5.152 
1703416342.412 2.177 5.040 
1703416342.514 2.220 4.927 
1703416342.612 2.251 4.819 
1703416342.713 2.270 4.704 
1703416342.812 2.275 4.585 
1703416342.912 2.268 4.469 
1703416343.013 2.262 4.349 
1703416343.114 2.249 4.228 
1703416343.214 2.222 4.112 
1703416343.314 2.173 4.003 
1703416343.413 2.121 3.895 
1703416343.515 2.061 3.785 
1703416343.614 2.007 3.678 
1703416343.714 1.963 3.570 
1703416343.814 1.907 3.464 
1703416343.915 1.841 3.363 
1703416344.017 1.766 3.265 
1703416344.117 1.705 3.182 
1703416344.217 1.645 3.104 
1703416344.315 1.582 3.035 
1703416344.415 1.515 2.971 
1703416344.515 1.439 2.914 
1703416344.615 1.359 2.864 
1703416344.718 1.272 2.821 
1703416344.815 1.202 2.780 
1703416344.917 1.118 2.739 
1703416345.016 1.040 2.697 
1703416345.116 0.956 2.657 
1703416345.217 0.862 2.631 
1703416345.315 0.769 2.621 
1703416345.416 0.679 2.614 
1703416345.516 0.582 2.612 
1703416345.616 0.486 2.615 
1703416345.717 0.393 2.623 
1703416345.818 0.300 2.632 
1703416345.917 0.209 2.640 
1703416346.019 0.113 2.646 
1703416346.119 0.020 2.649 
1703416346.216 -0.074 2.654 
1703416346.318 -0.174 2.660 
1703416346.418 -0.272 2.666 
1703416346.518 -0.371 2.666 
1703416346.619 -0.469 2.667 
1703416346.720 -0.571 2.663 
1703416346.819 -0.672 2.664 
1703416346.920 -0.772 2.663 
1703416347.021 -0.875 2.663 
1703416347.121 -0.978 2.662 
1703416347.221 -1.080 2.660 
1703416347.321 -1.184 2.659 
1703416347.421 -1.287 2.656 
1703416347.522 -1.390 2.653 
1703416347.621 -1.491 2.652 
1703416347.722 -1.595 2.656 
1703416347.821 -1.695 2.658 
1703416347.923 -1.794 2.659 
1703416348.022 -1.894 2.662 
1703416348.122 -2.003 2.671 
1703416348.222 -2.106 2.677 
1703416348.322 -2.209 2.682 
1703416348.422 -2.309 2.687 
1703416348.524 -2.411 2.691 
1703416348.623 -2.509 2.692 
1703416348.725 -2.610 2.690 
1703416348.823 -2.712 2.690 
1703416348.923 -2.811 2.689 
1703416349.023 -2.906 2.686 
1703416349.124 -2.997 2.685 
1703416349.224 -3.090 2.685 
1703416349.324 -3.187 2.688 
1703416349.424 -3.287 2.687 
1703416349.524 -3.385 2.686 
1703416349.625 -3.480 2.688 
1703416349.725 -3.580 2.689 
1703416349.826 -3.679 2.689 
1703416349.928 -3.773 2.694 
1703416350.028 -3.861 2.698 
1703416350.127 -3.960 2.702 
1703416350.227 -4.094 2.716 
1703416350.327 -4.180 2.703 
1703416350.427 -4.269 2.705 
1703416350.527 -4.364 2.737 
1703416350.627 -4.474 2.779 
1703416350.732 -4.583 2.824 
1703416350.829 -4.651 2.865 
1703416350.930 -4.707 2.901 
1703416351.030 -4.790 2.967 
1703416351.131 -4.878 3.052 
1703416351.230 -4.943 3.101 
1703416351.331 -5.010 3.141 
1703416351.431 -5.093 3.195 
1703416351.532 -5.170 3.243 
1703416351.632 -5.231 3.289 
1703416351.732 -5.291 3.352 
1703416351.833 -5.349 3.424 
1703416351.932 -5.413 3.508 
1703416352.032 -5.468 3.597 
1703416352.132 -5.514 3.652 
1703416352.233 -5.553 3.712 
1703416352.334 -5.614 3.795 
1703416352.434 -5.679 3.885 
1703416352.534 -5.743 3.968 
1703416352.635 -5.816 4.051 
1703416352.736 -5.885 4.129 
1703416352.835 -5.950 4.206 
1703416352.935 -6.020 4.288 
1703416353.036 -6.092 4.368 
1703416353.136 -6.159 4.450 
1703416353.236 -6.229 4.532 
1703416353.336 -6.302 4.613 
1703416353.436 -6.374 4.694 
1703416353.537 -6.450 4.775 
1703416353.637 -6.521 4.855 
1703416353.737 -6.591 4.937 
1703416353.838 -6.663 5.017 
1703416353.939 -6.736 5.095 
1703416354.041 -6.808 5.172 
1703416354.140 -6.877 5.250 
1703416354.244 -6.946 5.334 
1703416354.344 -7.011 5.405 
1703416354.445 -7.078 5.482 
1703416354.544 -7.141 5.558 
1703416354.644 -7.197 5.631 
1703416354.744 -7.253 5.706 
1703416354.844 -7.309 5.781 
1703416354.945 -7.365 5.854 
1703416355.047 -7.419 5.923 
1703416355.145 -7.469 5.990 
1703416355.248 -7.520 6.060 
1703416355.348 -7.570 6.126 
1703416355.448 -7.620 6.193 
1703416355.548 -7.670 6.257 
1703416355.650 -7.720 6.322 
1703416355.749 -7.762 6.385 
1703416355.850 -7.805 6.451 
1703416355.951 -7.858 6.532 
1703416356.050 -7.911 6.632 
1703416356.150 -7.947 6.729 
1703416356.250 -7.975 6.806 
1703416356.350 -8.001 6.884 
1703416356.450 -8.035 6.960 
1703416356.550 -8.068 7.030 
1703416356.650 -8.098 7.099 
1703416356.751 -8.099 7.169 
1703416356.851 -8.086 7.242 
1703416356.955 -8.075 7.310 
1703416357.055 -8.058 7.396 
1703416357.155 -8.041 7.476 
1703416357.257 -8.011 7.546 
1703416357.355 -7.983 7.608 
1703416357.458 -7.964 7.680 
1703416357.555 -7.947 7.754 
1703416357.658 -7.925 7.839 
1703416357.756 -7.896 7.905 
1703416357.857 -7.858 7.964 
1703416357.957 -7.821 8.012 
1703416358.057 -7.787 8.051 
1703416358.157 -7.738 8.086 
1703416358.258 -7.675 8.128 
1703416358.358 -7.627 8.164 
1703416358.458 -7.582 8.192 
1703416358.558 -7.534 8.219 
1703416358.658 -7.475 8.261 
1703416358.759 -7.414 8.316 
1703416358.859 -7.365 8.366 
1703416358.958 -7.316 8.401 
1703416359.059 -7.258 8.424 
1703416359.159 -7.183 8.436 
1703416359.259 -7.110 8.447 
1703416359.359 -7.043 8.459 
1703416359.459 -6.976 8.447 
1703416359.560 -6.909 8.429 
1703416359.659 -6.839 8.417 
1703416359.760 -6.765 8.389 
1703416359.863 -6.692 8.363 
1703416359.963 -6.620 8.341 
1703416360.060 -6.545 8.318 
1703416360.163 -6.465 8.295 
1703416360.264 -6.380 8.272 
1703416360.361 -6.296 8.244 
1703416360.462 -6.205 8.210 
1703416360.564 -6.116 8.178 
1703416360.664 -6.044 8.162 
1703416362.473 -5.936 8.178 
1703416362.474 -5.936 8.178 
1703416362.575 -5.953 8.062 
1703416362.676 -5.966 7.928 
1703416362.775 -5.960 7.807 
1703416362.882 -5.950 7.683 
1703416362.977 -5.938 7.560 
1703416363.076 -5.923 7.439 
1703416363.176 -5.905 7.323 
1703416363.276 -5.899 7.204 
1703416363.376 -5.898 7.080 
1703416363.475 -5.890 6.962 
1703416363.576 -5.879 6.847 
1703416363.676 -5.864 6.729 
1703416363.776 -5.853 6.609 
1703416363.877 -5.840 6.488 
1703416363.977 -5.822 6.373 
1703416364.077 -5.801 6.262 
1703416364.176 -5.779 6.142 
1703416364.276 -5.757 6.023 
1703416364.377 -5.737 5.902 
1703416364.477 -5.714 5.781 
1703416364.577 -5.691 5.659 
1703416364.678 -5.669 5.535 
1703416364.777 -5.645 5.414 
1703416364.878 -5.620 5.296 
1703416364.977 -5.600 5.175 
1703416365.078 -5.582 5.046 
1703416365.178 -5.566 4.923 
1703416365.279 -5.561 4.808 
1703416365.381 -5.553 4.694 
1703416365.481 -5.547 4.590 
1703416365.582 -5.550 4.484 
1703416365.681 -5.556 4.381 
1703416365.783 -5.563 4.280 
1703416365.882 -5.571 4.201 
1703416365.983 -5.581 4.130 
1703416366.083 -5.580 4.058 
1703416366.183 -5.572 3.986 
1703416366.284 -5.576 3.938 
1703416366.384 -5.552 3.923 
1703416366.484 -5.520 3.893 
1703416366.584 -5.461 3.808 
1703416366.685 -5.387 3.702 
1703416366.785 -5.319 3.605 
1703416366.885 -5.260 3.521 
1703416366.985 -5.195 3.448 
1703416367.086 -5.175 3.409 
1703416367.186 -5.153 3.374 
1703416367.285 -5.114 3.331 
1703416367.386 -5.049 3.281 
1703416367.487 -4.970 3.220 
1703416367.587 -4.880 3.155 
1703416367.687 -4.789 3.085 
1703416367.786 -4.699 3.014 
1703416367.887 -4.619 2.959 
1703416367.987 -4.535 2.906 
1703416368.088 -4.448 2.850 
1703416368.188 -4.357 2.790 
1703416368.288 -4.275 2.731 
1703416368.388 -4.206 2.669 
1703416368.487 -4.118 2.604 
1703416368.588 -3.996 2.550 
1703416368.688 -3.898 2.501 
1703416368.789 -3.805 2.455 
1703416368.888 -3.701 2.439 
1703416368.988 -3.582 2.450 
1703416369.088 -3.484 2.465 
1703416369.189 -3.388 2.481 
1703416369.289 -3.295 2.497 
1703416369.389 -3.209 2.506 
1703416369.489 -3.129 2.509 
1703416369.590 -3.054 2.506 
1703416369.689 -2.986 2.504 
1703416369.789 -2.919 2.498 
1703416369.890 -2.854 2.491 
1703416369.990 -2.791 2.485 
1703416370.090 -2.723 2.479 
1703416370.191 -2.644 2.470 
1703416370.290 -2.538 2.457 
1703416370.391 -2.425 2.456 
1703416370.492 -2.316 2.464 
1703416370.590 -2.206 2.473 
1703416370.691 -2.090 2.479 
1703416370.791 -1.977 2.487 
1703416370.892 -1.865 2.495 
1703416370.994 -1.755 2.506 
1703416371.092 -1.649 2.515 
1703416371.192 -1.541 2.527 
1703416371.292 -1.445 2.537 
1703416371.393 -1.348 2.547 
1703416371.492 -1.253 2.557 
1703416371.593 -1.173 2.575 
1703416371.693 -1.098 2.589 
1703416371.793 -1.019 2.593 
1703416371.893 -0.942 2.596 
1703416371.993 -0.867 2.599 
1703416372.105 -0.791 2.596 
1703416372.204 -0.715 2.591 
1703416372.302 -0.608 2.580 
1703416372.402 -0.494 2.569 
1703416372.502 -0.393 2.550 
1703416372.602 -0.292 2.548 
1703416372.702 -0.190 2.569 
1703416372.802 -0.088 2.593 
1703416372.902 0.011 2.610 
1703416373.002 0.105 2.625 
1703416373.104 0.197 2.646 
1703416373.204 0.293 2.671 
1703416373.305 0.388 2.691 
1703416373.404 0.492 2.720 
1703416373.506 0.586 2.745 
1703416373.605 0.631 2.742 
1703416373.705 0.695 2.761 
1703416373.805 0.774 2.789 
1703416373.905 0.873 2.834 
1703416374.005 0.977 2.878 
1703416374.106 1.077 2.911 
1703416374.206 1.172 2.949 
1703416374.306 1.263 3.002 
1703416374.406 1.356 3.070 
1703416374.506 1.450 3.141 
1703416374.606 1.534 3.216 
1703416374.706 1.621 3.294 
1703416374.806 1.710 3.374 
1703416374.908 1.788 3.465 
1703416375.006 1.848 3.565 
1703416375.108 1.907 3.671 
1703416375.207 1.970 3.772 
1703416375.307 2.030 3.875 
1703416375.407 2.084 3.981 
1703416375.507 2.140 4.087 
1703416375.607 2.194 4.191 
1703416375.707 2.252 4.291 
1703416375.807 2.309 4.394 
1703416375.907 2.360 4.494 
1703416376.007 2.415 4.590 
1703416376.109 2.480 4.681 
1703416376.207 2.550 4.770 
1703416376.308 2.620 4.866 
1703416376.408 2.685 4.957 
1703416376.508 2.754 5.040 
1703416376.609 2.830 5.127 
1703416376.708 2.908 5.215 
1703416376.809 2.986 5.304 
1703416376.909 3.059 5.387 
1703416377.010 3.133 5.472 
1703416377.111 3.209 5.554 
1703416377.208 3.278 5.633 
1703416377.310 3.350 5.717 
1703416377.409 3.419 5.801 
1703416377.510 3.489 5.883 
1703416377.610 3.555 5.964 
1703416377.710 3.623 6.049 
1703416377.810 3.682 6.128 
1703416377.909 3.744 6.209 
1703416378.011 3.809 6.289 
1703416378.111 3.872 6.364 
1703416378.211 3.932 6.440 
1703416378.311 3.991 6.516 
1703416378.410 4.052 6.587 
1703416378.511 4.114 6.658 
1703416378.611 4.174 6.727 
1703416378.711 4.234 6.795 
1703416378.812 4.294 6.862 
1703416378.911 4.352 6.926 
1703416379.011 4.414 6.991 
1703416379.112 4.470 7.059 
1703416379.213 4.523 7.128 
1703416379.312 4.585 7.192 
1703416379.412 4.646 7.252 
1703416379.513 4.702 7.311 
1703416379.612 4.760 7.366 
1703416379.714 4.822 7.423 
1703416379.813 4.885 7.483 
1703416379.913 4.954 7.538 
1703416380.014 5.030 7.592 
1703416380.114 5.103 7.651 
1703416380.214 5.164 7.711 
1703416380.314 5.225 7.769 
1703416380.414 5.290 7.816 
1703416380.515 5.367 7.858 
1703416380.614 5.447 7.889 
1703416380.715 5.521 7.922 
1703416380.815 5.601 7.952 
1703416380.915 5.677 7.975 
1703416381.014 5.749 7.998 
1703416381.115 5.873 7.977 
1703416381.215 5.946 7.983 
1703416381.315 6.025 7.983 
1703416381.416 6.121 7.920 
1703416381.515 6.198 7.868 
1703416381.616 6.264 7.840 
1703416381.716 6.316 7.785 
1703416381.817 6.380 7.712 
1703416381.916 6.447 7.644 
1703416382.018 6.512 7.581 
1703416382.117 6.567 7.525 
1703416382.217 6.639 7.459 
1703416382.317 6.704 7.395 
1703416382.417 6.771 7.334 
1703416382.517 6.837 7.268 
1703416382.618 6.900 7.213 
1703416382.718 6.979 7.152 
1703416382.819 7.061 7.087 
1703416382.919 7.147 7.028 
1703416383.018 7.223 6.968 
1703416383.119 7.286 6.928 
1703416383.219 7.314 6.894 
1703416383.320 7.372 6.858 
1703416383.420 7.451 6.819 
1703416383.521 7.537 6.768 
1703416383.621 7.593 6.746 
1703416383.721 7.644 6.714 
1703416383.821 7.727 6.647 
1703416383.921 7.828 6.576 
1703416384.022 7.884 6.515 
1703416384.122 7.953 6.468 
1703416384.223 8.020 6.437 
1703416384.323 8.086 6.408 
1703416384.422 8.137 6.425 
1703416384.523 8.224 6.389 
1703416386.631 8.476 6.370 
1703416386.730 8.470 6.354 
1703416386.833 8.365 6.337 
1703416386.932 8.255 6.310 
1703416387.032 8.157 6.275 
1703416387.133 8.026 6.260 
1703416387.236 7.900 6.247 
1703416387.332 7.798 6.229 
1703416387.434 7.694 6.202 
1703416387.534 7.583 6.183 
1703416387.635 7.464 6.167 
1703416387.738 7.345 6.147 
1703416387.835 7.228 6.127 
1703416387.934 7.133 6.113 
1703416388.035 7.052 6.101 
1703416388.135 6.969 6.091 
1703416388.235 6.883 6.081 
1703416388.335 6.802 6.071 
1703416388.435 6.723 6.064 
1703416388.536 6.635 6.057 
1703416388.636 6.540 6.029 
1703416388.737 6.449 6.002 
1703416388.837 6.360 5.974 
1703416388.937 6.288 5.972 
1703416389.036 6.208 5.958 
1703416389.136 6.127 5.929 
1703416389.237 6.045 5.893 
1703416389.337 5.974 5.851 
1703416389.437 5.909 5.798 
1703416389.537 5.833 5.748 
1703416389.639 5.760 5.698 
1703416389.737 5.690 5.645 
1703416389.838 5.629 5.592 
1703416389.938 5.571 5.530 
1703416390.037 5.512 5.454 
1703416390.138 5.451 5.379 
1703416390.239 5.404 5.291 
1703416390.339 5.353 5.201 
1703416390.439 5.297 5.112 
1703416390.538 5.247 5.020 
1703416390.639 5.230 4.916 
1703416390.739 5.230 4.805 
1703416390.839 5.229 4.694 
1703416390.939 5.222 4.589 
1703416391.039 5.218 4.487 
1703416391.141 5.206 4.393 
1703416391.240 5.206 4.282 
1703416391.339 5.218 4.170 
1703416391.440 5.234 4.064 
1703416391.539 5.258 3.962 
1703416391.640 5.307 3.863 
1703416391.740 5.343 3.773 
1703416391.840 5.387 3.685 
1703416391.941 5.438 3.592 
1703416392.040 5.494 3.499 
1703416392.141 5.559 3.418 
1703416392.241 5.634 3.348 
1703416392.341 5.701 3.275 
1703416392.442 5.771 3.204 
1703416392.541 5.846 3.139 
1703416392.641 5.929 3.076 
1703416392.742 6.008 3.019 
1703416392.844 6.088 2.978 
1703416392.945 6.176 2.933 
1703416393.044 6.257 2.894 
1703416393.145 6.347 2.858 
1703416393.245 6.431 2.824 
1703416393.345 6.512 2.790 
1703416393.450 6.600 2.753 
1703416393.545 6.680 2.723 
1703416393.645 6.761 2.687 
1703416393.747 6.846 2.650 
1703416393.846 6.931 2.614 
1703416393.948 7.021 2.578 
1703416394.048 7.108 2.545 
1703416394.149 7.184 2.515 
1703416394.248 7.261 2.480 
1703416394.349 7.342 2.444 
1703416394.448 7.420 2.417 
1703416394.549 7.492 2.382 
1703416394.652 7.565 2.345 
1703416394.753 7.634 2.317 
1703416394.853 7.700 2.285 
1703416394.953 7.788 2.229 
1703416395.052 7.899 2.160 
1703416395.152 7.980 2.126 
1703416395.255 8.029 2.105 
1703416395.356 8.084 2.054 
1703416395.455 8.146 1.984 
1703416395.554 8.211 1.922 
1703416395.654 8.262 1.871 
1703416395.762 8.304 1.825 
1703416395.859 8.348 1.776 
