1703407087.861 1.093 0.052 
1703407087.862 1.093 0.052 
1703407087.962 1.118 0.019 
1703407088.062 1.202 -0.054 
1703407088.162 1.272 -0.130 
1703407088.262 1.356 -0.217 
1703407088.363 1.429 -0.317 
1703407088.462 1.493 -0.421 
1703407088.563 1.568 -0.516 
1703407088.663 1.643 -0.606 
1703407088.763 1.719 -0.701 
1703407088.863 1.790 -0.802 
1703407088.964 1.838 -0.897 
1703407089.064 1.884 -0.996 
1703407089.163 1.907 -1.083 
1703407089.264 1.921 -1.164 
1703407090.668 2.059 -1.457 
1703407090.770 2.003 -1.367 
1703407090.868 1.927 -1.277 
1703407090.968 1.806 -1.181 
1703407091.068 1.717 -1.094 
1703407091.169 1.658 -1.045 
1703407091.269 1.619 -1.005 
1703407091.368 1.583 -0.891 
1703407091.469 1.566 -0.761 
1703407091.569 1.564 -0.638 
1703407091.670 1.579 -0.516 
1703407091.770 1.586 -0.414 
1703407091.869 1.583 -0.327 
1703407091.971 1.583 -0.220 
1703407092.070 1.586 -0.103 
1703407092.171 1.588 0.005 
1703407092.270 1.589 0.100 
1703407092.371 1.589 0.199 
1703407092.470 1.587 0.298 
1703407092.570 1.585 0.399 
1703407092.671 1.582 0.498 
1703407092.770 1.580 0.596 
1703407092.870 1.578 0.699 
1703407092.971 1.576 0.799 
1703407093.071 1.596 0.917 
1703407093.171 1.596 0.996 
1703407094.274 1.584 0.979 
1703407094.375 1.650 0.979 
1703407094.474 1.734 0.979 
1703407094.575 1.813 0.974 
1703407094.675 1.870 0.980 
1703407094.775 1.947 1.002 
1703407094.875 1.997 0.988 
1703407094.975 2.056 0.975 
1703407095.077 2.174 1.042 
1703407095.176 2.293 1.124 
1703407095.277 2.420 1.205 
1703407099.885 3.063 1.943 
1703407099.886 3.063 1.942 
1703407099.987 3.118 1.963 
1703407100.087 3.227 2.003 
1703407100.187 3.362 2.066 
1703407100.287 3.443 2.122 
1703407100.387 3.491 2.161 
1703407100.488 3.563 2.170 
1703407100.588 3.638 2.172 
1703407100.689 3.719 2.147 
1703407100.788 3.776 2.139 
1703407100.888 3.844 2.122 
1703407100.988 3.918 2.109 
1703407101.089 3.997 2.090 
1703407101.188 4.072 2.069 
1703407101.288 4.137 2.041 
1703407101.389 4.209 2.016 
1703407101.488 4.284 1.992 
1703407101.589 4.359 1.970 
1703407101.693 4.430 1.948 
1703407101.792 4.502 1.927 
1703407101.892 4.592 1.903 
1703407101.992 4.689 1.864 
1703407102.091 4.778 1.819 
1703407102.192 4.870 1.790 
1703407102.292 4.952 1.770 
1703407102.392 5.022 1.758 
1703407102.492 5.117 1.748 
1703407102.592 5.259 1.738 
1703407102.693 5.402 1.739 
1703407102.793 5.530 1.746 
1703407102.893 5.653 1.795 
1703407102.993 5.764 1.850 
1703407103.093 5.854 1.940 
1703407103.194 5.907 2.052 
1703407103.297 5.943 2.171 
1703407103.394 5.951 2.293 
1703407103.495 5.956 2.418 
1703407103.594 5.925 2.541 
1703407103.695 5.857 2.662 
1703407103.795 5.783 2.746 
1703407103.894 5.707 2.822 
1703407103.995 5.626 2.913 
1703407104.095 5.544 3.008 
1703407104.195 5.471 3.102 
1703407104.294 5.397 3.182 
1703407104.395 5.319 3.265 
1703407104.495 5.236 3.346 
1703407104.596 5.156 3.431 
1703407104.696 5.077 3.520 
1703407104.795 4.996 3.610 
1703407104.896 4.910 3.696 
1703407104.995 4.826 3.781 
1703407105.096 4.742 3.869 
1703407105.196 4.665 3.950 
1703407105.298 4.596 4.013 
1703407105.399 4.524 4.069 
1703407105.498 4.459 4.125 
1703407105.599 4.389 4.185 
1703407105.698 4.313 4.245 
1703407105.799 4.239 4.301 
1703407105.899 4.165 4.356 
1703407105.999 4.090 4.400 
1703407106.100 4.011 4.450 
1703407106.199 3.931 4.505 
1703407106.300 3.854 4.551 
1703407106.401 3.773 4.590 
1703407106.501 3.697 4.627 
1703407106.601 3.620 4.665 
1703407106.702 3.537 4.712 
1703407106.804 3.457 4.755 
1703407106.905 3.373 4.792 
1703407107.004 3.293 4.831 
1703407107.105 3.215 4.865 
1703407107.206 3.136 4.897 
1703407107.306 3.061 4.928 
1703407107.405 2.988 4.960 
1703407107.505 2.914 4.995 
1703407107.606 2.841 5.031 
1703407107.706 2.768 5.065 
1703407107.806 2.696 5.098 
1703407107.906 2.626 5.129 
1703407108.007 2.557 5.159 
1703407108.106 2.464 5.203 
1703407108.206 2.353 5.248 
1703407108.306 2.281 5.278 
1703407108.407 2.213 5.316 
1703407108.506 2.137 5.351 
1703407108.606 2.067 5.380 
1703407108.707 2.010 5.409 
1703407108.807 1.946 5.450 
1703407108.908 1.875 5.489 
1703407109.007 1.822 5.521 
1703407109.108 1.768 5.555 
1703407114.018 1.759 5.417 
1703407114.117 1.827 5.396 
1703407114.218 1.890 5.354 
1703407114.317 1.949 5.332 
1703407114.418 2.015 5.277 
1703407114.518 2.070 5.198 
1703407114.618 2.101 5.088 
1703407114.719 2.131 4.974 
1703407114.818 2.160 4.862 
1703407114.919 2.200 4.737 
1703407115.018 2.230 4.617 
1703407115.118 2.256 4.499 
1703407115.219 2.274 4.391 
1703407115.319 2.295 4.284 
1703407115.419 2.319 4.174 
1703407115.519 2.338 4.055 
1703407115.624 2.356 3.939 
1703407115.722 2.368 3.808 
1703407115.820 2.355 3.669 
1703407115.920 2.329 3.539 
1703407116.020 2.292 3.442 
1703407116.123 2.223 3.367 
1703407116.220 2.111 3.301 
1703407116.320 2.000 3.234 
1703407116.421 1.912 3.183 
1703407116.520 1.822 3.114 
1703407116.620 1.724 3.046 
1703407116.720 1.619 2.985 
1703407116.821 1.516 2.927 
1703407116.921 1.414 2.871 
1703407117.021 1.310 2.820 
1703407117.121 1.207 2.768 
1703407117.221 1.102 2.715 
1703407117.321 0.995 2.662 
1703407117.421 0.889 2.609 
1703407117.522 0.781 2.558 
1703407117.621 0.682 2.499 
1703407117.722 0.585 2.432 
1703407117.822 0.505 2.378 
1703407117.922 0.445 2.328 
1703407118.021 0.390 2.279 
1703407118.122 0.331 2.228 
1703407118.222 0.272 2.173 
1703407118.322 0.211 2.114 
1703407118.422 0.153 2.057 
1703407118.522 0.097 1.998 
1703407118.622 0.041 1.941 
1703407118.722 -0.013 1.888 
1703407118.823 -0.067 1.827 
1703407118.922 -0.119 1.759 
1703407119.022 -0.171 1.697 
1703407119.122 -0.218 1.637 
1703407119.222 -0.261 1.580 
1703407119.322 -0.303 1.530 
1703407119.424 -0.341 1.475 
1703407119.524 -0.379 1.396 
1703407119.624 -0.408 1.330 
1703407119.724 -0.437 1.276 
1703407119.824 -0.466 1.218 
1703407119.924 -0.505 1.146 
1703407120.024 -0.557 1.047 
1703407120.123 -0.608 0.952 
1703407120.224 -0.653 0.867 
1703407120.324 -0.691 0.805 
1703407120.427 -0.722 0.734 
1703407120.527 -0.763 0.642 
1703407120.627 -0.801 0.559 
1703407120.735 -0.840 0.478 
1703407120.830 -0.876 0.400 
1703407120.930 -0.903 0.322 
1703407121.028 -0.914 0.250 
1703407121.127 -0.927 0.187 
1703407121.228 -0.938 0.121 
1703407121.328 -0.945 0.061 
1703407121.427 -0.945 -0.001 
1703407121.528 -0.954 -0.046 
1703407121.628 -0.955 -0.089 
1703407121.728 -0.943 -0.145 
1703407121.828 -0.909 -0.221 
1703407121.928 -0.888 -0.278 
1703407122.029 -0.919 -0.292 
1703407122.129 -0.965 -0.293 
1703407122.234 -0.963 -0.317 
1703407122.331 -0.876 -0.358 
1703407122.431 -0.772 -0.436 
1703407122.530 -0.673 -0.522 
1703407122.630 -0.574 -0.597 
1703407122.731 -0.483 -0.657 
1703407122.831 -0.425 -0.685 
1703407122.932 -0.442 -0.644 
1703407123.031 -0.487 -0.586 
1703407123.131 -0.503 -0.580 
1703407123.232 -0.455 -0.620 
1703407123.332 -0.335 -0.685 
1703407123.432 -0.227 -0.754 
1703407123.532 -0.117 -0.828 
1703407123.632 -0.014 -0.903 
1703407123.732 0.077 -0.985 
1703407123.839 0.155 -1.067 
1703407123.936 0.208 -1.139 
1703407124.033 0.253 -1.224 
1703407124.133 0.309 -1.324 
1703407124.233 0.368 -1.412 
1703407124.334 0.423 -1.498 
1703407124.438 0.474 -1.590 
1703407124.540 0.522 -1.672 
1703407124.639 0.563 -1.765 
1703407124.739 0.603 -1.867 
1703407124.839 0.624 -1.947 
1703407124.938 0.643 -2.008 
1703407125.039 0.674 -2.079 
1703407125.139 0.706 -2.159 
1703407125.238 0.733 -2.238 
1703407125.340 0.757 -2.319 
1703407125.439 0.778 -2.398 
1703407125.540 0.802 -2.478 
1703407125.639 0.826 -2.560 
1703407125.739 0.849 -2.643 
1703407125.841 0.873 -2.723 
1703407125.941 0.895 -2.803 
1703407126.041 0.917 -2.880 
1703407126.141 0.936 -2.958 
1703407126.241 0.955 -3.034 
1703407126.341 0.975 -3.111 
1703407126.442 0.995 -3.185 
1703407126.541 1.016 -3.259 
1703407126.642 1.052 -3.363 
1703407126.742 1.076 -3.468 
1703407126.841 1.095 -3.559 
1703407126.941 1.122 -3.641 
1703407127.043 1.148 -3.718 
1703407127.142 1.183 -3.802 
1703407127.242 1.227 -3.895 
1703407127.342 1.274 -3.990 
1703407127.443 1.319 -4.079 
1703407127.543 1.351 -4.142 
1703407127.643 1.382 -4.205 
1703407127.743 1.409 -4.265 
1703407127.844 1.393 -4.307 
1703407127.943 1.412 -4.382 
1703407128.043 1.476 -4.475 
1703407128.144 1.572 -4.565 
1703407128.244 1.678 -4.635 
1703407128.345 1.793 -4.671 
1703407128.445 1.915 -4.675 
1703407129.947 2.066 -4.798 
1703407129.948 2.066 -4.798 
1703407130.048 2.115 -4.824 
1703407130.149 2.226 -4.859 
1703407130.249 2.355 -4.895 
1703407130.348 2.479 -4.931 
1703407130.448 2.585 -4.959 
1703407130.549 2.694 -4.980 
1703407130.649 2.813 -4.995 
1703407130.749 2.941 -5.018 
1703407130.850 3.061 -5.034 
1703407130.949 3.178 -5.036 
1703407131.049 3.296 -5.035 
1703407131.149 3.418 -5.036 
1703407131.251 3.542 -5.036 
1703407131.350 3.645 -5.027 
1703407131.450 3.732 -5.019 
1703407131.550 3.826 -5.013 
1703407131.651 3.924 -5.006 
1703407131.751 4.018 -5.000 
1703407131.852 4.107 -4.997 
1703407131.952 4.195 -4.993 
1703407132.051 4.280 -4.988 
1703407132.152 4.359 -4.985 
1703407132.251 4.434 -4.984 
1703407132.351 4.509 -4.982 
1703407132.451 4.571 -4.979 
1703407132.552 4.643 -4.978 
1703407132.652 4.734 -4.974 
1703407132.752 4.817 -4.962 
1703407132.851 4.892 -4.963 
1703407132.952 4.963 -4.951 
1703407133.053 5.060 -4.969 
1703407134.556 5.072 -4.878 
1703407134.659 5.047 -4.936 
1703407134.763 4.971 -5.054 
1703407134.857 4.905 -5.159 
1703407134.958 4.808 -5.255 
1703407135.059 4.693 -5.337 
1703407135.158 4.624 -5.409 
1703407135.258 4.585 -5.455 
1703407135.359 4.561 -5.469 
1703407135.459 4.506 -5.476 
1703407135.559 4.435 -5.489 
1703407135.660 4.338 -5.524 
1703407135.761 4.244 -5.563 
1703407135.860 4.160 -5.595 
1703407135.959 4.074 -5.612 
1703407136.059 3.987 -5.620 
1703407136.160 3.894 -5.635 
1703407136.260 3.800 -5.654 
1703407136.360 3.703 -5.665 
1703407136.464 3.606 -5.675 
1703407136.560 3.517 -5.683 
1703407136.660 3.422 -5.688 
1703407136.760 3.366 -5.698 
1703407136.860 3.302 -5.702 
1703407136.961 3.225 -5.707 
1703407137.060 3.150 -5.715 
1703407137.161 3.074 -5.723 
1703407137.261 3.000 -5.729 
1703407137.361 2.924 -5.737 
1703407137.461 2.849 -5.747 
1703407137.561 2.771 -5.753 
1703407137.662 2.694 -5.761 
1703407137.762 2.616 -5.774 
1703407137.862 2.537 -5.787 
1703407137.962 2.461 -5.796 
1703407138.062 2.382 -5.806 
1703407138.162 2.301 -5.818 
1703407138.262 2.221 -5.832 
1703407138.364 2.138 -5.849 
1703407138.462 2.060 -5.866 
1703407138.563 1.978 -5.883 
1703407138.663 1.897 -5.898 
1703407138.763 1.815 -5.916 
1703407138.863 1.733 -5.936 
1703407138.963 1.652 -5.955 
1703407139.064 1.569 -5.977 
1703407139.163 1.488 -5.997 
1703407139.264 1.408 -6.017 
1703407139.363 1.329 -6.038 
1703407139.464 1.249 -6.058 
1703407139.564 1.169 -6.078 
1703407139.665 1.089 -6.102 
1703407139.764 1.010 -6.124 
1703407139.864 0.931 -6.142 
1703407139.965 0.851 -6.161 
1703407140.064 0.774 -6.185 
1703407140.164 0.698 -6.211 
1703407140.264 0.624 -6.236 
1703407140.365 0.551 -6.261 
1703407140.465 0.479 -6.285 
1703407140.565 0.408 -6.308 
1703407140.665 0.317 -6.340 
1703407140.765 0.199 -6.374 
1703407140.866 0.096 -6.405 
1703407140.965 0.001 -6.435 
1703407141.065 -0.092 -6.454 
1703407141.176 -0.189 -6.465 
1703407141.273 -0.264 -6.480 
1703407141.373 -0.319 -6.496 
1703407141.474 -0.360 -6.504 
1703407141.575 -0.379 -6.502 
1703407141.674 -0.408 -6.469 
1703407141.773 -0.461 -6.429 
1703407141.874 -0.520 -6.375 
1703407141.974 -0.566 -6.342 
1703407142.073 -0.610 -6.340 
1703407142.173 -0.666 -6.315 
1703407142.274 -0.708 -6.232 
1703407142.373 -0.761 -6.152 
1703407142.473 -0.794 -6.050 
1703407142.574 -0.798 -5.951 
1703407142.674 -0.772 -5.870 
1703407142.774 -0.744 -5.791 
1703407142.875 -0.718 -5.718 
1703407142.974 -0.691 -5.651 
1703407143.076 -0.670 -5.580 
1703407143.175 -0.653 -5.499 
1703407143.276 -0.629 -5.434 
1703407143.376 -0.616 -5.363 
1703407143.475 -0.611 -5.279 
1703407143.576 -0.599 -5.195 
1703407143.675 -0.583 -5.107 
1703407143.775 -0.581 -5.012 
1703407143.876 -0.582 -4.923 
1703407143.976 -0.585 -4.841 
1703407144.076 -0.583 -4.760 
1703407144.176 -0.571 -4.674 
1703407144.277 -0.566 -4.585 
1703407144.376 -0.570 -4.501 
1703407144.477 -0.587 -4.418 
1703407144.578 -0.607 -4.343 
1703407144.678 -0.636 -4.274 
1703407144.778 -0.691 -4.205 
1703407144.879 -0.748 -4.154 
1703407144.979 -0.793 -4.090 
1703407145.079 -0.830 -4.032 
1703407145.180 -0.866 -3.972 
1703407145.279 -0.903 -3.895 
1703407145.380 -0.940 -3.807 
1703407145.484 -0.975 -3.721 
1703407145.584 -1.011 -3.643 
1703407145.683 -1.049 -3.563 
1703407145.790 -1.075 -3.453 
1703407145.890 -1.107 -3.345 
1703407145.990 -1.139 -3.251 
1703407146.091 -1.171 -3.162 
1703407146.190 -1.210 -3.069 
1703407146.291 -1.243 -2.972 
1703407146.391 -1.269 -2.878 
1703407146.491 -1.292 -2.791 
1703407146.591 -1.314 -2.702 
1703407146.692 -1.343 -2.600 
1703407146.791 -1.366 -2.510 
1703407146.893 -1.385 -2.426 
1703407146.993 -1.402 -2.343 
1703407147.094 -1.414 -2.256 
1703407147.193 -1.430 -2.167 
1703407147.293 -1.444 -2.086 
1703407147.394 -1.457 -2.007 
1703407147.493 -1.469 -1.929 
1703407147.594 -1.481 -1.842 
1703407147.694 -1.498 -1.763 
1703407147.794 -1.519 -1.681 
1703407147.896 -1.537 -1.606 
1703407147.996 -1.551 -1.537 
1703407148.097 -1.571 -1.466 
1703407148.196 -1.608 -1.387 
1703407148.296 -1.647 -1.306 
1703407148.398 -1.679 -1.227 
1703407148.498 -1.708 -1.157 
1703407148.598 -1.741 -1.094 
1703407148.698 -1.801 -1.016 
1703407148.798 -1.857 -0.936 
1703407148.898 -1.899 -0.864 
1703407148.999 -1.931 -0.800 
1703407149.099 -1.963 -0.737 
1703407149.198 -2.000 -0.664 
1703407149.298 -2.046 -0.575 
1703407149.399 -2.098 -0.488 
1703407149.499 -2.134 -0.422 
1703407149.599 -2.178 -0.356 
1703407149.700 -2.230 -0.278 
1703407149.800 -2.287 -0.197 
1703407149.901 -2.336 -0.125 
1703407150.000 -2.387 -0.054 
1703407150.101 -2.436 0.016 
1703407150.201 -2.484 0.084 
1703407150.301 -2.533 0.152 
1703407150.401 -2.601 0.222 
1703407150.501 -2.656 0.286 
1703407150.601 -2.706 0.342 
1703407150.714 -2.754 0.396 
1703407150.808 -2.806 0.461 
1703407150.904 -2.872 0.545 
1703407151.002 -2.936 0.649 
1703407151.101 -2.994 0.739 
1703407151.202 -3.049 0.810 
1703407151.302 -3.103 0.875 
1703407151.403 -3.161 0.949 
1703407152.707 -3.239 0.919 
1703407152.807 -3.213 0.951 
1703407153.913 -3.193 0.927 
1703407154.019 -3.157 0.930 
1703407154.119 -3.039 0.920 
1703407154.219 -2.908 0.900 
1703407154.321 -2.777 0.864 
1703407154.421 -2.639 0.815 
1703407154.523 -2.503 0.772 
1703407154.621 -2.446 0.726 
1703407154.721 -2.409 0.691 
1703407154.822 -2.366 0.677 
1703407154.921 -2.261 0.629 
1703407155.022 -2.133 0.565 
1703407155.122 -2.068 0.520 
1703407155.222 -2.024 0.477 
1703407155.322 -1.949 0.462 
1703407155.422 -1.843 0.440 
1703407155.522 -1.727 0.408 
1703407155.622 -1.612 0.377 
1703407155.722 -1.507 0.363 
1703407155.823 -1.464 0.327 
1703407155.923 -1.391 0.303 
1703407156.023 -1.284 0.305 
1703407156.124 -1.153 0.318 
1703407156.223 -1.060 0.346 
1703407156.323 -1.002 0.343 
1703407156.424 -0.902 0.350 
1703407156.525 -0.779 0.364 
1703407156.624 -0.659 0.375 
1703407156.725 -0.576 0.399 
1703407156.824 -0.531 0.404 
1703407156.924 -0.450 0.414 
1703407157.024 -0.349 0.417 
1703407157.124 -0.266 0.420 
1703407157.224 -0.174 0.424 
1703407157.325 -0.075 0.432 
1703407157.425 0.026 0.439 
1703407157.525 0.125 0.443 
1703407157.625 0.195 0.431 
1703407157.726 0.266 0.421 
1703407157.826 0.350 0.427 
1703407157.925 0.445 0.455 
1703407158.025 0.549 0.489 
1703407158.126 0.645 0.521 
1703407158.226 0.751 0.549 
1703407158.326 0.856 0.580 
1703407158.426 0.950 0.612 
1703407158.526 1.038 0.645 
1703407158.626 1.120 0.678 
1703407158.726 1.195 0.715 
1703407158.827 1.265 0.761 
1703407158.927 1.339 0.816 
1703407159.027 1.417 0.892 
1703407159.126 1.488 0.975 
1703407159.227 1.565 1.056 
1703407159.329 1.636 1.131 
1703407159.428 1.705 1.202 
1703407159.528 1.771 1.284 
1703407159.628 1.838 1.373 
1703407159.728 1.903 1.459 
1703407159.828 1.965 1.537 
1703407159.929 2.028 1.609 
1703407160.028 2.071 1.674 
1703407160.129 2.131 1.745 
1703407160.229 2.189 1.812 
1703407160.329 2.245 1.873 
1703407160.428 2.296 1.927 
1703407160.530 2.352 1.983 
1703407160.629 2.416 2.046 
1703407160.729 2.482 2.103 
1703407160.830 2.546 2.152 
1703407160.929 2.602 2.184 
1703407161.029 2.679 2.206 
1703407161.130 2.776 2.216 
1703407161.230 2.868 2.229 
1703407161.330 2.954 2.244 
1703407161.430 3.041 2.250 
1703407161.531 3.133 2.257 
1703407161.632 3.227 2.254 
1703407161.730 3.323 2.249 
1703407161.831 3.417 2.243 
1703407161.930 3.504 2.224 
1703407162.030 3.591 2.201 
1703407162.131 3.686 2.188 
1703407162.231 3.786 2.177 
1703407162.331 3.858 2.196 
1703407162.432 3.930 2.200 
1703407162.531 4.006 2.167 
1703407162.631 4.106 2.103 
1703407162.732 4.213 2.031 
1703407162.832 4.317 1.960 
1703407162.932 4.411 1.894 
1703407163.032 4.501 1.834 
1703407163.132 4.588 1.778 
1703407163.232 4.678 1.722 
1703407163.332 4.755 1.662 
1703407163.432 4.821 1.602 
1703407163.532 4.885 1.555 
1703407163.635 4.960 1.489 
1703407163.732 5.037 1.410 
1703407163.833 5.119 1.317 
1703407163.934 5.196 1.225 
1703407164.033 5.266 1.146 
1703407164.133 5.338 1.079 
1703407164.234 5.414 1.007 
1703407164.334 5.489 0.931 
1703407164.433 5.563 0.853 
1703407164.534 5.642 0.774 
1703407164.633 5.712 0.700 
1703407164.734 5.780 0.638 
1703407164.833 5.846 0.574 
1703407164.934 5.917 0.508 
1703407165.034 5.988 0.447 
1703407165.134 6.059 0.389 
1703407165.235 6.130 0.331 
1703407165.336 6.204 0.277 
1703407165.434 6.276 0.231 
1703407165.535 6.355 0.190 
1703407165.635 6.423 0.162 
1703407165.734 6.486 0.146 
1703407165.835 6.550 0.126 
1703407165.935 6.670 0.112 
1703407166.038 6.804 0.109 
1703407166.136 6.882 0.102 
1703407166.236 6.945 0.096 
1703407166.336 7.076 0.124 
1703407166.437 7.219 0.165 
1703407166.537 7.312 0.191 
1703407166.636 7.377 0.215 
1703407166.737 7.456 0.225 
1703407166.836 7.559 0.251 
1703407166.937 7.654 0.256 
1703407167.036 7.712 0.253 
1703407167.137 7.751 0.255 
1703407167.238 7.809 0.323 
1703407167.337 7.885 0.443 
1703407167.437 7.925 0.522 
1703407167.538 7.969 0.574 
1703407167.638 8.016 0.630 
1703407167.738 8.071 0.736 
1703407167.838 8.121 0.817 
1703407167.938 8.165 0.880 
1703407168.039 8.212 0.945 
1703407168.139 8.259 1.008 
1703407168.239 8.307 1.068 
1703407168.339 8.353 1.121 
1703407168.438 8.397 1.173 
1703407168.539 8.444 1.228 
1703407168.640 8.477 1.314 
1703407168.742 8.504 1.418 
1703407168.839 8.522 1.495 
1703407168.940 8.530 1.578 
1703407169.039 8.516 1.655 
1703407169.139 8.484 1.723 
1703407169.241 8.445 1.797 
1703407169.341 8.408 1.873 
1703407169.440 8.374 1.954 
1703407169.540 8.340 2.040 
1703407169.641 8.300 2.124 
1703407169.741 8.259 2.208 
1703407169.841 8.214 2.287 
1703407169.940 8.150 2.364 
1703407170.041 8.058 2.428 
1703407170.140 8.001 2.492 
1703407170.241 7.960 2.553 
1703407170.341 7.879 2.608 
1703407170.442 7.767 2.648 
1703407170.544 7.656 2.677 
1703407170.642 7.559 2.701 
1703407170.742 7.482 2.720 
1703407170.843 7.413 2.735 
1703407170.942 7.336 2.748 
1703407171.042 7.257 2.768 
1703407171.142 7.169 2.795 
1703407171.243 7.078 2.818 
1703407171.342 6.986 2.837 
1703407171.443 6.898 2.856 
1703407171.543 6.809 2.884 
1703407171.643 6.713 2.915 
1703407171.743 6.615 2.945 
1703407171.843 6.521 2.971 
1703407171.944 6.423 3.005 
1703407172.044 6.317 3.038 
1703407172.145 6.209 3.078 
1703407172.244 6.112 3.125 
1703407172.357 6.007 3.176 
1703407172.452 5.928 3.182 
1703407172.551 5.851 3.193 
1703407172.649 5.780 3.246 
1703407172.749 5.690 3.327 
1703407172.849 5.598 3.412 
1703407172.950 5.486 3.508 
1703407173.050 5.389 3.598 
1703407173.149 5.307 3.685 
1703407173.249 5.249 3.758 
1703407173.350 5.191 3.819 
1703407173.451 5.128 3.876 
1703407173.550 5.056 3.932 
1703407173.651 4.999 3.994 
1703407174.762 4.930 4.260 
1703407174.763 4.930 4.259 
1703407174.867 5.008 4.308 
1703407174.965 5.090 4.431 
1703407175.065 5.149 4.555 
1703407175.165 5.214 4.659 
1703407175.264 5.281 4.760 
1703407175.365 5.347 4.866 
1703407175.465 5.403 4.972 
1703407175.567 5.461 5.079 
1703407175.667 5.516 5.169 
1703407175.767 5.574 5.249 
1703407175.867 5.621 5.324 
1703407175.967 5.657 5.405 
1703407176.067 5.691 5.499 
1703407176.168 5.722 5.594 
1703407176.267 5.745 5.677 
1703407176.367 5.753 5.761 
1703407176.469 5.764 5.859 
1703407176.569 5.793 5.957 
1703407176.669 5.818 6.042 
1703407176.769 5.831 6.128 
1703407176.869 5.834 6.226 
1703407176.969 5.823 6.327 
1703407177.069 5.801 6.427 
1703407177.169 5.766 6.528 
1703407177.270 5.710 6.624 
1703407177.370 5.681 6.697 
1703407177.470 5.651 6.746 
1703407177.573 5.602 6.804 
1703407177.672 5.555 6.882 
1703407177.771 5.515 6.960 
1703407177.871 5.463 7.034 
1703407177.971 5.409 7.106 
1703407178.075 5.366 7.175 
1703407178.172 5.314 7.244 
1703407178.273 5.259 7.314 
1703407178.372 5.202 7.383 
1703407178.472 5.134 7.447 
1703407178.573 5.065 7.509 
1703407178.672 5.002 7.571 
1703407178.772 4.941 7.636 
1703407178.871 4.878 7.702 
1703407178.972 4.810 7.765 
1703407179.075 4.733 7.825 
1703407179.175 4.667 7.881 
1703407179.274 4.608 7.932 
1703407179.374 4.542 7.981 
1703407179.474 4.453 8.028 
1703407179.574 4.384 8.079 
1703407179.675 4.315 8.125 
1703407179.775 4.242 8.164 
1703407179.874 4.167 8.202 
1703407179.975 4.081 8.248 
1703407180.075 4.007 8.284 
1703407180.176 3.938 8.308 
1703407180.275 3.856 8.319 
1703407180.376 3.771 8.322 
1703407180.475 3.689 8.333 
1703407180.576 3.592 8.357 
1703407180.675 3.499 8.351 
1703407180.777 3.407 8.338 
1703407180.876 3.325 8.317 
1703407180.976 3.242 8.291 
1703407181.076 3.162 8.264 
1703407181.176 3.085 8.239 
1703407181.276 3.007 8.214 
1703407181.376 2.920 8.189 
1703407181.476 2.843 8.155 
1703407181.576 2.767 8.126 
1703407181.677 2.693 8.097 
1703407181.777 2.616 8.068 
1703407181.878 2.539 8.040 
1703407181.978 2.468 8.011 
1703407182.078 2.399 7.983 
1703407182.178 2.327 7.956 
1703407182.279 2.241 7.941 
1703407182.378 2.166 7.932 
1703407182.479 2.093 7.922 
1703407182.578 2.028 7.908 
1703407182.679 1.968 7.896 
1703407182.778 1.910 7.886 
1703407182.879 1.827 7.879 
1703407182.979 1.713 7.893 
1703407183.079 1.646 7.891 
1703407183.179 1.585 7.897 
1703407183.281 1.513 7.916 
1703407183.381 1.447 7.935 
1703407183.480 1.377 7.955 
1703407183.579 1.314 7.966 
1703407183.680 1.257 7.977 
1703407183.780 1.202 7.989 
1703407183.880 1.118 8.028 
1703407183.980 1.023 8.083 
1703407184.080 0.964 8.119 
1703407184.180 0.915 8.146 
1703407184.281 0.855 8.173 
1703407184.381 0.788 8.215 
1703407184.480 0.718 8.258 
1703407184.582 0.655 8.292 
1703407184.682 0.598 8.324 
1703407184.782 0.540 8.357 
1703407184.881 0.442 8.405 
1703407184.981 0.339 8.455 
1703407185.084 0.251 8.504 
1703407185.185 0.174 8.551 
1703407185.284 0.105 8.599 
1703407185.384 0.036 8.640 
1703407185.485 -0.038 8.662 
1703407185.585 -0.123 8.667 
1703407185.685 -0.246 8.644 
1703407185.786 -0.345 8.636 
1703407185.886 -0.429 8.627 
1703407185.986 -0.511 8.607 
1703407186.085 -0.594 8.580 
1703407186.186 -0.676 8.541 
1703407186.286 -0.756 8.492 
1703407186.386 -0.829 8.432 
1703407186.486 -0.891 8.355 
1703407186.586 -0.934 8.265 
1703407186.687 -0.975 8.171 
1703407186.786 -1.016 8.082 
1703407186.886 -1.058 7.993 
1703407186.986 -1.096 7.900 
1703407187.086 -1.125 7.801 
1703407187.186 -1.142 7.695 
1703407187.287 -1.142 7.589 
1703407187.387 -1.145 7.516 
1703407187.487 -1.150 7.459 
1703407187.587 -1.140 7.368 
1703407187.687 -1.139 7.276 
1703407187.788 -1.146 7.199 
1703407187.888 -1.148 7.132 
1703407187.988 -1.131 7.055 
1703407188.088 -1.102 6.977 
1703407188.188 -1.073 6.905 
1703407188.288 -1.040 6.842 
1703407188.388 -0.988 6.755 
1703407188.488 -0.917 6.657 
1703407188.588 -0.829 6.558 
1703407188.689 -0.744 6.462 
1703407188.788 -0.682 6.397 
1703407188.889 -0.630 6.339 
1703407188.990 -0.570 6.282 
1703407189.090 -0.497 6.229 
1703407189.190 -0.463 6.175 
1703407189.290 -0.468 6.123 
1703407189.390 -0.435 6.067 
1703407189.494 -0.348 6.030 
1703407189.595 -0.226 6.018 
1703407189.694 -0.105 6.001 
1703407189.794 -0.001 5.997 
1703407189.895 0.112 5.982 
1703407189.995 0.220 5.966 
1703407190.096 0.309 5.947 
1703407190.195 0.368 5.925 
1703407190.295 0.417 5.902 
1703407190.396 0.444 5.886 
1703407190.498 0.488 5.867 
1703407190.595 0.575 5.845 
1703407190.696 0.690 5.813 
1703407190.796 0.767 5.785 
1703407190.899 0.840 5.752 
1703407190.997 0.916 5.713 
1703407191.098 0.997 5.679 
1703407191.196 1.072 5.658 
1703407191.298 1.150 5.624 
1703407191.397 1.229 5.582 
1703407191.498 1.307 5.535 
1703407191.597 1.377 5.480 
1703407191.698 1.449 5.419 
1703407191.797 1.524 5.363 
1703407191.898 1.596 5.317 
1703407191.998 1.665 5.260 
1703407192.097 1.731 5.197 
1703407192.199 1.799 5.132 
1703407192.298 1.863 5.057 
1703407192.398 1.919 4.972 
1703407192.498 1.975 4.888 
1703407192.599 2.035 4.804 
1703407192.698 2.094 4.717 
1703407192.798 2.155 4.624 
1703407192.898 2.216 4.531 
1703407192.998 2.280 4.435 
1703407193.099 2.348 4.337 
1703407193.198 2.414 4.239 
1703407193.300 2.482 4.140 
1703407193.399 2.549 4.043 
1703407193.500 2.621 3.945 
1703407193.600 2.691 3.846 
1703407193.699 2.761 3.751 
1703407193.800 2.837 3.660 
1703407193.899 2.913 3.566 
1703407194.000 2.989 3.470 
1703407194.100 3.064 3.374 
1703407194.200 3.144 3.283 
1703407194.300 3.227 3.196 
1703407194.404 3.313 3.105 
1703407194.501 3.394 3.022 
1703407194.600 3.482 2.936 
1703407194.701 3.565 2.850 
1703407194.801 3.649 2.764 
1703407194.901 3.732 2.678 
1703407195.000 3.813 2.593 
1703407195.101 3.894 2.515 
1703407195.201 3.971 2.434 
1703407195.301 4.048 2.354 
1703407195.401 4.122 2.272 
1703407195.502 4.195 2.184 
1703407195.601 4.267 2.109 
1703407195.701 4.330 2.028 
1703407195.802 4.382 1.939 
1703407195.901 4.434 1.846 
1703407196.006 4.495 1.757 
1703407196.102 4.546 1.678 
1703407196.203 4.593 1.597 
1703407196.304 4.632 1.507 
1703407196.402 4.666 1.420 
1703407196.502 4.704 1.335 
1703407196.603 4.738 1.249 
1703407196.703 4.765 1.164 
1703407196.803 4.788 1.078 
1703407196.903 4.806 0.989 
1703407197.003 4.821 0.905 
1703407197.103 4.831 0.821 
1703407197.204 4.838 0.737 
1703407197.305 4.836 0.656 
1703407197.404 4.833 0.572 
1703407197.504 4.832 0.487 
1703407197.605 4.818 0.384 
1703407197.705 4.813 0.282 
1703407197.804 4.796 0.205 
1703407197.904 4.784 0.118 
1703407198.005 4.779 0.026 
1703407198.104 4.775 -0.055 
1703407198.205 4.783 -0.134 
1703407198.306 4.786 -0.213 
1703407198.405 4.784 -0.301 
1703407198.504 4.785 -0.386 
1703407198.606 4.796 -0.463 
1703407198.705 4.820 -0.552 
1703407198.806 4.837 -0.638 
1703407198.907 4.851 -0.710 
1703407199.006 4.860 -0.771 
1703407199.106 4.869 -0.832 
1703407199.206 4.891 -0.901 
1703407201.516 4.932 -1.225 
1703407201.616 4.949 -1.236 
1703407202.728 4.996 -1.381 
1703407202.827 5.022 -1.370 
1703407202.926 5.075 -1.341 
1703407203.027 5.150 -1.240 
1703407203.126 5.215 -1.118 
1703407203.226 5.298 -1.011 
1703407203.326 5.369 -0.919 
1703407203.426 5.414 -0.809 
1703407203.527 5.415 -0.682 
1703407203.627 5.378 -0.568 
1703407203.728 5.348 -0.462 
1703407203.831 5.322 -0.353 
1703407203.930 5.293 -0.236 
1703407204.030 5.267 -0.121 
1703407204.130 5.240 -0.007 
1703407204.230 5.209 0.108 
1703407204.330 5.180 0.226 
1703407204.430 5.150 0.340 
1703407204.531 5.123 0.449 
1703407204.630 5.083 0.565 
1703407204.730 5.039 0.676 
1703407204.831 4.998 0.784 
1703407204.930 4.961 0.892 
1703407205.031 4.912 0.999 
1703407205.133 4.858 1.108 
1703407205.233 4.809 1.213 
1703407205.334 4.763 1.318 
1703407205.434 4.710 1.424 
1703407205.534 4.641 1.524 
1703407205.634 4.573 1.620 
1703407205.734 4.513 1.717 
1703407205.835 4.449 1.817 
1703407205.934 4.377 1.913 
1703407206.035 4.303 2.005 
1703407206.134 4.211 2.090 
1703407206.235 4.112 2.165 
1703407206.335 4.017 2.240 
1703407206.434 3.928 2.301 
1703407206.535 3.846 2.348 
1703407206.635 3.758 2.371 
1703407206.735 3.663 2.373 
1703407206.835 3.569 2.369 
1703407206.935 3.476 2.362 
1703407207.035 3.386 2.356 
1703407207.135 3.296 2.348 
1703407207.236 3.211 2.344 
1703407207.336 3.129 2.340 
1703407207.436 3.037 2.327 
1703407207.536 2.944 2.311 
1703407207.636 2.866 2.303 
1703407207.736 2.789 2.292 
1703407207.836 2.719 2.285 
1703407207.937 2.648 2.279 
1703407208.037 2.559 2.235 
1703407208.137 2.468 2.169 
1703407208.237 2.407 2.136 
1703407208.338 2.353 2.098 
1703407208.437 2.280 2.042 
1703407208.538 2.198 1.984 
1703407208.638 2.137 1.929 
1703407208.739 2.087 1.867 
1703407208.838 2.019 1.788 
1703407208.938 1.945 1.704 
1703407209.037 1.875 1.622 
1703407209.138 1.809 1.540 
1703407209.238 1.741 1.458 
1703407209.338 1.673 1.370 
1703407209.438 1.604 1.285 
1703407209.538 1.536 1.203 
1703407209.638 1.467 1.121 
1703407209.738 1.397 1.040 
1703407209.839 1.328 0.965 
1703407209.939 1.257 0.890 
1703407210.039 1.188 0.816 
1703407210.141 1.114 0.746 
1703407210.242 1.032 0.687 
1703407210.341 0.962 0.628 
1703407210.442 0.887 0.572 
1703407210.541 0.808 0.536 
1703407210.641 0.728 0.501 
1703407210.741 0.627 0.475 
1703407210.842 0.531 0.454 
1703407210.942 0.446 0.434 
1703407211.042 0.392 0.406 
1703407211.143 0.327 0.378 
1703407211.242 0.229 0.360 
1703407211.342 0.138 0.353 
1703407211.443 0.061 0.350 
1703407211.542 -0.006 0.347 
1703407211.643 -0.082 0.340 
1703407211.743 -0.190 0.338 
1703407211.843 -0.269 0.337 
1703407211.943 -0.329 0.334 
1703407212.048 -0.404 0.339 
1703407212.148 -0.480 0.345 
1703407212.248 -0.572 0.346 
1703407212.348 -0.670 0.352 
1703407212.448 -0.745 0.362 
1703407212.548 -0.820 0.373 
1703407212.648 -0.900 0.392 
1703407212.749 -0.983 0.417 
1703407212.848 -1.065 0.438 
1703407212.948 -1.146 0.462 
1703407213.049 -1.225 0.484 
1703407213.149 -1.306 0.504 
1703407213.249 -1.392 0.536 
1703407213.349 -1.488 0.583 
1703407213.449 -1.578 0.617 
1703407213.549 -1.654 0.648 
1703407213.649 -1.732 0.690 
1703407213.749 -1.816 0.739 
1703407213.850 -1.897 0.781 
1703407213.949 -1.975 0.820 
1703407214.050 -2.052 0.859 
1703407214.151 -2.131 0.906 
1703407214.251 -2.219 0.973 
1703407214.351 -2.304 1.033 
1703407214.451 -2.380 1.083 
1703407214.552 -2.440 1.130 
1703407214.651 -2.511 1.174 
1703407214.751 -2.591 1.240 
1703407214.851 -2.666 1.304 
1703407214.952 -2.732 1.362 
1703407215.052 -2.799 1.419 
1703407215.153 -2.874 1.474 
1703407215.252 -2.955 1.532 
1703407215.352 -3.026 1.594 
1703407215.452 -3.088 1.655 
1703407215.553 -3.152 1.718 
1703407215.652 -3.219 1.783 
1703407215.753 -3.285 1.853 
1703407215.853 -3.348 1.919 
1703407215.954 -3.411 1.983 
1703407216.053 -3.475 2.046 
1703407216.153 -3.530 2.106 
1703407216.253 -3.587 2.165 
1703407216.354 -3.643 2.222 
1703407216.454 -3.695 2.276 
1703407216.554 -3.775 2.358 
1703407216.654 -3.841 2.432 
1703407216.754 -3.896 2.486 
1703407216.855 -3.945 2.537 
1703407216.955 -3.995 2.579 
1703407217.054 -4.076 2.622 
1703407217.155 -4.181 2.658 
1703407217.255 -4.262 2.679 
1703407217.354 -4.333 2.684 
1703407217.455 -4.392 2.674 
1703407217.556 -4.427 2.657 
1703407218.758 -4.370 2.410 
1703407218.868 -4.346 2.436 
1703407218.963 -4.282 2.489 
1703407219.060 -4.219 2.519 
1703407219.159 -4.165 2.460 
1703407219.260 -4.102 2.328 
1703407219.360 -4.072 2.201 
1703407219.459 -4.010 2.137 
1703407219.559 -3.952 2.069 
1703407219.659 -3.914 1.986 
1703407219.759 -3.896 1.919 
1703407219.860 -3.892 1.902 
1703407219.960 -3.902 1.924 
1703407220.060 -3.884 1.900 
1703407220.161 -3.866 1.861 
1703407220.260 -3.869 1.833 
1703407220.362 -3.851 1.798 
1703407220.461 -3.844 1.752 
1703407220.562 -3.848 1.708 
1703407220.662 -3.863 1.674 
1703407220.763 -3.869 1.653 
1703407220.864 -3.840 1.635 
1703407220.962 -3.782 1.619 
1703407221.062 -3.724 1.603 
1703407221.163 -3.665 1.593 
1703407221.263 -3.603 1.580 
1703407221.364 -3.536 1.565 
1703407221.465 -3.468 1.553 
1703407221.563 -3.404 1.548 
1703407221.663 -3.330 1.542 
1703407221.763 -3.226 1.484 
1703407221.863 -3.116 1.431 
1703407221.964 -3.018 1.373 
1703407222.064 -2.932 1.299 
1703407222.164 -2.850 1.225 
1703407222.265 -2.785 1.200 
1703407222.364 -2.715 1.134 
1703407222.465 -2.643 1.029 
1703407222.565 -2.585 0.919 
1703407222.665 -2.544 0.820 
1703407222.765 -2.490 0.733 
1703407222.865 -2.433 0.658 
1703407222.965 -2.386 0.573 
1703407223.066 -2.347 0.467 
1703407223.166 -2.318 0.375 
1703407223.265 -2.271 0.280 
1703407223.367 -2.214 0.178 
1703407223.467 -2.158 0.071 
1703407223.570 -2.108 -0.040 
1703407223.667 -2.069 -0.137 
1703407223.767 -2.013 -0.242 
1703407223.868 -1.951 -0.349 
1703407223.968 -1.886 -0.461 
1703407224.068 -1.830 -0.570 
1703407224.168 -1.767 -0.677 
1703407224.268 -1.701 -0.779 
1703407224.369 -1.630 -0.882 
1703407224.468 -1.558 -0.990 
1703407224.568 -1.498 -1.098 
1703407224.668 -1.428 -1.192 
1703407224.770 -1.355 -1.289 
1703407224.869 -1.283 -1.384 
1703407224.969 -1.220 -1.478 
1703407225.069 -1.160 -1.564 
1703407225.169 -1.090 -1.640 
1703407225.269 -1.014 -1.719 
1703407225.369 -0.937 -1.800 
1703407225.469 -0.862 -1.881 
1703407225.570 -0.815 -1.956 
1703407225.670 -0.755 -2.020 
1703407225.770 -0.673 -2.095 
1703407225.870 -0.590 -2.177 
1703407225.970 -0.514 -2.249 
1703407226.077 -0.455 -2.313 
1703407226.170 -0.395 -2.372 
1703407226.270 -0.318 -2.450 
1703407226.370 -0.243 -2.524 
1703407226.471 -0.172 -2.593 
1703407226.571 -0.103 -2.663 
1703407226.671 -0.030 -2.737 
1703407226.771 0.044 -2.809 
1703407226.871 0.122 -2.883 
1703407226.971 0.200 -2.957 
1703407227.071 0.281 -3.031 
1703407227.172 0.359 -3.103 
1703407227.272 0.437 -3.175 
1703407227.372 0.520 -3.251 
1703407227.471 0.603 -3.324 
1703407227.573 0.687 -3.396 
1703407227.672 0.770 -3.469 
1703407227.774 0.852 -3.542 
1703407227.873 0.936 -3.615 
1703407227.973 1.025 -3.687 
1703407228.072 1.103 -3.755 
1703407228.172 1.186 -3.828 
1703407228.273 1.267 -3.896 
1703407228.373 1.348 -3.963 
1703407228.473 1.426 -4.032 
1703407228.573 1.502 -4.101 
1703407228.673 1.577 -4.163 
1703407228.774 1.658 -4.220 
1703407228.873 1.737 -4.277 
1703407228.975 1.813 -4.333 
1703407229.077 1.888 -4.388 
1703407229.174 1.961 -4.440 
1703407229.274 2.036 -4.489 
1703407229.373 2.106 -4.536 
1703407229.474 2.174 -4.586 
1703407229.574 2.245 -4.635 
1703407229.675 2.315 -4.680 
1703407229.776 2.387 -4.725 
1703407229.876 2.457 -4.764 
1703407229.977 2.530 -4.798 
1703407230.076 2.595 -4.832 
1703407230.176 2.658 -4.873 
1703407230.276 2.737 -4.934 
1703407230.376 2.834 -5.004 
1703407230.477 2.932 -5.050 
1703407230.578 3.017 -5.080 
1703407230.677 3.105 -5.095 
1703407230.778 3.213 -5.086 
1703407230.878 3.320 -5.075 
1703407230.978 3.402 -5.063 
1703407231.077 3.486 -5.056 
1703407231.178 3.581 -5.059 
1703407231.278 3.671 -5.063 
1703407231.379 3.752 -5.067 
1703407231.478 3.818 -5.067 
1703407231.578 3.877 -5.060 
1703407231.678 3.925 -5.053 
1703407231.778 3.992 -5.053 
1703407231.878 4.075 -5.049 
1703407231.979 4.157 -5.040 
1703407232.081 4.234 -5.036 
1703407232.181 4.306 -5.028 
1703407232.281 4.379 -5.026 
1703407232.380 4.453 -5.024 
1703407232.481 4.530 -5.023 
1703407232.581 4.626 -5.029 
1703407232.681 4.720 -5.030 
1703407232.782 4.806 -5.026 
1703407232.881 4.860 -5.019 
1703407232.981 4.923 -5.024 
1703407233.081 5.005 -5.032 
1703407233.182 5.086 -5.042 
1703407233.282 5.162 -5.045 
1703407233.382 5.239 -5.048 
1703407233.482 5.313 -5.050 
1703407233.582 5.376 -5.052 
1703407233.682 5.449 -5.045 
1703407233.782 5.547 -5.009 
1703407233.883 5.632 -4.966 
1703407233.985 5.688 -4.940 
1703407235.387 5.749 -4.797 
1703407235.387 5.749 -4.797 
1703407235.487 5.805 -4.864 
1703407235.589 5.897 -4.933 
1703407235.688 6.000 -5.011 
1703407235.788 6.093 -5.087 
1703407235.888 6.192 -5.153 
1703407235.989 6.287 -5.215 
1703407236.088 6.382 -5.277 
1703407236.188 6.481 -5.347 
1703407236.288 6.578 -5.415 
1703407236.389 6.673 -5.479 
1703407236.489 6.768 -5.544 
1703407236.589 6.867 -5.615 
1703407236.691 6.967 -5.687 
1703407236.790 7.062 -5.754 
1703407236.890 7.157 -5.825 
1703407236.990 7.240 -5.885 
1703407237.091 7.332 -5.962 
1703407237.191 7.413 -6.024 
1703407237.291 7.482 -6.079 
1703407237.391 7.547 -6.140 
1703407237.490 7.613 -6.193 
1703407237.591 7.678 -6.245 
1703407237.691 7.737 -6.298 
1703407237.795 7.784 -6.353 
1703407237.891 7.824 -6.407 
1703407237.993 7.869 -6.478 
1703407238.092 7.907 -6.544 
1703407238.191 7.943 -6.631 
1703407238.292 7.988 -6.683 
1703407238.393 8.034 -6.731 
1703407238.492 8.081 -6.788 
1703407238.592 8.128 -6.844 
1703407238.693 8.139 -6.936 
1703407238.793 8.163 -7.028 
1703407238.893 8.181 -7.114 
1703407238.993 8.169 -7.197 
1703407239.094 8.127 -7.278 
1703407239.193 8.080 -7.339 
1703407239.294 8.018 -7.401 
1703407239.394 7.951 -7.479 
1703407239.494 7.897 -7.543 
1703407239.594 7.846 -7.596 
1703407239.694 7.779 -7.642 
1703407239.794 7.701 -7.684 
1703407239.894 7.618 -7.726 
1703407239.994 7.550 -7.766 
1703407240.094 7.489 -7.790 
1703407240.194 7.428 -7.814 
1703407240.295 7.363 -7.841 
1703407240.395 7.294 -7.867 
1703407240.495 7.209 -7.889 
1703407240.594 7.108 -7.903 
1703407240.696 7.020 -7.923 
1703407240.795 6.940 -7.945 
1703407240.895 6.857 -7.972 
1703407240.995 6.769 -7.995 
1703407241.096 6.682 -8.015 
1703407241.196 6.593 -8.034 
1703407241.295 6.504 -8.052 
1703407241.396 6.410 -8.071 
1703407241.496 6.308 -8.093 
1703407241.596 6.215 -8.112 
1703407241.696 6.119 -8.126 
1703407241.796 6.022 -8.139 
1703407241.896 5.921 -8.152 
1703407241.996 5.844 -8.158 
1703407242.096 5.782 -8.164 
1703407242.197 5.713 -8.178 
1703407242.298 5.640 -8.187 
1703407242.397 5.559 -8.194 
1703407242.498 5.480 -8.201 
1703407242.597 5.403 -8.207 
1703407242.698 5.323 -8.216 
1703407242.798 5.244 -8.224 
1703407242.898 5.165 -8.231 
1703407242.998 5.088 -8.237 
1703407243.098 5.009 -8.243 
1703407243.198 4.929 -8.250 
1703407243.298 4.841 -8.251 
1703407243.398 4.761 -8.255 
1703407243.499 4.678 -8.260 
1703407243.599 4.600 -8.263 
1703407243.699 4.518 -8.265 
1703407243.799 4.434 -8.265 
1703407243.900 4.351 -8.268 
1703407243.999 4.268 -8.268 
1703407244.099 4.186 -8.268 
1703407244.200 4.102 -8.269 
1703407244.299 4.020 -8.271 
1703407244.400 3.938 -8.272 
1703407244.500 3.852 -8.271 
1703407244.600 3.766 -8.272 
1703407244.700 3.681 -8.272 
1703407244.802 3.595 -8.271 
1703407244.900 3.514 -8.268 
1703407245.001 3.427 -8.265 
1703407245.100 3.341 -8.263 
1703407245.201 3.255 -8.262 
1703407245.301 3.169 -8.260 
1703407245.401 3.083 -8.256 
1703407245.501 2.998 -8.252 
1703407245.601 2.910 -8.247 
1703407245.702 2.823 -8.243 
1703407245.802 2.736 -8.240 
1703407245.904 2.649 -8.236 
1703407246.003 2.562 -8.231 
1703407246.102 2.474 -8.225 
1703407246.202 2.385 -8.218 
1703407246.303 2.297 -8.213 
1703407246.402 2.207 -8.208 
1703407246.503 2.118 -8.202 
1703407246.605 2.028 -8.195 
1703407246.703 1.942 -8.187 
1703407246.803 1.850 -8.180 
1703407246.903 1.761 -8.174 
1703407247.005 1.669 -8.168 
1703407247.104 1.579 -8.159 
1703407247.204 1.489 -8.151 
1703407247.304 1.396 -8.142 
1703407247.404 1.305 -8.133 
1703407247.505 1.213 -8.126 
1703407247.605 1.122 -8.117 
1703407247.705 1.029 -8.108 
1703407247.805 0.937 -8.099 
1703407247.906 0.844 -8.089 
1703407248.005 0.748 -8.080 
1703407248.105 0.646 -8.071 
1703407249.710 0.491 -7.884 
1703407249.711 0.491 -7.884 
1703407249.810 0.462 -7.927 
1703407249.910 0.348 -8.016 
1703407250.011 0.214 -8.105 
1703407250.111 0.143 -8.206 
1703407250.210 0.063 -8.303 
1703407250.310 -0.030 -8.368 
1703407250.410 -0.114 -8.387 
1703407250.511 -0.209 -8.375 
1703407250.611 -0.317 -8.357 
1703407250.711 -0.471 -8.359 
1703407250.811 -0.623 -8.356 
1703407250.912 -0.731 -8.365 
1703407251.012 -0.836 -8.379 
1703407251.112 -0.960 -8.384 
1703407251.212 -1.084 -8.392 
1703407251.312 -1.201 -8.405 
1703407251.412 -1.320 -8.419 
1703407251.512 -1.442 -8.430 
1703407251.613 -1.563 -8.440 
1703407251.713 -1.681 -8.450 
1703407251.813 -1.801 -8.461 
1703407251.913 -1.921 -8.472 
1703407252.013 -2.026 -8.480 
1703407252.112 -2.123 -8.488 
1703407252.212 -2.221 -8.496 
1703407252.313 -2.323 -8.505 
1703407252.413 -2.421 -8.512 
1703407252.513 -2.525 -8.518 
1703407252.614 -2.624 -8.525 
1703407252.713 -2.722 -8.532 
1703407252.815 -2.824 -8.539 
1703407252.915 -2.924 -8.545 
1703407253.014 -3.022 -8.551 
1703407253.115 -3.122 -8.556 
1703407253.219 -3.227 -8.562 
1703407253.315 -3.317 -8.558 
1703407253.414 -3.410 -8.545 
1703407253.515 -3.451 -8.585 
1703407254.218 -3.540 -8.778 
1703407254.318 -3.557 -8.747 
1703407254.418 -3.587 -8.654 
1703407254.519 -3.618 -8.523 
1703407254.619 -3.669 -8.422 
1703407254.719 -3.688 -8.294 
1703407254.820 -3.673 -8.149 
1703407254.919 -3.627 -7.985 
1703407255.019 -3.577 -7.929 
1703407255.120 -3.511 -7.897 
1703407255.219 -3.496 -7.829 
1703407255.319 -3.512 -7.740 
1703407255.421 -3.564 -7.641 
1703407255.522 -3.646 -7.540 
1703407255.621 -3.757 -7.459 
1703407255.721 -3.892 -7.388 
1703407255.821 -4.012 -7.335 
1703407255.921 -4.108 -7.305 
1703407256.022 -4.205 -7.271 
1703407256.121 -4.299 -7.228 
1703407256.222 -4.370 -7.176 
1703407256.322 -4.398 -7.151 
1703407256.423 -4.377 -7.135 
1703407256.522 -4.428 -7.135 
1703407256.623 -4.503 -7.119 
1703407256.723 -4.600 -7.103 
1703407257.225 -4.791 -7.064 
1703407257.324 -4.802 -7.061 
1703407257.424 -4.828 -7.005 
1703407257.524 -4.889 -6.901 
1703407260.230 -4.887 -6.516 
1703407260.330 -4.895 -6.494 
1703407260.430 -4.859 -6.421 
1703407260.530 -4.755 -6.310 
1703407260.635 -4.650 -6.176 
1703407260.733 -4.630 -6.091 
1703407262.838 -4.643 -6.069 
1703407262.937 -4.628 -6.129 
1703407263.037 -4.592 -6.229 
1703407266.449 -4.717 -6.065 
1703407266.450 -4.717 -6.065 
1703407266.550 -4.733 -6.085 
1703407266.650 -4.786 -6.163 
1703407266.750 -4.860 -6.261 
1703407266.850 -4.934 -6.354 
1703407266.950 -5.019 -6.436 
1703407267.051 -5.105 -6.522 
1703407267.150 -5.189 -6.608 
1703407267.251 -5.274 -6.692 
1703407267.352 -5.356 -6.774 
1703407267.451 -5.437 -6.858 
1703407267.551 -5.524 -6.942 
1703407267.651 -5.610 -7.030 
1703407267.751 -5.696 -7.120 
1703407267.851 -5.780 -7.213 
1703407267.952 -5.870 -7.302 
1703407268.051 -5.961 -7.380 
1703407268.152 -6.047 -7.458 
1703407268.252 -6.131 -7.538 
1703407268.352 -6.222 -7.619 
1703407268.452 -6.299 -7.689 
1703407268.552 -6.364 -7.744 
1703407268.653 -6.425 -7.797 
1703407268.752 -6.488 -7.852 
1703407268.853 -6.553 -7.905 
1703407268.953 -6.619 -7.955 
1703407269.053 -6.683 -8.001 
1703407269.155 -6.746 -8.046 
1703407269.253 -6.807 -8.086 
1703407269.354 -6.877 -8.119 
1703407269.454 -6.934 -8.154 
1703407269.553 -6.990 -8.188 
1703407269.653 -7.084 -8.207 
1703407269.754 -7.159 -8.238 
1703407269.854 -7.228 -8.267 
1703407269.953 -7.296 -8.293 
1703407270.054 -7.367 -8.307 
1703407270.154 -7.436 -8.304 
1703407270.254 -7.501 -8.298 
1703407270.354 -7.568 -8.296 
1703407270.454 -7.647 -8.270 
1703407270.554 -7.727 -8.221 
1703407270.654 -7.792 -8.199 
1703407270.754 -7.860 -8.180 
1703407270.855 -7.932 -8.140 
1703407270.955 -8.000 -8.072 
1703407271.055 -8.049 -8.016 
1703407271.155 -8.073 -7.963 
1703407271.256 -8.092 -7.906 
1703407271.355 -8.116 -7.832 
1703407271.456 -8.133 -7.717 
1703407271.556 -8.151 -7.619 
1703407271.657 -8.169 -7.549 
1703407271.756 -8.177 -7.491 
1703407271.856 -8.183 -7.426 
1703407271.957 -8.189 -7.355 
1703407272.057 -8.195 -7.277 
1703407272.156 -8.198 -7.201 
1703407272.256 -8.202 -7.122 
1703407272.357 -8.211 -7.044 
1703407272.458 -8.221 -6.970 
1703407272.557 -8.229 -6.891 
1703407272.658 -8.232 -6.809 
1703407272.757 -8.233 -6.724 
1703407272.858 -8.236 -6.634 
1703407275.666 -8.123 -6.323 
1703407275.667 -8.123 -6.323 
1703407275.767 -8.081 -6.307 
1703407275.867 -7.952 -6.300 
1703407275.968 -7.826 -6.276 
1703407276.067 -7.720 -6.255 
1703407276.168 -7.636 -6.231 
1703407276.268 -7.559 -6.209 
1703407276.367 -7.443 -6.200 
1703407276.468 -7.326 -6.183 
1703407276.568 -7.225 -6.168 
1703407276.668 -7.129 -6.149 
1703407276.768 -7.029 -6.133 
1703407276.868 -6.930 -6.119 
1703407276.968 -6.828 -6.109 
1703407277.069 -6.722 -6.103 
1703407277.169 -6.624 -6.095 
1703407277.270 -6.523 -6.093 
1703407277.370 -6.423 -6.090 
1703407277.469 -6.319 -6.088 
1703407277.575 -6.232 -6.090 
1703407277.670 -6.176 -6.083 
1703407277.770 -6.112 -6.080 
1703407277.870 -6.038 -6.080 
1703407277.971 -5.954 -6.080 
1703407278.071 -5.872 -6.076 
1703407278.171 -5.793 -6.074 
1703407278.271 -5.711 -6.081 
1703407278.371 -5.627 -6.088 
1703407278.472 -5.546 -6.091 
1703407278.572 -5.470 -6.096 
1703407278.672 -5.388 -6.103 
1703407278.771 -5.305 -6.112 
1703407278.871 -5.220 -6.123 
1703407278.972 -5.137 -6.135 
1703407279.072 -5.051 -6.147 
1703407279.172 -4.966 -6.157 
1703407279.272 -4.878 -6.170 
1703407279.373 -4.791 -6.183 
1703407279.472 -4.700 -6.197 
1703407279.573 -4.606 -6.212 
1703407279.672 -4.513 -6.224 
1703407279.773 -4.419 -6.234 
1703407279.872 -4.323 -6.240 
1703407279.973 -4.226 -6.246 
1703407280.073 -4.129 -6.253 
1703407280.173 -4.030 -6.260 
1703407280.274 -3.929 -6.267 
1703407280.373 -3.828 -6.272 
1703407280.474 -3.726 -6.273 
1703407280.574 -3.623 -6.272 
1703407280.675 -3.519 -6.270 
1703407280.775 -3.416 -6.269 
1703407280.875 -3.312 -6.268 
1703407280.976 -3.209 -6.263 
1703407281.075 -3.107 -6.258 
1703407281.177 -3.004 -6.250 
1703407281.276 -2.903 -6.245 
1703407281.376 -2.803 -6.240 
1703407281.476 -2.706 -6.232 
1703407281.576 -2.607 -6.225 
1703407281.677 -2.515 -6.219 
1703407281.778 -2.423 -6.206 
1703407281.876 -2.331 -6.192 
1703407281.977 -2.243 -6.176 
1703407282.076 -2.159 -6.159 
1703407282.177 -2.077 -6.145 
1703407282.277 -1.999 -6.134 
1703407282.377 -1.917 -6.111 
1703407282.476 -1.834 -6.085 
1703407282.577 -1.754 -6.066 
1703407282.677 -1.677 -6.052 
1703407282.777 -1.604 -6.036 
1703407282.877 -1.528 -6.019 
1703407282.978 -1.443 -5.992 
1703407283.077 -1.363 -5.950 
1703407283.178 -1.287 -5.904 
1703407283.278 -1.211 -5.856 
1703407283.378 -1.135 -5.827 
1703407283.478 -1.058 -5.793 
1703407283.578 -0.984 -5.752 
1703407283.689 -0.916 -5.697 
1703407283.782 -0.858 -5.647 
1703407283.881 -0.794 -5.593 
1703407283.980 -0.738 -5.517 
1703407284.080 -0.692 -5.435 
1703407284.180 -0.642 -5.369 
1703407284.280 -0.587 -5.322 
1703407284.380 -0.532 -5.250 
1703407284.480 -0.495 -5.160 
1703407284.581 -0.460 -5.067 
1703407284.681 -0.428 -4.976 
1703407284.782 -0.412 -4.877 
1703407284.883 -0.427 -4.775 
1703407284.982 -0.449 -4.684 
1703407285.083 -0.472 -4.589 
1703407285.184 -0.504 -4.485 
1703407285.284 -0.555 -4.386 
1703407285.385 -0.614 -4.298 
1703407285.485 -0.676 -4.212 
1703407285.585 -0.728 -4.118 
1703407285.685 -0.774 -4.028 
1703407285.785 -0.834 -3.949 
1703407285.885 -0.909 -3.878 
1703407285.986 -1.005 -3.807 
1703407286.086 -1.098 -3.730 
1703407286.186 -1.185 -3.655 
1703407286.286 -1.275 -3.580 
1703407286.386 -1.363 -3.503 
1703407286.486 -1.449 -3.424 
1703407286.586 -1.535 -3.349 
1703407286.686 -1.618 -3.277 
1703407286.787 -1.703 -3.200 
1703407286.887 -1.779 -3.110 
1703407286.987 -1.848 -3.026 
1703407287.087 -1.920 -2.946 
1703407287.187 -1.984 -2.868 
1703407287.287 -2.031 -2.760 
1703407287.387 -2.085 -2.660 
1703407287.488 -2.138 -2.566 
1703407287.587 -2.181 -2.458 
1703407287.687 -2.218 -2.360 
1703407287.788 -2.247 -2.260 
1703407287.888 -2.274 -2.160 
1703407287.990 -2.285 -2.034 
1703407288.089 -2.289 -1.921 
1703407288.188 -2.292 -1.806 
1703407288.289 -2.294 -1.685 
1703407288.388 -2.296 -1.567 
1703407288.488 -2.299 -1.450 
1703407288.588 -2.301 -1.335 
1703407288.690 -2.299 -1.217 
1703407288.789 -2.297 -1.096 
1703407288.889 -2.296 -0.975 
1703407288.989 -2.293 -0.883 
1703407289.090 -2.295 -0.815 
1703407289.189 -2.292 -0.745 
1703407289.289 -2.288 -0.669 
1703407289.390 -2.283 -0.590 
1703407289.489 -2.294 -0.475 
1703407289.590 -2.304 -0.355 
1703407289.690 -2.309 -0.259 
1703407289.790 -2.311 -0.162 
1703407289.890 -2.328 -0.041 
1703407289.990 -2.336 0.083 
1703407290.090 -2.329 0.141 
1703407290.190 -2.313 0.188 
1703407290.290 -2.314 0.264 
1703407290.390 -2.355 0.365 
1703407290.491 -2.406 0.470 
1703407290.590 -2.444 0.564 
1703407290.691 -2.485 0.660 
1703407290.791 -2.535 0.768 
1703407290.891 -2.587 0.866 
1703407290.993 -2.633 0.942 
1703407291.092 -2.681 1.015 
1703407291.192 -2.758 1.095 
1703407291.291 -2.852 1.161 
1703407291.393 -2.953 1.206 
1703407291.492 -3.052 1.258 
1703407291.592 -3.169 1.310 
1703407291.692 -3.284 1.357 
1703407291.792 -3.395 1.399 
1703407291.892 -3.510 1.427 
1703407291.993 -3.632 1.428 
1703407292.093 -3.748 1.418 
1703407292.193 -3.870 1.416 
1703407292.293 -3.990 1.417 
1703407292.393 -4.103 1.399 
1703407292.493 -4.215 1.365 
1703407292.593 -4.330 1.326 
1703407292.693 -4.446 1.294 
1703407292.793 -4.552 1.261 
1703407292.893 -4.651 1.209 
1703407292.994 -4.750 1.135 
1703407293.093 -4.839 1.063 
1703407293.194 -4.924 0.982 
1703407293.294 -5.006 0.926 
1703407293.395 -5.075 0.886 
1703407293.494 -5.138 0.833 
1703407293.594 -5.197 0.776 
1703407293.695 -5.257 0.709 
1703407293.795 -5.304 0.628 
1703407293.895 -5.331 0.543 
1703407293.998 -5.355 0.453 
1703407294.094 -5.380 0.371 
1703407294.195 -5.412 0.290 
1703407294.295 -5.437 0.213 
1703407294.395 -5.454 0.134 
1703407294.495 -5.472 0.054 
1703407294.595 -5.482 -0.022 
1703407294.696 -5.525 -0.119 
1703407294.796 -5.536 -0.203 
1703407294.896 -5.544 -0.282 
1703407294.996 -5.570 -0.365 
1703407295.095 -5.596 -0.452 
1703407295.196 -5.639 -0.534 
1703407295.296 -5.716 -0.614 
1703407295.396 -5.808 -0.673 
1703407295.496 -5.905 -0.716 
1703407295.596 -5.987 -0.747 
1703407295.697 -6.043 -0.750 
1703407295.799 -6.123 -0.754 
1703407295.904 -6.224 -0.755 
1703407295.999 -6.347 -0.754 
1703407296.098 -6.461 -0.761 
1703407296.197 -6.565 -0.770 
1703407296.297 -6.661 -0.782 
1703407296.398 -6.758 -0.795 
1703407296.498 -6.834 -0.804 
1703407296.597 -6.919 -0.779 
1703407296.697 -7.016 -0.700 
1703407296.798 -7.110 -0.626 
1703407296.898 -7.194 -0.571 
1703407296.998 -7.272 -0.506 
1703407297.098 -7.346 -0.434 
1703407297.198 -7.419 -0.356 
1703407297.298 -7.486 -0.271 
1703407297.399 -7.552 -0.185 
1703407297.498 -7.611 -0.090 
1703407297.599 -7.667 0.011 
1703407297.698 -7.716 0.098 
1703407297.798 -7.755 0.168 
1703407297.899 -7.772 0.219 
1703407297.999 -7.788 0.264 
1703407298.099 -7.818 0.336 
1703407298.199 -7.864 0.445 
1703407298.299 -7.904 0.538 
1703407298.400 -7.938 0.611 
1703407298.499 -7.969 0.675 
1703407298.600 -7.999 0.747 
1703407298.700 -8.032 0.825 
1703407298.800 -8.058 0.921 
1703407299.902 -8.137 1.014 
1703407299.903 -8.137 1.014 
1703407300.004 -8.162 1.028 
1703407300.103 -8.224 1.097 
1703407300.203 -8.311 1.175 
1703407300.304 -8.395 1.231 
1703407300.403 -8.479 1.277 
1703407300.506 -8.565 1.353 
1703407300.605 -8.643 1.434 
1703407300.704 -8.709 1.523 
1703407300.804 -8.754 1.620 
1703407300.905 -8.746 1.718 
1703407301.006 -8.706 1.790 
1703407301.104 -8.701 1.889 
1703407301.205 -8.720 2.010 
1703407301.305 -8.738 2.104 
1703407301.405 -8.741 2.218 
1703407301.505 -8.738 2.340 
1703407301.605 -8.744 2.456 
1703407301.706 -8.752 2.578 
1703407301.805 -8.760 2.699 
1703407301.905 -8.769 2.818 
1703407302.006 -8.779 2.939 
1703407302.106 -8.784 3.056 
1703407302.205 -8.791 3.180 
1703407302.306 -8.799 3.308 
1703407302.410 -8.803 3.433 
1703407302.506 -8.815 3.551 
1703407303.310 -8.843 3.773 
1703407303.411 -8.893 3.777 
1703407303.511 -8.940 3.783 
1703407303.611 -8.933 3.772 
1703407303.712 -8.862 3.803 
1703407303.812 -8.747 3.886 
1703407303.911 -8.637 3.965 
1703407304.013 -8.534 4.066 
1703407304.112 -8.454 4.120 
1703407304.213 -8.396 4.180 
1703407304.312 -8.304 4.251 
1703407304.412 -8.196 4.336 
1703407304.512 -8.112 4.416 
1703407304.613 -8.031 4.501 
1703407304.713 -7.944 4.582 
1703407304.813 -7.817 4.657 
1703407304.913 -7.703 4.721 
1703407305.014 -7.612 4.772 
1703407305.113 -7.538 4.808 
1703407305.213 -7.469 4.829 
1703407305.314 -7.442 4.831 
1703407305.413 -7.445 4.834 
1703407305.513 -7.382 4.830 
1703407305.614 -7.250 4.795 
1703407305.714 -7.106 4.780 
1703407305.814 -6.973 4.758 
1703407305.916 -6.904 4.721 
1703407306.015 -6.827 4.709 
1703407306.115 -6.709 4.773 
1703407306.215 -6.594 4.808 
1703407306.315 -6.507 4.859 
1703407306.415 -6.457 4.926 
1703407306.516 -6.403 4.997 
1703407306.615 -6.320 5.079 
1703407306.716 -6.241 5.154 
1703407308.020 -6.347 5.256 
1703407308.122 -6.287 5.230 
1703407308.222 -6.193 5.184 
1703407308.323 -6.099 5.154 
1703407308.424 -5.994 5.136 
1703407308.524 -5.856 5.141 
1703407308.624 -5.775 5.153 
1703407308.724 -5.699 5.178 
1703407314.237 -5.009 4.558 
1703407314.238 -5.009 4.557 
1703407314.340 -5.025 4.563 
1703407314.440 -5.096 4.620 
1703407314.541 -5.199 4.690 
1703407314.641 -5.286 4.759 
1703407314.742 -5.373 4.829 
1703407314.841 -5.466 4.904 
1703407314.940 -5.557 4.981 
1703407315.041 -5.647 5.060 
1703407315.141 -5.738 5.141 
1703407315.242 -5.828 5.224 
1703407315.341 -5.920 5.309 
1703407315.441 -6.010 5.395 
1703407315.542 -6.097 5.477 
1703407315.641 -6.185 5.564 
1703407315.743 -6.275 5.646 
1703407315.843 -6.362 5.732 
1703407315.944 -6.448 5.817 
1703407316.046 -6.531 5.909 
1703407316.145 -6.615 5.995 
1703407316.244 -6.698 6.079 
1703407316.345 -6.781 6.165 
1703407316.445 -6.863 6.252 
1703407316.545 -6.941 6.342 
1703407316.646 -7.019 6.434 
1703407316.745 -7.094 6.529 
1703407316.845 -7.169 6.625 
1703407316.945 -7.239 6.722 
1703407317.045 -7.308 6.819 
1703407317.145 -7.379 6.915 
1703407317.247 -7.453 7.012 
1703407317.346 -7.528 7.105 
1703407317.447 -7.589 7.206 
1703407317.546 -7.639 7.314 
1703407317.648 -7.690 7.422 
1703407317.748 -7.745 7.531 
1703407317.849 -7.797 7.637 
1703407317.948 -7.845 7.743 
1703407318.049 -7.889 7.856 
1703407323.461 -7.868 8.019 
1703407323.462 -7.868 8.019 
1703407323.563 -7.843 7.999 
1703407323.663 -7.791 7.905 
1703407323.763 -7.722 7.789 
1703407323.863 -7.649 7.702 
1703407323.963 -7.573 7.611 
1703407324.064 -7.499 7.515 
1703407324.163 -7.428 7.422 
1703407324.263 -7.356 7.327 
1703407324.364 -7.282 7.233 
1703407324.464 -7.212 7.138 
1703407324.563 -7.142 7.042 
1703407324.664 -7.073 6.945 
1703407324.764 -7.008 6.846 
1703407324.864 -6.939 6.747 
1703407324.964 -6.876 6.647 
1703407325.064 -6.817 6.546 
1703407325.165 -6.752 6.444 
1703407325.265 -6.692 6.340 
1703407325.367 -6.632 6.236 
1703407325.466 -6.573 6.132 
1703407325.565 -6.517 6.024 
1703407325.665 -6.460 5.917 
1703407325.765 -6.408 5.806 
1703407325.865 -6.358 5.695 
1703407325.965 -6.306 5.583 
1703407326.065 -6.256 5.470 
1703407326.166 -6.204 5.359 
1703407326.265 -6.157 5.247 
1703407326.366 -6.110 5.132 
1703407326.466 -6.061 5.018 
1703407326.566 -6.015 4.902 
1703407326.667 -5.966 4.788 
1703407326.766 -5.920 4.677 
1703407326.867 -5.877 4.566 
1703407326.967 -5.832 4.453 
1703407327.067 -5.787 4.342 
1703407327.167 -5.739 4.231 
1703407327.268 -5.684 4.123 
1703407327.369 -5.626 4.016 
1703407327.468 -5.573 3.910 
1703407327.568 -5.529 3.805 
1703407327.668 -5.484 3.702 
1703407327.768 -5.436 3.598 
1703407327.868 -5.383 3.493 
1703407327.969 -5.319 3.386 
1703407328.068 -5.256 3.277 
1703407328.169 -5.207 3.165 
1703407328.272 -5.160 3.044 
1703407328.372 -5.104 2.939 
1703407328.473 -5.045 2.853 
1703407328.573 -4.983 2.775 
1703407328.672 -4.917 2.702 
1703407328.773 -4.846 2.636 
1703407328.873 -4.774 2.576 
1703407328.973 -4.703 2.516 
1703407329.073 -4.659 2.458 
1703407329.174 -4.623 2.407 
1703407329.274 -4.530 2.369 
1703407329.373 -4.400 2.363 
1703407329.473 -4.287 2.375 
1703407329.573 -4.180 2.374 
1703407329.673 -4.075 2.367 
1703407329.774 -3.968 2.372 
1703407329.874 -3.889 2.386 
1703407329.974 -3.829 2.389 
1703407330.073 -3.745 2.394 
1703407330.174 -3.650 2.400 
1703407330.274 -3.561 2.412 
1703407330.374 -3.472 2.425 
1703407330.474 -3.381 2.439 
1703407330.575 -3.288 2.453 
1703407330.674 -3.194 2.468 
1703407330.774 -3.097 2.483 
1703407330.874 -2.998 2.496 
1703407330.976 -2.898 2.510 
1703407331.076 -2.797 2.524 
1703407331.176 -2.698 2.539 
1703407331.276 -2.600 2.553 
1703407331.375 -2.497 2.563 
1703407331.475 -2.394 2.571 
1703407331.575 -2.291 2.579 
1703407331.676 -2.188 2.589 
1703407331.776 -2.083 2.601 
1703407331.876 -1.978 2.609 
1703407331.976 -1.872 2.611 
1703407332.077 -1.769 2.615 
1703407332.178 -1.663 2.619 
1703407332.277 -1.550 2.620 
1703407332.378 -1.438 2.622 
1703407332.478 -1.328 2.623 
1703407332.577 -1.218 2.624 
1703407332.678 -1.109 2.626 
1703407332.778 -1.001 2.626 
1703407332.878 -0.891 2.626 
1703407332.979 -0.783 2.626 
1703407333.078 -0.675 2.626 
1703407333.179 -0.569 2.625 
1703407333.280 -0.463 2.624 
1703407333.380 -0.359 2.623 
1703407333.479 -0.257 2.630 
1703407333.579 -0.152 2.634 
1703407333.679 -0.054 2.634 
1703407333.780 0.048 2.639 
1703407333.881 0.144 2.646 
1703407333.981 0.240 2.665 
1703407334.081 0.340 2.683 
1703407334.181 0.447 2.703 
1703407334.281 0.534 2.700 
1703407334.381 0.624 2.707 
1703407334.482 0.717 2.744 
1703407334.581 0.815 2.785 
1703407334.682 0.912 2.821 
1703407334.783 1.000 2.861 
1703407334.882 1.085 2.906 
1703407334.982 1.166 2.960 
1703407335.082 1.250 3.020 
1703407335.181 1.331 3.075 
1703407335.282 1.416 3.134 
1703407335.382 1.498 3.194 
1703407335.482 1.578 3.255 
1703407335.584 1.656 3.326 
1703407335.684 1.731 3.402 
1703407335.784 1.792 3.480 
1703407335.883 1.855 3.557 
1703407335.984 1.924 3.634 
1703407336.083 1.984 3.722 
1703407336.185 2.034 3.808 
1703407336.285 2.066 3.898 
1703407336.385 2.092 4.006 
1703407336.487 2.110 4.111 
1703407336.586 2.126 4.210 
1703407336.686 2.144 4.305 
1703407336.785 2.162 4.400 
1703407336.885 2.170 4.499 
1703407336.986 2.171 4.598 
1703407337.086 2.161 4.705 
1703407337.186 2.136 4.808 
1703407337.286 2.086 4.913 
1703407337.386 2.037 5.014 
1703407337.485 1.987 5.086 
1703407337.590 1.935 5.152 
1703407337.688 1.866 5.222 
1703407337.787 1.786 5.298 
1703407337.887 1.706 5.380 
1703407337.986 1.623 5.459 
1703407338.086 1.539 5.535 
1703407338.186 1.452 5.615 
1703407338.287 1.369 5.696 
1703407338.387 1.287 5.777 
1703407338.487 1.202 5.856 
1703407338.588 1.114 5.936 
1703407338.688 1.027 6.014 
1703407338.788 0.938 6.093 
1703407338.887 0.851 6.171 
1703407338.987 0.763 6.250 
1703407339.088 0.675 6.328 
1703407339.197 0.588 6.407 
1703407339.294 0.500 6.485 
1703407339.390 0.412 6.565 
1703407339.489 0.323 6.646 
1703407339.588 0.236 6.725 
1703407339.688 0.146 6.803 
1703407339.788 0.056 6.883 
1703407339.889 -0.033 6.962 
1703407339.989 -0.122 7.045 
1703407340.088 -0.216 7.129 
1703407340.189 -0.309 7.207 
1703407340.289 -0.400 7.284 
1703407340.389 -0.490 7.363 
1703407340.489 -0.582 7.442 
1703407340.591 -0.676 7.519 
1703407340.690 -0.766 7.595 
1703407340.790 -0.857 7.671 
1703407340.889 -0.948 7.745 
1703407340.989 -1.028 7.807 
1703407341.090 -1.099 7.860 
1703407341.190 -1.160 7.911 
1703407341.290 -1.225 7.963 
1703407341.390 -1.289 8.012 
1703407341.491 -1.351 8.057 
1703407341.591 -1.452 8.105 
1703407341.690 -1.547 8.152 
1703407341.792 -1.608 8.195 
1703407341.890 -1.665 8.234 
1703407341.991 -1.725 8.279 
1703407342.091 -1.820 8.283 
1703407342.190 -1.899 8.256 
1703407342.291 -1.969 8.213 
1703407342.392 -2.017 8.175 
1703407342.492 -2.050 8.128 
1703407342.591 -2.076 8.100 
1703407342.692 -2.103 8.077 
1703407342.792 -2.122 8.007 
1703407342.892 -2.146 7.910 
1703407342.993 -2.177 7.831 
1703407343.092 -2.190 7.783 
1703407343.193 -2.222 7.733 
1703407343.292 -2.260 7.666 
1703407343.392 -2.301 7.598 
1703407347.798 -2.117 7.149 
1703407347.799 -2.117 7.149 
1703407347.899 -2.023 7.224 
1703407348.000 -1.922 7.316 
1703407348.100 -1.829 7.401 
1703407348.200 -1.734 7.463 
1703407348.300 -1.633 7.527 
1703407348.399 -1.548 7.585 
1703407348.500 -1.479 7.629 
1703407348.600 -1.413 7.669 
1703407348.700 -1.345 7.709 
1703407348.802 -1.275 7.747 
1703407348.902 -1.205 7.785 
1703407349.002 -1.139 7.825 
1703407349.102 -1.071 7.865 
1703407349.203 -1.003 7.903 
1703407349.303 -0.935 7.940 
1703407349.403 -0.864 7.972 
1703407349.504 -0.794 8.000 
1703407349.604 -0.723 8.028 
1703407349.703 -0.658 8.058 
1703407349.805 -0.590 8.084 
1703407349.905 -0.515 8.104 
1703407350.004 -0.445 8.125 
1703407350.104 -0.377 8.150 
1703407350.204 -0.309 8.175 
1703407350.304 -0.241 8.195 
1703407350.405 -0.167 8.214 
1703407350.505 -0.097 8.235 
1703407350.604 -0.030 8.254 
1703407350.705 0.042 8.271 
1703407350.806 0.112 8.288 
1703407350.906 0.183 8.302 
1703407351.006 0.256 8.310 
1703407351.106 0.329 8.320 
1703407351.205 0.401 8.334 
1703407351.306 0.473 8.348 
1703407351.406 0.546 8.359 
1703407351.506 0.622 8.367 
1703407351.606 0.697 8.375 
1703407351.708 0.772 8.384 
1703407351.806 0.850 8.391 
1703407351.906 0.930 8.399 
1703407352.006 1.004 8.407 
1703407352.108 1.083 8.415 
1703407352.207 1.159 8.422 
1703407352.308 1.237 8.429 
1703407352.407 1.313 8.436 
1703407352.507 1.393 8.444 
1703407352.608 1.472 8.455 
1703407352.709 1.546 8.463 
1703407352.808 1.623 8.469 
1703407352.908 1.700 8.477 
1703407353.008 1.778 8.484 
1703407353.108 1.854 8.490 
1703407353.208 1.934 8.496 
1703407353.309 2.009 8.503 
1703407353.408 2.085 8.509 
1703407353.508 2.163 8.515 
1703407353.609 2.240 8.519 
1703407353.709 2.318 8.523 
1703407353.810 2.396 8.528 
1703407353.911 2.476 8.533 
1703407354.017 2.552 8.538 
1703407354.112 2.630 8.543 
1703407354.211 2.708 8.547 
1703407354.310 2.788 8.550 
1703407354.411 2.869 8.553 
1703407354.510 2.949 8.557 
1703407354.610 3.031 8.560 
1703407354.711 3.111 8.564 
1703407354.810 3.193 8.567 
1703407354.911 3.275 8.571 
1703407355.010 3.357 8.576 
1703407355.111 3.440 8.579 
1703407355.212 3.523 8.583 
1703407355.312 3.605 8.586 
1703407355.411 3.687 8.589 
1703407355.511 3.772 8.596 
1703407355.612 3.856 8.603 
1703407355.712 3.933 8.605 
1703407355.812 4.014 8.607 
1703407355.914 4.099 8.611 
1703407356.014 4.181 8.615 
1703407356.113 4.262 8.621 
1703407356.212 4.345 8.626 
1703407356.312 4.424 8.631 
1703407356.412 4.501 8.633 
1703407356.513 4.581 8.635 
1703407356.613 4.661 8.638 
1703407356.713 4.740 8.641 
1703407356.813 4.820 8.645 
1703407356.913 4.901 8.649 
1703407357.013 4.978 8.651 
1703407357.113 5.055 8.653 
1703407357.214 5.132 8.656 
1703407357.314 5.209 8.657 
1703407357.414 5.285 8.659 
1703407357.514 5.361 8.660 
1703407357.614 5.439 8.662 
1703407357.715 5.521 8.665 
1703407357.815 5.588 8.665 
1703407357.915 5.662 8.667 
1703407358.015 5.762 8.668 
1703407358.115 5.881 8.665 
1703407358.216 5.989 8.662 
1703407358.316 6.085 8.662 
1703407358.416 6.174 8.666 
1703407358.515 6.275 8.664 
1703407358.616 6.361 8.665 
1703407358.716 6.450 8.666 
1703407358.817 6.537 8.664 
1703407358.917 6.620 8.662 
1703407359.018 6.697 8.664 
1703407359.118 6.774 8.666 
1703407359.218 6.850 8.666 
1703407359.319 6.928 8.667 
1703407359.418 6.999 8.664 
1703407359.518 7.072 8.654 
1703407359.618 7.147 8.646 
1703407359.719 7.249 8.624 
1703407359.820 7.348 8.611 
1703407359.925 7.434 8.600 
1703407360.019 7.507 8.589 
1703407360.122 7.567 8.585 
1703407360.223 7.620 8.595 
1703407360.323 7.673 8.600 
1703407360.424 7.728 8.617 
1703407360.523 7.805 8.599 
1703407360.623 7.899 8.501 
1703407360.724 7.988 8.436 
1703407360.824 8.031 8.383 
1703407360.924 8.061 8.291 
1703407361.024 8.081 8.187 
1703407361.124 8.103 8.085 
1703407361.226 8.129 7.988 
1703407361.324 8.162 7.932 
1703407361.424 8.184 7.874 
1703407361.525 8.185 7.794 
1703407361.624 8.188 7.686 
1703407361.725 8.172 7.606 
1703407361.824 8.175 7.547 
1703407361.924 8.195 7.482 
1703407362.025 8.204 7.413 
1703407362.124 8.209 7.352 
1703407362.225 8.219 7.286 
1703407362.324 8.244 7.204 
1703407362.425 8.266 7.126 
1703407362.526 8.280 7.056 
1703407362.625 8.295 6.986 
1703407362.726 8.307 6.919 
1703407362.825 8.321 6.850 
1703407362.926 8.363 6.764 
1703407363.026 8.412 6.684 
1703407363.126 8.457 6.612 
1703407363.225 8.492 6.542 
1703407363.325 8.525 6.471 
1703407363.427 8.537 6.409 
1703407363.527 8.569 6.348 
