1703408078.739 1.061 0.049 
1703408078.739 1.061 0.049 
1703408078.840 1.064 0.007 
1703408078.940 1.107 -0.087 
1703408079.041 1.198 -0.211 
1703408079.140 1.303 -0.333 
1703408079.240 1.391 -0.453 
1703408079.340 1.443 -0.562 
1703408079.441 1.513 -0.625 
1703408079.541 1.602 -0.693 
1703408079.641 1.713 -0.770 
1703408079.742 1.797 -0.853 
1703408080.446 1.815 -1.055 
1703408080.547 1.774 -1.113 
1703408083.054 2.020 -1.290 
1703408083.153 1.969 -1.253 
1703408083.254 1.861 -1.196 
1703408083.354 1.756 -1.120 
1703408083.455 1.688 -1.054 
1703408083.554 1.633 -0.999 
1703408083.653 1.557 -0.947 
1703408083.754 1.482 -0.881 
1703408083.855 1.409 -0.787 
1703408083.954 1.340 -0.677 
1703408084.055 1.306 -0.569 
1703408084.155 1.317 -0.463 
1703408084.255 1.347 -0.349 
1703408084.355 1.351 -0.221 
1703408084.454 1.344 -0.122 
1703408084.555 1.337 -0.023 
1703408084.655 1.343 0.094 
1703408084.756 1.343 0.217 
1703408084.856 1.335 0.320 
1703408084.958 1.318 0.404 
1703408085.057 1.347 0.518 
1703408086.362 1.320 0.582 
1703408086.464 1.415 0.578 
1703408086.563 1.577 0.586 
1703408086.664 1.687 0.572 
1703408086.764 1.800 0.577 
1703408086.863 1.929 0.617 
1703408086.964 2.046 0.651 
1703408087.065 2.140 0.702 
1703408087.164 2.228 0.800 
1703408087.264 2.319 0.899 
1703408087.365 2.396 0.987 
1703408087.464 2.471 1.078 
1703408087.565 2.535 1.159 
1703408092.774 2.006 1.587 
1703408092.775 2.006 1.587 
1703408092.876 2.028 1.620 
1703408092.976 2.130 1.710 
1703408093.076 2.185 1.792 
1703408093.176 2.268 1.877 
1703408093.277 2.384 1.957 
1703408093.376 2.490 2.007 
1703408093.476 2.605 2.061 
1703408093.577 2.722 2.107 
1703408093.677 2.796 2.144 
1703408093.777 2.846 2.181 
1703408093.877 2.904 2.187 
1703408093.977 2.969 2.197 
1703408094.077 3.047 2.214 
1703408094.177 3.122 2.228 
1703408094.277 3.197 2.231 
1703408094.378 3.275 2.234 
1703408094.478 3.350 2.231 
1703408094.577 3.427 2.228 
1703408094.677 3.504 2.224 
1703408094.778 3.579 2.220 
1703408094.878 3.653 2.218 
1703408094.978 3.728 2.214 
1703408095.078 3.838 2.216 
1703408095.178 3.948 2.208 
1703408095.279 4.051 2.208 
1703408095.378 4.159 2.218 
1703408095.479 4.286 2.231 
1703408095.579 4.415 2.243 
1703408095.680 4.523 2.253 
1703408095.779 4.613 2.260 
1703408095.879 4.708 2.265 
1703408095.979 4.800 2.272 
1703408096.080 4.880 2.282 
1703408096.179 4.959 2.282 
1703408096.280 5.054 2.270 
1703408096.379 5.148 2.269 
1703408096.480 5.247 2.311 
1703408096.580 5.335 2.407 
1703408096.681 5.420 2.499 
1703408096.780 5.498 2.590 
1703408096.881 5.530 2.706 
1703408096.980 5.532 2.812 
1703408097.081 5.518 2.925 
1703408097.181 5.463 3.049 
1703408097.281 5.414 3.162 
1703408097.382 5.347 3.271 
1703408097.481 5.270 3.369 
1703408097.581 5.198 3.459 
1703408097.682 5.132 3.553 
1703408097.782 5.057 3.641 
1703408097.882 4.973 3.724 
1703408097.982 4.885 3.804 
1703408098.083 4.795 3.884 
1703408098.182 4.698 3.957 
1703408098.283 4.604 4.030 
1703408098.388 4.509 4.100 
1703408098.488 4.417 4.164 
1703408098.586 4.335 4.223 
1703408098.685 4.251 4.279 
1703408098.785 4.181 4.321 
1703408098.885 4.139 4.351 
1703408098.985 4.089 4.390 
1703408099.084 4.021 4.439 
1703408099.185 3.957 4.484 
1703408099.285 3.859 4.542 
1703408099.385 3.766 4.600 
1703408099.485 3.682 4.650 
1703408099.586 3.598 4.705 
1703408099.685 3.516 4.762 
1703408099.785 3.437 4.813 
1703408099.886 3.354 4.849 
1703408099.987 3.267 4.879 
1703408100.086 3.177 4.914 
1703408100.186 3.072 4.968 
1703408100.286 2.976 5.003 
1703408100.388 2.879 5.025 
1703408100.487 2.781 5.041 
1703408100.587 2.682 5.043 
1703408100.686 2.598 5.022 
1703408100.788 2.513 4.985 
1703408100.887 2.419 4.937 
1703408100.988 2.337 4.896 
1703408101.087 2.266 4.848 
1703408101.188 2.207 4.770 
1703408101.287 2.155 4.706 
1703408101.387 2.107 4.649 
1703408101.489 2.060 4.578 
1703408101.589 2.012 4.500 
1703408101.690 1.967 4.410 
1703408101.790 1.928 4.323 
1703408101.889 1.886 4.236 
1703408101.990 1.847 4.149 
1703408102.090 1.807 4.058 
1703408102.192 1.766 3.968 
1703408102.291 1.719 3.882 
1703408102.390 1.672 3.798 
1703408102.490 1.625 3.711 
1703408102.591 1.563 3.629 
1703408102.692 1.518 3.568 
1703408102.791 1.476 3.527 
1703408102.892 1.423 3.479 
1703408102.994 1.367 3.424 
1703408103.094 1.308 3.359 
1703408103.193 1.248 3.296 
1703408103.293 1.191 3.239 
1703408103.393 1.132 3.178 
1703408103.494 1.071 3.114 
1703408103.594 1.016 3.053 
1703408103.693 0.964 2.990 
1703408103.793 0.901 2.928 
1703408103.893 0.824 2.876 
1703408103.997 0.782 2.821 
1703408104.097 0.733 2.763 
1703408104.196 0.663 2.709 
1703408104.297 0.559 2.670 
1703408104.396 0.451 2.646 
1703408104.497 0.375 2.640 
1703408104.597 0.298 2.636 
1703408104.697 0.208 2.638 
1703408104.797 0.124 2.636 
1703408104.897 0.040 2.630 
1703408104.997 -0.045 2.629 
1703408105.098 -0.128 2.628 
1703408105.197 -0.207 2.618 
1703408105.298 -0.281 2.599 
1703408105.398 -0.348 2.575 
1703408105.499 -0.418 2.540 
1703408105.598 -0.515 2.485 
1703408105.698 -0.603 2.433 
1703408105.798 -0.668 2.389 
1703408105.898 -0.733 2.349 
1703408105.999 -0.806 2.317 
1703408106.099 -0.873 2.286 
1703408106.199 -0.931 2.256 
1703408106.299 -0.978 2.215 
1703408106.399 -1.028 2.160 
1703408106.500 -1.084 2.077 
1703408106.600 -1.134 2.004 
1703408106.700 -1.178 1.935 
1703408106.800 -1.217 1.865 
1703408106.900 -1.233 1.768 
1703408107.001 -1.241 1.668 
1703408107.100 -1.245 1.576 
1703408107.202 -1.254 1.492 
1703408107.300 -1.265 1.410 
1703408107.401 -1.272 1.320 
1703408107.501 -1.276 1.224 
1703408107.603 -1.281 1.132 
1703408107.701 -1.281 1.046 
1703408107.801 -1.281 0.957 
1703408107.902 -1.284 0.867 
1703408108.003 -1.284 0.776 
1703408108.103 -1.277 0.683 
1703408108.205 -1.270 0.589 
1703408108.303 -1.260 0.497 
1703408108.403 -1.245 0.396 
1703408108.503 -1.238 0.301 
1703408108.603 -1.239 0.239 
1703408108.704 -1.225 0.180 
1703408108.804 -1.208 0.111 
1703408108.904 -1.197 0.040 
1703408109.004 -1.173 -0.041 
1703408109.104 -1.146 -0.121 
1703408109.204 -1.128 -0.186 
1703408109.304 -1.107 -0.252 
1703408109.404 -1.087 -0.320 
1703408109.504 -1.066 -0.392 
1703408109.604 -1.047 -0.465 
1703408109.705 -1.016 -0.534 
1703408109.806 -0.975 -0.609 
1703408109.905 -0.933 -0.686 
1703408110.005 -0.889 -0.766 
1703408110.105 -0.846 -0.846 
1703408110.205 -0.803 -0.925 
1703408110.305 -0.742 -1.016 
1703408110.405 -0.681 -1.110 
1703408110.506 -0.633 -1.202 
1703408110.605 -0.602 -1.264 
1703408110.705 -0.585 -1.325 
1703408110.808 -0.549 -1.371 
1703408110.907 -0.471 -1.432 
1703408111.008 -0.383 -1.513 
1703408111.107 -0.321 -1.582 
1703408111.208 -0.250 -1.657 
1703408111.308 -0.174 -1.744 
1703408111.408 -0.096 -1.836 
1703408111.509 -0.031 -1.917 
1703408111.609 0.015 -1.972 
1703408111.709 0.061 -2.025 
1703408111.809 0.109 -2.092 
1703408111.909 0.162 -2.164 
1703408112.009 0.194 -2.236 
1703408112.109 0.204 -2.303 
1703408112.209 0.218 -2.375 
1703408112.309 0.229 -2.473 
1703408112.409 0.236 -2.580 
1703408112.510 0.246 -2.694 
1703408112.610 0.241 -2.777 
1703408112.710 0.245 -2.805 
1703408112.810 0.255 -2.857 
1703408112.911 0.262 -2.957 
1703408113.010 0.264 -3.049 
1703408113.111 0.269 -3.120 
1703408113.210 0.271 -3.190 
1703408113.313 0.273 -3.259 
1703408113.411 0.272 -3.321 
1703408113.512 0.280 -3.404 
1703408113.612 0.282 -3.497 
1703408113.711 0.290 -3.578 
1703408113.813 0.302 -3.659 
1703408113.912 0.311 -3.743 
1703408114.012 0.323 -3.829 
1703408114.116 0.334 -3.912 
1703408114.213 0.344 -3.985 
1703408114.314 0.350 -4.048 
1703408115.416 0.229 -4.193 
1703408115.516 0.233 -4.215 
1703408115.617 0.309 -4.250 
1703408115.717 0.458 -4.279 
1703408115.817 0.590 -4.337 
1703408115.917 0.700 -4.393 
1703408116.017 0.831 -4.400 
1703408116.118 0.959 -4.404 
1703408116.217 1.090 -4.381 
1703408116.318 1.177 -4.328 
1703408116.418 1.241 -4.270 
1703408116.518 1.297 -4.231 
1703408116.619 1.265 -4.188 
1703408116.719 1.206 -4.163 
1703408116.818 1.160 -4.182 
1703408116.921 1.092 -4.191 
1703408117.022 1.024 -4.179 
1703408117.121 0.981 -4.228 
1703408117.221 0.966 -4.304 
1703408117.320 0.955 -4.380 
1703408117.421 0.964 -4.474 
1703408117.522 1.003 -4.626 
1703408117.621 1.049 -4.796 
1703408117.722 1.057 -4.928 
1703408117.822 1.064 -5.043 
1703408117.921 1.088 -5.138 
1703408118.022 1.164 -5.234 
1703408118.122 1.265 -5.314 
1703408118.223 1.376 -5.373 
1703408118.322 1.496 -5.398 
1703408118.422 1.626 -5.397 
1703408118.522 1.747 -5.387 
1703408118.623 1.864 -5.387 
1703408124.643 2.187 -5.079 
1703408124.644 2.187 -5.079 
1703408124.744 2.152 -5.097 
1703408124.844 2.064 -5.102 
1703408124.944 1.935 -5.147 
1703408125.044 1.809 -5.178 
1703408125.145 1.704 -5.212 
1703408125.246 1.587 -5.244 
1703408125.346 1.469 -5.279 
1703408125.446 1.354 -5.313 
1703408125.547 1.239 -5.350 
1703408125.648 1.124 -5.384 
1703408125.747 1.008 -5.415 
1703408125.847 0.892 -5.446 
1703408125.948 0.777 -5.478 
1703408126.047 0.662 -5.509 
1703408126.148 0.547 -5.541 
1703408126.247 0.433 -5.571 
1703408126.347 0.319 -5.602 
1703408126.448 0.201 -5.633 
1703408126.548 0.085 -5.660 
1703408126.649 -0.031 -5.694 
1703408126.750 -0.146 -5.728 
1703408126.849 -0.256 -5.760 
1703408126.948 -0.372 -5.793 
1703408127.049 -0.477 -5.824 
1703408127.149 -0.571 -5.847 
1703408127.249 -0.634 -5.860 
1703408127.348 -0.694 -5.877 
1703408127.449 -0.760 -5.898 
1703408127.550 -0.837 -5.921 
1703408127.650 -0.917 -5.952 
1703408127.749 -0.988 -5.978 
1703408127.849 -1.065 -6.015 
1703408127.950 -1.142 -6.050 
1703408128.050 -1.229 -6.103 
1703408128.150 -1.324 -6.209 
1703408131.158 -1.332 -6.058 
1703408131.260 -1.284 -6.080 
1703408131.360 -1.157 -6.119 
1703408131.459 -1.023 -6.143 
1703408131.559 -0.904 -6.172 
1703408131.659 -0.789 -6.193 
1703408131.762 -0.665 -6.214 
1703408131.860 -0.569 -6.239 
1703408131.959 -0.489 -6.265 
1703408132.059 -0.427 -6.288 
1703408132.160 -0.366 -6.313 
1703408132.260 -0.300 -6.339 
1703408132.363 -0.229 -6.352 
1703408132.460 -0.147 -6.367 
1703408132.560 -0.052 -6.393 
1703408132.661 0.040 -6.417 
1703408132.761 0.131 -6.443 
1703408132.861 0.228 -6.465 
1703408132.961 0.278 -6.486 
1703408133.062 0.333 -6.494 
1703408133.164 0.420 -6.511 
1703408133.264 0.503 -6.530 
1703408133.364 0.581 -6.547 
1703408133.464 0.658 -6.563 
1703408133.564 0.737 -6.569 
1703408133.665 0.819 -6.578 
1703408133.765 0.900 -6.594 
1703408133.864 0.980 -6.609 
1703408133.965 1.063 -6.623 
1703408134.065 1.144 -6.637 
1703408134.165 1.227 -6.644 
1703408134.265 1.311 -6.649 
1703408134.365 1.393 -6.662 
1703408134.465 1.477 -6.674 
1703408134.565 1.560 -6.686 
1703408134.665 1.643 -6.697 
1703408134.765 1.725 -6.702 
1703408134.865 1.811 -6.700 
1703408134.966 1.894 -6.711 
1703408135.067 1.978 -6.720 
1703408135.167 2.061 -6.729 
1703408135.267 2.141 -6.735 
1703408135.366 2.222 -6.740 
1703408135.467 2.306 -6.739 
1703408135.567 2.387 -6.743 
1703408135.667 2.469 -6.748 
1703408135.767 2.550 -6.752 
1703408135.867 2.629 -6.754 
1703408135.967 2.704 -6.753 
1703408136.068 2.781 -6.748 
1703408136.167 2.857 -6.740 
1703408136.267 2.933 -6.737 
1703408136.367 3.008 -6.732 
1703408136.467 3.082 -6.722 
1703408136.568 3.153 -6.712 
1703408136.668 3.219 -6.704 
1703408136.769 3.288 -6.690 
1703408136.868 3.360 -6.671 
1703408136.969 3.452 -6.640 
1703408137.070 3.554 -6.614 
1703408137.170 3.643 -6.599 
1703408137.270 3.721 -6.587 
1703408137.371 3.806 -6.556 
1703408137.470 3.890 -6.529 
1703408137.570 3.977 -6.505 
1703408137.670 4.049 -6.484 
1703408137.771 4.119 -6.442 
1703408137.871 4.189 -6.396 
1703408137.978 4.254 -6.349 
1703408138.074 4.317 -6.300 
1703408138.173 4.377 -6.249 
1703408138.272 4.435 -6.193 
1703408138.371 4.492 -6.136 
1703408138.473 4.541 -6.081 
1703408138.572 4.591 -6.023 
1703408138.673 4.647 -5.971 
1703408138.773 4.694 -5.913 
1703408138.872 4.739 -5.853 
1703408138.973 4.783 -5.785 
1703408139.072 4.824 -5.714 
1703408139.172 4.875 -5.647 
1703408139.272 4.925 -5.587 
1703408139.373 4.962 -5.515 
1703408139.473 4.994 -5.431 
1703408139.573 5.026 -5.349 
1703408139.673 5.061 -5.267 
1703408139.773 5.099 -5.180 
1703408139.873 5.137 -5.094 
1703408139.973 5.166 -5.055 
1703408143.583 5.079 -4.756 
1703408143.584 5.079 -4.756 
1703408143.683 5.140 -4.826 
1703408143.784 5.228 -4.903 
1703408143.885 5.314 -4.978 
1703408143.984 5.405 -5.036 
1703408144.084 5.498 -5.105 
1703408144.185 5.590 -5.168 
1703408144.285 5.687 -5.234 
1703408144.387 5.785 -5.304 
1703408144.485 5.879 -5.376 
1703408144.586 5.973 -5.444 
1703408144.686 6.070 -5.510 
1703408144.785 6.160 -5.580 
1703408144.886 6.255 -5.654 
1703408144.986 6.345 -5.724 
1703408145.086 6.443 -5.792 
1703408145.187 6.533 -5.867 
1703408145.286 6.605 -5.924 
1703408145.386 6.660 -5.972 
1703408145.486 6.709 -6.018 
1703408145.587 6.759 -6.069 
1703408145.686 6.812 -6.146 
1703408145.787 6.861 -6.217 
1703408145.887 6.905 -6.271 
1703408145.988 6.946 -6.319 
1703408146.098 6.983 -6.363 
1703408146.196 7.019 -6.423 
1703408146.293 7.051 -6.517 
1703408146.392 7.084 -6.603 
1703408146.492 7.121 -6.675 
1703408146.592 7.160 -6.738 
1703408146.692 7.200 -6.803 
1703408146.796 7.233 -6.886 
1703408146.894 7.268 -6.961 
1703408146.994 7.302 -7.029 
1703408147.094 7.327 -7.092 
1703408147.194 7.327 -7.178 
1703408147.294 7.314 -7.261 
1703408147.394 7.292 -7.345 
1703408147.494 7.267 -7.427 
1703408147.602 7.234 -7.509 
1703408147.697 7.199 -7.585 
1703408147.794 7.161 -7.651 
1703408147.895 7.118 -7.710 
1703408147.994 7.106 -7.749 
1703408148.100 7.126 -7.771 
1703408148.196 7.094 -7.811 
1703408148.296 6.976 -7.872 
1703408148.396 6.876 -7.936 
1703408148.496 6.800 -7.987 
1703408148.596 6.766 -8.027 
1703408148.696 6.705 -8.061 
1703408148.796 6.640 -8.096 
1703408148.895 6.574 -8.133 
1703408148.996 6.521 -8.166 
1703408149.096 6.467 -8.199 
1703408149.196 6.393 -8.229 
1703408149.296 6.315 -8.255 
1703408149.396 6.242 -8.279 
1703408149.495 6.174 -8.305 
1703408149.596 6.104 -8.333 
1703408149.696 6.033 -8.361 
1703408149.797 5.949 -8.385 
1703408149.896 5.853 -8.403 
1703408149.997 5.767 -8.419 
1703408150.099 5.690 -8.436 
1703408150.199 5.609 -8.454 
1703408150.299 5.526 -8.477 
1703408150.399 5.434 -8.499 
1703408150.502 5.342 -8.520 
1703408150.599 5.258 -8.535 
1703408150.699 5.168 -8.550 
1703408150.800 5.071 -8.558 
1703408150.902 4.975 -8.568 
1703408151.001 4.877 -8.580 
1703408151.101 4.783 -8.591 
1703408151.201 4.688 -8.601 
1703408151.300 4.591 -8.614 
1703408151.401 4.486 -8.627 
1703408151.501 4.415 -8.641 
1703408151.601 4.352 -8.641 
1703408151.701 4.283 -8.638 
1703408151.801 4.215 -8.642 
1703408151.902 4.138 -8.646 
1703408152.001 4.060 -8.654 
1703408152.102 3.979 -8.659 
1703408152.203 3.899 -8.662 
1703408152.301 3.823 -8.663 
1703408152.402 3.744 -8.664 
1703408152.501 3.664 -8.665 
1703408152.602 3.584 -8.666 
1703408152.703 3.505 -8.668 
1703408152.803 3.425 -8.669 
1703408152.902 3.345 -8.670 
1703408153.002 3.264 -8.669 
1703408153.102 3.183 -8.670 
1703408153.202 3.100 -8.669 
1703408153.303 3.019 -8.669 
1703408153.403 2.937 -8.668 
1703408153.502 2.856 -8.668 
1703408153.604 2.771 -8.667 
1703408153.703 2.690 -8.666 
1703408153.804 2.607 -8.665 
1703408153.903 2.523 -8.664 
1703408154.003 2.439 -8.664 
1703408154.104 2.355 -8.663 
1703408154.204 2.270 -8.661 
1703408154.304 2.185 -8.661 
1703408154.404 2.102 -8.660 
1703408154.504 2.018 -8.659 
1703408154.605 1.934 -8.659 
1703408154.705 1.846 -8.657 
1703408154.805 1.759 -8.656 
1703408154.907 1.673 -8.656 
1703408155.006 1.589 -8.658 
1703408155.107 1.504 -8.659 
1703408155.206 1.418 -8.659 
1703408155.309 1.329 -8.662 
1703408155.409 1.242 -8.664 
1703408155.509 1.153 -8.666 
1703408155.609 1.070 -8.671 
1703408155.709 0.983 -8.674 
1703408155.810 0.892 -8.680 
1703408157.420 0.670 -8.601 
1703408157.421 0.670 -8.601 
1703408157.522 0.643 -8.593 
1703408157.621 0.586 -8.523 
1703408157.722 0.469 -8.450 
1703408157.822 0.369 -8.370 
1703408157.922 0.279 -8.304 
1703408158.022 0.185 -8.246 
1703408158.122 0.084 -8.186 
1703408158.222 -0.015 -8.119 
1703408158.326 -0.119 -8.046 
1703408158.422 -0.214 -7.982 
1703408158.523 -0.315 -7.917 
1703408158.622 -0.416 -7.849 
1703408158.723 -0.516 -7.783 
1703408158.823 -0.616 -7.719 
1703408158.923 -0.717 -7.653 
1703408159.023 -0.816 -7.583 
1703408159.123 -0.916 -7.509 
1703408159.223 -1.019 -7.435 
1703408159.324 -1.119 -7.376 
1703408159.423 -1.221 -7.311 
1703408159.524 -1.323 -7.245 
1703408159.624 -1.426 -7.176 
1703408159.724 -1.530 -7.111 
1703408159.826 -1.634 -7.047 
1703408159.925 -1.738 -6.981 
1703408160.025 -1.836 -6.912 
1703408160.124 -1.937 -6.853 
1703408160.225 -2.043 -6.796 
1703408160.325 -2.152 -6.736 
1703408160.424 -2.256 -6.676 
1703408160.525 -2.361 -6.621 
1703408160.625 -2.468 -6.567 
1703408160.725 -2.575 -6.514 
1703408160.826 -2.680 -6.459 
1703408160.925 -2.783 -6.406 
1703408161.025 -2.887 -6.360 
1703408161.126 -2.978 -6.325 
1703408161.226 -3.057 -6.296 
1703408161.326 -3.126 -6.267 
1703408161.426 -3.192 -6.236 
1703408161.525 -3.257 -6.207 
1703408161.626 -3.338 -6.187 
1703408161.726 -3.433 -6.172 
1703408161.826 -3.518 -6.157 
1703408161.926 -3.590 -6.142 
1703408162.026 -3.680 -6.152 
1703408162.127 -3.780 -6.194 
1703408162.228 -3.867 -6.204 
1703408162.327 -3.962 -6.246 
1703408162.428 -4.045 -6.339 
1703408162.527 -4.128 -6.429 
1703408162.628 -4.188 -6.523 
1703408162.728 -4.223 -6.605 
1703408162.827 -4.239 -6.677 
1703408162.931 -4.229 -6.763 
1703408163.030 -4.203 -6.873 
1703408163.129 -4.172 -7.013 
1703408163.228 -4.139 -7.143 
1703408163.327 -4.110 -7.239 
1703408163.428 -4.083 -7.317 
1703408163.529 -4.046 -7.389 
1703408163.629 -3.994 -7.453 
1703408163.729 -3.958 -7.494 
1703408163.828 -3.931 -7.528 
1703408163.945 -3.836 -7.584 
1703408164.035 -3.724 -7.655 
1703408164.131 -3.642 -7.724 
1703408164.230 -3.581 -7.767 
1703408164.329 -3.526 -7.798 
1703408164.430 -3.444 -7.841 
1703408164.529 -3.372 -7.889 
1703408164.630 -3.311 -7.925 
1703408164.730 -3.251 -7.961 
1703408164.830 -3.187 -8.005 
1703408164.930 -3.117 -8.051 
1703408165.030 -3.038 -8.093 
1703408165.130 -2.963 -8.130 
1703408165.231 -2.889 -8.165 
1703408165.332 -2.810 -8.197 
1703408165.432 -2.722 -8.222 
1703408165.532 -2.637 -8.247 
1703408165.632 -2.554 -8.272 
1703408165.732 -2.469 -8.299 
1703408165.832 -2.383 -8.325 
1703408165.932 -2.290 -8.347 
1703408166.032 -2.197 -8.365 
1703408166.132 -2.106 -8.381 
1703408166.233 -2.014 -8.399 
1703408166.333 -1.922 -8.418 
1703408166.433 -1.826 -8.436 
1703408166.534 -1.720 -8.448 
1703408166.633 -1.623 -8.462 
1703408166.734 -1.529 -8.470 
1703408166.834 -1.430 -8.476 
1703408166.934 -1.327 -8.485 
1703408167.035 -1.255 -8.491 
1703408167.135 -1.198 -8.499 
1703408167.234 -1.122 -8.505 
1703408167.335 -1.043 -8.512 
1703408167.435 -0.969 -8.512 
1703408167.535 -0.891 -8.514 
1703408167.635 -0.812 -8.516 
1703408167.735 -0.733 -8.521 
1703408167.837 -0.655 -8.525 
1703408167.937 -0.574 -8.529 
1703408168.037 -0.496 -8.531 
1703408168.138 -0.416 -8.529 
1703408168.237 -0.337 -8.526 
1703408168.338 -0.255 -8.524 
1703408168.438 -0.175 -8.524 
1703408168.538 -0.094 -8.524 
1703408168.638 -0.015 -8.522 
1703408168.739 0.068 -8.518 
1703408168.838 0.149 -8.510 
1703408168.939 0.231 -8.504 
1703408169.038 0.313 -8.501 
1703408169.138 0.394 -8.495 
1703408169.238 0.476 -8.487 
1703408169.339 0.557 -8.480 
1703408169.439 0.639 -8.471 
1703408169.541 0.720 -8.461 
1703408169.641 0.801 -8.451 
1703408169.741 0.882 -8.443 
1703408169.842 0.963 -8.433 
1703408169.942 1.043 -8.422 
1703408170.041 1.126 -8.409 
1703408170.142 1.208 -8.392 
1703408170.243 1.289 -8.377 
1703408170.342 1.370 -8.363 
1703408170.446 1.450 -8.349 
1703408170.543 1.524 -8.333 
1703408170.643 1.610 -8.318 
1703408170.743 1.690 -8.297 
1703408170.843 1.770 -8.278 
1703408170.943 1.851 -8.259 
1703408171.043 1.929 -8.240 
1703408171.143 2.007 -8.219 
1703408171.244 2.090 -8.198 
1703408171.343 2.171 -8.177 
1703408171.444 2.247 -8.152 
1703408171.544 2.326 -8.129 
1703408171.644 2.404 -8.107 
1703408171.744 2.481 -8.081 
1703408171.845 2.563 -8.054 
1703408171.944 2.643 -8.027 
1703408172.044 2.718 -8.001 
1703408172.146 2.798 -7.973 
1703408172.245 2.875 -7.944 
1703408172.344 2.952 -7.915 
1703408172.446 3.033 -7.884 
1703408172.545 3.112 -7.855 
1703408172.646 3.194 -7.825 
1703408172.748 3.266 -7.792 
1703408172.847 3.342 -7.757 
1703408172.948 3.420 -7.720 
1703408173.048 3.495 -7.680 
1703408173.148 3.570 -7.643 
1703408173.248 3.649 -7.606 
1703408173.349 3.726 -7.578 
1703408173.448 3.798 -7.544 
1703408173.548 3.877 -7.504 
1703408173.649 3.953 -7.463 
1703408173.750 4.030 -7.423 
1703408173.853 4.111 -7.383 
1703408173.949 4.185 -7.348 
1703408174.050 4.259 -7.307 
1703408174.149 4.334 -7.263 
1703408174.249 4.409 -7.220 
1703408174.350 4.485 -7.179 
1703408174.449 4.564 -7.135 
1703408174.550 4.642 -7.089 
1703408174.650 4.710 -7.044 
1703408174.750 4.783 -6.998 
1703408174.850 4.859 -6.951 
1703408174.951 4.935 -6.904 
1703408175.050 5.012 -6.857 
1703408175.151 5.088 -6.810 
1703408175.250 5.157 -6.766 
1703408175.353 5.233 -6.719 
1703408175.452 5.309 -6.672 
1703408175.551 5.384 -6.626 
1703408175.651 5.460 -6.578 
1703408175.752 5.535 -6.529 
1703408175.852 5.609 -6.481 
1703408175.952 5.684 -6.435 
1703408176.051 5.759 -6.389 
1703408176.153 5.837 -6.341 
1703408176.253 5.910 -6.295 
1703408176.353 5.984 -6.244 
1703408176.453 6.057 -6.195 
1703408176.553 6.134 -6.146 
1703408176.654 6.210 -6.100 
1703408176.757 6.288 -6.053 
1703408176.854 6.358 -6.010 
1703408176.954 6.430 -5.961 
1703408177.054 6.506 -5.909 
1703408177.155 6.581 -5.863 
1703408177.255 6.659 -5.817 
1703408177.355 6.733 -5.772 
1703408177.455 6.808 -5.728 
1703408177.555 6.884 -5.681 
1703408177.655 6.961 -5.638 
1703408177.755 7.041 -5.597 
1703408177.855 7.113 -5.555 
1703408177.955 7.182 -5.511 
1703408178.055 7.257 -5.469 
1703408178.156 7.333 -5.422 
1703408178.255 7.410 -5.381 
1703408178.357 7.486 -5.342 
1703408178.456 7.555 -5.300 
1703408178.557 7.631 -5.256 
1703408178.659 7.715 -5.213 
1703408182.563 7.444 -5.138 
1703408182.564 7.444 -5.138 
1703408182.664 7.353 -5.122 
1703408182.764 7.222 -5.112 
1703408182.864 7.131 -5.087 
1703408182.964 7.082 -5.068 
1703408183.064 7.035 -5.060 
1703408183.164 6.921 -5.068 
1703408183.266 6.795 -5.065 
1703408183.365 6.706 -5.061 
1703408183.465 6.646 -5.063 
1703408183.566 6.570 -5.073 
1703408183.665 6.483 -5.081 
1703408183.767 6.414 -5.072 
1703408183.866 6.353 -5.075 
1703408183.966 6.270 -5.082 
1703408184.066 6.169 -5.088 
1703408184.166 6.063 -5.092 
1703408184.267 5.963 -5.091 
1703408184.366 5.887 -5.085 
1703408184.466 5.799 -5.081 
1703408184.566 5.736 -5.093 
1703408184.667 5.654 -5.120 
1703408184.767 5.537 -5.115 
1703408184.870 5.445 -5.104 
1703408184.968 5.347 -5.103 
1703408185.068 5.258 -5.118 
1703408185.169 5.169 -5.131 
1703408185.267 5.079 -5.142 
1703408185.368 4.988 -5.156 
1703408185.468 4.896 -5.174 
1703408185.568 4.804 -5.189 
1703408185.668 4.719 -5.201 
1703408185.768 4.631 -5.204 
1703408185.868 4.547 -5.207 
1703408185.968 4.467 -5.216 
1703408186.069 4.378 -5.215 
1703408186.168 4.284 -5.214 
1703408186.269 4.195 -5.215 
1703408186.370 4.114 -5.218 
1703408186.469 4.034 -5.219 
1703408186.569 3.945 -5.221 
1703408186.669 3.856 -5.220 
1703408186.769 3.768 -5.218 
1703408186.869 3.677 -5.216 
1703408186.970 3.587 -5.216 
1703408187.070 3.504 -5.216 
1703408187.169 3.419 -5.213 
1703408187.270 3.316 -5.189 
1703408187.369 3.221 -5.169 
1703408187.470 3.134 -5.153 
1703408187.571 3.055 -5.145 
1703408187.671 2.969 -5.132 
1703408187.771 2.873 -5.110 
1703408187.872 2.781 -5.089 
1703408187.971 2.693 -5.067 
1703408188.071 2.604 -5.045 
1703408188.172 2.520 -5.035 
1703408188.271 2.428 -5.012 
1703408188.372 2.336 -4.987 
1703408188.474 2.252 -4.963 
1703408188.574 2.164 -4.936 
1703408188.674 2.081 -4.888 
1703408188.774 2.008 -4.815 
1703408188.874 1.937 -4.761 
1703408188.975 1.868 -4.717 
1703408189.075 1.796 -4.638 
1703408189.174 1.732 -4.556 
1703408189.275 1.682 -4.475 
1703408189.375 1.636 -4.391 
1703408189.475 1.600 -4.280 
1703408189.575 1.562 -4.161 
1703408189.675 1.544 -4.066 
1703408189.775 1.539 -3.963 
1703408189.876 1.539 -3.854 
1703408189.975 1.541 -3.747 
1703408190.076 1.549 -3.650 
1703408190.176 1.559 -3.546 
1703408190.275 1.575 -3.442 
1703408190.376 1.592 -3.349 
1703408190.476 1.608 -3.260 
1703408190.576 1.624 -3.169 
1703408190.676 1.637 -3.081 
1703408190.778 1.651 -2.996 
1703408190.879 1.669 -2.912 
1703408190.978 1.677 -2.822 
1703408191.079 1.680 -2.740 
1703408191.178 1.683 -2.666 
1703408191.279 1.690 -2.587 
1703408191.379 1.697 -2.509 
1703408191.480 1.705 -2.431 
1703408191.579 1.713 -2.355 
1703408191.680 1.724 -2.271 
1703408191.779 1.734 -2.189 
1703408191.879 1.744 -2.100 
1703408191.981 1.755 -2.007 
1703408192.080 1.766 -1.913 
1703408192.180 1.775 -1.813 
1703408192.280 1.783 -1.708 
1703408192.380 1.788 -1.597 
1703408192.481 1.796 -1.491 
1703408192.580 1.805 -1.387 
1703408192.680 1.821 -1.270 
1703408192.780 1.835 -1.150 
1703408192.881 1.838 -1.038 
1703408192.981 1.836 -0.918 
1703408193.081 1.834 -0.797 
1703408193.181 1.830 -0.677 
1703408193.281 1.827 -0.559 
1703408193.382 1.822 -0.440 
1703408193.481 1.823 -0.330 
1703408193.582 1.828 -0.227 
1703408193.682 1.831 -0.129 
1703408193.782 1.840 -0.024 
1703408193.882 1.849 0.082 
1703408193.982 1.857 0.189 
1703408194.082 1.863 0.290 
1703408194.182 1.869 0.392 
1703408194.282 1.874 0.489 
1703408194.382 1.875 0.584 
1703408194.487 1.879 0.682 
1703408194.587 1.885 0.773 
1703408194.688 1.890 0.858 
1703408194.787 1.891 0.941 
1703408194.888 1.883 1.017 
1703408194.988 1.868 1.096 
1703408195.088 1.853 1.205 
1703408195.189 1.844 1.321 
1703408195.288 1.839 1.427 
1703408195.388 1.840 1.524 
1703408195.489 1.847 1.608 
1703408195.590 1.865 1.685 
1703408195.691 1.899 1.756 
1703408195.790 1.905 1.788 
1703408195.890 1.901 1.818 
1703408195.990 1.983 1.879 
1703408196.091 2.090 1.953 
1703408196.190 2.158 2.022 
1703408196.291 2.247 2.072 
1703408196.391 2.341 2.108 
1703408196.491 2.419 2.149 
1703408196.591 2.496 2.175 
1703408196.691 2.580 2.193 
1703408196.791 2.713 2.194 
1703408196.894 2.835 2.198 
1703408196.994 2.931 2.209 
1703408197.093 3.033 2.225 
1703408197.192 3.106 2.254 
1703408197.292 3.200 2.267 
1703408197.393 3.302 2.256 
1703408197.493 3.409 2.245 
1703408197.594 3.515 2.237 
1703408197.693 3.615 2.229 
1703408197.794 3.710 2.216 
1703408197.894 3.806 2.199 
1703408197.995 3.891 2.185 
1703408198.094 3.967 2.172 
1703408198.194 4.052 2.134 
1703408198.293 4.119 2.123 
1703408198.394 4.187 2.094 
1703408198.493 4.267 2.025 
1703408198.594 4.368 1.924 
1703408198.694 4.404 1.863 
1703408198.794 4.425 1.838 
1703408198.894 4.480 1.799 
1703408198.994 4.570 1.722 
1703408199.094 4.656 1.642 
1703408199.195 4.738 1.572 
1703408199.295 4.790 1.508 
1703408199.396 4.845 1.444 
1703408199.495 4.926 1.381 
1703408199.594 5.017 1.318 
1703408199.695 5.107 1.248 
1703408199.796 5.203 1.181 
1703408199.895 5.288 1.111 
1703408199.996 5.373 1.059 
1703408200.096 5.468 1.012 
1703408200.196 5.566 0.962 
1703408200.295 5.675 0.913 
1703408200.396 5.764 0.872 
1703408200.496 5.855 0.839 
1703408200.596 5.948 0.801 
1703408200.696 6.038 0.757 
1703408200.797 6.133 0.712 
1703408200.898 6.223 0.678 
1703408200.997 6.310 0.649 
1703408201.097 6.392 0.634 
1703408201.198 6.468 0.627 
1703408201.298 6.549 0.617 
1703408201.402 6.637 0.599 
1703408201.500 6.723 0.590 
1703408201.599 6.793 0.588 
1703408201.698 6.874 0.586 
1703408201.799 6.959 0.584 
1703408201.899 7.080 0.609 
1703408201.998 7.191 0.625 
1703408202.099 7.273 0.650 
1703408202.199 7.360 0.675 
1703408202.300 7.438 0.698 
1703408202.400 7.508 0.730 
1703408202.500 7.581 0.772 
1703408202.600 7.654 0.820 
1703408202.700 7.723 0.874 
1703408202.801 7.773 0.941 
1703408202.900 7.808 1.011 
1703408203.001 7.844 1.094 
1703408203.101 7.880 1.211 
1703408203.201 7.913 1.318 
1703408203.300 7.942 1.398 
1703408203.403 7.971 1.471 
1703408203.501 7.994 1.563 
1703408203.602 8.013 1.666 
1703408203.702 8.028 1.764 
1703408203.801 8.050 1.848 
1703408203.902 8.080 1.922 
1703408204.002 8.098 2.003 
1703408204.102 8.095 2.097 
1703408204.202 8.083 2.197 
1703408204.302 8.074 2.296 
1703408204.403 8.062 2.395 
1703408204.502 8.038 2.489 
1703408204.603 8.014 2.572 
1703408204.703 7.997 2.639 
1703408204.802 7.942 2.709 
1703408204.903 7.822 2.779 
1703408205.003 7.705 2.844 
1703408205.104 7.615 2.905 
1703408205.204 7.555 2.944 
1703408205.304 7.501 2.957 
1703408205.403 7.426 2.964 
1703408205.505 7.337 2.968 
1703408205.604 7.239 2.973 
1703408205.704 7.139 2.977 
1703408205.806 7.052 2.985 
1703408205.907 6.963 2.994 
1703408206.007 6.892 2.992 
1703408206.106 6.810 2.997 
1703408206.208 6.701 3.023 
1703408206.308 6.595 3.044 
1703408206.407 6.497 3.062 
1703408206.507 6.392 3.092 
1703408206.607 6.285 3.134 
1703408206.708 6.186 3.153 
1703408206.808 6.092 3.183 
1703408206.908 5.997 3.245 
1703408207.008 5.893 3.316 
1703408207.108 5.780 3.389 
1703408207.208 5.681 3.456 
1703408207.309 5.601 3.506 
1703408207.410 5.532 3.592 
1703408207.509 5.477 3.704 
1703408207.608 5.427 3.807 
1703408207.709 5.365 3.908 
1703408207.809 5.298 4.009 
1703408207.910 5.265 4.131 
1703408208.009 5.245 4.252 
1703408208.110 5.217 4.369 
1703408208.212 5.203 4.489 
1703408208.313 5.193 4.606 
1703408208.412 5.195 4.728 
1703408208.511 5.198 4.838 
1703408208.626 5.223 4.946 
1703408208.719 5.259 5.048 
1703408208.817 5.307 5.151 
1703408208.916 5.364 5.244 
1703408209.017 5.426 5.328 
1703408209.116 5.483 5.410 
1703408209.217 5.546 5.486 
1703408209.317 5.612 5.554 
1703408209.417 5.677 5.619 
1703408209.517 5.739 5.681 
1703408209.617 5.789 5.741 
1703408209.717 5.831 5.803 
1703408209.817 5.865 5.869 
1703408209.917 5.897 5.936 
1703408210.017 5.931 6.041 
1703408210.118 5.951 6.147 
1703408210.218 5.977 6.235 
1703408210.318 6.016 6.320 
1703408210.418 6.051 6.396 
1703408210.518 6.076 6.463 
1703408210.618 6.085 6.520 
1703408210.719 6.062 6.601 
1703408210.820 5.986 6.701 
1703408210.919 5.941 6.769 
1703408211.019 5.903 6.821 
1703408211.119 5.843 6.869 
1703408211.220 5.769 6.915 
1703408211.320 5.696 6.956 
1703408211.419 5.625 6.990 
1703408211.520 5.559 7.018 
1703408211.620 5.492 7.042 
1703408211.721 5.434 7.058 
1703408211.824 5.390 7.067 
1703408211.924 5.351 7.074 
1703408212.025 5.286 7.098 
1703408212.124 5.215 7.130 
1703408212.225 5.151 7.161 
1703408212.324 5.087 7.190 
1703408212.425 5.019 7.215 
1703408212.525 4.943 7.231 
1703408212.625 4.862 7.251 
1703408212.725 4.786 7.274 
1703408212.826 4.705 7.291 
1703408212.926 4.621 7.309 
1703408213.026 4.529 7.328 
1703408213.126 4.440 7.346 
1703408213.226 4.350 7.363 
1703408213.326 4.261 7.382 
1703408213.426 4.160 7.405 
1703408213.526 4.098 7.427 
1703408213.627 4.035 7.432 
1703408213.727 3.955 7.443 
1703408213.828 3.877 7.451 
1703408213.927 3.801 7.459 
1703408214.027 3.713 7.471 
1703408214.128 3.612 7.484 
1703408214.228 3.528 7.492 
1703408214.328 3.446 7.498 
1703408214.428 3.359 7.504 
1703408214.528 3.272 7.509 
1703408214.629 3.186 7.515 
1703408214.728 3.102 7.520 
1703408214.828 3.014 7.526 
1703408214.929 2.931 7.531 
1703408215.029 2.849 7.536 
1703408215.130 2.765 7.543 
1703408215.229 2.678 7.551 
1703408215.330 2.597 7.555 
1703408215.429 2.520 7.560 
1703408215.530 2.439 7.568 
1703408215.629 2.363 7.580 
1703408215.730 2.289 7.591 
1703408215.830 2.182 7.603 
1703408215.930 2.076 7.618 
1703408216.030 1.984 7.615 
1703408216.132 1.903 7.599 
1703408216.233 1.827 7.579 
1703408216.332 1.732 7.550 
1703408216.432 1.636 7.529 
1703408216.532 1.563 7.517 
1703408216.633 1.486 7.501 
1703408216.733 1.413 7.461 
1703408216.833 1.345 7.415 
1703408216.933 1.288 7.355 
1703408217.034 1.229 7.284 
1703408217.134 1.172 7.205 
1703408217.234 1.129 7.149 
1703408217.334 1.086 7.110 
1703408217.434 1.037 7.036 
1703408217.535 0.993 6.958 
1703408217.634 0.959 6.918 
1703408217.735 0.921 6.879 
1703408217.834 0.893 6.786 
1703408217.936 0.860 6.707 
1703408218.035 0.839 6.643 
1703408218.138 0.833 6.574 
1703408218.237 0.837 6.500 
1703408218.336 0.837 6.425 
1703408218.435 0.826 6.347 
1703408218.537 0.821 6.232 
1703408218.636 0.823 6.124 
1703408218.736 0.825 6.060 
1703408218.837 0.829 6.013 
1703408218.937 0.843 5.981 
1703408219.037 0.895 5.915 
1703408219.137 0.975 5.844 
1703408219.236 0.968 5.790 
1703408219.337 0.989 5.719 
1703408219.437 1.058 5.657 
1703408219.537 1.170 5.585 
1703408219.637 1.295 5.500 
1703408219.738 1.384 5.432 
1703408219.837 1.445 5.389 
1703408219.938 1.503 5.356 
1703408220.038 1.560 5.323 
1703408220.138 1.622 5.279 
1703408220.239 1.681 5.200 
1703408220.339 1.745 5.101 
1703408220.440 1.805 4.986 
1703408220.539 1.841 4.877 
1703408220.640 1.875 4.755 
1703408220.739 1.908 4.639 
1703408220.840 1.918 4.515 
1703408220.940 1.917 4.394 
1703408221.040 1.904 4.273 
1703408221.141 1.881 4.152 
1703408221.240 1.848 4.036 
1703408221.342 1.803 3.923 
1703408221.441 1.745 3.814 
1703408221.541 1.680 3.712 
1703408221.641 1.607 3.616 
1703408221.741 1.525 3.524 
1703408221.841 1.451 3.433 
1703408221.943 1.369 3.349 
1703408222.041 1.286 3.268 
1703408222.142 1.186 3.197 
1703408222.241 1.088 3.130 
1703408222.342 1.004 3.059 
1703408222.442 0.910 2.988 
1703408222.542 0.808 2.924 
1703408222.643 0.704 2.869 
1703408222.743 0.593 2.824 
1703408222.842 0.480 2.783 
1703408222.942 0.364 2.750 
1703408223.043 0.246 2.729 
1703408223.142 0.126 2.718 
1703408223.242 0.005 2.729 
1703408223.343 -0.110 2.743 
1703408223.443 -0.220 2.751 
1703408223.543 -0.337 2.763 
1703408223.643 -0.427 2.774 
1703408223.744 -0.496 2.786 
1703408223.844 -0.565 2.790 
1703408223.944 -0.635 2.796 
1703408224.044 -0.716 2.801 
1703408224.145 -0.804 2.795 
1703408224.244 -0.883 2.786 
1703408224.344 -0.975 2.787 
1703408224.444 -1.076 2.784 
1703408224.544 -1.191 2.779 
1703408224.644 -1.299 2.773 
1703408224.744 -1.396 2.774 
1703408224.846 -1.484 2.778 
1703408224.945 -1.572 2.784 
1703408225.045 -1.670 2.788 
1703408225.145 -1.741 2.785 
1703408225.245 -1.798 2.787 
1703408225.346 -1.888 2.775 
1703408225.445 -1.975 2.769 
1703408225.546 -2.051 2.765 
1703408225.646 -2.142 2.760 
1703408225.746 -2.228 2.754 
1703408225.846 -2.313 2.747 
1703408225.946 -2.399 2.745 
1703408226.046 -2.486 2.745 
1703408226.146 -2.573 2.746 
1703408226.246 -2.660 2.745 
1703408226.347 -2.747 2.740 
1703408226.446 -2.835 2.732 
1703408226.547 -2.918 2.734 
1703408226.647 -3.001 2.738 
1703408226.747 -3.082 2.741 
1703408226.848 -3.166 2.746 
1703408226.947 -3.251 2.750 
1703408227.047 -3.341 2.748 
1703408227.147 -3.425 2.748 
1703408227.249 -3.507 2.753 
1703408227.348 -3.594 2.756 
1703408227.447 -3.677 2.758 
1703408227.550 -3.759 2.761 
1703408227.651 -3.838 2.761 
1703408227.750 -3.927 2.756 
1703408227.850 -4.012 2.759 
1703408227.950 -4.090 2.765 
1703408228.050 -4.183 2.776 
1703408228.151 -4.292 2.783 
1703408228.251 -4.378 2.794 
1703408228.351 -4.470 2.789 
1703408228.451 -4.530 2.765 
1703408228.552 -4.564 2.732 
1703408228.651 -4.593 2.693 
1703408228.752 -4.624 2.647 
1703408229.755 -4.541 2.551 
1703408229.856 -4.559 2.519 
1703408229.956 -4.542 2.427 
1703408230.056 -4.534 2.360 
1703408230.156 -4.531 2.296 
1703408230.257 -4.541 2.229 
1703408230.361 -4.547 2.150 
1703408230.458 -4.554 2.046 
1703408230.558 -4.560 1.942 
1703408230.657 -4.568 1.851 
1703408230.757 -4.572 1.776 
1703408230.858 -4.579 1.702 
1703408230.957 -4.603 1.651 
1703408231.057 -4.619 1.581 
1703408231.156 -4.635 1.495 
1703408231.257 -4.652 1.405 
1703408231.357 -4.675 1.325 
1703408231.458 -4.695 1.250 
1703408231.558 -4.716 1.175 
1703408231.658 -4.740 1.105 
1703408231.758 -4.767 1.037 
1703408231.859 -4.794 0.970 
1703408231.958 -4.780 0.855 
1703408232.058 -4.802 0.786 
1703408234.868 -4.503 0.595 
1703408234.869 -4.503 0.595 
1703408234.969 -4.553 0.560 
1703408235.069 -4.647 0.475 
1703408235.169 -4.755 0.380 
1703408235.269 -4.851 0.316 
1703408235.370 -4.934 0.236 
1703408235.470 -5.013 0.140 
1703408235.570 -5.086 0.049 
1703408235.670 -5.164 -0.047 
1703408235.769 -5.244 -0.143 
1703408235.870 -5.308 -0.245 
1703408235.970 -5.372 -0.345 
1703408236.070 -5.439 -0.448 
1703408236.170 -5.512 -0.561 
1703408236.270 -5.574 -0.645 
1703408236.371 -5.634 -0.733 
1703408236.471 -5.691 -0.844 
1703408236.571 -5.740 -0.965 
1703408236.671 -5.786 -1.082 
1703408236.771 -5.834 -1.180 
1703408236.871 -5.880 -1.264 
1703408236.972 -5.917 -1.347 
1703408237.071 -5.957 -1.435 
1703408237.172 -5.999 -1.533 
1703408237.271 -6.042 -1.641 
1703408237.372 -6.094 -1.765 
1703408237.472 -6.144 -1.881 
1703408237.572 -6.199 -2.015 
1703408237.673 -6.259 -2.162 
1703408239.878 -6.380 -2.728 
1703408239.979 -6.372 -2.754 
1703408240.080 -6.457 -2.756 
1703408240.179 -6.590 -2.740 
1703408240.279 -6.733 -2.731 
1703408240.380 -6.877 -2.747 
1703408240.480 -7.013 -2.763 
1703408240.591 -7.152 -2.735 
1703408240.688 -7.272 -2.676 
1703408240.788 -7.304 -2.667 
1703408240.887 -7.343 -2.615 
1703408240.987 -7.403 -2.550 
1703408241.087 -7.484 -2.463 
1703408241.186 -7.566 -2.357 
1703408241.286 -7.645 -2.260 
1703408241.387 -7.710 -2.175 
1703408241.487 -7.759 -2.076 
1703408241.588 -7.808 -1.968 
1703408241.687 -7.860 -1.860 
1703408241.789 -7.909 -1.758 
1703408241.888 -7.951 -1.651 
1703408241.988 -7.994 -1.536 
1703408242.088 -8.034 -1.425 
1703408242.188 -8.072 -1.315 
1703408242.288 -8.109 -1.199 
1703408242.389 -8.147 -1.086 
1703408242.488 -8.192 -0.969 
1703408242.588 -8.239 -0.858 
1703408242.689 -8.275 -0.749 
1703408242.789 -8.310 -0.631 
1703408242.889 -8.341 -0.514 
1703408242.990 -8.372 -0.399 
1703408243.089 -8.406 -0.284 
1703408243.190 -8.439 -0.166 
1703408243.290 -8.467 -0.050 
1703408243.389 -8.495 0.066 
1703408243.490 -8.519 0.184 
1703408243.590 -8.540 0.299 
1703408243.690 -8.559 0.415 
1703408243.790 -8.580 0.529 
1703408243.890 -8.600 0.644 
1703408243.992 -8.619 0.764 
1703408244.091 -8.635 0.878 
1703408244.191 -8.652 0.968 
1703408244.292 -8.662 1.043 
1703408244.391 -8.670 1.119 
1703408244.492 -8.676 1.202 
1703408244.592 -8.681 1.278 
1703408244.692 -8.686 1.349 
1703408244.792 -8.672 1.459 
1703408244.892 -8.669 1.574 
1703408244.992 -8.672 1.688 
1703408245.092 -8.675 1.793 
1703408245.191 -8.660 1.898 
1703408245.292 -8.654 1.989 
1703408245.392 -8.644 2.083 
1703408245.492 -8.633 2.186 
1703408245.593 -8.608 2.288 
1703408245.693 -8.585 2.381 
1703408245.793 -8.568 2.469 
1703408245.892 -8.545 2.558 
1703408245.994 -8.499 2.663 
1703408246.094 -8.461 2.759 
1703408246.194 -8.432 2.841 
1703408246.294 -8.403 2.921 
1703408246.397 -8.361 3.006 
1703408246.495 -8.314 3.088 
1703408246.595 -8.275 3.166 
1703408246.694 -8.241 3.237 
1703408246.794 -8.197 3.313 
1703408246.895 -8.140 3.410 
1703408246.995 -8.112 3.503 
1703408247.095 -8.077 3.585 
1703408247.195 -8.045 3.630 
1703408247.295 -8.003 3.684 
1703408247.396 -7.942 3.757 
1703408247.496 -7.887 3.829 
1703408247.595 -7.835 3.888 
1703408247.695 -7.781 3.944 
1703408247.795 -7.723 4.000 
1703408247.895 -7.663 4.053 
1703408247.996 -7.602 4.104 
1703408248.096 -7.542 4.155 
1703408248.197 -7.483 4.196 
1703408248.297 -7.418 4.236 
1703408248.397 -7.340 4.284 
1703408248.497 -7.282 4.328 
1703408248.597 -7.214 4.366 
1703408248.697 -7.145 4.400 
1703408248.797 -7.076 4.431 
1703408248.897 -7.002 4.462 
1703408248.998 -6.930 4.495 
1703408249.098 -6.858 4.530 
1703408249.198 -6.784 4.559 
1703408249.298 -6.714 4.584 
1703408252.705 -6.284 4.698 
1703408252.706 -6.284 4.698 
1703408252.806 -6.297 4.713 
1703408252.907 -6.334 4.756 
1703408253.007 -6.425 4.822 
1703408253.107 -6.542 4.893 
1703408253.207 -6.626 4.963 
1703408253.307 -6.715 5.038 
1703408253.409 -6.811 5.118 
1703408253.507 -6.901 5.192 
1703408253.608 -6.993 5.270 
1703408253.708 -7.085 5.353 
1703408253.808 -7.178 5.432 
1703408253.907 -7.271 5.509 
1703408254.008 -7.363 5.587 
1703408254.108 -7.454 5.664 
1703408254.208 -7.546 5.741 
1703408254.309 -7.637 5.818 
1703408254.408 -7.728 5.898 
1703408254.508 -7.817 5.976 
1703408254.609 -7.908 6.054 
1703408254.708 -7.997 6.133 
1703408254.809 -8.088 6.212 
1703408254.909 -8.177 6.290 
1703408255.010 -8.263 6.369 
1703408255.109 -8.356 6.466 
1703408255.210 -8.452 6.580 
1703408255.309 -8.548 6.689 
1703408255.410 -8.642 6.798 
1703408255.510 -8.719 6.910 
1703408255.609 -8.774 7.014 
1703408255.710 -8.809 7.120 
1703408255.810 -8.837 7.180 
1703408255.910 -8.909 7.193 
1703408256.011 -8.939 7.210 
1703408256.110 -8.852 7.216 
1703408256.211 -8.742 7.224 
1703408256.311 -8.625 7.220 
1703408256.410 -8.489 7.215 
1703408256.511 -8.363 7.214 
1703408256.612 -8.233 7.211 
1703408256.711 -8.106 7.233 
1703408256.812 -7.984 7.282 
1703408256.911 -7.891 7.346 
1703408257.011 -7.826 7.420 
1703408257.111 -7.767 7.531 
1703408257.211 -7.707 7.645 
1703408257.312 -7.669 7.739 
1703408257.411 -7.641 7.812 
1703408257.512 -7.622 7.873 
1703408257.612 -7.598 7.928 
1703408257.712 -7.560 7.964 
1703408257.812 -7.530 7.968 
1703408257.913 -7.469 7.957 
1703408258.013 -7.330 7.979 
1703408258.114 -7.204 7.990 
1703408258.213 -7.084 7.987 
1703408258.314 -6.965 7.985 
1703408258.413 -6.845 7.984 
1703408258.513 -6.730 7.985 
1703408258.615 -6.642 7.994 
1703408258.714 -6.552 7.987 
1703408258.815 -6.447 7.986 
1703408258.919 -6.343 7.989 
1703408259.015 -6.258 7.980 
1703408259.115 -6.154 7.987 
1703408259.215 -6.028 8.036 
1703408259.315 -5.902 8.089 
1703408259.415 -5.796 8.139 
1703408259.515 -5.723 8.185 
1703408259.619 -5.707 8.194 
1703408259.716 -5.785 8.179 
1703408259.815 -5.856 8.164 
1703408263.427 -5.541 8.191 
1703408263.428 -5.541 8.191 
1703408263.529 -5.540 8.161 
1703408263.628 -5.571 8.045 
1703408263.728 -5.592 7.922 
1703408263.829 -5.610 7.807 
1703408263.930 -5.621 7.689 
1703408264.029 -5.629 7.573 
1703408264.130 -5.639 7.456 
1703408264.229 -5.649 7.338 
1703408264.329 -5.660 7.218 
1703408264.430 -5.671 7.100 
1703408264.529 -5.681 6.983 
1703408264.630 -5.691 6.864 
1703408264.730 -5.702 6.747 
1703408264.830 -5.711 6.630 
1703408264.930 -5.722 6.510 
1703408265.030 -5.731 6.389 
1703408265.130 -5.738 6.269 
1703408265.231 -5.745 6.149 
1703408265.330 -5.751 6.030 
1703408265.431 -5.758 5.907 
1703408265.531 -5.764 5.786 
1703408265.631 -5.767 5.665 
1703408265.731 -5.770 5.562 
1703408265.830 -5.772 5.472 
1703408265.931 -5.777 5.380 
1703408266.031 -5.776 5.296 
1703408266.132 -5.762 5.223 
1703408266.231 -5.754 5.144 
1703408266.332 -5.746 5.055 
1703408266.432 -5.739 4.971 
1703408266.532 -5.738 4.890 
1703408266.632 -5.732 4.807 
1703408266.732 -5.726 4.726 
1703408266.833 -5.720 4.638 
1703408266.932 -5.709 4.551 
1703408267.033 -5.707 4.487 
1703408267.132 -5.729 4.437 
1703408267.233 -5.738 4.378 
1703408267.333 -5.711 4.301 
1703408267.433 -5.663 4.202 
1703408267.532 -5.610 4.094 
1703408267.634 -5.573 4.001 
1703408267.733 -5.583 3.943 
1703408267.834 -5.590 3.888 
1703408267.933 -5.561 3.820 
1703408268.034 -5.494 3.732 
1703408268.133 -5.428 3.644 
1703408268.234 -5.406 3.571 
1703408268.334 -5.367 3.513 
1703408268.435 -5.305 3.454 
1703408268.536 -5.231 3.382 
1703408268.635 -5.180 3.319 
1703408268.736 -5.120 3.249 
1703408268.836 -5.053 3.177 
1703408268.936 -4.995 3.139 
1703408269.036 -4.928 3.100 
1703408269.136 -4.831 3.053 
1703408269.236 -4.735 2.999 
1703408269.336 -4.660 2.949 
1703408269.437 -4.615 2.912 
1703408269.538 -4.547 2.876 
1703408269.637 -4.461 2.841 
1703408269.738 -4.369 2.806 
1703408269.838 -4.275 2.772 
1703408269.937 -4.185 2.735 
1703408270.037 -4.097 2.698 
1703408270.138 -4.005 2.669 
1703408270.238 -3.911 2.640 
1703408270.338 -3.816 2.612 
1703408270.439 -3.720 2.582 
1703408270.539 -3.631 2.550 
1703408270.639 -3.549 2.519 
1703408270.739 -3.481 2.489 
1703408270.840 -3.412 2.463 
1703408270.939 -3.317 2.450 
1703408271.041 -3.206 2.442 
1703408271.139 -3.104 2.435 
1703408271.240 -3.002 2.427 
1703408271.339 -2.897 2.418 
1703408271.440 -2.788 2.415 
1703408271.539 -2.678 2.411 
1703408271.640 -2.566 2.410 
1703408271.740 -2.456 2.411 
1703408271.841 -2.354 2.410 
1703408271.940 -2.244 2.410 
1703408272.044 -2.125 2.411 
1703408272.145 -2.017 2.414 
1703408272.245 -1.908 2.416 
1703408272.345 -1.799 2.419 
1703408272.445 -1.686 2.424 
1703408272.546 -1.576 2.428 
1703408272.646 -1.469 2.429 
1703408272.745 -1.362 2.433 
1703408272.845 -1.255 2.439 
1703408272.946 -1.151 2.444 
1703408273.047 -1.047 2.448 
1703408273.147 -0.945 2.451 
1703408273.247 -0.844 2.457 
1703408273.346 -0.745 2.468 
1703408273.446 -0.643 2.475 
1703408273.547 -0.540 2.483 
1703408273.646 -0.444 2.486 
1703408273.747 -0.350 2.498 
1703408273.847 -0.256 2.520 
1703408273.949 -0.161 2.540 
1703408274.049 -0.066 2.553 
1703408274.149 0.030 2.570 
1703408274.250 0.120 2.587 
1703408274.350 0.212 2.609 
1703408274.450 0.305 2.633 
1703408274.550 0.397 2.660 
1703408274.649 0.491 2.702 
1703408274.750 0.594 2.752 
1703408274.850 0.685 2.783 
1703408274.951 0.763 2.797 
1703408275.050 0.838 2.833 
1703408275.150 0.925 2.903 
1703408275.250 1.008 2.976 
1703408275.350 1.092 3.043 
1703408275.451 1.171 3.106 
1703408275.550 1.244 3.170 
1703408275.652 1.319 3.249 
1703408275.751 1.387 3.332 
1703408275.851 1.463 3.417 
1703408275.955 1.545 3.504 
1703408276.052 1.616 3.582 
1703408276.151 1.684 3.669 
1703408276.253 1.748 3.761 
1703408276.353 1.804 3.855 
1703408276.452 1.848 3.950 
1703408276.553 1.891 4.049 
1703408276.652 1.924 4.153 
1703408276.753 1.954 4.260 
1703408276.853 1.975 4.366 
1703408276.954 1.987 4.473 
1703408277.053 1.984 4.585 
1703408277.154 1.964 4.702 
1703408277.253 1.959 4.793 
1703408277.354 1.951 4.889 
1703408277.453 1.920 4.997 
1703408277.554 1.865 5.098 
1703408277.654 1.802 5.189 
1703408277.754 1.720 5.284 
1703408277.854 1.651 5.365 
1703408277.955 1.591 5.443 
1703408278.054 1.528 5.521 
1703408278.154 1.444 5.598 
1703408278.255 1.354 5.662 
1703408278.354 1.266 5.717 
1703408278.455 1.178 5.774 
1703408278.555 1.096 5.829 
1703408278.655 1.006 5.869 
1703408278.756 0.914 5.892 
1703408278.855 0.822 5.910 
1703408278.955 0.727 5.925 
1703408279.056 0.639 5.946 
1703408279.156 0.553 5.957 
1703408279.256 0.476 5.967 
1703408279.356 0.401 5.976 
1703408279.467 0.302 5.970 
1703408279.560 0.194 5.957 
1703408279.658 0.103 5.951 
1703408279.758 0.019 5.948 
1703408279.858 -0.065 5.946 
1703408279.957 -0.157 5.939 
1703408280.057 -0.246 5.935 
1703408280.157 -0.335 5.931 
1703408280.257 -0.425 5.927 
1703408280.357 -0.512 5.925 
1703408280.458 -0.600 5.923 
1703408280.558 -0.690 5.918 
1703408280.657 -0.778 5.912 
1703408280.757 -0.866 5.912 
1703408280.858 -0.952 5.912 
1703408280.957 -1.026 5.917 
1703408281.058 -1.108 5.928 
1703408281.158 -1.206 5.950 
1703408281.258 -1.292 5.973 
1703408281.359 -1.362 5.991 
1703408281.458 -1.428 6.003 
1703408281.559 -1.495 6.012 
1703408281.659 -1.583 6.071 
1703408281.759 -1.673 6.162 
1703408281.859 -1.767 6.231 
1703408281.959 -1.851 6.275 
1703408282.059 -1.927 6.312 
1703408282.159 -1.982 6.360 
1703408282.259 -2.029 6.428 
1703408282.361 -2.082 6.504 
1703408282.460 -2.125 6.579 
1703408282.559 -2.153 6.653 
1703408282.660 -2.174 6.735 
1703408282.760 -2.196 6.823 
1703408282.860 -2.216 6.909 
1703408282.960 -2.233 6.995 
1703408283.061 -2.247 7.087 
1703408283.160 -2.258 7.178 
1703408283.261 -2.269 7.272 
1703408283.360 -2.278 7.367 
1703408283.461 -2.286 7.435 
1703408283.561 -2.286 7.490 
1703408283.662 -2.291 7.564 
1703408283.762 -2.294 7.639 
1703408283.862 -2.296 7.718 
1703408283.962 -2.301 7.799 
1703408284.063 -2.306 7.880 
1703408284.162 -2.311 7.963 
1703408284.262 -2.314 8.045 
1703408284.362 -2.319 8.127 
1703408284.462 -2.323 8.210 
1703408284.563 -2.327 8.295 
1703408284.663 -2.331 8.387 
1703408288.571 -2.085 8.830 
1703408288.572 -2.085 8.830 
1703408288.679 -2.032 8.740 
1703408288.778 -1.949 8.632 
1703408288.873 -1.884 8.570 
1703408288.973 -1.799 8.489 
1703408289.072 -1.692 8.403 
1703408289.173 -1.605 8.314 
1703408289.273 -1.529 8.228 
1703408289.373 -1.445 8.143 
1703408289.474 -1.359 8.058 
1703408289.574 -1.274 7.975 
1703408289.674 -1.192 7.893 
1703408289.774 -1.109 7.811 
1703408289.874 -1.022 7.730 
1703408289.975 -0.934 7.649 
1703408290.074 -0.845 7.566 
1703408290.174 -0.759 7.484 
1703408290.275 -0.683 7.410 
1703408290.375 -0.617 7.352 
1703408290.475 -0.549 7.294 
1703408290.575 -0.477 7.234 
1703408290.676 -0.406 7.172 
1703408290.776 -0.334 7.110 
1703408290.877 -0.268 7.049 
1703408290.977 -0.200 6.992 
1703408291.077 -0.130 6.938 
1703408291.178 -0.057 6.883 
1703408291.279 0.012 6.821 
1703408291.380 0.078 6.770 
1703408291.480 0.148 6.719 
1703408291.580 0.218 6.665 
1703408291.681 0.292 6.611 
1703408291.779 0.362 6.563 
1703408291.879 0.424 6.511 
1703408291.980 0.495 6.463 
1703408292.080 0.564 6.417 
1703408292.180 0.635 6.370 
1703408292.281 0.707 6.328 
1703408292.382 0.782 6.285 
1703408292.482 0.852 6.241 
1703408292.582 0.916 6.199 
1703408292.682 0.987 6.161 
1703408292.782 1.058 6.125 
1703408292.882 1.129 6.089 
1703408292.983 1.202 6.053 
1703408293.083 1.274 6.020 
1703408293.183 1.344 5.987 
1703408293.282 1.415 5.955 
1703408293.383 1.489 5.930 
1703408293.483 1.563 5.906 
1703408293.584 1.634 5.877 
1703408293.683 1.703 5.849 
1703408293.784 1.776 5.821 
1703408293.884 1.850 5.796 
1703408293.983 1.922 5.776 
1703408294.084 1.995 5.758 
1703408294.184 2.067 5.739 
1703408294.284 2.141 5.717 
1703408294.384 2.215 5.696 
1703408294.484 2.284 5.676 
1703408294.584 2.358 5.656 
1703408294.685 2.428 5.639 
1703408294.784 2.500 5.625 
1703408294.885 2.600 5.603 
1703408294.985 2.726 5.582 
1703408295.085 2.845 5.558 
1703408295.185 2.930 5.550 
1703408295.285 2.999 5.537 
1703408295.386 3.096 5.528 
1703408295.485 3.206 5.518 
1703408295.586 3.302 5.507 
1703408295.686 3.394 5.500 
1703408295.785 3.490 5.490 
1703408295.887 3.589 5.482 
1703408295.987 3.681 5.474 
1703408296.088 3.779 5.469 
1703408296.188 3.876 5.469 
1703408296.288 3.975 5.468 
1703408296.388 4.070 5.465 
1703408296.488 4.166 5.463 
1703408296.588 4.263 5.462 
1703408296.691 4.360 5.467 
1703408296.790 4.454 5.470 
1703408296.890 4.552 5.472 
1703408296.990 4.649 5.475 
1703408297.090 4.746 5.478 
1703408297.190 4.842 5.486 
1703408297.290 4.940 5.494 
1703408297.392 5.038 5.501 
1703408297.491 5.133 5.507 
1703408297.592 5.230 5.514 
1703408297.691 5.326 5.523 
1703408297.791 5.424 5.533 
1703408297.892 5.528 5.546 
1703408297.992 5.626 5.556 
1703408298.092 5.722 5.566 
1703408298.192 5.821 5.578 
1703408298.292 5.920 5.591 
1703408298.393 5.987 5.604 
1703408298.493 6.048 5.617 
1703408298.593 6.113 5.633 
1703408298.693 6.185 5.645 
1703408298.794 6.269 5.658 
1703408298.894 6.350 5.670 
1703408298.993 6.425 5.676 
1703408299.094 6.501 5.687 
1703408299.194 6.576 5.698 
1703408299.294 6.650 5.708 
1703408299.394 6.725 5.719 
1703408299.494 6.800 5.729 
1703408299.595 6.880 5.740 
1703408299.695 6.962 5.749 
1703408299.795 7.037 5.760 
1703408299.895 7.111 5.772 
1703408299.995 7.188 5.785 
1703408300.096 7.267 5.796 
1703408300.196 7.345 5.805 
1703408300.296 7.422 5.817 
1703408300.396 7.497 5.830 
1703408300.496 7.576 5.843 
1703408300.596 7.654 5.855 
1703408300.697 7.732 5.868 
1703408300.796 7.811 5.880 
1703408300.896 7.890 5.893 
1703408300.997 7.969 5.907 
1703408301.097 8.047 5.920 
1703408301.199 8.130 5.933 
1703408301.298 8.221 5.947 
1703408305.108 8.664 5.983 
1703408305.109 8.664 5.983 
1703408305.208 8.595 5.993 
1703408305.307 8.452 5.991 
1703408305.407 8.320 5.994 
1703408305.508 8.203 6.011 
1703408305.609 8.086 6.029 
1703408305.707 7.976 6.034 
1703408305.807 7.860 6.032 
1703408305.909 7.738 6.034 
1703408306.009 7.619 6.039 
1703408306.109 7.502 6.029 
1703408306.209 7.383 6.008 
1703408306.309 7.266 5.981 
1703408306.410 7.149 5.951 
1703408306.509 7.034 5.927 
1703408306.609 6.917 5.907 
1703408306.710 6.794 5.874 
1703408306.810 6.668 5.841 
1703408306.910 6.544 5.800 
1703408307.010 6.428 5.763 
1703408307.112 6.309 5.716 
1703408307.211 6.197 5.667 
1703408307.311 6.093 5.610 
1703408307.411 5.999 5.554 
1703408307.510 5.926 5.526 
1703408307.611 5.861 5.507 
1703408307.711 5.793 5.468 
1703408307.813 5.731 5.410 
1703408307.912 5.670 5.353 
1703408308.011 5.610 5.303 
1703408308.112 5.554 5.261 
1703408308.211 5.500 5.209 
1703408308.312 5.441 5.150 
1703408308.411 5.385 5.094 
1703408308.512 5.334 5.036 
1703408308.612 5.286 4.977 
1703408308.712 5.252 4.904 
1703408308.812 5.224 4.830 
1703408308.912 5.195 4.755 
1703408309.013 5.159 4.685 
1703408309.112 5.124 4.618 
1703408309.212 5.089 4.549 
1703408309.313 5.063 4.480 
1703408309.413 5.041 4.404 
1703408309.513 5.026 4.322 
1703408309.613 5.006 4.239 
1703408309.713 4.984 4.163 
1703408309.813 4.961 4.087 
1703408309.913 4.942 4.010 
1703408310.013 4.931 3.929 
1703408310.114 4.923 3.843 
1703408310.214 4.913 3.760 
1703408310.314 4.899 3.682 
1703408310.414 4.885 3.600 
1703408310.514 4.874 3.516 
1703408310.614 4.865 3.428 
1703408310.714 4.860 3.339 
1703408310.814 4.853 3.256 
1703408310.916 4.846 3.169 
1703408311.016 4.842 3.081 
1703408311.116 4.839 2.992 
1703408311.216 4.835 2.904 
1703408311.316 4.833 2.815 
1703408311.419 4.833 2.722 
1703408311.520 4.834 2.633 
1703408311.619 4.835 2.541 
1703408311.720 4.835 2.450 
1703408311.820 4.834 2.359 
1703408311.919 4.836 2.266 
1703408312.020 4.837 2.173 
1703408312.120 4.839 2.080 
1703408312.219 4.840 1.988 
1703408312.320 4.842 1.894 
1703408312.420 4.843 1.799 
1703408312.521 4.844 1.706 
1703408312.621 4.845 1.611 
1703408312.721 4.846 1.515 
1703408312.821 4.848 1.423 
1703408312.921 4.849 1.328 
1703408313.021 4.850 1.233 
1703408313.121 4.849 1.138 
1703408313.221 4.847 1.042 
1703408313.322 4.845 0.946 
1703408313.422 4.847 0.854 
1703408313.522 4.846 0.755 
1703408313.622 4.841 0.649 
1703408315.429 4.672 -0.120 
1703408315.429 4.671 -0.120 
1703408315.529 4.736 -0.135 
1703408315.629 4.861 -0.154 
1703408315.729 4.959 -0.205 
1703408315.830 5.052 -0.251 
1703408315.930 5.141 -0.312 
1703408316.030 5.239 -0.379 
1703408316.130 5.344 -0.448 
1703408316.230 5.441 -0.506 
1703408316.331 5.533 -0.562 
1703408316.431 5.617 -0.619 
1703408316.530 5.697 -0.672 
1703408316.631 5.773 -0.713 
1703408316.730 5.849 -0.753 
1703408316.831 5.937 -0.804 
1703408316.931 6.018 -0.853 
1703408317.033 6.097 -0.900 
1703408317.134 6.173 -0.947 
1703408317.233 6.248 -0.994 
1703408317.335 6.330 -1.047 
1703408317.434 6.407 -1.091 
1703408317.534 6.486 -1.140 
1703408317.635 6.572 -1.189 
1703408317.734 6.651 -1.231 
1703408317.834 6.725 -1.276 
1703408317.934 6.799 -1.321 
1703408318.034 6.887 -1.367 
1703408318.135 6.969 -1.409 
1703408318.235 7.047 -1.452 
1703408318.346 7.122 -1.495 
1703408318.441 7.205 -1.538 
1703408318.538 7.289 -1.578 
1703408318.640 7.371 -1.618 
1703408318.737 7.446 -1.655 
1703408318.837 7.519 -1.697 
1703408318.938 7.597 -1.740 
1703408319.038 7.678 -1.783 
1703408319.138 7.758 -1.824 
1703408319.238 7.839 -1.868 
1703408324.448 7.855 -2.180 
1703408324.449 7.855 -2.180 
1703408324.550 7.813 -2.164 
1703408324.649 7.722 -2.092 
1703408324.750 7.634 -2.010 
1703408324.850 7.550 -1.940 
1703408324.950 7.509 -1.879 
1703408325.050 7.421 -1.794 
1703408325.151 7.337 -1.702 
1703408325.251 7.266 -1.602 
1703408325.351 7.193 -1.506 
1703408325.450 7.120 -1.413 
1703408325.550 7.044 -1.323 
1703408325.651 6.968 -1.232 
1703408325.750 6.888 -1.138 
1703408325.851 6.809 -1.045 
1703408325.951 6.733 -0.955 
1703408326.051 6.656 -0.864 
1703408326.152 6.579 -0.772 
1703408326.252 6.500 -0.678 
1703408326.353 6.423 -0.589 
1703408326.453 6.343 -0.498 
1703408326.553 6.267 -0.405 
1703408326.653 6.190 -0.312 
1703408326.754 6.117 -0.218 
1703408326.854 6.043 -0.126 
1703408326.954 5.970 -0.032 
1703408327.054 5.897 0.060 
1703408327.154 5.824 0.147 
1703408327.254 5.752 0.237 
1703408327.355 5.679 0.333 
1703408327.454 5.603 0.425 
1703408327.555 5.528 0.516 
1703408327.655 5.456 0.606 
1703408327.754 5.383 0.695 
1703408327.855 5.308 0.785 
1703408327.956 5.232 0.874 
1703408328.055 5.156 0.966 
1703408328.155 5.081 1.058 
1703408328.257 5.001 1.151 
1703408328.356 4.921 1.238 
1703408328.455 4.840 1.322 
1703408328.555 4.770 1.404 
1703408328.656 4.695 1.486 
1703408328.755 4.587 1.558 
1703408328.855 4.487 1.621 
1703408328.955 4.385 1.676 
1703408329.056 4.275 1.725 
1703408329.156 4.163 1.769 
1703408329.256 4.063 1.819 
1703408329.356 3.954 1.863 
1703408329.457 3.821 1.889 
1703408329.556 3.707 1.919 
1703408329.656 3.590 1.948 
1703408329.756 3.472 1.968 
1703408329.857 3.349 1.972 
1703408329.957 3.235 1.970 
1703408330.058 3.142 1.979 
1703408330.158 3.053 1.987 
1703408330.259 2.955 1.984 
1703408330.358 2.860 1.970 
1703408330.459 2.766 1.955 
1703408330.559 2.672 1.936 
1703408330.659 2.588 1.929 
1703408330.760 2.486 1.898 
1703408330.861 2.389 1.878 
1703408330.960 2.293 1.853 
1703408331.062 2.188 1.823 
1703408331.160 2.088 1.789 
1703408331.260 1.987 1.745 
1703408331.360 1.888 1.690 
1703408331.460 1.790 1.634 
1703408331.562 1.690 1.572 
1703408331.661 1.595 1.507 
1703408331.761 1.504 1.436 
1703408331.861 1.415 1.355 
1703408331.961 1.326 1.272 
1703408332.061 1.239 1.190 
1703408332.162 1.152 1.110 
1703408332.261 1.066 1.030 
1703408332.362 0.981 0.948 
1703408332.461 0.897 0.865 
1703408332.562 0.813 0.779 
1703408332.663 0.737 0.704 
1703408332.763 0.663 0.633 
1703408332.862 0.590 0.562 
1703408332.963 0.515 0.493 
1703408333.062 0.447 0.424 
1703408333.162 0.377 0.356 
1703408333.263 0.306 0.290 
1703408333.363 0.232 0.225 
1703408333.463 0.161 0.159 
1703408333.562 0.092 0.097 
1703408333.663 0.019 0.033 
1703408333.764 -0.050 -0.033 
1703408333.863 -0.121 -0.099 
1703408333.963 -0.192 -0.163 
1703408334.064 -0.261 -0.230 
1703408334.164 -0.330 -0.300 
1703408334.264 -0.396 -0.372 
1703408334.364 -0.461 -0.446 
1703408334.466 -0.524 -0.516 
1703408334.565 -0.583 -0.587 
1703408334.664 -0.642 -0.662 
1703408334.764 -0.707 -0.743 
1703408334.865 -0.761 -0.822 
1703408334.965 -0.816 -0.901 
1703408335.066 -0.872 -0.985 
1703408335.165 -0.921 -1.076 
1703408335.266 -0.971 -1.165 
1703408335.370 -1.033 -1.251 
1703408335.465 -1.084 -1.324 
1703408335.565 -1.126 -1.416 
1703408335.666 -1.168 -1.515 
1703408335.766 -1.210 -1.611 
1703408335.866 -1.257 -1.709 
1703408335.966 -1.303 -1.798 
1703408336.066 -1.350 -1.873 
1703408336.167 -1.391 -1.960 
1703408336.267 -1.419 -2.055 
1703408336.367 -1.442 -2.158 
1703408336.467 -1.466 -2.263 
1703408336.567 -1.491 -2.372 
1703408336.667 -1.516 -2.479 
1703408336.768 -1.537 -2.570 
1703408336.868 -1.555 -2.645 
1703408336.967 -1.572 -2.725 
1703408337.067 -1.599 -2.780 
1703408337.168 -1.637 -2.801 
1703408337.268 -1.644 -2.873 
1703408337.369 -1.593 -3.007 
1703408337.468 -1.569 -3.131 
1703408337.568 -1.538 -3.248 
1703408337.669 -1.467 -3.359 
1703408337.768 -1.396 -3.418 
1703408337.869 -1.316 -3.497 
1703408337.969 -1.238 -3.583 
1703408338.069 -1.164 -3.674 
1703408338.169 -1.084 -3.766 
1703408338.269 -1.013 -3.834 
1703408338.369 -0.944 -3.910 
1703408338.470 -0.880 -3.985 
1703408338.569 -0.826 -4.065 
1703408338.669 -0.781 -4.148 
1703408338.769 -0.742 -4.253 
1703408338.870 -0.705 -4.358 
1703408338.970 -0.660 -4.434 
1703408339.072 -0.616 -4.498 
1703408339.170 -0.591 -4.566 
1703408339.270 -0.590 -4.653 
1703408339.370 -0.609 -4.767 
1703408339.470 -0.631 -4.886 
1703408339.571 -0.653 -5.018 
1703408339.670 -0.663 -5.123 
1703408339.771 -0.648 -5.197 
1703408339.871 -0.638 -5.260 
1703408339.971 -0.658 -5.319 
1703408340.072 -0.719 -5.403 
1703408340.172 -0.790 -5.500 
1703408340.271 -0.860 -5.587 
1703408340.372 -0.933 -5.663 
1703408340.474 -1.016 -5.737 
1703408340.573 -1.105 -5.808 
1703408340.672 -1.206 -5.876 
1703408340.771 -1.305 -5.951 
1703408340.872 -1.390 -6.025 
1703408340.972 -1.448 -6.079 
1703408341.073 -1.520 -6.112 
1703408341.172 -1.606 -6.142 
1703408341.272 -1.711 -6.174 
1703408341.372 -1.841 -6.179 
1703408341.473 -1.935 -6.197 
1703408341.573 -2.033 -6.200 
1703408341.672 -2.134 -6.203 
1703408341.773 -2.242 -6.207 
1703408341.873 -2.347 -6.210 
1703408341.974 -2.454 -6.214 
1703408342.074 -2.560 -6.219 
1703408342.173 -2.668 -6.223 
1703408342.275 -2.780 -6.226 
1703408342.374 -2.889 -6.229 
1703408342.474 -2.999 -6.232 
1703408342.574 -3.110 -6.235 
1703408342.682 -3.220 -6.237 
1703408342.777 -3.325 -6.239 
1703408342.875 -3.437 -6.239 
1703408342.975 -3.547 -6.237 
1703408343.075 -3.655 -6.236 
1703408343.175 -3.759 -6.237 
1703408343.275 -3.862 -6.236 
1703408343.375 -3.970 -6.231 
1703408343.475 -4.074 -6.227 
1703408343.576 -4.179 -6.223 
1703408343.675 -4.281 -6.221 
1703408343.775 -4.385 -6.220 
1703408343.875 -4.486 -6.220 
1703408343.977 -4.585 -6.221 
1703408344.076 -4.688 -6.217 
1703408344.176 -4.784 -6.215 
1703408344.277 -4.881 -6.217 
1703408344.376 -4.974 -6.221 
1703408344.476 -5.057 -6.229 
1703408344.577 -5.146 -6.234 
1703408344.677 -5.243 -6.236 
1703408344.776 -5.331 -6.243 
1703408344.877 -5.413 -6.253 
1703408344.977 -5.498 -6.260 
1703408345.077 -5.577 -6.266 
1703408345.177 -5.656 -6.272 
1703408345.278 -5.732 -6.278 
1703408345.378 -5.806 -6.285 
1703408345.477 -5.907 -6.308 
1703408345.577 -6.019 -6.329 
1703408345.677 -6.111 -6.339 
1703408345.778 -6.203 -6.344 
1703408345.878 -6.289 -6.352 
1703408345.978 -6.375 -6.362 
1703408346.078 -6.461 -6.378 
1703408346.178 -6.548 -6.399 
1703408346.279 -6.635 -6.416 
1703408346.378 -6.720 -6.441 
1703408346.479 -6.800 -6.485 
1703408346.579 -6.878 -6.537 
1703408346.678 -6.954 -6.574 
1703408346.779 -7.031 -6.613 
1703408346.879 -7.103 -6.673 
1703408346.979 -7.168 -6.742 
1703408347.079 -7.215 -6.808 
1703408347.181 -7.260 -6.883 
1703408347.280 -7.312 -6.967 
1703408347.380 -7.360 -7.049 
1703408347.480 -7.401 -7.120 
1703408347.580 -7.442 -7.187 
1703408347.681 -7.480 -7.252 
1703408347.780 -7.497 -7.338 
1703408347.882 -7.518 -7.420 
1703408347.981 -7.535 -7.498 
1703408348.082 -7.547 -7.586 
1703408348.180 -7.538 -7.683 
1703408348.281 -7.524 -7.776 
1703408348.382 -7.516 -7.859 
1703408348.482 -7.509 -7.948 
1703408348.583 -7.501 -8.046 
1703408348.683 -7.485 -8.149 
1703408348.784 -7.463 -8.244 
1703408348.884 -7.440 -8.339 
1703408348.984 -7.419 -8.435 
1703408349.085 -7.406 -8.495 
