1703408405.404 1.017 0.040 
1703408405.405 1.017 0.040 
1703408405.505 1.025 0.047 
1703408405.607 1.108 -0.022 
1703408405.705 1.206 -0.127 
1703408405.805 1.314 -0.228 
1703408405.909 1.430 -0.318 
1703408406.010 1.496 -0.422 
1703408406.109 1.521 -0.522 
1703408406.212 1.577 -0.630 
1703408406.310 1.672 -0.728 
1703408406.409 1.773 -0.809 
1703408406.509 1.846 -0.853 
1703408406.609 1.905 -0.913 
1703408406.710 1.988 -1.003 
1703408406.810 2.050 -1.084 
1703408411.517 2.295 -1.743 
1703408411.618 2.283 -1.729 
1703408411.717 2.245 -1.661 
1703408411.817 2.179 -1.588 
1703408411.917 2.092 -1.513 
1703408412.018 2.017 -1.435 
1703408412.118 1.940 -1.344 
1703408412.218 1.857 -1.257 
1703408412.318 1.776 -1.172 
1703408412.418 1.695 -1.086 
1703408412.518 1.614 -1.001 
1703408412.618 1.532 -0.921 
1703408412.718 1.470 -0.849 
1703408412.818 1.406 -0.777 
1703408412.919 1.327 -0.681 
1703408413.019 1.264 -0.573 
1703408413.119 1.236 -0.455 
1703408413.219 1.237 -0.329 
1703408413.319 1.259 -0.173 
1703408413.419 1.272 -0.022 
1703408413.519 1.300 0.055 
1703408413.620 1.313 0.126 
1703408413.719 1.361 0.262 
1703408413.820 1.401 0.379 
1703408413.920 1.428 0.465 
1703408414.020 1.461 0.531 
1703408414.120 1.482 0.587 
1703408414.221 1.541 0.654 
1703408414.321 1.657 0.726 
1703408414.421 1.774 0.793 
1703408414.520 1.871 0.846 
1703408414.621 1.874 0.878 
1703408414.721 1.779 0.910 
1703408414.821 1.724 0.938 
1703408414.921 1.794 0.936 
1703408415.022 1.925 0.946 
1703408415.122 2.086 0.982 
1703408415.223 2.259 1.051 
1703408415.322 2.369 1.079 
1703408415.422 2.433 1.080 
1703408415.523 2.490 1.084 
1703408420.532 1.993 0.749 
1703408420.533 1.993 0.749 
1703408420.633 2.006 0.836 
1703408420.733 2.036 0.963 
1703408420.833 2.072 1.104 
1703408420.933 2.104 1.228 
1703408421.034 2.145 1.349 
1703408421.134 2.184 1.465 
1703408421.233 2.238 1.575 
1703408421.334 2.270 1.634 
1703408421.434 2.280 1.656 
1703408421.534 2.318 1.679 
1703408421.634 2.381 1.708 
1703408421.735 2.493 1.750 
1703408421.834 2.577 1.790 
1703408421.934 2.660 1.824 
1703408422.035 2.747 1.848 
1703408422.134 2.845 1.865 
1703408422.235 2.948 1.873 
1703408422.335 3.045 1.873 
1703408422.435 3.139 1.875 
1703408422.535 3.234 1.886 
1703408422.634 3.328 1.896 
1703408422.736 3.407 1.902 
1703408422.835 3.497 1.893 
1703408422.935 3.597 1.886 
1703408423.035 3.698 1.881 
1703408423.136 3.795 1.875 
1703408423.236 3.892 1.865 
1703408423.335 3.967 1.859 
1703408423.436 4.042 1.850 
1703408423.536 4.130 1.837 
1703408423.637 4.231 1.825 
1703408423.736 4.334 1.820 
1703408423.836 4.439 1.814 
1703408423.936 4.545 1.810 
1703408424.037 4.651 1.808 
1703408424.150 4.783 1.814 
1703408424.249 4.913 1.815 
1703408424.350 5.017 1.818 
1703408424.450 5.118 1.816 
1703408424.550 5.215 1.812 
1703408424.650 5.312 1.804 
1703408424.750 5.390 1.797 
1703408424.850 5.467 1.805 
1703408424.949 5.574 1.862 
1703408425.050 5.675 1.941 
1703408425.150 5.768 2.015 
1703408425.250 5.861 2.090 
1703408425.350 5.942 2.171 
1703408425.450 6.002 2.263 
1703408425.551 6.058 2.377 
1703408425.650 6.103 2.494 
1703408425.750 6.127 2.616 
1703408425.851 6.134 2.742 
1703408425.952 6.150 2.847 
1703408426.052 6.146 2.948 
1703408426.152 6.117 3.045 
1703408426.252 6.065 3.162 
1703408426.352 6.008 3.274 
1703408426.453 5.976 3.363 
1703408426.552 5.956 3.443 
1703408426.653 5.903 3.536 
1703408426.752 5.833 3.634 
1703408426.852 5.772 3.716 
1703408426.953 5.714 3.775 
1703408427.053 5.659 3.834 
1703408427.154 5.613 3.895 
1703408427.253 5.561 3.964 
1703408427.353 5.504 4.031 
1703408427.453 5.456 4.096 
1703408427.554 5.415 4.159 
1703408427.654 5.385 4.210 
1703408427.754 5.351 4.265 
1703408427.854 5.310 4.329 
1703408427.955 5.269 4.398 
1703408428.055 5.190 4.474 
1703408428.154 5.128 4.550 
1703408428.254 5.055 4.627 
1703408428.354 4.963 4.691 
1703408428.455 4.875 4.741 
1703408428.555 4.792 4.777 
1703408428.655 4.690 4.804 
1703408428.756 4.594 4.831 
1703408428.857 4.508 4.856 
1703408428.956 4.438 4.883 
1703408429.056 4.390 4.903 
1703408429.157 4.349 4.915 
1703408429.257 4.283 4.933 
1703408429.357 4.204 4.953 
1703408429.459 4.123 4.973 
1703408429.557 4.052 4.989 
1703408429.657 3.977 4.998 
1703408429.757 3.900 5.003 
1703408429.857 3.810 5.000 
1703408429.957 3.721 4.998 
1703408430.057 3.641 4.998 
1703408430.157 3.567 4.995 
1703408430.257 3.481 4.994 
1703408430.357 3.394 4.989 
1703408430.458 3.309 4.973 
1703408430.559 3.228 4.949 
1703408430.659 3.153 4.931 
1703408430.760 3.073 4.907 
1703408430.860 2.965 4.859 
1703408430.960 2.855 4.811 
1703408431.060 2.772 4.764 
1703408431.160 2.687 4.706 
1703408431.260 2.602 4.630 
1703408431.361 2.528 4.567 
1703408431.460 2.464 4.521 
1703408431.562 2.413 4.476 
1703408431.660 2.382 4.437 
1703408431.760 2.332 4.391 
1703408431.867 2.272 4.339 
1703408431.962 2.211 4.246 
1703408432.062 2.146 4.160 
1703408432.162 2.107 4.100 
1703408432.261 2.059 4.041 
1703408432.361 2.004 3.972 
1703408432.462 1.947 3.900 
1703408432.562 1.892 3.833 
1703408432.661 1.839 3.768 
1703408432.762 1.786 3.703 
1703408432.862 1.733 3.636 
1703408432.962 1.681 3.569 
1703408433.062 1.628 3.502 
1703408433.162 1.564 3.439 
1703408433.262 1.497 3.380 
1703408433.362 1.440 3.322 
1703408433.462 1.385 3.265 
1703408433.563 1.313 3.205 
1703408433.662 1.245 3.147 
1703408433.763 1.169 3.096 
1703408433.863 1.094 3.053 
1703408433.964 1.024 3.009 
1703408434.063 0.956 2.960 
1703408434.163 0.885 2.912 
1703408434.263 0.811 2.867 
1703408434.364 0.739 2.826 
1703408434.464 0.666 2.790 
1703408434.563 0.592 2.757 
1703408434.663 0.519 2.727 
1703408434.764 0.444 2.700 
1703408434.864 0.369 2.676 
1703408434.964 0.292 2.661 
1703408435.064 0.219 2.645 
1703408435.164 0.147 2.626 
1703408435.265 0.065 2.613 
1703408435.365 -0.019 2.602 
1703408435.467 -0.097 2.588 
1703408435.567 -0.176 2.574 
1703408435.668 -0.254 2.562 
1703408435.768 -0.330 2.546 
1703408435.868 -0.401 2.529 
1703408435.968 -0.509 2.498 
1703408436.068 -0.603 2.475 
1703408436.169 -0.692 2.453 
1703408436.268 -0.773 2.437 
1703408436.369 -0.845 2.427 
1703408436.468 -0.912 2.410 
1703408436.568 -0.967 2.380 
1703408436.670 -1.013 2.344 
1703408436.770 -1.063 2.279 
1703408436.870 -1.117 2.190 
1703408436.971 -1.159 2.132 
1703408437.070 -1.188 2.099 
1703408437.171 -1.207 2.054 
1703408437.271 -1.228 1.961 
1703408437.370 -1.235 1.850 
1703408437.471 -1.235 1.779 
1703408437.571 -1.231 1.733 
1703408437.671 -1.224 1.700 
1703408437.771 -1.220 1.650 
1703408437.871 -1.217 1.590 
1703408437.972 -1.220 1.515 
1703408438.072 -1.227 1.428 
1703408438.171 -1.239 1.351 
1703408438.272 -1.244 1.269 
1703408438.371 -1.249 1.191 
1703408438.473 -1.250 1.106 
1703408438.572 -1.258 1.031 
1703408438.672 -1.273 0.964 
1703408438.773 -1.288 0.908 
1703408438.872 -1.303 0.856 
1703408438.973 -1.293 0.783 
1703408439.072 -1.278 0.716 
1703408439.173 -1.261 0.660 
1703408439.273 -1.232 0.617 
1703408439.372 -1.187 0.560 
1703408439.472 -1.124 0.494 
1703408439.572 -1.070 0.435 
1703408439.673 -1.021 0.378 
1703408439.774 -0.970 0.317 
1703408439.873 -0.919 0.249 
1703408439.973 -0.864 0.174 
1703408440.073 -0.798 0.103 
1703408440.175 -0.725 0.029 
1703408440.274 -0.649 -0.048 
1703408440.374 -0.570 -0.128 
1703408440.474 -0.510 -0.206 
1703408440.574 -0.467 -0.262 
1703408440.674 -0.423 -0.298 
1703408440.774 -0.363 -0.335 
1703408440.874 -0.333 -0.374 
1703408440.974 -0.308 -0.420 
1703408441.075 -0.250 -0.459 
1703408441.175 -0.190 -0.484 
1703408441.276 -0.120 -0.539 
1703408441.375 -0.031 -0.614 
1703408441.476 0.052 -0.692 
1703408441.575 0.126 -0.763 
1703408441.675 0.195 -0.831 
1703408441.775 0.260 -0.870 
1703408441.876 0.320 -0.921 
1703408441.976 0.393 -1.000 
1703408442.076 0.463 -1.077 
1703408442.176 0.518 -1.138 
1703408442.276 0.581 -1.205 
1703408442.377 0.646 -1.275 
1703408442.476 0.711 -1.345 
1703408442.576 0.776 -1.417 
1703408442.677 0.839 -1.488 
1703408442.777 0.907 -1.560 
1703408442.877 0.974 -1.641 
1703408442.977 1.037 -1.692 
1703408443.077 1.100 -1.768 
1703408443.177 1.156 -1.852 
1703408443.278 1.215 -1.945 
1703408443.378 1.277 -2.043 
1703408443.478 1.336 -2.141 
1703408443.578 1.399 -2.244 
1703408443.678 1.452 -2.340 
1703408443.778 1.500 -2.421 
1703408443.878 1.546 -2.483 
1703408443.978 1.594 -2.553 
1703408444.078 1.647 -2.612 
1703408444.179 1.681 -2.648 
1703408444.279 1.715 -2.678 
1703408444.378 1.752 -2.764 
1703408444.479 1.801 -2.849 
1703408444.578 1.847 -2.953 
1703408444.679 1.871 -3.081 
1703408444.779 1.870 -3.231 
1703408444.879 1.870 -3.372 
1703408444.980 1.870 -3.478 
1703408445.080 1.866 -3.538 
1703408445.181 1.843 -3.541 
1703408445.283 1.849 -3.562 
1703408445.381 1.895 -3.615 
1703408445.481 1.928 -3.657 
1703408445.580 1.961 -3.737 
1703408445.681 2.003 -3.849 
1703408445.781 2.031 -3.943 
1703408445.881 2.049 -4.025 
1703408445.982 2.065 -4.079 
1703408446.082 2.085 -4.114 
1703408446.181 2.113 -4.159 
1703408446.282 2.158 -4.284 
1703408448.186 2.327 -4.363 
1703408448.286 2.319 -4.382 
1703408453.837 2.336 -4.612 
1703408453.838 2.336 -4.612 
1703408453.938 2.377 -4.653 
1703408454.038 2.449 -4.704 
1703408454.137 2.545 -4.755 
1703408454.237 2.651 -4.807 
1703408454.338 2.764 -4.845 
1703408454.438 2.878 -4.882 
1703408454.538 2.988 -4.915 
1703408454.638 3.075 -4.939 
1703408454.739 3.133 -4.967 
1703408454.840 3.195 -5.008 
1703408454.940 3.269 -5.048 
1703408455.040 3.358 -5.088 
1703408455.140 3.439 -5.099 
1703408455.241 3.527 -5.117 
1703408455.340 3.620 -5.188 
1703408455.440 3.713 -5.250 
1703408455.540 3.784 -5.339 
1703408455.640 3.814 -5.460 
1703408455.742 3.812 -5.573 
1703408455.842 3.778 -5.686 
1703408455.942 3.733 -5.796 
1703408456.042 3.661 -5.892 
1703408456.145 3.578 -5.965 
1703408456.243 3.484 -6.018 
1703408456.342 3.376 -6.077 
1703408456.442 3.272 -6.129 
1703408456.543 3.164 -6.184 
1703408456.642 3.071 -6.230 
1703408456.742 2.977 -6.265 
1703408456.843 2.888 -6.299 
1703408456.944 2.794 -6.332 
1703408457.043 2.698 -6.368 
1703408457.143 2.597 -6.407 
1703408457.244 2.514 -6.425 
1703408457.345 2.460 -6.433 
1703408457.444 2.398 -6.453 
1703408457.545 2.315 -6.480 
1703408457.646 2.219 -6.505 
1703408457.746 2.134 -6.525 
1703408457.845 2.056 -6.546 
1703408457.945 1.975 -6.569 
1703408458.047 1.892 -6.593 
1703408458.147 1.808 -6.617 
1703408458.247 1.723 -6.640 
1703408458.347 1.637 -6.664 
1703408458.446 1.553 -6.684 
1703408458.549 1.467 -6.703 
1703408458.647 1.384 -6.723 
1703408458.748 1.300 -6.742 
1703408458.848 1.216 -6.760 
1703408458.948 1.132 -6.777 
1703408459.049 1.047 -6.785 
1703408459.149 0.962 -6.792 
1703408459.249 0.882 -6.810 
1703408459.349 0.801 -6.823 
1703408459.449 0.719 -6.836 
1703408459.549 0.638 -6.850 
1703408459.650 0.559 -6.859 
1703408459.750 0.484 -6.867 
1703408459.849 0.408 -6.879 
1703408459.950 0.336 -6.889 
1703408460.050 0.224 -6.895 
1703408460.151 0.113 -6.896 
1703408460.251 0.021 -6.897 
1703408460.350 -0.063 -6.898 
1703408460.451 -0.142 -6.895 
1703408460.551 -0.226 -6.880 
1703408460.651 -0.304 -6.867 
1703408460.751 -0.374 -6.857 
1703408460.852 -0.434 -6.838 
1703408460.951 -0.498 -6.808 
1703408461.052 -0.587 -6.773 
1703408461.152 -0.692 -6.737 
1703408461.252 -0.794 -6.694 
1703408461.352 -0.857 -6.660 
1703408461.453 -0.875 -6.651 
1703408461.553 -0.847 -6.680 
1703408463.055 -0.845 -6.540 
1703408463.155 -0.858 -6.576 
1703408463.255 -0.873 -6.598 
1703408463.356 -0.873 -6.537 
1703408463.456 -0.858 -6.409 
1703408463.555 -0.879 -6.315 
1703408463.656 -0.877 -6.239 
1703408463.756 -0.861 -6.186 
1703408463.856 -0.850 -6.115 
1703408463.957 -0.814 -6.018 
1703408464.068 -0.791 -5.933 
1703408464.161 -0.768 -5.853 
1703408464.258 -0.746 -5.796 
1703408464.357 -0.726 -5.732 
1703408464.457 -0.702 -5.655 
1703408464.557 -0.664 -5.562 
1703408464.657 -0.613 -5.473 
1703408464.758 -0.571 -5.403 
1703408464.857 -0.539 -5.312 
1703408464.957 -0.519 -5.204 
1703408465.058 -0.504 -5.102 
1703408465.157 -0.489 -5.009 
1703408465.258 -0.469 -4.919 
1703408465.358 -0.476 -4.810 
1703408465.458 -0.474 -4.714 
1703408465.558 -0.474 -4.622 
1703408465.658 -0.481 -4.523 
1703408465.759 -0.492 -4.408 
1703408465.859 -0.510 -4.301 
1703408465.960 -0.544 -4.212 
1703408466.059 -0.589 -4.117 
1703408466.159 -0.637 -4.022 
1703408466.259 -0.685 -3.930 
1703408466.360 -0.728 -3.848 
1703408466.459 -0.770 -3.768 
1703408466.560 -0.811 -3.682 
1703408466.660 -0.850 -3.591 
1703408466.760 -0.888 -3.508 
1703408466.860 -0.921 -3.436 
1703408466.960 -0.954 -3.363 
1703408467.060 -0.987 -3.288 
1703408467.161 -1.010 -3.197 
1703408467.261 -1.035 -3.111 
1703408467.360 -1.061 -3.043 
1703408467.460 -1.085 -2.981 
1703408467.562 -1.115 -2.919 
1703408467.661 -1.131 -2.820 
1703408467.762 -1.146 -2.706 
1703408467.861 -1.158 -2.608 
1703408467.962 -1.171 -2.521 
1703408468.062 -1.201 -2.430 
1703408468.162 -1.223 -2.337 
1703408468.261 -1.231 -2.253 
1703408468.362 -1.218 -2.163 
1703408468.463 -1.185 -2.072 
1703408468.562 -1.152 -1.986 
1703408468.662 -1.118 -1.903 
1703408468.763 -1.082 -1.818 
1703408468.862 -1.037 -1.729 
1703408468.963 -0.990 -1.643 
1703408469.064 -0.967 -1.580 
1703408469.163 -0.939 -1.528 
1703408469.263 -0.908 -1.470 
1703408469.363 -0.878 -1.406 
1703408469.463 -0.822 -1.325 
1703408469.564 -0.754 -1.245 
1703408469.663 -0.692 -1.173 
1703408469.763 -0.641 -1.108 
1703408469.864 -0.598 -1.058 
1703408469.964 -0.556 -0.990 
1703408470.063 -0.484 -0.904 
1703408470.164 -0.407 -0.818 
1703408470.264 -0.342 -0.743 
1703408470.364 -0.288 -0.688 
1703408470.464 -0.234 -0.614 
1703408470.565 -0.175 -0.527 
1703408470.669 -0.101 -0.438 
1703408470.768 -0.030 -0.359 
1703408470.866 0.026 -0.288 
1703408470.967 0.089 -0.199 
1703408471.066 0.161 -0.104 
1703408471.167 0.227 -0.019 
1703408471.267 0.291 0.062 
1703408471.367 0.356 0.144 
1703408471.468 0.427 0.231 
1703408471.568 0.509 0.317 
1703408471.667 0.591 0.407 
1703408471.767 0.661 0.486 
1703408471.868 0.732 0.567 
1703408471.967 0.812 0.655 
1703408472.068 0.889 0.742 
1703408472.168 0.966 0.821 
1703408472.268 1.040 0.904 
1703408472.368 1.119 0.990 
1703408472.469 1.196 1.073 
1703408472.568 1.274 1.149 
1703408472.668 1.354 1.227 
1703408472.769 1.430 1.305 
1703408472.868 1.508 1.381 
1703408472.969 1.589 1.453 
1703408473.069 1.666 1.523 
1703408473.171 1.749 1.594 
1703408473.270 1.823 1.664 
1703408473.371 1.900 1.730 
1703408473.470 1.982 1.789 
1703408473.570 2.057 1.849 
1703408473.670 2.139 1.905 
1703408473.771 2.204 1.963 
1703408473.870 2.280 2.020 
1703408473.970 2.360 2.061 
1703408474.070 2.442 2.085 
1703408474.171 2.527 2.102 
1703408474.270 2.613 2.130 
1703408474.370 2.695 2.161 
1703408474.471 2.774 2.184 
1703408474.570 2.836 2.180 
1703408474.671 2.916 2.175 
1703408474.772 3.013 2.168 
1703408474.871 3.097 2.172 
1703408474.971 3.179 2.175 
1703408475.072 3.262 2.165 
1703408475.171 3.356 2.157 
1703408475.272 3.445 2.151 
1703408475.371 3.520 2.154 
1703408475.472 3.602 2.143 
1703408475.572 3.679 2.112 
1703408475.672 3.757 2.073 
1703408475.772 3.848 2.025 
1703408475.872 3.934 1.989 
1703408475.975 4.017 1.950 
1703408476.073 4.079 1.902 
1703408476.173 4.157 1.846 
1703408476.275 4.241 1.793 
1703408476.374 4.326 1.743 
1703408476.475 4.408 1.690 
1703408476.577 4.491 1.634 
1703408476.678 4.573 1.579 
1703408476.777 4.653 1.521 
1703408476.877 4.736 1.461 
1703408476.978 4.816 1.400 
1703408477.077 4.895 1.335 
1703408477.178 4.976 1.271 
1703408477.278 5.054 1.207 
1703408477.378 5.133 1.144 
1703408477.478 5.211 1.082 
1703408477.578 5.285 1.025 
1703408477.678 5.363 0.965 
1703408477.778 5.440 0.903 
1703408477.878 5.519 0.844 
1703408477.979 5.600 0.788 
1703408478.079 5.674 0.730 
1703408478.180 5.745 0.674 
1703408478.282 5.821 0.622 
1703408478.380 5.894 0.574 
1703408478.480 5.972 0.532 
1703408478.579 6.052 0.494 
1703408478.679 6.128 0.449 
1703408478.780 6.203 0.405 
1703408478.881 6.279 0.371 
1703408478.980 6.354 0.338 
1703408479.080 6.431 0.305 
1703408479.180 6.503 0.280 
1703408479.281 6.573 0.258 
1703408479.380 6.665 0.234 
1703408479.480 6.773 0.191 
1703408479.580 6.888 0.146 
1703408479.681 6.993 0.144 
1703408479.782 7.115 0.148 
1703408479.881 7.234 0.152 
1703408479.982 7.322 0.145 
1703408480.081 7.410 0.140 
1703408480.181 7.523 0.161 
1703408480.282 7.636 0.184 
1703408480.381 7.732 0.203 
1703408480.481 7.831 0.224 
1703408480.581 7.933 0.252 
1703408480.681 8.035 0.286 
1703408480.782 8.134 0.321 
1703408480.883 8.218 0.353 
1703408480.982 8.276 0.379 
1703408482.591 8.370 0.359 
1703408482.592 8.370 0.359 
1703408482.691 8.366 0.454 
1703408482.791 8.387 0.584 
1703408482.893 8.423 0.700 
1703408482.994 8.453 0.746 
1703408484.397 8.634 0.615 
1703408484.497 8.634 0.598 
1703408487.604 8.643 0.662 
1703408487.705 8.614 0.672 
1703408487.804 8.568 0.643 
1703408487.904 8.478 0.546 
1703408488.005 8.422 0.455 
1703408488.105 8.391 0.381 
1703408488.205 8.371 0.325 
1703408488.306 8.325 0.265 
1703408488.405 8.272 0.200 
1703408488.506 8.217 0.127 
1703408488.606 8.151 0.052 
1703408488.706 8.111 -0.002 
1703408488.806 8.068 -0.053 
1703408488.906 8.012 -0.121 
1703408489.006 7.956 -0.188 
1703408489.108 7.897 -0.259 
1703408489.207 7.838 -0.330 
1703408489.306 7.777 -0.402 
1703408489.407 7.715 -0.476 
1703408489.509 7.653 -0.551 
1703408489.609 7.589 -0.626 
1703408489.709 7.521 -0.703 
1703408489.809 7.456 -0.781 
1703408489.909 7.391 -0.859 
1703408490.009 7.323 -0.936 
1703408490.109 7.249 -1.008 
1703408490.209 7.176 -1.080 
1703408490.310 7.105 -1.156 
1703408490.409 7.034 -1.230 
1703408490.510 6.957 -1.301 
1703408490.610 6.875 -1.369 
1703408490.710 6.791 -1.437 
1703408490.810 6.713 -1.503 
1703408490.910 6.653 -1.567 
1703408491.010 6.584 -1.627 
1703408491.111 6.506 -1.678 
1703408491.210 6.425 -1.727 
1703408491.311 6.351 -1.781 
1703408491.411 6.275 -1.838 
1703408491.511 6.191 -1.894 
1703408491.611 6.105 -1.949 
1703408491.711 6.035 -1.991 
1703408491.811 5.943 -2.033 
1703408491.911 5.845 -2.071 
1703408492.012 5.760 -2.113 
1703408492.112 5.693 -2.162 
1703408492.211 5.604 -2.212 
1703408492.312 5.483 -2.242 
1703408492.412 5.362 -2.257 
1703408492.511 5.235 -2.246 
1703408492.612 5.120 -2.222 
1703408492.712 5.011 -2.174 
1703408492.812 4.923 -2.116 
1703408492.914 4.870 -2.062 
1703408493.012 4.857 -2.011 
1703408493.113 4.800 -1.903 
1703408493.213 4.761 -1.805 
1703408493.313 4.740 -1.681 
1703408493.413 4.718 -1.566 
1703408493.513 4.693 -1.453 
1703408493.614 4.670 -1.338 
1703408493.714 4.645 -1.225 
1703408493.814 4.618 -1.108 
1703408493.914 4.592 -0.994 
1703408494.014 4.566 -0.881 
1703408494.114 4.541 -0.768 
1703408494.214 4.510 -0.654 
1703408494.314 4.482 -0.540 
1703408494.414 4.454 -0.429 
1703408494.515 4.434 -0.335 
1703408494.614 4.414 -0.256 
1703408494.715 4.393 -0.166 
1703408494.815 4.378 -0.081 
1703408494.916 4.366 -0.002 
1703408495.015 4.360 0.079 
1703408495.115 4.361 0.190 
1703408495.217 4.364 0.299 
1703408495.315 4.368 0.390 
1703408495.416 4.365 0.483 
1703408495.516 4.358 0.577 
1703408495.616 4.353 0.669 
1703408495.716 4.350 0.758 
1703408495.816 4.348 0.845 
1703408495.915 4.344 0.923 
1703408496.016 4.344 1.008 
1703408496.116 4.354 1.109 
1703408496.217 4.358 1.196 
1703408496.317 4.362 1.276 
1703408496.416 4.366 1.354 
1703408496.517 4.365 1.438 
1703408496.617 4.365 1.519 
1703408496.717 4.365 1.601 
1703408496.818 4.364 1.682 
1703408496.917 4.364 1.763 
1703408497.018 4.364 1.841 
1703408497.118 4.363 1.920 
1703408497.218 4.368 2.005 
1703408497.318 4.374 2.094 
1703408497.418 4.378 2.180 
1703408497.518 4.381 2.265 
1703408497.618 4.385 2.348 
1703408497.718 4.387 2.429 
1703408497.818 4.396 2.521 
1703408497.919 4.405 2.610 
1703408498.019 4.412 2.696 
1703408498.119 4.418 2.782 
1703408498.219 4.424 2.866 
1703408498.318 4.429 2.949 
1703408498.419 4.442 3.038 
1703408498.519 4.455 3.122 
1703408498.619 4.470 3.205 
1703408498.719 4.481 3.283 
1703408498.820 4.491 3.362 
1703408498.920 4.500 3.444 
1703408499.020 4.522 3.531 
1703408499.120 4.544 3.612 
1703408499.220 4.568 3.687 
1703408499.320 4.595 3.763 
1703408499.420 4.624 3.839 
1703408499.522 4.653 3.915 
1703408499.622 4.683 3.989 
1703408499.723 4.717 4.061 
1703408499.823 4.746 4.133 
1703408499.924 4.775 4.208 
1703408500.024 4.817 4.285 
1703408500.126 4.849 4.361 
1703408500.227 4.883 4.437 
1703408500.326 4.922 4.511 
1703408500.427 4.962 4.586 
1703408500.527 5.004 4.664 
1703408500.627 5.053 4.741 
1703408500.727 5.101 4.817 
1703408500.827 5.149 4.895 
1703408500.928 5.195 4.968 
1703408501.028 5.242 5.045 
1703408501.127 5.291 5.122 
1703408501.227 5.345 5.194 
1703408501.328 5.400 5.264 
1703408501.428 5.445 5.334 
1703408501.530 5.495 5.401 
1703408501.629 5.545 5.472 
1703408501.728 5.601 5.539 
1703408501.828 5.662 5.601 
1703408501.929 5.723 5.662 
1703408502.028 5.780 5.723 
1703408502.128 5.837 5.784 
1703408502.229 5.899 5.847 
1703408502.329 5.959 5.909 
1703408502.429 6.021 5.969 
1703408502.529 6.084 6.029 
1703408502.629 6.136 6.088 
1703408502.730 6.185 6.146 
1703408502.829 6.233 6.201 
1703408502.929 6.279 6.268 
1703408503.029 6.315 6.342 
1703408503.129 6.366 6.436 
1703408503.230 6.423 6.538 
1703408503.330 6.470 6.615 
1703408503.431 6.509 6.670 
1703408503.530 6.531 6.742 
1703408503.630 6.556 6.809 
1703408503.730 6.582 6.862 
1703408503.830 6.597 6.938 
1703408503.931 6.584 7.061 
1703408504.031 6.580 7.154 
1703408504.131 6.586 7.206 
1703408504.231 6.583 7.243 
1703408504.332 6.563 7.278 
1703408504.432 6.508 7.322 
1703408504.531 6.431 7.341 
1703408504.632 6.356 7.340 
1703408504.731 6.278 7.336 
1703408504.832 6.193 7.329 
1703408504.932 6.075 7.325 
1703408505.035 5.949 7.310 
1703408505.148 5.840 7.297 
1703408505.242 5.779 7.283 
1703408505.339 5.794 7.259 
1703408505.438 5.811 7.241 
1703408505.537 5.753 7.262 
1703408505.638 5.629 7.348 
1703408505.738 5.522 7.418 
1703408505.838 5.447 7.469 
1703408505.939 5.373 7.511 
1703408506.039 5.300 7.544 
1703408506.139 5.222 7.571 
1703408506.239 5.141 7.589 
1703408506.339 5.057 7.604 
1703408506.439 4.973 7.619 
1703408506.539 4.890 7.622 
1703408506.639 4.804 7.622 
1703408506.740 4.709 7.624 
1703408506.840 4.607 7.614 
1703408506.941 4.528 7.612 
1703408507.041 4.463 7.611 
1703408507.141 4.402 7.612 
1703408507.242 4.328 7.613 
1703408507.341 4.227 7.611 
1703408507.442 4.140 7.612 
1703408507.542 4.080 7.610 
1703408507.642 4.039 7.604 
1703408507.742 3.983 7.598 
1703408507.842 3.910 7.588 
1703408507.942 3.812 7.554 
1703408508.043 3.721 7.521 
1703408508.143 3.641 7.494 
1703408508.243 3.585 7.476 
1703408508.345 3.516 7.462 
1703408508.444 3.431 7.441 
1703408508.545 3.344 7.411 
1703408508.644 3.266 7.382 
1703408508.743 3.191 7.356 
1703408508.844 3.118 7.328 
1703408508.944 3.035 7.298 
1703408509.044 2.944 7.266 
1703408509.144 2.860 7.232 
1703408509.244 2.775 7.202 
1703408509.344 2.687 7.178 
1703408509.444 2.601 7.155 
1703408509.545 2.517 7.129 
1703408509.645 2.431 7.105 
1703408509.745 2.346 7.081 
1703408509.844 2.265 7.059 
1703408509.945 2.186 7.038 
1703408510.045 2.107 7.015 
1703408510.145 2.025 6.991 
1703408510.246 1.936 6.970 
1703408510.346 1.859 6.945 
1703408510.446 1.783 6.917 
1703408510.546 1.709 6.887 
1703408510.646 1.634 6.852 
1703408510.746 1.552 6.812 
1703408510.846 1.472 6.778 
1703408510.946 1.401 6.745 
1703408511.047 1.346 6.710 
1703408511.146 1.285 6.678 
1703408511.247 1.227 6.649 
1703408511.346 1.161 6.607 
1703408511.447 1.080 6.529 
1703408511.547 1.026 6.472 
1703408511.647 0.981 6.431 
1703408511.747 0.902 6.359 
1703408511.847 0.830 6.292 
1703408511.948 0.781 6.264 
1703408512.048 0.749 6.211 
1703408512.154 0.722 6.158 
1703408512.249 0.698 6.059 
1703408512.348 0.676 5.962 
1703408512.449 0.624 5.953 
1703408512.549 0.588 5.935 
1703408512.649 0.595 5.882 
1703408512.749 0.589 5.825 
1703408512.850 0.606 5.758 
1703408512.949 0.662 5.663 
1703408513.049 0.731 5.578 
1703408513.149 0.776 5.537 
1703408513.249 0.829 5.521 
1703408513.350 0.930 5.452 
1703408513.449 1.018 5.407 
1703408513.549 1.085 5.366 
1703408513.649 1.158 5.331 
1703408513.750 1.232 5.293 
1703408513.851 1.311 5.251 
1703408513.949 1.393 5.208 
1703408514.050 1.491 5.152 
1703408514.151 1.585 5.104 
1703408514.251 1.663 5.064 
1703408514.351 1.738 5.026 
1703408514.450 1.805 5.005 
1703408514.551 1.868 4.995 
1703408514.651 1.936 4.911 
1703408514.752 2.003 4.810 
1703408514.851 2.078 4.709 
1703408514.951 2.129 4.577 
1703408515.051 2.150 4.479 
1703408515.151 2.149 4.398 
1703408515.251 2.128 4.297 
1703408515.352 2.103 4.172 
1703408515.455 2.079 4.049 
1703408515.556 2.065 3.925 
1703408515.656 2.048 3.807 
1703408515.756 2.013 3.693 
1703408515.856 1.949 3.593 
1703408515.956 1.871 3.491 
1703408516.056 1.776 3.390 
1703408516.156 1.717 3.291 
1703408516.257 1.642 3.198 
1703408516.356 1.553 3.117 
1703408516.457 1.462 3.043 
1703408516.557 1.371 2.971 
1703408516.657 1.281 2.898 
1703408516.757 1.192 2.822 
1703408516.857 1.099 2.745 
1703408516.958 1.008 2.671 
1703408517.058 0.935 2.592 
1703408517.157 0.873 2.511 
1703408517.259 0.816 2.433 
1703408517.359 0.760 2.363 
1703408517.459 0.710 2.291 
1703408517.558 0.663 2.215 
1703408517.671 0.622 2.144 
1703408517.764 0.584 2.073 
1703408517.861 0.552 1.999 
1703408517.960 0.519 1.929 
1703408518.059 0.486 1.867 
1703408518.161 0.454 1.799 
1703408518.260 0.428 1.713 
1703408518.359 0.402 1.631 
1703408518.460 0.373 1.556 
1703408518.560 0.345 1.489 
1703408518.660 0.318 1.421 
1703408518.760 0.293 1.351 
1703408518.860 0.264 1.272 
1703408518.960 0.234 1.195 
1703408519.061 0.215 1.125 
1703408519.160 0.198 1.056 
1703408519.260 0.181 0.986 
1703408519.361 0.170 0.916 
1703408519.461 0.148 0.814 
1703408519.561 0.120 0.704 
1703408519.662 0.097 0.600 
1703408519.761 0.078 0.496 
1703408519.861 0.057 0.394 
1703408519.962 0.038 0.306 
1703408520.061 0.018 0.225 
1703408520.162 -0.002 0.141 
1703408520.261 0.003 0.058 
1703408520.361 0.007 0.020 
1703408520.462 0.038 -0.031 
1703408520.562 0.076 -0.133 
1703408520.662 0.103 -0.238 
1703408520.762 0.132 -0.336 
1703408520.863 0.145 -0.405 
1703408520.962 0.161 -0.460 
1703408521.064 0.181 -0.524 
1703408521.162 0.197 -0.592 
1703408521.264 0.207 -0.669 
1703408521.364 0.233 -0.770 
1703408521.464 0.261 -0.878 
1703408521.566 0.276 -0.969 
1703408521.665 0.290 -1.052 
1703408521.764 0.315 -1.109 
1703408521.870 0.333 -1.171 
1703408521.965 0.352 -1.253 
1703408522.065 0.389 -1.356 
1703408522.165 0.427 -1.459 
1703408522.265 0.439 -1.534 
1703408522.365 0.461 -1.601 
1703408522.466 0.492 -1.686 
1703408522.566 0.529 -1.784 
1703408522.666 0.567 -1.877 
1703408522.766 0.611 -1.976 
1703408522.866 0.644 -2.074 
1703408522.965 0.678 -2.170 
1703408523.066 0.728 -2.270 
1703408523.166 0.785 -2.373 
1703408523.266 0.842 -2.479 
1703408523.366 0.895 -2.583 
1703408523.466 0.951 -2.686 
1703408523.566 1.012 -2.788 
1703408523.666 1.072 -2.890 
1703408523.767 1.131 -2.991 
1703408523.866 1.189 -3.091 
1703408523.967 1.249 -3.194 
1703408524.067 1.308 -3.295 
1703408524.167 1.371 -3.395 
1703408524.267 1.431 -3.496 
1703408524.368 1.492 -3.594 
1703408524.467 1.553 -3.682 
1703408524.567 1.617 -3.765 
1703408524.668 1.685 -3.855 
1703408524.768 1.744 -3.937 
1703408524.868 1.807 -4.018 
1703408524.968 1.871 -4.096 
1703408525.068 1.941 -4.178 
1703408525.168 2.009 -4.257 
1703408525.269 2.075 -4.333 
1703408525.369 2.128 -4.398 
1703408525.469 2.184 -4.460 
1703408525.569 2.247 -4.521 
1703408525.670 2.316 -4.593 
1703408525.769 2.382 -4.663 
1703408525.870 2.448 -4.728 
1703408525.970 2.510 -4.785 
1703408526.070 2.575 -4.843 
1703408526.170 2.644 -4.905 
1703408526.270 2.715 -4.964 
1703408526.370 2.796 -5.014 
1703408526.471 2.878 -5.054 
1703408526.571 2.957 -5.095 
1703408526.671 3.025 -5.137 
1703408526.771 3.090 -5.170 
1703408526.871 3.178 -5.173 
1703408526.971 3.287 -5.170 
1703408527.071 3.397 -5.165 
1703408527.171 3.497 -5.155 
1703408527.272 3.593 -5.141 
1703408527.372 3.685 -5.128 
1703408527.472 3.774 -5.114 
1703408527.572 3.857 -5.102 
1703408527.672 3.935 -5.090 
1703408527.772 4.016 -5.080 
1703408527.873 4.103 -5.073 
1703408527.972 4.210 -5.075 
1703408528.072 4.293 -5.047 
1703408528.173 4.384 -5.035 
1703408528.273 4.481 -5.042 
1703408528.373 4.553 -5.041 
1703408528.473 4.616 -5.057 
1703408528.573 4.695 -5.080 
1703408528.673 4.782 -5.102 
1703408528.774 4.868 -5.132 
1703408528.873 4.945 -5.159 
1703408528.974 5.028 -5.180 
1703408529.074 5.121 -5.194 
1703408529.175 5.209 -5.206 
1703408529.275 5.279 -5.220 
1703408529.374 5.334 -5.237 
1703408534.785 5.379 -4.763 
1703408534.785 5.379 -4.763 
1703408534.886 5.334 -4.753 
1703408534.985 5.229 -4.746 
1703408535.087 5.106 -4.749 
1703408535.187 5.007 -4.745 
1703408535.286 4.897 -4.732 
1703408535.387 4.771 -4.718 
1703408535.486 4.650 -4.709 
1703408535.587 4.536 -4.703 
1703408535.687 4.422 -4.696 
1703408535.787 4.304 -4.689 
1703408535.887 4.186 -4.679 
1703408535.987 4.069 -4.676 
1703408536.087 3.949 -4.675 
1703408536.187 3.851 -4.675 
1703408536.287 3.777 -4.674 
1703408536.388 3.726 -4.674 
1703408541.095 3.819 -4.624 
1703408541.195 3.825 -4.601 
1703408541.297 3.894 -4.626 
1703408541.395 4.011 -4.676 
1703408541.496 4.128 -4.712 
1703408541.597 4.174 -4.754 
1703408541.696 4.176 -4.770 
1703408541.796 4.203 -4.783 
1703408541.896 4.294 -4.818 
1703408541.995 4.420 -4.855 
1703408542.096 4.531 -4.883 
1703408542.197 4.630 -4.905 
1703408542.297 4.725 -4.920 
1703408542.397 4.818 -4.939 
1703408542.497 4.914 -4.963 
1703408542.597 4.969 -4.980 
1703408542.698 5.037 -4.989 
1703408542.797 5.113 -5.001 
1703408542.897 5.188 -5.015 
1703408542.998 5.263 -5.028 
1703408543.097 5.347 -5.038 
1703408543.198 5.427 -5.050 
1703408543.299 5.506 -5.063 
1703408543.398 5.580 -5.069 
1703408543.498 5.655 -5.078 
1703408543.598 5.728 -5.088 
1703408543.698 5.810 -5.091 
1703408543.799 5.888 -5.089 
1703408543.899 5.963 -5.090 
1703408543.999 6.050 -5.095 
1703408544.099 6.122 -5.099 
1703408544.199 6.186 -5.103 
1703408544.299 6.261 -5.103 
1703408544.400 6.350 -5.092 
1703408544.500 6.441 -5.073 
1703408544.599 6.535 -5.063 
1703408544.699 6.641 -5.054 
1703408544.800 6.737 -5.048 
1703408544.900 6.822 -5.043 
1703408545.000 6.898 -5.037 
1703408545.105 6.974 -5.024 
1703408545.203 7.059 -5.020 
1703408545.302 7.138 -5.017 
1703408545.402 7.210 -5.010 
1703408545.503 7.277 -5.003 
1703408545.602 7.363 -5.007 
1703408545.702 7.448 -5.005 
1703408545.803 7.554 -4.994 
1703408545.903 7.646 -4.984 
1703408546.003 7.715 -4.982 
1703408546.104 7.777 -4.992 
1703408546.204 7.858 -5.050 
1703408546.303 7.949 -5.147 
1703408546.404 8.038 -5.195 
1703408546.508 8.111 -5.298 
1703408546.610 8.177 -5.403 
1703408546.707 8.205 -5.485 
1703408546.806 8.214 -5.565 
1703408546.905 8.215 -5.657 
1703408547.005 8.222 -5.731 
1703408547.105 8.228 -5.813 
1703408547.206 8.227 -5.904 
1703408547.305 8.202 -6.016 
1703408547.406 8.180 -6.114 
1703408547.505 8.171 -6.182 
1703408547.605 8.161 -6.237 
1703408547.706 8.130 -6.307 
1703408547.806 8.086 -6.391 
1703408547.906 8.051 -6.468 
1703408548.006 8.022 -6.541 
1703408548.106 7.994 -6.612 
1703408548.207 7.958 -6.688 
1703408548.307 7.902 -6.765 
1703408548.407 7.847 -6.834 
1703408548.508 7.792 -6.897 
1703408548.607 7.747 -6.957 
1703408548.707 7.697 -7.020 
1703408548.807 7.645 -7.079 
1703408548.907 7.551 -7.151 
1703408549.008 7.470 -7.213 
1703408549.108 7.414 -7.259 
1703408549.208 7.354 -7.312 
1703408549.309 7.283 -7.362 
1703408549.410 7.195 -7.410 
1703408549.510 7.117 -7.453 
1703408549.610 7.041 -7.493 
1703408549.710 6.959 -7.536 
1703408549.810 6.868 -7.585 
1703408549.910 6.780 -7.633 
1703408550.010 6.723 -7.670 
1703408550.110 6.655 -7.699 
1703408550.210 6.559 -7.736 
1703408550.311 6.448 -7.786 
1703408550.414 6.342 -7.833 
1703408550.514 6.259 -7.859 
1703408550.614 6.165 -7.884 
1703408550.714 6.099 -7.901 
1703408550.814 6.034 -7.916 
1703408550.914 5.957 -7.934 
1703408551.014 5.884 -7.951 
1703408551.114 5.806 -7.967 
1703408551.217 5.719 -7.987 
1703408551.315 5.647 -8.001 
1703408551.415 5.567 -8.015 
1703408551.515 5.487 -8.030 
1703408551.615 5.409 -8.043 
1703408551.715 5.330 -8.056 
1703408551.815 5.245 -8.064 
1703408551.915 5.164 -8.073 
1703408552.015 5.081 -8.084 
1703408552.115 4.998 -8.094 
1703408552.217 4.916 -8.105 
1703408552.316 4.835 -8.116 
1703408552.417 4.747 -8.122 
1703408552.517 4.665 -8.129 
1703408552.617 4.581 -8.137 
1703408552.717 4.496 -8.145 
1703408552.817 4.412 -8.154 
1703408552.918 4.327 -8.163 
1703408553.017 4.241 -8.168 
1703408553.118 4.157 -8.173 
1703408553.218 4.072 -8.179 
1703408553.317 3.982 -8.185 
1703408553.418 3.897 -8.193 
1703408553.519 3.810 -8.200 
1703408553.619 3.722 -8.205 
1703408555.025 3.596 -8.234 
1703408555.025 3.596 -8.234 
1703408555.127 3.543 -8.199 
1703408555.227 3.446 -8.119 
1703408555.326 3.348 -8.028 
1703408555.429 3.254 -7.957 
1703408555.529 3.160 -7.881 
1703408555.630 3.062 -7.799 
1703408555.731 2.966 -7.722 
1703408555.831 2.872 -7.648 
1703408555.931 2.779 -7.567 
1703408556.031 2.684 -7.489 
1703408556.131 2.585 -7.417 
1703408556.231 2.487 -7.348 
1703408556.331 2.387 -7.277 
1703408556.431 2.292 -7.207 
1703408556.531 2.192 -7.136 
1703408556.632 2.089 -7.068 
1703408556.735 1.984 -6.999 
1703408556.834 1.887 -6.927 
1703408556.935 1.781 -6.857 
1703408557.034 1.679 -6.804 
1703408557.135 1.584 -6.747 
1703408557.235 1.495 -6.695 
1703408557.335 1.434 -6.644 
1703408557.435 1.382 -6.593 
1703408557.535 1.312 -6.558 
1703408557.635 1.213 -6.508 
1703408557.735 1.111 -6.461 
1703408557.836 1.018 -6.420 
1703408557.936 0.958 -6.372 
1703408558.038 0.895 -6.332 
1703408558.138 0.804 -6.299 
1703408558.238 0.709 -6.269 
1703408558.338 0.624 -6.241 
1703408558.438 0.543 -6.213 
1703408558.538 0.458 -6.181 
1703408558.638 0.371 -6.158 
1703408558.738 0.284 -6.138 
1703408558.839 0.198 -6.121 
1703408558.938 0.113 -6.105 
1703408559.039 0.026 -6.090 
1703408559.139 -0.056 -6.076 
1703408559.239 -0.143 -6.067 
1703408559.339 -0.231 -6.061 
1703408559.441 -0.319 -6.056 
1703408559.539 -0.399 -6.058 
1703408559.640 -0.485 -6.059 
1703408559.740 -0.572 -6.058 
1703408559.840 -0.656 -6.057 
1703408559.940 -0.738 -6.058 
1703408560.040 -0.820 -6.063 
1703408560.140 -0.901 -6.069 
1703408560.240 -0.982 -6.074 
1703408560.341 -1.066 -6.080 
1703408560.441 -1.148 -6.087 
1703408560.541 -1.227 -6.092 
1703408560.641 -1.306 -6.099 
1703408560.740 -1.384 -6.105 
1703408560.841 -1.464 -6.110 
1703408560.941 -1.543 -6.115 
1703408561.041 -1.619 -6.120 
1703408561.141 -1.693 -6.125 
1703408561.242 -1.769 -6.129 
1703408561.341 -1.852 -6.129 
1703408561.442 -1.929 -6.132 
1703408561.543 -2.004 -6.136 
1703408561.642 -2.077 -6.139 
1703408561.742 -2.170 -6.142 
1703408561.842 -2.289 -6.147 
1703408561.942 -2.395 -6.150 
1703408562.044 -2.485 -6.155 
1703408562.143 -2.569 -6.159 
1703408562.244 -2.654 -6.164 
1703408562.343 -2.737 -6.166 
1703408562.444 -2.818 -6.165 
1703408562.545 -2.895 -6.165 
1703408562.644 -2.969 -6.164 
1703408562.743 -3.043 -6.162 
1703408562.844 -3.115 -6.161 
1703408562.944 -3.185 -6.161 
1703408563.044 -3.256 -6.161 
1703408563.144 -3.324 -6.158 
1703408563.245 -3.420 -6.179 
1703408563.345 -3.500 -6.185 
1703408563.445 -3.574 -6.188 
1703408563.544 -3.650 -6.193 
1703408563.645 -3.728 -6.205 
1703408563.746 -3.797 -6.202 
1703408563.845 -3.866 -6.208 
1703408563.946 -3.942 -6.224 
1703408564.046 -4.026 -6.249 
1703408564.145 -4.119 -6.320 
1703408564.245 -4.212 -6.388 
1703408564.346 -4.272 -6.446 
1703408564.446 -4.306 -6.504 
1703408564.546 -4.328 -6.592 
1703408564.646 -4.358 -6.683 
1703408564.746 -4.391 -6.769 
1703408564.847 -4.420 -6.860 
1703408564.946 -4.437 -6.933 
1703408565.046 -4.457 -6.987 
1703408565.147 -4.469 -7.073 
1703408565.247 -4.484 -7.149 
1703408565.346 -4.497 -7.222 
1703408565.447 -4.509 -7.301 
1703408565.547 -4.517 -7.391 
1703408565.648 -4.528 -7.477 
1703408565.749 -4.534 -7.564 
1703408565.847 -4.539 -7.649 
1703408565.948 -4.544 -7.739 
1703408566.049 -4.552 -7.832 
1703408566.148 -4.563 -7.915 
1703408566.248 -4.567 -8.002 
1703408566.348 -4.571 -8.097 
1703408566.448 -4.576 -8.190 
1703408566.549 -4.577 -8.285 
1703408566.650 -4.579 -8.381 
1703408566.748 -4.582 -8.474 
1703408566.850 -4.582 -8.550 
1703408569.759 -4.799 -8.579 
1703408569.760 -4.800 -8.579 
1703408569.860 -4.889 -8.566 
1703408569.961 -5.016 -8.566 
1703408570.061 -5.146 -8.559 
1703408570.161 -5.262 -8.554 
1703408570.261 -5.383 -8.558 
1703408570.361 -5.501 -8.556 
1703408570.461 -5.621 -8.549 
1703408570.561 -5.721 -8.542 
1703408570.662 -5.802 -8.536 
1703408570.762 -5.911 -8.524 
1703408570.861 -6.015 -8.518 
1703408570.962 -6.105 -8.517 
1703408571.062 -6.196 -8.508 
1703408571.162 -6.286 -8.499 
1703408571.262 -6.373 -8.481 
1703408571.362 -6.456 -8.454 
1703408571.463 -6.536 -8.427 
1703408571.563 -6.616 -8.410 
1703408571.662 -6.694 -8.393 
1703408571.763 -6.772 -8.373 
1703408571.863 -6.846 -8.350 
1703408571.963 -6.917 -8.326 
1703408572.062 -6.986 -8.299 
1703408572.164 -7.056 -8.265 
1703408572.263 -7.119 -8.216 
1703408572.364 -7.178 -8.166 
1703408572.474 -7.231 -8.142 
1703408572.565 -7.271 -8.128 
1703408572.664 -7.316 -8.101 
1703408572.765 -7.370 -8.036 
1703408572.866 -7.438 -7.940 
1703408572.965 -7.495 -7.862 
1703408573.065 -7.540 -7.802 
1703408573.166 -7.582 -7.753 
1703408573.265 -7.616 -7.692 
1703408573.365 -7.646 -7.614 
1703408573.465 -7.672 -7.541 
1703408573.567 -7.689 -7.467 
1703408573.668 -7.693 -7.382 
1703408573.767 -7.693 -7.296 
1703408573.868 -7.685 -7.214 
1703408573.968 -7.664 -7.128 
1703408574.067 -7.637 -7.046 
1703408574.168 -7.592 -6.959 
1703408574.267 -7.521 -6.880 
1703408574.368 -7.440 -6.801 
1703408574.471 -7.367 -6.737 
1703408574.570 -7.277 -6.669 
1703408574.670 -7.184 -6.595 
1703408574.769 -7.100 -6.532 
1703408574.869 -7.032 -6.487 
1703408574.969 -6.996 -6.462 
1703408575.069 -6.993 -6.459 
1703408575.170 -6.957 -6.462 
1703408575.269 -6.842 -6.480 
1703408575.369 -6.716 -6.483 
1703408575.470 -6.607 -6.481 
1703408575.569 -6.506 -6.474 
1703408575.670 -6.421 -6.452 
1703408575.770 -6.340 -6.437 
1703408575.870 -6.246 -6.437 
1703408575.970 -6.146 -6.441 
1703408576.071 -6.044 -6.444 
1703408576.170 -5.942 -6.450 
1703408576.271 -5.842 -6.451 
1703408576.371 -5.769 -6.442 
1703408576.471 -5.702 -6.438 
1703408576.571 -5.634 -6.437 
1703408576.672 -5.562 -6.437 
1703408576.773 -5.473 -6.444 
1703408576.873 -5.387 -6.452 
1703408576.973 -5.308 -6.459 
1703408577.074 -5.225 -6.467 
1703408577.174 -5.143 -6.475 
1703408577.273 -5.057 -6.484 
1703408577.374 -4.971 -6.493 
1703408577.473 -4.883 -6.502 
1703408577.574 -4.794 -6.511 
1703408577.674 -4.708 -6.521 
1703408577.774 -4.620 -6.531 
1703408577.874 -4.531 -6.538 
1703408577.974 -4.442 -6.546 
1703408578.074 -4.353 -6.553 
1703408578.174 -4.259 -6.559 
1703408578.275 -4.166 -6.565 
1703408578.374 -4.077 -6.574 
1703408578.475 -3.983 -6.579 
1703408578.576 -3.891 -6.582 
1703408578.675 -3.799 -6.583 
1703408578.775 -3.705 -6.585 
1703408578.876 -3.610 -6.588 
1703408578.976 -3.517 -6.592 
1703408579.076 -3.425 -6.590 
1703408579.176 -3.331 -6.585 
1703408579.280 -3.237 -6.580 
1703408579.379 -3.144 -6.573 
1703408579.479 -3.049 -6.572 
1703408579.580 -2.957 -6.568 
1703408579.681 -2.867 -6.557 
1703408579.780 -2.782 -6.548 
1703408579.880 -2.693 -6.532 
1703408579.980 -2.592 -6.504 
1703408580.081 -2.495 -6.483 
1703408580.180 -2.411 -6.472 
1703408580.281 -2.328 -6.457 
1703408580.382 -2.239 -6.434 
1703408580.481 -2.146 -6.395 
1703408580.581 -2.058 -6.359 
1703408580.682 -1.971 -6.319 
1703408580.784 -1.890 -6.295 
1703408580.882 -1.803 -6.266 
1703408580.981 -1.716 -6.229 
1703408581.082 -1.633 -6.180 
1703408581.182 -1.553 -6.134 
1703408581.283 -1.474 -6.080 
1703408581.384 -1.391 -6.035 
1703408581.484 -1.307 -5.989 
1703408581.585 -1.223 -5.932 
1703408581.684 -1.142 -5.875 
1703408581.785 -1.060 -5.807 
1703408581.885 -0.984 -5.728 
1703408581.985 -0.909 -5.655 
1703408582.085 -0.845 -5.588 
1703408582.185 -0.770 -5.517 
1703408582.285 -0.697 -5.435 
1703408582.385 -0.635 -5.337 
1703408582.486 -0.573 -5.245 
1703408582.586 -0.522 -5.147 
1703408582.687 -0.486 -5.062 
1703408582.786 -0.463 -4.963 
1703408582.886 -0.443 -4.854 
1703408582.986 -0.431 -4.740 
1703408583.086 -0.432 -4.630 
1703408583.186 -0.436 -4.527 
1703408583.286 -0.444 -4.416 
1703408583.388 -0.468 -4.301 
1703408583.487 -0.497 -4.197 
1703408583.586 -0.540 -4.109 
1703408583.689 -0.588 -4.023 
1703408583.790 -0.656 -3.927 
1703408583.890 -0.718 -3.844 
1703408583.990 -0.793 -3.760 
1703408584.091 -0.883 -3.687 
1703408584.191 -0.987 -3.631 
1703408584.291 -1.096 -3.581 
1703408584.390 -1.202 -3.530 
1703408584.491 -1.313 -3.490 
1703408584.594 -1.429 -3.468 
1703408584.690 -1.548 -3.458 
1703408584.792 -1.672 -3.450 
1703408586.497 -1.967 -3.708 
1703408586.498 -1.967 -3.708 
1703408586.598 -1.976 -3.636 
1703408586.698 -1.996 -3.553 
1703408586.798 -2.038 -3.468 
1703408586.900 -2.085 -3.399 
1703408586.999 -2.168 -3.328 
1703408587.099 -2.259 -3.241 
1703408587.200 -2.345 -3.145 
1703408587.299 -2.418 -3.096 
1703408587.398 -2.472 -3.020 
1703408587.499 -2.519 -2.938 
1703408587.599 -2.565 -2.864 
1703408587.700 -2.564 -2.750 
1703408587.800 -2.558 -2.646 
1703408587.899 -2.580 -2.513 
1703408587.999 -2.582 -2.423 
1703408588.100 -2.605 -2.319 
1703408588.200 -2.611 -2.181 
1703408588.300 -2.613 -2.059 
1703408588.401 -2.620 -1.955 
1703408588.502 -2.628 -1.851 
1703408588.600 -2.647 -1.736 
1703408588.701 -2.663 -1.613 
1703408588.802 -2.676 -1.503 
1703408588.901 -2.688 -1.394 
1703408589.004 -2.693 -1.275 
1703408589.103 -2.701 -1.154 
1703408589.204 -2.711 -1.034 
1703408589.304 -2.721 -0.912 
1703408589.404 -2.730 -0.791 
1703408589.504 -2.739 -0.669 
1703408589.604 -2.751 -0.553 
1703408589.705 -2.742 -0.482 
1703408589.804 -2.770 -0.386 
1703408589.906 -2.845 -0.263 
1703408590.005 -2.890 -0.156 
1703408590.104 -2.967 -0.039 
1703408590.204 -3.032 0.041 
1703408590.304 -3.098 0.078 
1703408590.410 -3.165 0.130 
1703408590.505 -3.239 0.193 
1703408590.605 -3.328 0.289 
1703408590.706 -3.396 0.370 
1703408590.805 -3.451 0.434 
1703408590.905 -3.527 0.506 
1703408591.005 -3.590 0.583 
1703408591.105 -3.684 0.642 
1703408591.205 -3.809 0.674 
1703408591.306 -3.921 0.659 
1703408591.406 -4.039 0.642 
1703408591.507 -4.155 0.641 
1703408591.607 -4.269 0.644 
1703408591.706 -4.389 0.635 
1703408591.807 -4.510 0.632 
1703408591.906 -4.663 0.627 
1703408592.006 -4.780 0.618 
1703408592.107 -4.885 0.611 
1703408592.207 -4.998 0.559 
1703408592.307 -5.052 0.520 
1703408592.407 -5.144 0.476 
1703408592.507 -5.169 0.419 
1703408595.012 -5.063 0.274 
1703408595.112 -5.042 0.298 
1703408595.212 -4.978 0.343 
1703408595.312 -4.910 0.377 
1703408595.412 -4.831 0.418 
1703408595.513 -4.731 0.502 
1703408595.614 -4.641 0.584 
1703408595.713 -4.571 0.645 
1703408595.813 -4.506 0.701 
1703408595.913 -4.443 0.762 
1703408596.013 -4.375 0.840 
1703408596.114 -4.292 0.926 
1703408596.214 -4.208 1.029 
1703408596.313 -4.123 1.159 
1703408596.414 -4.039 1.275 
1703408596.515 -3.959 1.384 
1703408598.520 -3.662 1.573 
1703408598.620 -3.703 1.620 
1703408598.719 -3.797 1.719 
1703408599.824 -3.743 1.850 
1703408599.924 -3.834 1.809 
1703408600.024 -3.952 1.746 
1703408600.124 -4.116 1.678 
1703408600.225 -4.279 1.625 
1703408600.325 -4.442 1.586 
1703408600.424 -4.601 1.556 
1703408600.525 -4.763 1.530 
1703408600.625 -4.909 1.513 
1703408600.725 -5.031 1.488 
1703408600.826 -5.159 1.495 
1703408600.926 -5.282 1.535 
1703408601.026 -5.393 1.600 
1703408606.240 -5.158 1.369 
1703408606.241 -5.157 1.369 
1703408606.341 -5.167 1.280 
1703408606.442 -5.185 1.163 
1703408606.541 -5.197 1.030 
1703408606.642 -5.192 0.895 
1703408606.742 -5.143 0.795 
1703408606.841 -5.113 0.685 
1703408606.942 -5.112 0.594 
1703408607.042 -5.102 0.503 
1703408607.142 -5.088 0.418 
1703408607.242 -5.076 0.336 
1703408607.342 -5.062 0.261 
1703408607.442 -5.057 0.181 
1703408607.542 -5.057 0.098 
1703408607.643 -5.056 0.016 
1703408607.743 -5.055 -0.064 
1703408607.843 -5.064 -0.150 
1703408607.943 -5.070 -0.237 
1703408608.043 -5.064 -0.307 
1703408608.143 -5.069 -0.381 
1703408608.243 -5.094 -0.485 
1703408608.343 -5.118 -0.606 
1703408608.444 -5.137 -0.721 
1703408608.543 -5.162 -0.816 
1703408608.643 -5.180 -0.912 
1703408608.745 -5.203 -1.007 
1703408608.844 -5.232 -1.100 
1703408608.945 -5.262 -1.189 
1703408609.045 -5.295 -1.280 
1703408609.145 -5.336 -1.375 
1703408609.245 -5.358 -1.463 
1703408609.346 -5.388 -1.552 
1703408609.445 -5.430 -1.633 
1703408609.545 -5.475 -1.706 
1703408609.645 -5.521 -1.783 
1703408609.746 -5.576 -1.868 
1703408609.846 -5.626 -1.954 
1703408609.946 -5.670 -2.036 
1703408610.046 -5.707 -2.093 
1703408610.148 -5.742 -2.148 
1703408610.247 -5.787 -2.210 
1703408610.347 -5.849 -2.271 
1703408610.446 -5.914 -2.335 
1703408610.546 -5.972 -2.396 
1703408610.647 -6.021 -2.453 
1703408610.747 -6.062 -2.504 
1703408610.847 -6.158 -2.561 
1703408610.947 -6.257 -2.624 
1703408611.047 -6.309 -2.680 
1703408611.146 -6.354 -2.724 
1703408611.248 -6.446 -2.764 
1703408611.348 -6.549 -2.798 
1703408611.449 -6.637 -2.828 
1703408611.548 -6.717 -2.850 
1703408611.648 -6.807 -2.866 
1703408611.748 -6.900 -2.873 
1703408611.848 -6.993 -2.874 
1703408611.948 -7.083 -2.871 
1703408612.048 -7.179 -2.855 
1703408612.149 -7.269 -2.831 
1703408612.249 -7.357 -2.800 
1703408612.350 -7.443 -2.761 
1703408612.450 -7.529 -2.718 
1703408612.549 -7.607 -2.677 
1703408612.649 -7.683 -2.618 
1703408612.751 -7.758 -2.544 
1703408612.851 -7.826 -2.480 
1703408612.951 -7.896 -2.413 
1703408613.051 -7.953 -2.352 
1703408613.152 -8.000 -2.302 
1703408613.252 -8.042 -2.230 
1703408613.351 -8.086 -2.164 
1703408613.452 -8.126 -2.100 
1703408613.553 -8.170 -2.035 
1703408613.651 -8.224 -1.949 
1703408613.752 -8.270 -1.866 
1703408613.853 -8.309 -1.793 
1703408613.952 -8.346 -1.711 
1703408614.052 -8.380 -1.623 
1703408614.153 -8.414 -1.536 
1703408614.253 -8.442 -1.451 
1703408614.353 -8.471 -1.369 
1703408614.453 -8.507 -1.276 
1703408614.554 -8.539 -1.184 
1703408614.655 -8.567 -1.094 
1703408614.754 -8.591 -0.999 
1703408614.855 -8.613 -0.903 
1703408614.955 -8.642 -0.806 
1703408615.055 -8.665 -0.713 
1703408615.155 -8.686 -0.610 
1703408615.256 -8.707 -0.514 
1703408615.355 -8.725 -0.419 
1703408615.455 -8.737 -0.311 
1703408615.555 -8.750 -0.208 
1703408615.655 -8.763 -0.105 
1703408615.756 -8.779 -0.034 
1703408615.856 -8.779 0.019 
1703408615.956 -8.795 0.092 
1703408616.056 -8.800 0.180 
1703408616.157 -8.803 0.259 
1703408616.258 -8.808 0.335 
1703408616.358 -8.815 0.410 
1703408616.458 -8.822 0.487 
1703408616.558 -8.829 0.562 
1703408616.659 -8.831 0.645 
1703408616.760 -8.830 0.724 
1703408616.859 -8.830 0.801 
1703408616.959 -8.831 0.879 
1703408617.059 -8.832 0.954 
1703408617.159 -8.833 1.028 
1703408617.259 -8.830 1.106 
1703408617.359 -8.819 1.193 
1703408617.459 -8.813 1.273 
1703408617.559 -8.811 1.338 
1703408617.659 -8.814 1.404 
1703408617.760 -8.812 1.480 
1703408617.859 -8.808 1.558 
1703408617.960 -8.803 1.647 
1703408618.061 -8.792 1.732 
1703408618.161 -8.786 1.819 
1703408618.262 -8.775 1.919 
1703408618.369 -8.753 2.046 
1703408618.461 -8.737 2.144 
1703408618.562 -8.724 2.243 
1703408618.664 -8.712 2.336 
1703408618.765 -8.694 2.435 
1703408618.865 -8.671 2.536 
1703408618.966 -8.652 2.636 
1703408619.066 -8.636 2.726 
1703408619.168 -8.615 2.818 
1703408619.266 -8.585 2.917 
1703408619.367 -8.563 3.013 
1703408619.466 -8.540 3.098 
1703408619.567 -8.519 3.182 
1703408619.667 -8.491 3.275 
1703408619.767 -8.457 3.382 
1703408619.868 -8.439 3.476 
1703408619.968 -8.419 3.560 
1703408620.067 -8.391 3.636 
1703408620.168 -8.356 3.713 
1703408620.268 -8.319 3.798 
1703408620.368 -8.282 3.882 
1703408620.469 -8.243 3.962 
1703408620.568 -8.197 4.032 
1703408620.668 -8.144 4.104 
1703408620.769 -8.091 4.177 
1703408620.869 -8.042 4.252 
1703408620.969 -7.996 4.325 
1703408621.069 -7.948 4.392 
1703408621.169 -7.900 4.459 
1703408621.270 -7.852 4.526 
1703408621.370 -7.778 4.590 
1703408621.469 -7.708 4.650 
1703408621.570 -7.647 4.706 
1703408621.670 -7.581 4.758 
1703408621.770 -7.508 4.811 
1703408621.870 -7.443 4.862 
1703408621.971 -7.371 4.906 
1703408622.072 -7.302 4.952 
1703408622.171 -7.234 4.995 
1703408622.271 -7.144 5.032 
1703408622.372 -7.032 5.063 
1703408622.472 -6.932 5.093 
1703408622.571 -6.870 5.116 
1703408622.672 -6.793 5.138 
1703408622.771 -6.703 5.159 
1703408622.872 -6.571 5.164 
1703408622.972 -6.491 5.173 
1703408623.072 -6.454 5.177 
1703408623.172 -6.390 5.185 
1703408623.273 -6.299 5.200 
1703408623.372 -6.212 5.221 
1703408623.473 -6.138 5.248 
1703408623.573 -6.070 5.247 
1703408623.673 -5.972 5.236 
1703408623.773 -5.859 5.221 
1703408623.873 -5.738 5.206 
1703408623.973 -5.614 5.188 
1703408628.285 -5.091 4.953 
1703408628.286 -5.092 4.953 
1703408628.387 -5.145 4.961 
1703408628.487 -5.217 4.989 
1703408628.587 -5.307 5.057 
1703408628.687 -5.391 5.141 
1703408628.787 -5.477 5.226 
1703408628.887 -5.566 5.312 
1703408628.987 -5.660 5.391 
1703408629.087 -5.750 5.473 
1703408629.187 -5.842 5.557 
1703408629.289 -5.933 5.641 
1703408629.388 -6.023 5.724 
1703408629.489 -6.113 5.804 
1703408629.588 -6.202 5.886 
1703408629.688 -6.292 5.968 
1703408629.788 -6.380 6.051 
1703408629.890 -6.471 6.136 
1703408629.989 -6.556 6.216 
1703408630.088 -6.643 6.298 
1703408630.188 -6.732 6.380 
1703408630.289 -6.818 6.463 
1703408630.389 -6.904 6.546 
1703408630.489 -6.989 6.630 
1703408630.589 -7.074 6.714 
1703408630.690 -7.157 6.799 
1703408630.790 -7.241 6.884 
1703408630.890 -7.325 6.971 
1703408630.989 -7.409 7.053 
1703408631.089 -7.494 7.135 
1703408631.189 -7.575 7.222 
1703408631.290 -7.650 7.313 
1703408631.390 -7.726 7.405 
1703408631.491 -7.806 7.494 
1703408631.590 -7.881 7.586 
1703408631.691 -7.955 7.678 
1703408631.791 -8.026 7.774 
1703408631.890 -8.080 7.878 
1703408631.991 -8.126 7.973 
1703408632.091 -8.165 8.049 
1703408632.191 -8.178 8.080 
1703408632.291 -8.186 8.041 
1703408632.391 -8.194 7.974 
1703408633.301 -8.057 7.906 
1703408633.396 -7.975 7.962 
1703408633.496 -7.879 8.016 
1703408633.595 -7.846 8.054 
1703408633.694 -7.872 8.060 
1703408633.795 -7.933 8.071 
1703408633.902 -7.914 8.066 
1703408633.998 -7.857 8.036 
1703408634.097 -7.768 7.996 
1703408634.197 -7.654 7.949 
1703408634.296 -7.535 7.934 
1703408634.396 -7.431 7.951 
1703408634.495 -7.335 7.990 
1703408634.596 -7.257 8.027 
1703408634.696 -7.202 8.044 
1703408634.796 -7.150 8.048 
1703408634.897 -7.080 8.068 
1703408634.996 -6.993 8.085 
1703408635.097 -6.890 8.104 
1703408635.197 -6.788 8.118 
1703408635.297 -6.686 8.131 
1703408635.397 -6.581 8.144 
1703408635.502 -6.460 8.159 
1703408635.597 -6.355 8.172 
1703408637.707 -5.946 8.284 
1703408637.707 -5.946 8.284 
1703408637.809 -5.961 8.173 
1703408637.907 -5.968 8.037 
1703408638.008 -5.969 7.929 
1703408638.109 -5.946 7.817 
1703408638.209 -5.903 7.688 
1703408638.310 -5.863 7.569 
1703408638.410 -5.821 7.461 
1703408638.509 -5.800 7.353 
1703408638.610 -5.788 7.233 
1703408638.710 -5.767 7.112 
1703408638.809 -5.742 7.000 
1703408638.910 -5.716 6.884 
1703408639.010 -5.701 6.767 
1703408639.110 -5.688 6.646 
1703408639.212 -5.674 6.529 
1703408639.313 -5.657 6.416 
1703408639.412 -5.647 6.295 
1703408639.513 -5.643 6.173 
1703408639.613 -5.641 6.055 
1703408639.712 -5.637 5.946 
1703408639.813 -5.632 5.861 
1703408639.914 -5.634 5.779 
1703408640.015 -5.634 5.697 
1703408640.113 -5.634 5.614 
1703408640.213 -5.634 5.532 
1703408640.313 -5.632 5.453 
1703408640.413 -5.634 5.375 
1703408640.514 -5.632 5.289 
1703408640.613 -5.627 5.204 
1703408640.713 -5.622 5.122 
1703408640.813 -5.617 5.045 
1703408640.914 -5.610 4.967 
1703408641.014 -5.600 4.894 
1703408641.115 -5.596 4.815 
1703408641.216 -5.595 4.734 
1703408641.315 -5.593 4.648 
1703408641.415 -5.585 4.568 
1703408641.516 -5.588 4.486 
1703408641.616 -5.592 4.400 
1703408641.716 -5.587 4.324 
1703408641.817 -5.590 4.248 
1703408641.916 -5.596 4.161 
1703408642.018 -5.602 4.079 
1703408642.119 -5.626 4.023 
1703408642.219 -5.643 3.949 
1703408642.320 -5.643 3.861 
1703408642.420 -5.621 3.774 
1703408642.520 -5.586 3.682 
1703408642.621 -5.538 3.599 
1703408642.720 -5.503 3.537 
1703408642.821 -5.446 3.486 
1703408642.920 -5.371 3.448 
1703408643.020 -5.292 3.413 
1703408643.122 -5.210 3.376 
1703408643.222 -5.130 3.333 
1703408643.322 -5.088 3.293 
1703408643.422 -5.039 3.271 
1703408643.523 -4.965 3.247 
1703408643.622 -4.892 3.218 
1703408643.723 -4.820 3.181 
1703408643.823 -4.744 3.155 
1703408643.923 -4.670 3.123 
1703408644.023 -4.589 3.096 
1703408644.124 -4.503 3.074 
1703408644.223 -4.417 3.055 
1703408644.323 -4.328 3.033 
1703408644.423 -4.230 3.005 
1703408644.524 -4.134 2.985 
1703408644.627 -4.036 2.964 
1703408644.725 -3.941 2.942 
1703408644.824 -3.838 2.923 
1703408644.924 -3.732 2.906 
1703408645.025 -3.626 2.887 
1703408645.125 -3.526 2.871 
1703408645.225 -3.416 2.858 
1703408645.325 -3.306 2.846 
1703408645.425 -3.199 2.832 
1703408645.526 -3.091 2.819 
1703408645.626 -2.977 2.816 
1703408645.726 -2.862 2.814 
1703408645.826 -2.751 2.806 
1703408645.926 -2.640 2.798 
1703408646.026 -2.526 2.792 
1703408646.126 -2.413 2.792 
1703408646.226 -2.299 2.793 
1703408646.326 -2.180 2.793 
1703408646.426 -2.063 2.796 
1703408646.527 -1.952 2.798 
1703408646.627 -1.840 2.801 
1703408646.727 -1.730 2.804 
1703408646.827 -1.617 2.804 
1703408646.930 -1.496 2.804 
1703408647.027 -1.393 2.808 
1703408647.129 -1.281 2.810 
1703408647.228 -1.172 2.809 
1703408647.329 -1.065 2.806 
1703408647.428 -0.959 2.799 
1703408647.527 -0.855 2.792 
1703408647.628 -0.749 2.784 
1703408647.729 -0.645 2.775 
1703408647.828 -0.541 2.767 
1703408647.928 -0.445 2.758 
1703408648.029 -0.345 2.758 
1703408648.129 -0.248 2.756 
1703408648.228 -0.152 2.751 
1703408648.329 -0.058 2.747 
1703408648.428 0.037 2.744 
1703408648.532 0.130 2.741 
1703408648.630 0.217 2.742 
1703408648.729 0.305 2.745 
1703408648.829 0.398 2.752 
1703408648.929 0.486 2.761 
1703408649.030 0.575 2.775 
1703408649.129 0.663 2.799 
1703408649.229 0.747 2.816 
1703408649.331 0.828 2.842 
1703408649.430 0.908 2.884 
1703408649.530 0.980 2.941 
1703408649.630 1.059 2.997 
1703408649.731 1.138 3.043 
1703408649.831 1.215 3.089 
1703408649.930 1.291 3.142 
1703408650.031 1.364 3.203 
1703408650.130 1.437 3.269 
1703408650.231 1.509 3.338 
1703408650.331 1.577 3.407 
1703408650.431 1.642 3.478 
1703408650.535 1.708 3.557 
1703408650.657 1.761 3.639 
1703408650.753 1.804 3.731 
1703408650.851 1.826 3.826 
1703408650.950 1.844 3.928 
1703408651.050 1.873 4.024 
1703408651.150 1.894 4.125 
1703408651.250 1.916 4.216 
1703408651.351 1.931 4.317 
1703408651.450 1.938 4.422 
1703408651.551 1.939 4.525 
1703408651.651 1.935 4.628 
1703408651.751 1.922 4.731 
1703408651.850 1.906 4.834 
1703408651.951 1.884 4.940 
1703408652.051 1.853 5.039 
1703408652.152 1.817 5.134 
1703408652.251 1.772 5.232 
1703408652.352 1.704 5.319 
1703408652.451 1.642 5.396 
1703408652.551 1.587 5.472 
1703408652.652 1.523 5.553 
1703408652.754 1.440 5.628 
1703408652.852 1.358 5.688 
1703408652.953 1.278 5.740 
1703408653.053 1.195 5.800 
1703408653.153 1.120 5.864 
1703408653.253 1.039 5.909 
1703408653.353 0.947 5.934 
1703408653.453 0.850 5.953 
1703408653.554 0.752 5.971 
1703408653.653 0.663 5.991 
1703408653.754 0.574 6.000 
1703408653.854 0.487 6.010 
1703408653.954 0.392 6.013 
1703408654.054 0.283 6.007 
1703408654.153 0.179 6.003 
1703408654.255 0.085 6.005 
1703408654.355 -0.011 6.009 
1703408654.454 -0.110 6.007 
1703408654.554 -0.209 6.005 
1703408654.655 -0.308 6.003 
1703408654.755 -0.407 6.001 
1703408654.855 -0.510 5.997 
1703408654.954 -0.611 5.995 
1703408655.055 -0.710 5.994 
1703408655.154 -0.805 5.995 
1703408655.255 -0.900 5.994 
1703408655.355 -0.996 5.990 
1703408655.454 -1.082 5.988 
1703408655.556 -1.180 5.987 
1703408655.655 -1.274 5.982 
1703408655.755 -1.357 5.978 
1703408655.856 -1.436 5.979 
1703408655.956 -1.510 5.984 
1703408656.056 -1.575 5.991 
1703408656.156 -1.646 5.988 
1703408656.256 -1.712 5.983 
1703408656.356 -1.782 5.988 
1703408656.456 -1.901 6.060 
1703408656.556 -2.025 6.148 
1703408656.657 -2.119 6.172 
1703408656.757 -2.187 6.191 
1703408656.856 -2.230 6.247 
1703408656.957 -2.262 6.307 
1703408657.057 -2.278 6.371 
1703408657.157 -2.285 6.473 
1703408657.257 -2.277 6.591 
1703408657.357 -2.274 6.681 
1703408657.457 -2.258 6.709 
1703408657.557 -2.237 6.730 
1703408657.658 -2.225 6.768 
1703408657.758 -2.193 6.872 
1703408657.859 -2.180 6.960 
1703408657.958 -2.167 7.022 
1703408658.058 -2.148 7.085 
1703408658.158 -2.125 7.150 
1703408658.258 -2.088 7.220 
1703408658.359 -2.058 7.288 
1703408658.458 -2.035 7.358 
1703408658.558 -1.993 7.431 
1703408658.659 -1.939 7.499 
1703408658.758 -1.893 7.568 
1703408658.860 -1.858 7.638 
1703408658.959 -1.813 7.709 
1703408659.060 -1.762 7.782 
1703408659.160 -1.704 7.851 
1703408659.260 -1.638 7.910 
1703408659.360 -1.566 7.962 
1703408659.461 -1.485 8.010 
1703408659.561 -1.418 8.061 
1703408659.661 -1.342 8.110 
1703408659.761 -1.264 8.160 
1703408659.861 -1.186 8.205 
1703408659.961 -1.098 8.246 
1703408660.061 -1.002 8.275 
1703408660.163 -0.911 8.300 
1703408660.264 -0.834 8.326 
1703408660.363 -0.763 8.354 
1703408660.464 -0.688 8.378 
1703408660.564 -0.604 8.400 
1703408660.663 -0.528 8.426 
1703408660.764 -0.464 8.453 
1703408660.864 -0.420 8.480 
1703408660.964 -0.363 8.488 
1703408661.064 -0.279 8.494 
1703408661.164 -0.194 8.501 
1703408661.265 -0.110 8.511 
1703408661.365 -0.031 8.519 
1703408661.464 0.052 8.529 
1703408661.565 0.137 8.542 
1703408661.665 0.220 8.552 
1703408661.765 0.302 8.559 
1703408661.867 0.384 8.570 
1703408661.966 0.466 8.582 
1703408662.066 0.549 8.594 
1703408662.167 0.635 8.615 
1703408662.267 0.723 8.638 
1703408662.367 0.804 8.651 
1703408662.468 0.882 8.659 
1703408662.567 0.967 8.681 
1703408664.372 1.206 9.006 
1703408664.373 1.206 9.006 
1703408664.475 1.233 9.008 
1703408664.574 1.289 8.926 
1703408664.674 1.355 8.809 
1703408664.774 1.418 8.713 
1703408664.874 1.501 8.616 
1703408664.974 1.589 8.561 
1703408665.074 1.688 8.503 
1703408665.174 1.752 8.432 
1703408665.274 1.843 8.356 
1703408665.374 1.941 8.270 
1703408665.475 2.032 8.188 
1703408665.574 2.121 8.102 
1703408665.675 2.201 8.009 
1703408665.776 2.291 7.918 
1703408665.876 2.383 7.845 
1703408665.977 2.477 7.763 
1703408666.076 2.567 7.683 
1703408666.179 2.658 7.602 
1703408666.277 2.747 7.525 
1703408666.376 2.842 7.447 
1703408666.477 2.939 7.371 
1703408666.577 3.030 7.293 
1703408666.677 3.127 7.223 
1703408666.777 3.224 7.153 
1703408666.877 3.327 7.085 
1703408666.977 3.431 7.015 
1703408667.077 3.527 6.945 
1703408667.177 3.629 6.885 
1703408667.282 3.745 6.823 
1703408667.377 3.855 6.764 
1703408667.478 3.960 6.709 
1703408667.578 4.070 6.673 
1703408667.678 4.186 6.632 
1703408667.779 4.295 6.587 
1703408667.878 4.393 6.545 
1703408667.979 4.463 6.503 
1703408668.083 4.542 6.472 
1703408668.180 4.629 6.446 
1703408668.280 4.721 6.420 
1703408668.380 4.803 6.391 
1703408668.481 4.885 6.364 
1703408668.580 4.971 6.345 
1703408668.680 5.055 6.325 
1703408668.781 5.140 6.307 
1703408668.884 5.228 6.290 
1703408668.985 5.316 6.273 
1703408669.084 5.406 6.263 
1703408669.186 5.500 6.252 
1703408669.286 5.583 6.237 
1703408669.385 5.668 6.228 
1703408669.485 5.755 6.220 
1703408669.586 5.843 6.211 
1703408669.686 5.930 6.209 
1703408669.786 6.017 6.206 
1703408669.886 6.104 6.202 
1703408669.986 6.188 6.198 
1703408670.086 6.273 6.196 
1703408670.186 6.356 6.193 
1703408670.287 6.436 6.190 
1703408670.386 6.515 6.188 
1703408670.486 6.592 6.184 
1703408670.587 6.664 6.181 
1703408670.686 6.752 6.180 
1703408670.787 6.875 6.179 
1703408670.887 6.989 6.178 
1703408670.987 7.086 6.178 
1703408671.088 7.174 6.178 
1703408671.187 7.260 6.176 
1703408671.290 7.337 6.175 
1703408671.390 7.402 6.174 
1703408671.490 7.477 6.176 
1703408671.592 7.531 6.161 
1703408671.694 7.570 6.140 
1703408671.793 7.613 6.115 
1703408671.893 7.691 6.133 
1703408673.998 8.154 6.234 
1703408674.099 8.055 6.238 
1703408674.198 7.928 6.222 
1703408674.300 7.785 6.198 
1703408674.399 7.647 6.196 
1703408674.499 7.557 6.164 
1703408674.599 7.453 6.140 
1703408674.700 7.338 6.130 
1703408674.799 7.215 6.097 
1703408674.901 7.091 6.071 
1703408675.000 6.965 6.046 
1703408675.100 6.841 6.028 
1703408675.201 6.735 6.017 
1703408675.299 6.646 6.003 
1703408675.400 6.573 5.978 
1703408675.502 6.501 5.949 
1703408675.605 6.413 5.903 
1703408675.706 6.326 5.884 
1703408675.804 6.237 5.859 
1703408675.904 6.152 5.829 
1703408676.003 6.083 5.795 
1703408676.102 6.002 5.744 
1703408676.203 5.922 5.697 
1703408676.303 5.846 5.648 
1703408676.403 5.773 5.594 
1703408676.503 5.699 5.535 
1703408676.603 5.627 5.475 
1703408676.704 5.557 5.411 
1703408676.803 5.506 5.342 
1703408676.904 5.457 5.266 
1703408677.004 5.390 5.183 
1703408677.104 5.330 5.103 
1703408677.204 5.292 5.022 
1703408677.305 5.270 4.932 
1703408677.405 5.258 4.838 
1703408677.505 5.249 4.745 
1703408677.608 5.245 4.658 
1703408677.707 5.250 4.569 
1703408677.805 5.250 4.475 
1703408677.906 5.238 4.382 
1703408678.005 5.238 4.287 
1703408678.105 5.245 4.196 
1703408678.205 5.257 4.101 
1703408678.307 5.286 4.001 
1703408678.406 5.340 3.907 
1703408678.505 5.395 3.820 
1703408678.617 5.433 3.735 
1703408678.722 5.489 3.641 
1703408678.818 5.553 3.557 
1703408678.917 5.626 3.472 
1703408679.016 5.703 3.388 
1703408679.117 5.784 3.309 
1703408679.218 5.860 3.227 
1703408679.317 5.935 3.148 
1703408679.417 6.012 3.072 
1703408679.518 6.092 3.002 
1703408679.619 6.176 2.927 
1703408679.718 6.253 2.857 
1703408679.818 6.330 2.787 
1703408679.918 6.410 2.717 
1703408680.019 6.500 2.643 
1703408680.133 6.599 2.571 
1703408680.219 6.655 2.523 
1703408680.318 6.727 2.457 
1703408680.420 6.814 2.385 
1703408680.520 6.898 2.311 
1703408680.619 6.971 2.248 
1703408680.719 7.049 2.183 
1703408680.820 7.136 2.120 
1703408680.919 7.213 2.064 
1703408681.020 7.285 2.003 
1703408681.119 7.360 1.941 
1703408681.221 7.435 1.877 
1703408681.319 7.507 1.817 
