1704869084.290 274
1704869084.568 274
1704869084.833 274
1704869085.137 275
1704869085.631 275
1704869085.917 315
1704869086.329 318
1704869086.644 318
1704869086.943 319
1704869087.237 320
1704869087.525 321
1704869087.833 328
1704869088.135 346
1704869088.410 384
1704869088.688 438
1704869088.983 468
1704869089.261 478
1704869089.561 484
1704869089.854 504
1704869090.158 510
1704869090.478 513
1704869090.754 519
1704869091.049 525
1704869091.335 534
1704869091.620 549
1704869091.909 571
1704869092.199 632
1704869092.463 669
1704869092.742 684
1704869093.034 688
1704869093.285 690
1704869093.579 711
1704869093.851 734
1704869094.121 744
1704869094.378 747
1704869094.640 763
1704869094.908 783
1704869095.193 799
1704869095.453 817
1704869095.722 836
1704869095.989 864
1704869096.266 925
1704869096.531 938
1704869096.881 984
1704869097.164 1008
1704869097.442 1024
1704869097.737 1043
1704869097.979 1095
1704869098.242 1132
1704869098.507 1150
1704869098.778 1180
1704869099.066 1242
1704869099.339 1319
1704869099.646 1389
1704869099.946 1425
1704869100.266 1458
1704869100.564 1476
1704869100.869 1504
1704869101.154 1527
1704869101.460 1542
1704869101.725 1550
1704869102.013 1562
1704869102.304 1570
1704869102.587 1582
1704869102.864 1588
1704869103.208 1588
1704869103.509 1588
1704869103.787 1588
1704869104.067 1588
1704869104.366 1588
1704869104.650 1588
1704869104.933 1588
1704869105.225 1588
1704869105.522 1588
1704869105.807 1588
1704869106.131 1588
1704869106.417 1589
1704869106.709 1591
1704869107.007 1591
1704869107.292 1591
1704869107.579 1594
1704869107.877 1594
1704869108.159 1594
1704869108.518 1594
1704869108.795 1595
1704869109.123 1603
1704869109.432 1623
1704869109.703 1706
1704869110.047 1925
1704869110.374 1966
1704869110.638 1992
1704869110.902 2002
1704869111.222 2057
1704869111.490 2071
1704869111.762 2101
1704869112.066 2118
1704869112.326 2163
1704869112.629 2201
1704869112.916 2227
1704869113.193 2247
1704869113.467 2268
1704869113.741 2294
1704869114.013 2338
1704869114.272 2371
1704869114.528 2390
1704869114.791 2403
1704869115.057 2415
1704869115.325 2424
1704869115.589 2436
1704869115.873 2445
1704869116.138 2453
1704869116.473 2482
1704869116.789 2490
1704869117.071 2503
1704869117.351 2512
1704869117.637 2530
1704869117.911 2543
1704869118.189 2556
1704869118.488 2568
1704869118.762 2570
1704869119.025 2570
1704869119.320 2571
1704869119.610 2579
1704869119.886 2579
1704869120.192 2583
1704869120.468 2592
1704869120.753 2600
1704869121.043 2616
1704869121.367 2641
1704869121.667 2647
1704869121.987 2672
1704869122.286 2696
1704869122.569 2701
1704869122.857 2708
1704869123.139 2724
1704869123.421 2748
1704869123.701 2763
1704869123.976 2772
1704869124.253 2772
1704869124.532 2777
1704869124.823 2795
1704869125.099 2798
1704869125.402 2861
1704869125.762 2869
1704869126.064 2889
1704869126.362 2902
1704869126.668 2905
1704869126.951 2925
1704869127.229 2930
1704869127.521 2944
1704869127.793 2946
1704869128.104 2954
1704869128.397 2965
1704869128.679 2974
1704869128.975 2981
1704869129.258 2985
1704869129.549 2986
1704869129.812 2986
1704869130.087 2986
1704869130.362 2986
1704869130.636 2986
1704869130.909 2986
1704869131.185 2986
1704869131.459 2987
1704869131.727 2988
1704869132.004 2988
1704869132.283 2991
1704869132.580 2991
1704869132.845 2999
1704869133.175 3005
1704869133.462 3009
1704869133.741 3016
1704869134.003 3029
1704869134.260 3038
1704869134.526 3054
1704869134.797 3083
1704869135.066 3113
1704869135.337 3128
1704869135.632 3142
1704869135.905 3155
1704869136.185 3159
1704869136.457 3165
1704869136.736 3171
1704869136.999 3174
1704869137.278 3184
1704869137.566 3222
1704869137.860 3252
1704869138.156 3307
1704869138.448 3332
1704869138.749 3370
1704869139.009 3402
1704869139.293 3463
1704869139.578 3527
1704869139.855 3566
1704869140.145 3593
1704869140.428 3612
1704869140.719 3638
1704869141.049 3643
1704869141.333 3649
1704869141.612 3651
1704869141.882 3652
1704869142.161 3657
1704869142.459 3672
1704869142.748 3680
1704869143.036 3683
1704869143.338 3685
1704869143.681 3686
1704869143.996 3686
1704869144.280 3686
1704869144.569 3686
1704869144.846 3686
1704869145.120 3686
1704869145.390 3686
1704869145.687 3687
1704869145.964 3688
1704869146.246 3688
1704869146.539 3688
1704869146.814 3688
1704869147.099 3688
1704869147.376 3690
1704869147.661 3730
1704869147.935 3745
1704869148.231 3765
1704869148.496 3774
1704869148.776 3783
1704869149.069 3786
1704869149.352 3799
1704869149.628 3804
1704869149.904 3814
1704869150.191 3817
1704869150.466 3838
1704869150.767 3881
1704869151.050 3887
1704869151.302 3897
1704869151.572 3898
1704869151.845 3905
1704869152.121 3917
1704869152.413 3932
1704869152.687 3944
1704869152.975 3973
1704869153.290 4001
1704869153.584 4033
1704869153.866 4052
1704869154.156 4072
1704869154.409 4080
1704869154.688 4084
1704869154.960 4086
1704869155.252 4089
1704869155.502 4094
1704869155.815 4094
1704869156.105 4095
1704869156.370 4096
1704869156.642 4096
1704869156.932 4107
1704869157.224 4117
1704869157.524 4117
1704869157.806 4117
1704869158.075 4117
1704869158.345 4117
1704869158.625 4117
1704869158.894 4118
1704869159.163 4118
1704869159.439 4118
1704869159.741 4120
1704869160.066 4125
1704869160.344 4148
1704869160.630 4153
1704869160.941 4248
1704869161.219 4259
1704869161.501 4265
1704869161.761 4266
1704869162.040 4271
1704869162.320 4280
1704869162.586 4286
1704869162.864 4286
1704869163.146 4289
1704869163.429 4305
1704869163.699 4311
1704869163.974 4326
1704869164.258 4343
1704869164.550 4347
1704869164.823 4350
1704869165.074 4350
1704869165.346 4350
1704869165.620 4357
1704869165.895 4370
1704869166.241 4423
1704869166.518 4488
1704869166.810 4543
1704869167.087 4553
1704869167.364 4583
1704869167.633 4607
1704869167.913 4624
1704869168.181 4640
1704869168.455 4657
1704869168.723 4677
1704869168.992 4679
1704869169.280 4682
1704869169.554 4682
1704869169.826 4682
1704869170.099 4682
1704869170.378 4734
1704869170.628 4736
1704869170.904 4746
1704869171.171 4746
1704869171.436 4746
1704869171.761 4746
1704869172.031 4746
1704869172.304 4746
1704869172.578 4746
1704869172.858 4747
1704869173.143 4747
1704869173.418 4748
1704869173.693 4749
1704869173.964 4749
1704869174.244 4749
1704869174.511 4749
1704869174.772 4752
1704869175.052 4752
1704869175.325 4752
1704869175.599 4752
1704869175.878 4752
1704869176.154 4752
1704869176.491 4754
1704869176.770 4759
1704869177.043 4770
1704869177.331 4793
1704869177.602 4816
1704869177.877 4872
1704869178.150 4942
1704869178.440 4980
1704869178.706 4996
1704869179.026 5011
1704869179.278 5021
1704869179.548 5033
1704869179.852 5033
1704869180.143 5033
1704869180.416 5033
1704869180.711 5033
1704869180.973 5033
1704869181.244 5033
1704869181.518 5033
1704869181.786 5033
1704869182.057 5033
1704869182.352 5033
1704869182.616 5033
1704869182.898 5033
1704869183.182 5037
1704869183.458 5048
1704869183.731 5054
1704869184.012 5091
1704869184.346 5125
1704869184.642 5138
1704869184.909 5149
1704869185.186 5170
1704869185.458 5174
1704869185.728 5175
1704869186.006 5186
1704869186.293 5189
1704869186.565 5190
1704869186.836 5191
1704869187.139 5241
1704869187.401 5270
1704869187.668 5270
1704869187.932 5270
1704869188.198 5270
1704869188.469 5270
1704869188.745 5270
1704869189.012 5270
1704869189.281 5272
1704869189.559 5273
1704869189.829 5276
1704869190.101 5279
1704869190.391 5280
1704869190.650 5281
1704869190.910 5281
1704869191.193 5281
1704869191.461 5281
1704869191.734 5281
1704869192.038 5281
1704869192.310 5281
1704869192.582 5281
1704869192.852 5281
1704869193.133 5282
1704869193.400 5282
1704869193.696 5282
1704869193.983 5282
1704869194.242 5283
1704869194.513 5284
1704869194.798 5288
1704869195.095 5291
1704869195.373 5299
1704869195.675 5299
1704869195.973 5299
1704869196.286 5308
1704869196.580 5315
1704869196.832 5321
1704869197.108 5323
1704869197.393 5325
1704869197.644 5325
1704869197.925 5336
1704869198.253 5350
1704869198.532 5363
1704869198.811 5378
1704869199.096 5392
1704869199.378 5408
1704869199.656 5415
1704869199.966 5415
1704869200.240 5417
1704869200.523 5419
1704869200.798 5419
1704869201.098 5421
1704869201.401 5421
1704869201.687 5421
1704869201.949 5421
1704869202.228 5421
1704869202.497 5421
1704869202.779 5424
1704869203.028 5427
1704869203.301 5431
1704869203.567 5434
1704869203.840 5443
1704869204.120 5454
1704869204.410 5460
1704869204.692 5466
1704869204.975 5472
1704869205.246 5472
1704869205.515 5472
1704869205.807 5472
1704869206.092 5472
1704869206.368 5473
1704869206.655 5476
1704869206.946 5482
1704869207.217 5496
1704869207.521 5510
1704869207.807 5517
1704869208.086 5523
1704869208.384 5529
1704869208.662 5537
1704869208.939 5541
1704869209.216 5544
1704869209.489 5547
1704869209.767 5548
1704869210.063 5551
1704869210.326 5551
1704869210.606 5551
1704869210.877 5552
1704869211.153 5552
1704869211.418 5552
1704869211.686 5552
1704869211.953 5552
1704869212.233 5552
1704869212.523 5552
1704869212.790 5552
1704869213.105 5552
1704869213.374 5552
1704869213.650 5552
1704869213.915 5552
1704869214.202 5554
1704869214.467 5561
1704869214.754 5587
1704869215.050 5619
1704869215.319 5643
1704869215.603 5655
1704869215.881 5663
1704869216.154 5675
1704869216.427 5677
1704869216.745 5681
1704869217.075 5683
1704869217.342 5683
1704869217.610 5684
1704869217.882 5685
1704869218.153 5687
1704869218.420 5687
1704869218.668 5688
1704869218.931 5688
1704869219.204 5689
1704869219.472 5691
1704869219.734 5698
1704869220.000 5698
1704869220.265 5698
1704869220.571 5698
1704869220.873 5699
1704869221.149 5699
1704869221.425 5699
1704869221.675 5702
1704869221.942 5702
1704869222.241 5703
1704869222.512 5703
1704869222.790 5705
1704869223.067 5715
1704869223.350 5728
1704869223.620 5734
1704869223.882 5747
1704869224.168 5753
1704869224.478 5761
1704869224.729 5767
1704869225.008 5781
1704869225.337 5801
1704869225.591 5826
1704869225.907 5856
1704869226.183 5869
1704869226.459 5874
1704869226.750 5876
1704869227.080 5881
1704869227.362 5883
1704869227.643 5888
1704869227.925 5888
1704869228.191 5891
1704869228.468 5896
1704869228.732 5896
1704869229.020 5897
1704869229.322 5905
1704869229.596 5911
1704869229.867 5915
1704869230.142 5915
1704869230.422 5915
1704869230.693 5915
1704869230.979 5915
1704869231.260 5925
1704869231.542 5929
1704869231.811 5929
1704869232.083 5930
1704869232.372 5931
1704869232.652 5933
1704869232.925 5933
1704869233.199 5933
1704869233.479 5933
1704869233.770 5933
1704869234.029 5933
1704869234.280 5933
1704869234.547 5933
1704869234.828 5933
1704869235.086 5933
1704869235.381 5933
1704869235.667 5933
1704869235.917 5933
1704869236.182 5933
1704869236.448 5933
1704869236.711 5933
1704869236.982 5933
1704869237.252 5933
1704869237.522 5933
1704869237.799 5933
1704869238.083 5934
1704869238.356 5934
1704869238.628 5934
1704869238.900 5934
1704869239.174 5934
1704869239.452 5934
1704869239.742 5936
1704869240.016 5936
1704869240.300 5936
1704869240.600 5944
1704869240.879 5947
1704869241.150 5948
1704869241.437 5953
1704869241.713 5963
1704869241.974 5972
1704869242.260 5979
1704869242.518 5980
1704869242.823 5995
1704869243.084 6013
1704869243.349 6037
1704869243.618 6055
1704869243.900 6072
1704869244.161 6079
1704869244.453 6083
1704869244.722 6103
1704869244.991 6112
1704869245.263 6112
1704869245.531 6113
1704869245.812 6113
1704869246.076 6113
1704869246.352 6113
1704869246.629 6113
1704869246.933 6113
1704869247.231 6113
1704869247.507 6113
1704869247.820 6113
1704869248.090 6113
1704869248.360 6113
1704869248.630 6113
1704869248.903 6113
1704869249.185 6114
1704869249.478 6114
1704869249.740 6114
1704869250.014 6114
1704869250.289 6114
1704869250.556 6114
1704869250.832 6116
1704869251.098 6116
1704869251.384 6117
1704869251.674 6117
1704869251.974 6117
1704869252.243 6117
1704869252.519 6117
1704869252.785 6117
1704869253.059 6117
1704869253.328 6117
1704869253.600 6117
1704869253.880 6117
1704869254.152 6118
1704869254.431 6118
1704869254.707 6118
1704869254.970 6118
1704869255.252 6118
1704869255.535 6118
1704869255.816 6119
1704869256.089 6119
1704869256.426 6119
1704869256.718 6119
1704869256.977 6119
1704869257.251 6119
1704869257.522 6121
1704869257.793 6121
1704869258.075 6121
1704869258.378 6121
1704869258.678 6122
1704869258.948 6123
1704869259.219 6123
1704869259.489 6123
1704869259.775 6123
1704869260.046 6123
1704869260.356 6123
1704869260.637 6123
1704869260.926 6123
1704869261.243 6123
1704869261.540 6123
1704869261.823 6123
1704869262.119 6123
1704869262.403 6123
1704869262.701 6123
1704869262.996 6123
1704869263.317 6123
1704869263.609 6123
1704869263.872 6123
1704869264.156 6123
1704869264.427 6123
1704869264.707 6123
1704869264.988 6123
1704869265.269 6123
1704869265.543 6123
1704869265.842 6123
1704869266.093 6123
1704869266.349 6123
1704869266.611 6123
1704869266.865 6123
1704869267.124 6123
1704869267.387 6123
1704869267.645 6123
1704869267.902 6132
1704869268.179 6132
1704869268.455 6132
1704869268.739 6132
1704869269.034 6133
1704869269.304 6133
1704869269.574 6133
1704869269.853 6133
1704869270.124 6133
1704869270.411 6133
1704869270.686 6133
1704869270.965 6133
1704869271.240 6139
1704869271.516 6151
1704869271.784 6161
1704869272.057 6167
1704869272.358 6172
1704869272.631 6179
1704869272.934 6186
1704869273.206 6188
1704869273.474 6190
1704869273.766 6192
1704869274.036 6192
1704869274.300 6194
1704869274.588 6194
1704869274.868 6213
1704869275.141 6213
1704869275.419 6213
1704869275.690 6213
1704869275.993 6213
1704869276.291 6213
1704869276.563 6213
1704869276.826 6213
1704869277.080 6213
1704869277.343 6213
1704869277.618 6214
1704869277.885 6214
1704869278.161 6214
1704869278.435 6215
1704869278.703 6215
1704869278.975 6215
1704869279.255 6215
1704869279.528 6215
1704869279.808 6215
1704869280.081 6224
1704869280.366 6224
1704869280.633 6224
1704869280.928 6225
1704869281.202 6225
1704869281.472 6225
1704869281.743 6225
1704869282.012 6226
1704869282.310 6226
1704869282.582 6226
1704869282.857 6226
1704869283.181 6226
1704869283.467 6226
1704869283.742 6230
1704869284.015 6230
1704869284.288 6230
1704869284.560 6230
1704869284.828 6230
1704869285.125 6230
1704869285.431 6230
1704869285.725 6230
1704869286.006 6230
1704869286.279 6230
1704869286.555 6230
1704869286.829 6230
1704869287.117 6230
1704869287.420 6230
1704869287.691 6230
1704869287.968 6240
1704869288.240 6251
1704869288.517 6261
1704869288.790 6268
1704869289.070 6283
1704869289.351 6293
1704869289.631 6304
1704869289.902 6310
1704869290.188 6310
1704869290.473 6310
1704869290.722 6314
1704869291.024 6314
1704869291.321 6317
1704869291.590 6317
1704869291.864 6319
1704869292.132 6322
1704869292.405 6324
1704869292.668 6325
1704869292.942 6327
1704869293.212 6327
1704869293.493 6327
1704869293.772 6327
1704869294.049 6327
1704869294.326 6327
1704869294.592 6327
1704869294.891 6327
1704869295.184 6327
1704869295.532 6327
1704869295.830 6327
1704869296.141 6327
1704869296.394 6327
1704869296.703 6327
1704869296.939 6327
1704869297.194 6327
1704869297.441 6327
1704869297.699 6327
1704869297.949 6327
1704869298.209 6327
1704869298.469 6327
1704869298.742 6327
1704869299.012 6327
1704869299.294 6327
1704869299.602 6327
1704869299.920 6327
1704869300.196 6327
1704869300.461 6327
1704869300.792 6339
1704869301.070 6343
1704869301.352 6343
1704869301.626 6343
1704869301.901 6343
1704869302.172 6343
1704869302.440 6343
1704869302.747 6345
1704869303.016 6346
1704869303.288 6346
1704869303.561 6346
1704869303.840 6346
1704869304.115 6346
1704869304.383 6346
1704869304.666 6346
1704869304.948 6346
1704869305.213 6346
1704869305.475 6346
1704869305.740 6346
1704869306.005 6346
1704869306.272 6346
1704869306.539 6346
1704869306.816 6346
1704869307.088 6346
1704869307.360 6346
1704869307.627 6346
1704869307.896 6346
1704869308.172 6346
1704869308.449 6352
1704869308.725 6352
1704869309.001 6352
1704869309.293 6352
1704869309.600 6352
1704869309.884 6352
1704869310.193 6352
1704869310.462 6352
1704869310.722 6352
1704869311.006 6352
1704869311.305 6352
1704869311.554 6352
1704869311.813 6352
1704869312.083 6352
1704869312.358 6352
1704869312.629 6352
1704869312.896 6352
1704869313.163 6352
1704869313.428 6352
1704869313.690 6352
1704869313.979 6352
1704869314.311 6352
1704869314.602 6352
1704869314.855 6352
1704869315.121 6352
1704869315.406 6352
1704869315.675 6352
1704869315.942 6352
1704869316.203 6352
1704869316.462 6352
1704869316.728 6352
1704869316.995 6352
1704869317.291 6352
1704869317.582 6353
1704869317.835 6353
1704869318.130 6358
1704869318.399 6360
1704869318.673 6365
1704869318.942 6369
1704869319.215 6373
1704869319.481 6376
1704869319.782 6391
1704869320.030 6404
1704869320.299 6450
1704869320.602 6480
1704869320.893 6505
1704869321.178 6512
1704869321.444 6515
1704869321.734 6515
1704869322.000 6515
1704869322.268 6515
1704869322.547 6518
1704869322.815 6518
1704869323.081 6518
1704869323.343 6518
1704869323.621 6518
1704869323.931 6518
1704869324.246 6518
1704869324.555 6518
1704869324.831 6518
1704869325.146 6526
1704869325.425 6526
1704869325.701 6526
1704869325.960 6526
1704869326.205 6526
1704869326.507 6526
1704869326.764 6526
1704869327.016 6526
1704869327.277 6526
1704869327.533 6526
1704869327.798 6526
1704869328.076 6526
1704869328.353 6526
1704869328.593 6527
1704869328.857 6527
1704869329.125 6527
1704869329.387 6527
1704869329.649 6527
1704869329.922 6527
1704869330.194 6527
1704869330.465 6527
1704869330.745 6527
1704869331.015 6527
1704869331.288 6527
1704869331.553 6527
1704869331.886 6527
1704869332.155 6527
1704869332.454 6527
1704869332.733 6527
1704869333.038 6527
1704869333.318 6527
1704869333.580 6528
1704869333.847 6529
1704869334.114 6529
1704869334.393 6529
1704869334.657 6529
1704869334.924 6529
1704869335.197 6530
1704869335.467 6532
1704869335.735 6534
1704869336.015 6540
1704869336.293 6544
1704869336.570 6548
1704869336.874 6570
1704869337.168 6577
1704869337.424 6580
1704869337.695 6580
1704869337.960 6585
1704869338.235 6585
1704869338.501 6585
1704869338.769 6585
1704869339.046 6585
1704869339.328 6589
1704869339.624 6611
1704869339.887 6641
1704869340.194 6650
1704869340.519 6651
1704869340.806 6654
1704869341.076 6654
1704869341.351 6656
1704869341.605 6660
1704869341.849 6662
1704869342.101 6662
1704869342.370 6662
1704869342.627 6662
1704869342.911 6663
1704869343.165 6663
1704869343.421 6664
1704869343.731 6665
1704869343.987 6666
1704869344.240 6666
1704869344.494 6666
1704869344.757 6666
1704869345.015 6666
1704869345.296 6668
1704869345.567 6763
1704869345.834 6764
1704869346.105 6764
1704869346.366 6764
1704869346.637 6764
1704869346.924 6764
1704869347.210 6764
1704869347.534 6764
1704869347.855 6764
1704869348.131 6764
1704869348.399 6764
1704869348.676 6765
1704869348.946 6767
1704869349.218 6767
1704869349.530 6767
1704869349.813 6768
1704869350.124 6768
1704869350.388 6768
1704869350.647 6768
1704869350.925 6769
1704869351.188 6769
1704869351.448 6769
1704869351.711 6769
1704869351.976 6769
1704869352.249 6769
1704869352.527 6769
1704869352.821 6769
1704869353.106 6776
1704869353.376 6778
1704869353.677 6778
1704869353.934 6778
1704869354.188 6779
1704869354.462 6779
1704869354.746 6779
1704869355.012 6779
1704869355.308 6779
1704869355.565 6779
1704869355.830 6779
1704869356.088 6779
1704869356.339 6779
1704869356.626 6779
1704869356.865 6779
1704869357.111 6779
1704869357.360 6779
1704869357.619 6779
1704869357.870 6779
1704869358.141 6779
1704869358.430 6779
1704869358.697 6779
1704869358.986 6779
1704869359.276 6779
1704869359.551 6780
1704869359.837 6780
1704869360.141 6780
1704869360.426 6781
1704869360.705 6781
1704869360.991 6781
1704869361.264 6781
1704869361.553 6781
1704869361.845 6781
1704869362.134 6781
1704869362.413 6781
1704869362.709 6781
1704869362.992 6781
1704869363.279 6781
1704869363.571 6781
1704869363.906 6781
1704869364.187 6783
1704869364.464 6789
1704869364.781 6789
1704869365.063 6789
1704869365.356 6789
1704869365.641 6789
1704869365.919 6789
1704869366.212 6789
1704869366.523 6789
1704869366.808 6789
1704869367.088 6789
1704869367.365 6789
1704869367.635 6789
1704869367.909 6789
1704869368.222 6790
1704869368.499 6790
1704869368.788 6790
1704869369.054 6790
1704869369.330 6790
1704869369.604 6790
1704869369.881 6790
1704869370.154 6790
1704869370.435 6790
1704869370.720 6790
1704869370.998 6790
1704869371.280 6790
1704869371.576 6790
1704869371.885 6790
1704869372.170 6791
1704869372.471 6791
1704869372.746 6791
1704869373.030 6792
1704869373.315 6798
1704869373.619 6806
1704869373.883 6814
1704869374.146 6815
1704869374.437 6815
1704869374.711 6815
1704869374.996 6815
1704869375.296 6815
1704869375.607 6815
1704869375.916 6815
1704869376.189 6815
1704869376.459 6815
1704869376.744 6815
1704869377.023 6815
1704869377.332 6815
1704869377.654 6815
1704869377.990 6817
1704869378.262 6817
1704869378.539 6820
1704869378.813 6824
1704869379.090 6826
1704869379.360 6833
1704869379.640 6843
1704869379.929 6855
1704869380.211 6866
1704869380.496 6875
1704869380.772 6883
1704869381.048 6883
1704869381.333 6883
1704869381.608 6883
1704869381.932 6883
1704869382.233 6883
1704869382.536 6884
1704869382.818 6884
1704869383.078 6884
1704869383.357 6884
1704869383.639 6884
1704869383.923 6884
1704869384.203 6884
1704869384.538 6884
1704869384.848 6884
1704869385.175 6884
1704869385.447 6892
1704869385.759 6901
1704869386.071 6902
1704869386.346 6902
1704869386.634 6902
1704869386.916 6902
1704869387.195 6909
1704869387.472 6914
1704869387.765 6914
1704869388.058 6916
1704869388.334 6916
1704869388.621 6917
1704869388.956 6917
1704869389.240 6917
1704869389.498 6917
1704869389.770 6917
1704869390.023 6917
1704869390.283 6917
1704869390.558 6917
