1704868778.218 275
1704868778.500 275
1704868778.799 275
1704868779.055 275
1704868779.345 275
1704868779.727 275
1704868780.110 287
1704868780.486 291
1704868780.772 291
1704868781.056 292
1704868781.345 293
1704868781.628 293
1704868781.929 294
1704868782.213 295
1704868782.498 306
1704868782.780 328
1704868783.099 355
1704868783.364 367
1704868783.648 405
1704868783.938 439
1704868784.217 466
1704868784.540 515
1704868784.838 551
1704868785.114 575
1704868785.398 616
1704868785.681 628
1704868785.933 690
1704868786.210 748
1704868786.507 911
1704868786.771 1046
1704868787.079 1233
1704868787.383 1299
1704868787.720 1341
1704868788.052 1393
1704868788.315 1410
1704868788.600 1418
1704868788.890 1418
1704868789.159 1419
1704868789.439 1438
1704868789.743 1444
1704868790.000 1445
1704868790.279 1448
1704868790.560 1448
1704868790.877 1450
1704868791.215 1451
1704868791.492 1453
1704868791.776 1454
1704868792.078 1454
1704868792.365 1454
1704868792.674 1454
1704868792.951 1457
1704868793.240 1458
1704868793.510 1461
1704868793.793 1472
1704868794.065 1495
1704868794.361 1524
1704868794.643 1538
1704868794.952 1555
1704868795.233 1575
1704868795.511 1595
1704868795.842 1639
1704868796.090 1665
1704868796.363 1674
1704868796.619 1693
1704868796.871 1697
1704868797.142 1705
1704868797.437 1729
1704868797.697 1742
1704868797.989 1756
1704868798.253 1769
1704868798.541 1782
1704868798.824 1801
1704868799.077 1809
1704868799.390 1819
1704868799.668 1820
1704868799.959 1821
1704868800.239 1825
1704868800.515 1828
1704868800.778 1839
1704868801.039 1844
1704868801.296 1875
1704868801.557 1883
1704868801.859 1921
1704868802.157 1992
1704868802.429 2066
1704868802.713 2166
1704868802.989 2210
1704868803.270 2251
1704868803.544 2294
1704868803.822 2353
1704868804.101 2408
1704868804.378 2437
1704868804.655 2454
1704868804.962 2472
1704868805.256 2477
1704868805.519 2482
1704868805.802 2495
1704868806.086 2495
1704868806.377 2496
1704868806.710 2499
1704868807.004 2503
1704868807.306 2504
1704868807.578 2504
1704868807.901 2504
1704868808.237 2514
1704868808.525 2522
1704868808.865 2529
1704868809.164 2537
1704868809.445 2560
1704868809.716 2567
1704868810.004 2574
1704868810.284 2577
1704868810.528 2577
1704868810.834 2577
1704868811.137 2582
1704868811.403 2587
1704868811.688 2681
1704868811.963 2725
1704868812.243 2767
1704868812.530 2852
1704868812.800 2872
1704868813.082 2892
1704868813.362 2903
1704868813.606 2903
1704868813.878 2911
1704868814.145 2919
1704868814.414 2934
1704868814.699 2971
1704868814.980 3010
1704868815.253 3021
1704868815.529 3031
1704868815.826 3051
1704868816.079 3052
1704868816.340 3053
1704868816.599 3054
1704868816.889 3062
1704868817.138 3063
1704868817.412 3065
1704868817.695 3076
1704868817.977 3113
1704868818.235 3143
1704868818.496 3177
1704868818.762 3212
1704868819.040 3245
1704868819.307 3264
1704868819.582 3288
1704868819.847 3312
1704868820.113 3330
1704868820.382 3361
1704868820.649 3362
1704868820.926 3366
1704868821.218 3367
1704868821.500 3367
1704868821.839 3374
1704868822.117 3394
1704868822.399 3407
1704868822.694 3416
1704868822.970 3437
1704868823.248 3454
1704868823.539 3462
1704868823.838 3466
1704868824.106 3466
1704868824.384 3466
1704868824.665 3466
1704868824.947 3466
1704868825.282 3467
1704868825.563 3474
1704868825.889 3493
1704868826.172 3532
1704868826.461 3573
1704868826.735 3626
1704868827.006 3647
1704868827.295 3660
1704868827.553 3683
1704868827.826 3709
1704868828.112 3724
1704868828.382 3729
1704868828.662 3736
1704868828.951 3738
1704868829.227 3739
1704868829.521 3777
1704868829.780 3795
1704868830.063 3812
1704868830.332 3830
1704868830.613 3842
1704868830.878 3850
1704868831.154 3878
1704868831.419 3898
1704868831.702 3935
1704868831.971 3937
1704868832.245 3937
1704868832.544 3943
1704868832.818 3948
1704868833.100 3953
1704868833.383 3957
1704868833.657 3965
1704868833.927 3974
1704868834.209 3992
1704868834.462 4006
1704868834.740 4031
1704868835.017 4046
1704868835.294 4058
1704868835.588 4064
1704868835.828 4073
1704868836.109 4082
1704868836.378 4089
1704868836.651 4095
1704868836.928 4111
1704868837.206 4126
1704868837.475 4193
1704868837.748 4225
1704868838.020 4247
1704868838.292 4250
1704868838.578 4262
1704868838.836 4265
1704868839.153 4274
1704868839.420 4295
1704868839.713 4313
1704868840.033 4319
1704868840.311 4325
1704868840.586 4329
1704868840.873 4329
1704868841.121 4341
1704868841.431 4344
1704868841.703 4350
1704868841.983 4368
1704868842.248 4368
1704868842.519 4369
1704868842.794 4369
1704868843.062 4369
1704868843.332 4369
1704868843.606 4369
1704868843.898 4369
1704868844.189 4372
1704868844.463 4376
1704868844.745 4382
1704868845.004 4383
1704868845.279 4395
1704868845.543 4398
1704868845.853 4402
1704868846.132 4409
1704868846.414 4418
1704868846.682 4418
1704868847.003 4438
1704868847.292 4440
1704868847.539 4441
1704868847.812 4441
1704868848.084 4441
1704868848.357 4441
1704868848.634 4441
1704868848.916 4441
1704868849.193 4448
1704868849.468 4448
1704868849.732 4453
1704868850.025 4455
1704868850.304 4459
1704868850.608 4466
1704868850.892 4474
1704868851.161 4484
1704868851.434 4496
1704868851.708 4504
1704868851.987 4507
1704868852.299 4508
1704868852.580 4509
1704868852.860 4509
1704868853.115 4509
1704868853.412 4509
1704868853.693 4509
1704868853.984 4509
1704868854.279 4509
1704868854.570 4512
1704868854.821 4512
1704868855.094 4523
1704868855.359 4553
1704868855.629 4600
1704868855.910 4621
1704868856.178 4640
1704868856.454 4643
1704868856.724 4645
1704868856.990 4645
1704868857.261 4646
1704868857.538 4646
1704868857.804 4646
1704868858.073 4646
1704868858.349 4646
1704868858.634 4646
1704868858.955 4646
1704868859.262 4646
1704868859.543 4646
1704868859.808 4646
1704868860.084 4646
1704868860.360 4646
1704868860.638 4646
1704868860.905 4647
1704868861.186 4649
1704868861.463 4650
1704868861.740 4650
1704868862.043 4651
1704868862.312 4652
1704868862.583 4660
1704868862.877 4667
1704868863.156 4667
1704868863.436 4670
1704868863.714 4671
1704868863.993 4671
1704868864.279 4672
1704868864.551 4672
1704868864.828 4673
1704868865.103 4673
1704868865.373 4674
1704868865.647 4675
1704868865.940 4676
1704868866.196 4676
1704868866.471 4684
1704868866.726 4684
1704868866.977 4684
1704868867.244 4740
1704868867.503 4760
1704868867.798 4762
1704868868.072 4762
1704868868.327 4762
1704868868.586 4763
1704868868.846 4763
1704868869.128 4763
1704868869.384 4763
1704868869.648 4763
1704868869.913 4763
1704868870.168 4763
1704868870.451 4763
1704868870.732 4764
1704868871.022 4765
1704868871.280 4765
1704868871.547 4767
1704868871.821 4767
1704868872.101 4772
1704868872.399 4772
1704868872.670 4772
1704868872.944 4772
1704868873.210 4772
1704868873.472 4775
1704868873.753 4777
1704868874.001 4783
1704868874.279 4788
1704868874.550 4793
1704868874.827 4812
1704868875.098 4820
1704868875.392 4828
1704868875.645 4828
1704868875.922 4828
1704868876.204 4828
1704868876.526 4828
1704868876.810 4831
1704868877.091 4833
1704868877.370 4837
1704868877.651 4846
1704868878.000 4850
1704868878.293 4854
1704868878.560 4861
1704868878.840 4875
1704868879.113 4890
1704868879.396 4897
1704868879.662 4902
1704868879.926 4903
1704868880.196 4908
1704868880.506 4911
1704868880.791 4937
1704868881.064 4962
1704868881.338 4965
1704868881.611 4965
1704868881.880 4966
1704868882.178 4966
1704868882.452 4966
1704868882.719 4966
1704868882.995 4966
1704868883.264 4966
1704868883.538 4966
1704868883.817 4966
1704868884.096 4966
1704868884.367 4966
1704868884.641 4966
1704868884.919 4966
1704868885.243 4969
1704868885.525 4969
1704868885.805 4969
1704868886.143 4971
1704868886.433 4971
1704868886.720 4971
1704868886.997 4978
1704868887.251 4978
1704868887.504 4981
1704868887.759 4981
1704868888.022 4981
1704868888.270 4983
1704868888.523 4983
1704868888.784 4983
1704868889.097 4983
1704868889.378 4994
1704868889.633 4994
1704868889.897 4994
1704868890.171 4996
1704868890.464 4996
1704868890.734 4996
1704868891.014 4996
1704868891.292 4996
1704868891.576 4997
1704868891.875 4997
1704868892.157 4997
1704868892.448 4997
1704868892.727 4997
1704868893.003 4997
1704868893.348 4997
1704868893.654 4997
1704868893.926 4998
1704868894.201 4998
1704868894.478 4998
1704868894.764 4998
1704868895.007 4998
1704868895.287 4998
1704868895.585 4998
1704868895.839 4998
1704868896.135 5000
1704868896.405 5002
1704868896.715 5002
1704868896.993 5009
1704868897.285 5027
1704868897.565 5039
1704868897.858 5067
1704868898.148 5086
1704868898.428 5087
1704868898.677 5097
1704868898.952 5100
1704868899.212 5100
1704868899.478 5100
1704868899.749 5100
1704868900.021 5100
1704868900.295 5101
1704868900.566 5107
1704868900.845 5129
1704868901.143 5132
1704868901.453 5151
1704868901.748 5160
1704868902.037 5177
1704868902.338 5177
1704868902.607 5177
1704868902.880 5177
1704868903.149 5177
1704868903.427 5177
1704868903.701 5177
1704868903.971 5177
1704868904.253 5177
1704868904.535 5177
1704868904.838 5177
1704868905.152 5177
1704868905.430 5177
1704868905.708 5177
1704868905.973 5177
1704868906.236 5177
1704868906.498 5177
1704868906.770 5177
1704868907.033 5177
1704868907.348 5177
1704868907.671 5177
1704868907.943 5177
1704868908.210 5177
1704868908.487 5177
1704868908.758 5177
1704868909.033 5177
1704868909.299 5178
1704868909.546 5178
1704868909.803 5178
1704868910.065 5180
1704868910.310 5180
1704868910.565 5191
1704868910.825 5191
1704868911.078 5191
1704868911.333 5191
1704868911.611 5191
1704868911.884 5191
1704868912.164 5191
1704868912.475 5192
1704868912.745 5195
1704868912.989 5195
1704868913.247 5195
1704868913.481 5195
1704868913.732 5195
1704868914.028 5195
1704868914.300 5195
1704868914.548 5195
1704868914.805 5195
1704868915.059 5195
1704868915.318 5195
1704868915.583 5195
1704868915.833 5195
1704868916.081 5195
1704868916.340 5195
1704868916.610 5195
1704868916.882 5195
1704868917.135 5195
1704868917.401 5195
1704868917.659 5195
1704868917.926 5197
1704868918.206 5198
1704868918.491 5216
1704868918.766 5236
1704868919.104 5258
1704868919.376 5269
1704868919.668 5269
1704868920.002 5272
1704868920.307 5272
1704868920.573 5272
1704868920.861 5272
1704868921.135 5272
1704868921.415 5272
1704868921.681 5272
1704868921.975 5278
1704868922.244 5282
1704868922.517 5286
1704868922.791 5288
1704868923.076 5290
1704868923.329 5290
1704868923.596 5292
1704868923.866 5294
1704868924.126 5294
1704868924.408 5295
1704868924.672 5295
1704868924.966 5297
1704868925.234 5299
1704868925.512 5299
1704868925.789 5300
1704868926.107 5301
1704868926.388 5305
1704868926.664 5307
1704868926.961 5317
1704868927.241 5325
1704868927.522 5345
1704868927.794 5362
1704868928.073 5381
1704868928.348 5410
1704868928.619 5414
1704868928.915 5440
1704868929.185 5441
1704868929.474 5444
1704868929.749 5452
1704868930.017 5456
1704868930.301 5456
1704868930.575 5456
1704868930.844 5457
1704868931.109 5457
1704868931.370 5457
1704868931.648 5458
1704868931.922 5469
1704868932.204 5479
1704868932.491 5484
1704868932.777 5494
1704868933.047 5495
1704868933.318 5502
1704868933.598 5512
1704868933.873 5514
1704868934.150 5514
1704868934.425 5518
1704868934.688 5518
1704868934.964 5518
1704868935.271 5518
1704868935.540 5518
1704868935.814 5518
1704868936.076 5518
1704868936.370 5520
1704868936.611 5525
1704868936.898 5529
1704868937.154 5529
1704868937.412 5529
1704868937.693 5529
1704868937.964 5537
1704868938.239 5549
1704868938.527 5572
1704868938.804 5580
1704868939.088 5583
1704868939.356 5585
1704868939.663 5588
1704868939.949 5591
1704868940.221 5592
1704868940.510 5595
1704868940.817 5614
1704868941.113 5627
1704868941.400 5635
1704868941.681 5640
1704868941.952 5643
1704868942.231 5646
1704868942.509 5653
1704868942.799 5654
1704868943.075 5654
1704868943.353 5655
1704868943.621 5655
1704868943.906 5655
1704868944.178 5660
1704868944.465 5663
1704868944.709 5663
1704868944.996 5673
1704868945.267 5682
1704868945.531 5682
1704868945.801 5686
1704868946.099 5692
1704868946.369 5700
1704868946.695 5711
1704868946.977 5719
1704868947.262 5726
1704868947.536 5735
1704868947.813 5740
1704868948.082 5749
1704868948.353 5758
1704868948.648 5773
1704868948.927 5783
1704868949.211 5796
1704868949.534 5805
1704868949.851 5810
1704868950.098 5815
1704868950.375 5816
1704868950.652 5816
1704868950.935 5818
1704868951.216 5818
1704868951.491 5818
1704868951.770 5818
1704868952.038 5818
1704868952.312 5818
1704868952.589 5826
1704868952.864 5845
1704868953.181 5858
1704868953.460 5866
1704868953.730 5876
1704868954.023 5883
1704868954.294 5889
1704868954.571 5890
1704868954.849 5893
1704868955.135 5896
1704868955.413 5896
1704868955.691 5900
1704868955.956 5905
1704868956.238 5911
1704868956.513 5917
1704868956.780 5922
1704868957.057 5928
1704868957.324 5932
1704868957.594 5937
1704868957.849 5943
1704868958.117 5947
1704868958.401 5948
1704868958.664 5948
1704868958.937 5950
1704868959.215 5953
1704868959.479 5954
1704868959.756 5956
1704868960.045 5957
1704868960.307 5957
1704868960.572 5958
1704868960.848 5960
1704868961.121 5961
1704868961.382 5961
1704868961.635 5962
1704868961.911 5969
1704868962.175 5972
1704868962.449 5972
1704868962.750 5972
1704868963.062 5972
1704868963.361 5972
1704868963.625 5972
1704868963.910 5972
1704868964.209 5972
1704868964.479 5972
1704868964.740 5972
1704868965.023 5972
1704868965.289 5972
1704868965.554 5972
1704868965.825 5972
1704868966.091 5972
1704868966.360 5972
1704868966.626 5972
1704868966.901 5973
1704868967.168 5977
1704868967.443 5979
1704868967.710 5980
1704868967.986 5980
1704868968.254 5982
1704868968.553 5983
1704868968.830 5985
1704868969.104 5991
1704868969.382 5994
1704868969.647 6001
1704868969.937 6016
1704868970.215 6034
1704868970.479 6048
1704868970.758 6058
1704868971.029 6064
1704868971.332 6071
1704868971.601 6075
1704868971.872 6081
1704868972.145 6086
1704868972.413 6090
1704868972.687 6095
1704868972.972 6097
1704868973.246 6097
1704868973.543 6108
1704868973.830 6123
1704868974.134 6137
1704868974.401 6162
1704868974.735 6188
1704868975.016 6192
1704868975.288 6194
1704868975.556 6194
1704868975.829 6202
1704868976.100 6206
1704868976.383 6206
1704868976.665 6209
1704868976.936 6210
1704868977.211 6217
1704868977.486 6226
1704868977.753 6227
1704868978.028 6228
1704868978.303 6232
1704868978.581 6233
1704868978.855 6234
1704868979.137 6276
1704868979.412 6276
1704868979.696 6276
1704868979.984 6284
1704868980.260 6284
1704868980.524 6286
1704868980.834 6292
1704868981.097 6305
1704868981.383 6313
1704868981.663 6331
1704868981.939 6334
1704868982.205 6346
1704868982.497 6354
1704868982.775 6362
1704868983.052 6366
1704868983.327 6367
1704868983.604 6371
1704868983.870 6376
1704868984.168 6381
1704868984.436 6383
1704868984.697 6386
1704868984.971 6387
1704868985.252 6391
1704868985.521 6408
1704868985.813 6424
1704868986.122 6436
1704868986.369 6437
1704868986.643 6437
1704868986.916 6437
1704868987.180 6437
1704868987.439 6437
1704868987.723 6437
1704868987.982 6437
1704868988.264 6437
1704868988.538 6437
1704868988.811 6437
1704868989.085 6437
1704868989.363 6438
1704868989.683 6440
1704868989.964 6441
1704868990.244 6443
1704868990.536 6448
1704868990.806 6457
1704868991.065 6464
1704868991.353 6480
1704868991.631 6487
1704868991.895 6492
1704868992.201 6499
1704868992.489 6500
1704868992.732 6504
1704868993.002 6505
1704868993.264 6505
1704868993.547 6507
1704868993.830 6508
1704868994.142 6509
1704868994.415 6509
1704868994.745 6509
1704868995.071 6509
1704868995.349 6509
1704868995.623 6509
1704868995.901 6509
1704868996.177 6509
1704868996.442 6509
1704868996.716 6509
1704868996.985 6509
1704868997.262 6509
1704868997.552 6515
1704868997.821 6525
1704868998.107 6528
1704868998.400 6528
1704868998.680 6528
1704868998.979 6528
1704868999.223 6528
1704868999.543 6528
1704868999.845 6529
1704869000.116 6529
1704869000.384 6529
1704869000.653 6529
1704869000.907 6529
1704869001.171 6529
1704869001.514 6530
1704869001.786 6530
1704869002.052 6532
1704869002.316 6539
1704869002.602 6552
1704869002.849 6559
1704869003.114 6568
1704869003.402 6570
1704869003.681 6573
1704869003.949 6580
1704869004.222 6588
1704869004.496 6593
1704869004.776 6610
1704869005.068 6618
1704869005.325 6628
1704869005.605 6633
1704869005.895 6640
1704869006.177 6643
1704869006.449 6644
1704869006.727 6646
1704869007.003 6647
1704869007.278 6649
1704869007.571 6652
1704869007.831 6656
1704869008.107 6659
1704869008.379 6659
1704869008.657 6659
1704869008.930 6660
1704869009.204 6660
1704869009.492 6660
1704869009.757 6660
1704869010.011 6661
1704869010.281 6661
1704869010.560 6662
1704869010.837 6662
1704869011.113 6662
1704869011.402 6662
1704869011.651 6663
1704869011.925 6664
1704869012.191 6664
1704869012.460 6664
1704869012.736 6664
1704869013.009 6664
