1704869451.623 275
1704869451.912 275
1704869452.199 275
1704869452.502 275
1704869452.959 275
1704869453.369 288
1704869453.760 314
1704869454.079 315
1704869454.359 316
1704869454.640 317
1704869454.929 317
1704869455.214 318
1704869455.508 320
1704869455.807 358
1704869456.108 361
1704869456.386 387
1704869456.682 439
1704869456.962 484
1704869457.237 508
1704869457.519 536
1704869457.811 574
1704869458.078 596
1704869458.366 619
1704869458.633 624
1704869458.934 638
1704869459.223 686
1704869459.504 837
1704869459.818 1059
1704869460.101 1104
1704869460.376 1132
1704869460.666 1169
1704869460.965 1212
1704869461.246 1225
1704869461.533 1237
1704869461.824 1250
1704869462.162 1267
1704869462.442 1268
1704869462.733 1269
1704869463.019 1269
1704869463.336 1269
1704869463.627 1269
1704869463.914 1269
1704869464.201 1269
1704869464.491 1270
1704869464.775 1270
1704869465.063 1273
1704869465.361 1275
1704869465.640 1288
1704869465.943 1299
1704869466.225 1318
1704869466.534 1343
1704869466.816 1360
1704869467.094 1379
1704869467.375 1396
1704869467.660 1408
1704869467.961 1418
1704869468.229 1435
1704869468.522 1447
1704869468.832 1509
1704869469.094 1531
1704869469.355 1545
1704869469.626 1555
1704869469.896 1567
1704869470.163 1572
1704869470.412 1577
1704869470.689 1579
1704869470.970 1586
1704869471.257 1598
1704869471.539 1604
1704869471.815 1623
1704869472.107 1636
1704869472.369 1646
1704869472.639 1653
1704869472.918 1660
1704869473.177 1671
1704869473.426 1685
1704869473.702 1704
1704869473.975 1728
1704869474.246 1740
1704869474.501 1771
1704869474.762 1827
1704869475.065 1885
1704869475.393 1982
1704869475.757 2119
1704869476.102 2194
1704869476.373 2256
1704869476.639 2276
1704869476.922 2299
1704869477.200 2342
1704869477.480 2342
1704869477.755 2342
1704869478.057 2342
1704869478.341 2342
1704869478.624 2342
1704869478.900 2342
1704869479.207 2342
1704869479.499 2342
1704869479.812 2342
1704869480.112 2342
1704869480.375 2342
1704869480.646 2342
1704869480.930 2344
1704869481.302 2344
1704869481.602 2348
1704869481.911 2353
1704869482.203 2367
1704869482.570 2375
1704869482.832 2384
1704869483.117 2389
1704869483.399 2393
1704869483.671 2393
1704869483.955 2393
1704869484.239 2396
1704869484.522 2400
1704869484.804 2410
1704869485.104 2440
1704869485.392 2500
1704869485.674 2508
1704869485.947 2530
1704869486.252 2540
1704869486.613 2545
1704869486.893 2552
1704869487.176 2553
1704869487.464 2556
1704869487.742 2581
1704869488.026 2583
1704869488.313 2583
1704869488.587 2583
1704869488.867 2583
1704869489.161 2583
1704869489.471 2583
1704869489.750 2583
1704869490.037 2583
1704869490.334 2583
1704869490.624 2583
1704869490.903 2583
1704869491.182 2583
1704869491.463 2584
1704869491.770 2584
1704869492.070 2584
1704869492.401 2584
1704869492.714 2584
1704869492.993 2584
1704869493.274 2584
1704869493.578 2584
1704869493.875 2584
1704869494.122 2584
1704869494.437 2584
1704869494.716 2584
1704869494.994 2584
1704869495.269 2586
1704869495.553 2586
1704869495.880 2586
1704869496.142 2586
1704869496.396 2586
1704869496.652 2586
1704869496.923 2587
1704869497.199 2587
1704869497.452 2587
1704869497.711 2587
1704869497.955 2589
1704869498.221 2590
1704869498.478 2590
1704869498.736 2590
1704869498.995 2590
1704869499.250 2590
1704869499.533 2591
1704869499.804 2592
1704869500.084 2594
1704869500.363 2597
1704869500.639 2612
1704869500.921 2633
1704869501.219 2664
1704869501.505 2686
1704869501.779 2695
1704869502.052 2713
1704869502.390 2723
1704869502.639 2724
1704869502.912 2735
1704869503.270 2746
1704869503.552 2746
1704869503.863 2746
1704869504.143 2749
1704869504.425 2764
1704869504.710 2777
1704869505.002 2811
1704869505.319 2815
1704869505.609 2844
1704869505.953 2871
1704869506.298 2925
1704869506.586 2981
1704869506.880 3049
1704869507.153 3092
1704869507.428 3118
1704869507.709 3141
1704869507.983 3169
1704869508.252 3205
1704869508.546 3294
1704869508.897 3335
1704869509.186 3357
1704869509.477 3364
1704869509.806 3378
1704869510.092 3413
1704869510.359 3435
1704869510.635 3444
1704869510.902 3448
1704869511.199 3458
1704869511.492 3481
1704869511.760 3487
1704869512.049 3495
1704869512.336 3506
1704869512.611 3535
1704869512.900 3563
1704869513.172 3599
1704869513.448 3623
1704869513.725 3641
1704869514.020 3665
1704869514.310 3691
1704869514.585 3696
1704869514.865 3707
1704869515.155 3712
1704869515.438 3713
1704869515.725 3721
1704869516.006 3741
1704869516.295 3751
1704869516.566 3755
1704869516.851 3755
1704869517.171 3755
1704869517.502 3755
1704869517.821 3756
1704869518.121 3767
1704869518.404 3780
1704869518.684 3801
1704869518.968 3829
1704869519.250 3849
1704869519.534 3875
1704869519.813 3913
1704869520.108 3937
1704869520.425 3959
1704869520.713 3969
1704869520.990 3970
1704869521.273 3970
1704869521.562 3970
1704869521.854 3971
1704869522.164 3975
1704869522.436 3982
1704869522.770 3997
1704869523.083 4038
1704869523.368 4064
1704869523.642 4089
1704869523.920 4107
1704869524.187 4117
1704869524.462 4123
1704869524.791 4150
1704869525.080 4155
1704869525.370 4162
1704869525.666 4168
1704869525.941 4180
1704869526.221 4194
1704869526.491 4198
1704869526.770 4212
1704869527.075 4223
1704869527.362 4229
1704869527.642 4237
1704869527.912 4243
1704869528.186 4246
1704869528.487 4251
1704869528.768 4266
1704869529.045 4281
1704869529.326 4303
1704869529.601 4317
1704869529.946 4343
1704869530.226 4355
1704869530.499 4375
1704869530.790 4387
1704869531.107 4402
1704869531.367 4420
1704869531.646 4459
1704869531.916 4478
1704869532.196 4491
1704869532.474 4493
1704869532.754 4496
1704869533.035 4496
1704869533.327 4499
1704869533.582 4499
1704869533.851 4499
1704869534.117 4499
1704869534.385 4499
1704869534.674 4499
1704869534.964 4500
1704869535.223 4500
1704869535.482 4501
1704869535.771 4510
1704869536.028 4510
1704869536.355 4510
1704869536.652 4510
1704869536.927 4510
1704869537.203 4513
1704869537.483 4537
1704869537.776 4538
1704869538.043 4544
1704869538.312 4547
1704869538.604 4550
1704869538.862 4554
1704869539.135 4557
1704869539.422 4560
1704869539.718 4560
1704869539.998 4568
1704869540.269 4573
1704869540.541 4580
1704869540.806 4584
1704869541.106 4584
1704869541.375 4584
1704869541.652 4584
1704869541.929 4585
1704869542.193 4586
1704869542.462 4587
1704869542.742 4589
1704869543.015 4597
1704869543.307 4612
1704869543.621 4616
1704869543.908 4646
1704869544.190 4687
1704869544.456 4687
1704869544.725 4689
1704869545.014 4696
1704869545.317 4702
1704869545.595 4702
1704869545.874 4702
1704869546.146 4706
1704869546.432 4710
1704869546.709 4712
1704869546.985 4712
1704869547.277 4728
1704869547.587 4730
1704869547.875 4759
1704869548.154 4760
1704869548.425 4760
1704869548.696 4762
1704869548.971 4767
1704869549.240 4774
1704869549.509 4779
1704869549.779 4784
1704869550.065 4799
1704869550.339 4870
1704869550.604 4884
1704869550.884 4910
1704869551.157 4922
1704869551.427 4924
1704869551.695 4932
1704869551.980 4943
1704869552.262 4943
1704869552.566 4943
1704869552.831 4943
1704869553.106 4943
1704869553.383 4946
1704869553.654 4948
1704869553.934 4948
1704869554.210 4950
1704869554.483 4959
1704869554.765 4996
1704869555.049 5041
1704869555.333 5059
1704869555.624 5067
1704869555.902 5071
1704869556.168 5072
1704869556.469 5076
1704869556.735 5076
1704869557.019 5076
1704869557.292 5076
1704869557.577 5077
1704869557.851 5077
1704869558.142 5077
1704869558.423 5080
1704869558.707 5080
1704869558.976 5083
1704869559.243 5102
1704869559.504 5102
1704869559.761 5102
1704869560.020 5102
1704869560.302 5102
1704869560.597 5102
1704869560.925 5107
1704869561.232 5114
1704869561.511 5135
1704869561.788 5150
1704869562.097 5250
1704869562.364 5313
1704869562.681 5358
1704869562.961 5401
1704869563.239 5421
1704869563.525 5431
1704869563.795 5438
1704869564.079 5438
1704869564.346 5438
1704869564.643 5438
1704869564.893 5441
1704869565.171 5441
1704869565.437 5441
1704869565.709 5441
1704869565.977 5441
1704869566.246 5441
1704869566.536 5441
1704869566.811 5441
1704869567.095 5443
1704869567.374 5458
1704869567.666 5477
1704869567.956 5524
1704869568.236 5546
1704869568.511 5563
1704869568.789 5571
1704869569.067 5573
1704869569.343 5573
1704869569.625 5573
1704869569.953 5573
1704869570.238 5573
1704869570.511 5573
1704869570.797 5573
1704869571.104 5573
1704869571.436 5578
1704869571.709 5583
1704869571.985 5587
1704869572.257 5587
1704869572.536 5590
1704869572.813 5594
1704869573.095 5599
1704869573.363 5601
1704869573.642 5606
1704869573.925 5609
1704869574.213 5611
1704869574.504 5611
1704869574.804 5619
1704869575.107 5626
1704869575.363 5629
1704869575.661 5645
1704869575.940 5646
1704869576.243 5651
1704869576.500 5654
1704869576.768 5661
1704869577.042 5677
1704869577.320 5717
1704869577.592 5738
1704869577.887 5743
1704869578.157 5751
1704869578.423 5758
1704869578.696 5777
1704869579.022 5777
1704869579.311 5777
1704869579.599 5777
1704869579.896 5777
1704869580.211 5777
1704869580.512 5777
1704869580.784 5777
1704869581.096 5777
1704869581.387 5777
1704869581.665 5777
1704869581.946 5783
1704869582.212 5783
1704869582.488 5786
1704869582.761 5793
1704869583.081 5799
1704869583.368 5806
1704869583.661 5816
1704869583.927 5819
1704869584.275 5819
1704869584.572 5819
1704869584.849 5819
1704869585.140 5819
1704869585.444 5819
1704869585.740 5820
1704869586.008 5822
1704869586.297 5829
1704869586.592 5833
1704869586.918 5842
1704869587.220 5845
1704869587.496 5850
1704869587.773 5859
1704869588.066 5869
1704869588.343 5870
1704869588.618 5878
1704869588.915 5881
1704869589.183 5886
1704869589.467 5892
1704869589.740 5901
1704869590.014 5908
1704869590.285 5916
1704869590.569 5926
1704869590.861 5934
1704869591.111 5936
1704869591.417 5941
1704869591.715 5952
1704869592.011 5965
1704869592.286 5972
1704869592.579 5980
1704869592.854 5986
1704869593.134 5995
1704869593.410 6003
1704869593.685 6003
1704869593.956 6003
1704869594.226 6003
1704869594.502 6004
1704869594.776 6005
1704869595.060 6013
1704869595.334 6017
1704869595.657 6019
1704869595.953 6022
1704869596.208 6026
1704869596.481 6028
1704869596.743 6029
1704869597.006 6030
1704869597.266 6035
1704869597.530 6040
1704869597.797 6040
1704869598.063 6040
1704869598.322 6040
1704869598.589 6040
1704869598.859 6040
1704869599.135 6040
1704869599.396 6040
1704869599.663 6040
1704869599.938 6041
1704869600.199 6042
1704869600.479 6042
1704869600.758 6043
1704869601.035 6045
1704869601.306 6062
1704869601.575 6074
1704869601.861 6083
1704869602.118 6095
1704869602.392 6101
1704869602.657 6110
1704869602.932 6121
1704869603.221 6130
1704869603.485 6135
1704869603.762 6135
1704869604.039 6135
1704869604.304 6135
1704869604.574 6135
1704869604.840 6135
1704869605.104 6135
1704869605.387 6135
1704869605.660 6135
1704869605.927 6135
1704869606.205 6135
1704869606.498 6135
1704869606.752 6137
1704869607.025 6138
1704869607.321 6142
1704869607.589 6144
1704869607.848 6149
1704869608.127 6150
1704869608.425 6153
1704869608.722 6156
1704869608.995 6156
1704869609.283 6167
1704869609.578 6167
1704869609.851 6167
1704869610.114 6169
1704869610.380 6169
1704869610.648 6172
1704869610.916 6185
1704869611.207 6185
1704869611.540 6185
1704869611.856 6185
1704869612.146 6185
1704869612.424 6185
1704869612.702 6185
1704869613.014 6186
1704869613.285 6191
1704869613.558 6191
1704869613.839 6204
1704869614.109 6204
1704869614.389 6205
1704869614.664 6205
1704869614.942 6206
1704869615.248 6206
1704869615.529 6219
1704869615.797 6225
1704869616.071 6227
1704869616.361 6228
1704869616.706 6228
1704869617.012 6231
1704869617.289 6234
1704869617.567 6240
1704869617.860 6240
1704869618.182 6240
1704869618.447 6240
1704869618.719 6240
1704869618.994 6240
1704869619.263 6240
1704869619.539 6241
1704869619.829 6241
1704869620.110 6241
1704869620.433 6241
1704869620.696 6241
1704869620.966 6241
1704869621.229 6241
1704869621.503 6241
1704869621.770 6241
1704869622.059 6243
1704869622.335 6249
1704869622.607 6256
1704869622.878 6271
1704869623.157 6300
1704869623.452 6312
1704869623.756 6318
1704869624.039 6323
1704869624.334 6323
1704869624.631 6324
1704869624.971 6333
1704869625.264 6344
1704869625.550 6360
1704869625.815 6375
1704869626.108 6377
1704869626.433 6381
1704869626.702 6389
1704869626.990 6405
1704869627.301 6433
1704869627.592 6462
1704869627.876 6495
1704869628.168 6509
1704869628.503 6512
1704869628.758 6515
1704869629.034 6520
1704869629.312 6524
1704869629.602 6527
1704869629.883 6531
1704869630.168 6534
1704869630.460 6545
1704869630.743 6549
1704869631.031 6555
1704869631.296 6555
1704869631.563 6555
1704869631.855 6556
1704869632.119 6560
1704869632.404 6566
1704869632.672 6574
1704869632.941 6575
1704869633.209 6583
1704869633.477 6584
1704869633.754 6585
1704869634.040 6586
1704869634.313 6586
1704869634.591 6586
1704869634.871 6586
1704869635.150 6587
1704869635.424 6587
1704869635.692 6588
1704869635.983 6588
1704869636.252 6590
1704869636.524 6593
1704869636.813 6600
1704869637.080 6602
1704869637.355 6602
1704869637.632 6602
1704869637.970 6668
1704869638.257 6682
1704869638.564 6682
1704869638.845 6683
1704869639.137 6683
1704869639.426 6683
1704869639.697 6683
1704869639.984 6684
1704869640.258 6688
1704869640.548 6691
1704869640.807 6691
1704869641.076 6692
1704869641.367 6694
1704869641.640 6695
1704869641.911 6697
1704869642.188 6698
1704869642.459 6700
1704869642.732 6701
1704869643.005 6702
1704869643.284 6707
1704869643.571 6708
1704869643.852 6708
1704869644.142 6709
1704869644.431 6710
1704869644.717 6710
1704869645.003 6710
1704869645.329 6711
1704869645.647 6711
1704869645.929 6713
1704869646.203 6713
1704869646.484 6713
1704869646.767 6713
1704869647.046 6713
1704869647.319 6713
1704869647.588 6713
1704869647.870 6713
1704869648.162 6713
1704869648.485 6713
1704869648.761 6713
1704869649.036 6713
1704869649.332 6713
1704869649.601 6713
1704869649.891 6713
1704869650.161 6713
1704869650.409 6713
1704869650.682 6713
1704869650.960 6713
1704869651.243 6713
1704869651.511 6713
1704869651.781 6713
1704869652.053 6713
1704869652.322 6713
1704869652.592 6713
1704869652.868 6713
1704869653.139 6713
1704869653.414 6716
1704869653.693 6719
1704869653.967 6741
1704869654.248 6743
1704869654.516 6745
1704869654.794 6745
1704869655.073 6745
1704869655.350 6745
1704869655.615 6745
1704869655.905 6745
1704869656.184 6745
1704869656.538 6745
1704869656.812 6745
1704869657.064 6745
1704869657.343 6745
1704869657.642 6746
1704869657.944 6747
1704869658.257 6747
1704869658.526 6747
1704869658.862 6747
1704869659.178 6747
1704869659.454 6747
1704869659.727 6747
1704869660.000 6747
1704869660.273 6747
1704869660.542 6747
1704869660.810 6747
1704869661.091 6747
1704869661.352 6747
1704869661.630 6747
1704869661.903 6747
1704869662.170 6747
1704869662.451 6747
1704869662.731 6747
1704869663.002 6747
1704869663.277 6748
1704869663.574 6749
1704869663.842 6749
1704869664.115 6751
1704869664.384 6753
1704869664.666 6754
1704869664.948 6758
1704869665.227 6762
1704869665.528 6765
1704869665.811 6765
1704869666.102 6765
1704869666.374 6765
1704869666.675 6765
1704869666.943 6765
1704869667.223 6765
1704869667.502 6765
1704869667.786 6765
1704869668.085 6765
1704869668.350 6765
1704869668.641 6765
1704869668.934 6765
1704869669.228 6765
1704869669.511 6765
1704869669.840 6765
1704869670.155 6765
1704869670.449 6765
1704869670.707 6768
1704869670.984 6768
1704869671.239 6768
1704869671.491 6768
1704869671.749 6768
