1704869949.065 274
1704869949.364 274
1704869949.630 274
1704869949.908 275
1704869950.460 275
1704869950.852 284
1704869951.131 285
1704869951.419 286
1704869951.707 287
1704869951.998 288
1704869952.309 289
1704869952.619 297
1704869952.947 327
1704869953.292 368
1704869953.583 410
1704869953.875 452
1704869954.193 477
1704869954.483 497
1704869954.780 522
1704869955.058 568
1704869955.348 647
1704869955.631 695
1704869955.927 709
1704869956.192 725
1704869956.496 730
1704869956.812 744
1704869957.114 755
1704869957.380 771
1704869957.658 796
1704869957.912 822
1704869958.160 840
1704869958.442 843
1704869958.759 843
1704869959.029 844
1704869959.322 875
1704869959.615 954
1704869959.912 1160
1704869960.188 1282
1704869960.463 1318
1704869960.735 1359
1704869961.021 1395
1704869961.297 1428
1704869961.565 1448
1704869961.884 1475
1704869962.173 1552
1704869962.448 1619
1704869962.766 1686
1704869963.038 1753
1704869963.316 1770
1704869963.599 1801
1704869963.879 1812
1704869964.165 1812
1704869964.463 1812
1704869964.738 1812
1704869965.028 1812
1704869965.311 1837
1704869965.663 1849
1704869966.005 1867
1704869966.306 1896
1704869966.592 1908
1704869966.878 1921
1704869967.176 1937
1704869967.506 1942
1704869967.771 1942
1704869968.049 1943
1704869968.413 1946
1704869968.695 1947
1704869968.969 1947
1704869969.263 1947
1704869969.548 1947
1704869969.856 1947
1704869970.138 1947
1704869970.425 1947
1704869970.719 1947
1704869971.008 1949
1704869971.286 1951
1704869971.600 1951
1704869971.901 1951
1704869972.199 1952
1704869972.476 1952
1704869972.774 1953
1704869973.045 1955
1704869973.330 1958
1704869973.640 1961
1704869973.932 1962
1704869974.282 1971
1704869974.571 1974
1704869974.854 1977
1704869975.127 1978
1704869975.391 1978
1704869975.659 1988
1704869975.927 1990
1704869976.187 1992
1704869976.468 1992
1704869976.774 1992
1704869977.040 1992
1704869977.346 1992
1704869977.596 1992
1704869977.849 2022
1704869978.094 2025
1704869978.366 2025
1704869978.634 2025
1704869978.977 2029
1704869979.274 2044
1704869979.555 2053
1704869979.826 2056
1704869980.173 2066
1704869980.497 2091
1704869980.789 2129
1704869981.077 2159
1704869981.361 2188
1704869981.643 2211
1704869981.934 2266
1704869982.235 2269
1704869982.548 2282
1704869982.837 2282
1704869983.142 2282
1704869983.424 2282
1704869983.715 2282
1704869984.011 2282
1704869984.318 2282
1704869984.616 2282
1704869984.937 2282
1704869985.194 2294
1704869985.470 2294
1704869985.764 2294
1704869986.046 2294
1704869986.304 2294
1704869986.613 2295
1704869986.921 2305
1704869987.198 2305
1704869987.488 2305
1704869987.803 2305
1704869988.083 2307
1704869988.372 2307
1704869988.669 2308
1704869988.950 2309
1704869989.253 2309
1704869989.535 2309
1704869989.816 2309
1704869990.099 2309
1704869990.372 2309
1704869990.655 2309
1704869990.950 2309
1704869991.229 2309
1704869991.507 2309
1704869991.790 2309
1704869992.077 2309
1704869992.377 2309
1704869992.673 2309
1704869992.950 2310
1704869993.243 2314
1704869993.536 2347
1704869993.839 2349
1704869994.142 2349
1704869994.425 2349
1704869994.733 2349
1704869995.084 2351
1704869995.398 2352
1704869995.718 2353
1704869996.000 2355
1704869996.309 2356
1704869996.613 2358
1704869996.902 2359
1704869997.202 2362
1704869997.486 2363
1704869997.764 2378
1704869998.077 2388
1704869998.389 2397
1704869998.662 2400
1704869998.926 2402
1704869999.202 2403
1704869999.477 2403
1704869999.747 2403
1704870000.017 2403
1704870000.253 2403
1704870000.521 2403
1704870000.824 2403
1704870001.111 2406
1704870001.425 2406
1704870001.707 2413
1704870001.984 2413
1704870002.269 2413
1704870002.584 2437
1704870002.851 2437
1704870003.114 2437
1704870003.362 2438
1704870003.628 2438
1704870003.903 2438
1704870004.184 2438
1704870004.452 2438
1704870004.718 2438
1704870004.979 2438
1704870005.251 2438
1704870005.513 2438
1704870005.811 2439
1704870006.057 2439
1704870006.369 2440
1704870006.667 2441
1704870006.957 2463
1704870007.240 2505
1704870007.535 2543
1704870007.817 2606
1704870008.111 2705
1704870008.425 2770
1704870008.711 2830
1704870009.006 2841
1704870009.305 2868
1704870009.594 2885
1704870009.886 2891
1704870010.185 2903
1704870010.493 2925
1704870010.800 2968
1704870011.056 3039
1704870011.347 3100
1704870011.627 3108
1704870011.928 3177
1704870012.220 3229
1704870012.523 3275
1704870012.805 3297
1704870013.113 3331
1704870013.424 3386
1704870013.747 3460
1704870014.055 3462
1704870014.366 3465
1704870014.708 3469
1704870015.041 3479
1704870015.397 3501
1704870015.729 3516
1704870016.095 3557
1704870016.483 3595
1704870016.797 3617
1704870017.104 3653
1704870017.389 3698
1704870017.684 3742
1704870017.993 3763
1704870018.287 3764
1704870018.597 3766
1704870018.922 3766
1704870019.307 3768
1704870019.579 3777
1704870019.891 3778
1704870020.194 3786
1704870020.514 3813
1704870020.800 3847
1704870021.098 3899
1704870021.391 3925
1704870021.694 3954
1704870022.000 4008
1704870022.291 4060
1704870022.601 4095
1704870022.899 4149
1704870023.183 4192
1704870023.471 4214
1704870023.761 4230
1704870024.045 4242
1704870024.329 4262
1704870024.627 4292
1704870024.920 4293
1704870025.234 4293
1704870025.516 4319
1704870025.839 4319
1704870026.196 4319
1704870026.510 4322
1704870026.840 4330
1704870027.156 4330
1704870027.486 4336
1704870027.761 4339
1704870028.047 4349
1704870028.367 4358
1704870028.645 4372
1704870028.913 4383
1704870029.196 4397
1704870029.486 4406
1704870029.845 4413
1704870030.160 4428
1704870030.429 4439
1704870030.708 4452
1704870030.985 4459
1704870031.310 4460
1704870031.632 4460
1704870031.989 4460
1704870032.275 4460
1704870032.575 4460
1704870032.887 4464
1704870033.173 4469
1704870033.442 4487
1704870033.730 4508
1704870034.083 4533
1704870034.394 4559
1704870034.689 4577
1704870034.971 4584
1704870035.273 4594
1704870035.550 4595
1704870035.819 4595
1704870036.103 4598
1704870036.374 4598
1704870036.669 4598
1704870036.946 4598
1704870037.237 4598
1704870037.529 4598
1704870037.817 4598
1704870038.092 4598
1704870038.377 4599
1704870038.652 4604
1704870038.953 4621
1704870039.261 4635
1704870039.540 4635
1704870039.892 4640
1704870040.188 4644
1704870040.472 4644
1704870040.760 4646
1704870041.047 4649
1704870041.340 4652
1704870041.635 4654
1704870041.939 4660
1704870042.225 4668
1704870042.522 4675
1704870042.851 4684
1704870043.182 4685
1704870043.457 4686
1704870043.772 4698
1704870044.073 4712
1704870044.414 4723
1704870044.714 4740
1704870045.062 4745
1704870045.366 4752
1704870045.668 4764
1704870045.970 4778
1704870046.266 4787
1704870046.555 4800
1704870046.854 4824
1704870047.153 4848
1704870047.448 4865
1704870047.743 4898
1704870048.054 4915
1704870048.369 4921
1704870048.634 4928
1704870048.931 4952
1704870049.224 4952
1704870049.500 4952
1704870049.805 4952
1704870050.089 4952
1704870050.380 4952
1704870050.678 4952
1704870051.018 4952
1704870051.305 4952
1704870051.658 4952
1704870051.962 4953
1704870052.242 4956
1704870052.529 4962
1704870052.811 4965
1704870053.110 4965
1704870053.411 4965
1704870053.701 4965
1704870053.981 4965
1704870054.265 4966
1704870054.525 4966
1704870054.795 4966
1704870055.105 4966
1704870055.398 4966
1704870055.670 4966
1704870055.973 4966
1704870056.253 4966
1704870056.537 4966
1704870056.813 4966
1704870057.111 4966
1704870057.403 4970
1704870057.724 4977
1704870058.015 4984
1704870058.298 4994
1704870058.576 5005
1704870058.856 5013
1704870059.140 5028
1704870059.417 5029
1704870059.782 5029
1704870060.070 5032
1704870060.357 5033
1704870060.647 5034
1704870060.938 5040
1704870061.232 5045
1704870061.528 5052
1704870061.817 5061
1704870062.106 5061
1704870062.456 5061
1704870062.736 5061
1704870063.031 5073
1704870063.315 5083
1704870063.610 5095
1704870063.885 5106
1704870064.171 5129
1704870064.464 5142
1704870064.761 5142
1704870065.061 5142
1704870065.355 5142
1704870065.644 5142
1704870065.929 5142
1704870066.244 5142
1704870066.523 5147
1704870066.800 5149
1704870067.084 5153
1704870067.365 5156
1704870067.659 5163
1704870067.940 5173
1704870068.232 5187
1704870068.516 5193
1704870068.797 5208
1704870069.091 5211
1704870069.397 5233
1704870069.664 5243
1704870069.953 5255
1704870070.250 5275
1704870070.537 5277
1704870070.827 5280
1704870071.106 5280
1704870071.395 5283
1704870071.729 5287
1704870072.048 5295
1704870072.333 5297
1704870072.602 5299
1704870072.879 5306
1704870073.136 5306
1704870073.409 5307
1704870073.695 5307
1704870073.950 5308
1704870074.299 5308
1704870074.597 5308
1704870074.878 5308
1704870075.149 5308
1704870075.422 5308
1704870075.704 5308
1704870076.001 5308
1704870076.324 5310
1704870076.587 5311
1704870076.863 5311
1704870077.142 5311
1704870077.469 5313
1704870077.735 5313
1704870078.022 5313
1704870078.306 5322
1704870078.613 5333
1704870078.875 5354
1704870079.173 5362
1704870079.513 5394
1704870079.821 5415
1704870080.087 5436
1704870080.388 5438
1704870080.671 5442
1704870080.951 5446
1704870081.240 5453
1704870081.526 5457
1704870081.818 5479
1704870082.108 5489
1704870082.416 5496
1704870082.718 5500
1704870083.034 5512
1704870083.318 5534
1704870083.598 5556
1704870083.885 5573
1704870084.181 5576
1704870084.469 5577
1704870084.756 5578
1704870085.048 5578
1704870085.306 5578
1704870085.591 5585
1704870085.888 5585
1704870086.220 5585
1704870086.549 5586
1704870086.886 5586
1704870087.194 5586
1704870087.470 5591
1704870087.824 5593
1704870088.116 5605
1704870088.396 5616
1704870088.697 5629
1704870089.007 5632
1704870089.287 5671
1704870089.608 5699
1704870089.892 5709
1704870090.172 5713
1704870090.503 5722
1704870090.807 5770
1704870091.072 5781
1704870091.353 5784
1704870091.655 5788
1704870091.916 5790
1704870092.197 5792
1704870092.482 5807
1704870092.770 5840
1704870093.058 5861
1704870093.348 5871
1704870093.624 5872
1704870093.906 5875
1704870094.190 5878
1704870094.482 5878
1704870094.759 5878
1704870095.048 5882
1704870095.346 5886
1704870095.609 5888
1704870095.896 5888
1704870096.181 5889
1704870096.464 5890
1704870096.748 5893
1704870097.037 5904
1704870097.319 5923
1704870097.608 5928
1704870097.899 5962
1704870098.184 5965
1704870098.489 5968
1704870098.806 5973
1704870099.104 5974
1704870099.380 5974
1704870099.664 5977
1704870099.938 5977
1704870100.230 5980
1704870100.572 5980
1704870100.840 5981
1704870101.151 5985
1704870101.446 6016
1704870101.725 6021
1704870101.986 6021
1704870102.261 6021
1704870102.553 6021
1704870102.851 6021
1704870103.133 6021
1704870103.423 6021
1704870103.705 6021
1704870103.998 6021
1704870104.285 6021
1704870104.566 6022
1704870104.840 6023
1704870105.120 6024
1704870105.401 6025
1704870105.680 6026
1704870105.960 6027
1704870106.283 6033
1704870106.586 6037
1704870106.892 6049
1704870107.162 6049
1704870107.445 6049
1704870107.719 6051
1704870108.005 6051
1704870108.275 6051
1704870108.576 6051
1704870108.869 6051
1704870109.149 6052
1704870109.430 6053
1704870109.708 6053
1704870110.015 6058
1704870110.306 6058
1704870110.582 6060
1704870110.890 6060
1704870111.193 6060
1704870111.489 6060
1704870111.769 6060
1704870112.073 6060
1704870112.352 6060
1704870112.639 6060
1704870112.923 6061
1704870113.204 6061
1704870113.479 6061
1704870113.754 6062
1704870114.028 6062
1704870114.328 6062
1704870114.620 6064
1704870114.904 6067
1704870115.191 6067
1704870115.461 6069
1704870115.770 6075
1704870116.052 6079
1704870116.382 6084
1704870116.683 6134
1704870117.016 6144
1704870117.300 6160
1704870117.578 6171
1704870117.860 6188
1704870118.161 6198
1704870118.434 6200
1704870118.717 6200
1704870119.023 6200
1704870119.333 6202
1704870119.606 6203
1704870119.894 6203
1704870120.176 6203
1704870120.492 6203
1704870120.784 6203
1704870121.093 6203
1704870121.372 6203
1704870121.698 6206
1704870122.057 6206
1704870122.337 6206
1704870122.618 6206
1704870122.886 6206
1704870123.155 6206
1704870123.474 6206
1704870123.757 6206
1704870124.117 6207
1704870124.412 6214
1704870124.731 6224
1704870125.011 6230
1704870125.294 6238
1704870125.578 6249
1704870125.927 6249
1704870126.199 6250
1704870126.477 6250
1704870126.756 6250
1704870127.118 6250
1704870127.487 6250
1704870127.856 6250
1704870128.197 6250
1704870128.504 6250
1704870128.847 6251
1704870129.172 6251
1704870129.483 6251
1704870129.755 6251
1704870130.028 6251
1704870130.310 6251
1704870130.590 6251
1704870130.888 6251
1704870131.214 6251
1704870131.515 6252
1704870131.781 6252
1704870132.062 6267
1704870132.352 6287
1704870132.637 6308
1704870132.925 6313
1704870133.206 6313
1704870133.503 6315
1704870133.763 6316
1704870134.039 6318
1704870134.365 6322
1704870134.714 6324
1704870135.059 6324
1704870135.344 6324
1704870135.657 6324
1704870135.932 6324
1704870136.225 6324
1704870136.513 6324
1704870136.826 6325
1704870137.149 6325
1704870137.453 6325
1704870137.737 6325
1704870138.033 6325
1704870138.314 6335
1704870138.604 6335
1704870138.892 6335
1704870139.171 6335
1704870139.459 6337
1704870139.730 6337
1704870140.007 6337
1704870140.287 6337
1704870140.593 6337
1704870140.881 6337
1704870141.147 6340
1704870141.430 6351
1704870141.763 6363
1704870142.050 6372
1704870142.350 6377
1704870142.618 6378
1704870142.906 6380
1704870143.187 6380
1704870143.506 6380
1704870143.856 6380
1704870144.219 6380
1704870144.521 6386
1704870144.844 6391
1704870145.160 6392
1704870145.434 6394
1704870145.716 6394
1704870145.997 6395
1704870146.294 6399
1704870146.574 6408
1704870146.871 6423
1704870147.154 6436
1704870147.444 6450
1704870147.746 6456
1704870148.026 6462
1704870148.315 6462
1704870148.597 6464
1704870148.882 6465
1704870149.174 6467
1704870149.484 6469
1704870149.794 6469
1704870150.077 6470
1704870150.372 6470
1704870150.666 6472
1704870150.964 6472
1704870151.267 6472
1704870151.558 6472
1704870151.837 6475
1704870152.150 6481
1704870152.487 6482
1704870152.839 6482
1704870153.120 6482
1704870153.417 6482
1704870153.718 6482
1704870154.013 6482
1704870154.362 6483
1704870154.652 6487
1704870154.936 6490
1704870155.221 6491
1704870155.522 6496
1704870155.786 6496
1704870156.073 6496
1704870156.380 6496
1704870156.712 6497
1704870156.997 6497
1704870157.275 6497
1704870157.561 6497
1704870157.844 6497
1704870158.149 6499
1704870158.479 6499
1704870158.777 6502
1704870159.120 6506
1704870159.392 6507
1704870159.684 6508
1704870159.985 6514
1704870160.270 6525
1704870160.552 6526
1704870160.848 6526
1704870161.121 6526
1704870161.398 6526
1704870161.736 6526
1704870162.015 6526
1704870162.364 6526
1704870162.683 6526
1704870162.978 6526
1704870163.260 6526
1704870163.570 6526
1704870163.853 6531
1704870164.136 6533
1704870164.460 6537
1704870164.759 6538
1704870165.053 6546
1704870165.340 6554
1704870165.625 6565
1704870165.910 6575
1704870166.195 6582
1704870166.488 6588
1704870166.780 6590
1704870167.067 6590
1704870167.362 6590
1704870167.628 6590
1704870167.943 6590
1704870168.253 6590
1704870168.550 6590
1704870168.828 6590
1704870169.161 6590
1704870169.470 6590
1704870169.807 6590
1704870170.100 6590
1704870170.387 6590
1704870170.677 6590
1704870170.966 6590
1704870171.258 6590
1704870171.547 6595
1704870171.835 6596
1704870172.126 6596
1704870172.415 6597
1704870172.698 6599
1704870172.991 6600
1704870173.292 6601
1704870173.595 6601
1704870173.880 6601
1704870174.167 6602
1704870174.446 6602
1704870174.724 6602
1704870175.005 6602
1704870175.319 6602
1704870175.604 6602
1704870175.894 6602
1704870176.184 6602
1704870176.514 6602
1704870176.801 6602
1704870177.092 6602
1704870177.370 6602
1704870177.649 6602
1704870177.932 6602
1704870178.235 6602
1704870178.510 6602
1704870178.770 6602
1704870179.053 6602
1704870179.291 6602
1704870179.564 6602
1704870179.825 6602
1704870180.090 6602
1704870180.377 6602
1704870180.643 6602
1704870180.911 6602
1704870181.229 6602
1704870181.494 6602
1704870181.784 6602
1704870182.069 6602
1704870182.377 6602
1704870182.678 6602
1704870182.975 6607
1704870183.250 6607
1704870183.525 6607
1704870183.795 6607
1704870184.069 6607
1704870184.346 6607
1704870184.622 6607
1704870184.904 6607
1704870185.200 6607
1704870185.495 6607
1704870185.773 6607
1704870186.058 6607
1704870186.341 6607
1704870186.639 6607
1704870186.938 6607
1704870187.237 6607
1704870187.518 6607
1704870187.806 6607
1704870188.109 6607
1704870188.401 6607
1704870188.699 6607
1704870188.987 6607
1704870189.282 6607
1704870189.591 6607
1704870189.926 6610
1704870190.225 6610
1704870190.503 6610
1704870190.781 6611
1704870191.076 6616
1704870191.328 6616
1704870191.624 6616
1704870191.942 6616
1704870192.232 6616
1704870192.512 6616
1704870192.798 6616
1704870193.076 6616
1704870193.353 6616
1704870193.622 6616
1704870193.889 6618
1704870194.159 6618
1704870194.435 6618
1704870194.702 6620
1704870194.972 6620
1704870195.257 6620
1704870195.526 6620
1704870195.805 6620
1704870196.089 6621
1704870196.373 6621
1704870196.665 6622
1704870196.953 6622
1704870197.302 6622
1704870197.587 6622
1704870197.873 6622
1704870198.196 6622
1704870198.495 6622
1704870198.791 6622
1704870199.081 6623
1704870199.397 6623
1704870199.689 6623
1704870199.997 6624
1704870200.288 6624
1704870200.577 6624
1704870200.861 6624
1704870201.163 6624
1704870201.431 6624
1704870201.722 6624
1704870202.026 6624
1704870202.311 6624
1704870202.605 6625
1704870202.889 6625
1704870203.171 6649
1704870203.460 6660
1704870203.741 6673
1704870204.089 6715
1704870204.392 6720
1704870204.685 6720
1704870204.957 6721
1704870205.250 6722
1704870205.535 6722
1704870205.814 6722
1704870206.123 6722
1704870206.410 6722
1704870206.714 6722
1704870207.036 6722
1704870207.321 6722
1704870207.610 6722
1704870207.898 6722
1704870208.185 6722
1704870208.493 6722
1704870208.801 6722
1704870209.138 6722
1704870209.447 6722
1704870209.733 6731
1704870210.024 6740
1704870210.327 6743
1704870210.611 6746
1704870210.890 6756
1704870211.170 6762
1704870211.453 6768
1704870211.739 6769
1704870212.024 6769
1704870212.307 6769
1704870212.587 6769
1704870212.871 6769
1704870213.174 6770
1704870213.453 6770
