1704868169.979 275
1704868170.248 275
1704868170.530 275
1704868170.853 275
1704868171.135 275
1704868171.631 275
1704868172.050 291
1704868172.338 292
1704868172.632 293
1704868172.962 294
1704868173.245 295
1704868173.528 298
1704868173.814 303
1704868174.090 305
1704868174.379 332
1704868174.667 377
1704868174.946 430
1704868175.222 462
1704868175.490 475
1704868175.837 482
1704868176.118 483
1704868176.411 486
1704868176.717 493
1704868176.996 514
1704868177.284 536
1704868177.563 553
1704868177.846 594
1704868178.106 607
1704868178.379 740
1704868178.645 867
1704868178.923 979
1704868179.205 1096
1704868179.491 1193
1704868179.771 1231
1704868180.063 1275
1704868180.339 1305
1704868180.615 1333
1704868180.884 1374
1704868181.164 1391
1704868181.450 1430
1704868181.739 1478
1704868182.009 1506
1704868182.302 1556
1704868182.569 1595
1704868182.869 1596
1704868183.158 1606
1704868183.509 1619
1704868183.813 1620
1704868184.116 1620
1704868184.449 1620
1704868184.719 1621
1704868184.998 1624
1704868185.276 1626
1704868185.571 1627
1704868185.838 1628
1704868186.113 1628
1704868186.405 1628
1704868186.689 1629
1704868186.981 1629
1704868187.273 1629
1704868187.555 1630
1704868187.846 1644
1704868188.119 1669
1704868188.407 1695
1704868188.725 1717
1704868189.001 1732
1704868189.279 1768
1704868189.556 1778
1704868189.855 1796
1704868190.148 1806
1704868190.468 1811
1704868190.780 1811
1704868191.098 1813
1704868191.387 1827
1704868191.659 1833
1704868191.953 1854
1704868192.241 1870
1704868192.524 1885
1704868192.813 1921
1704868193.114 1942
1704868193.411 1951
1704868193.696 2012
1704868193.989 2021
1704868194.270 2035
1704868194.538 2035
1704868194.830 2039
1704868195.130 2040
1704868195.395 2040
1704868195.659 2040
1704868195.924 2040
1704868196.219 2041
1704868196.481 2045
1704868196.758 2045
1704868197.026 2045
1704868197.288 2045
1704868197.541 2045
1704868197.809 2045
1704868198.095 2045
1704868198.341 2045
1704868198.616 2045
1704868198.883 2048
1704868199.147 2048
1704868199.414 2048
1704868199.694 2048
1704868199.979 2049
1704868200.223 2053
1704868200.497 2054
1704868200.769 2058
1704868201.047 2070
1704868201.320 2096
1704868201.602 2163
1704868201.879 2239
1704868202.170 2285
1704868202.493 2343
1704868202.775 2386
1704868203.049 2412
1704868203.319 2428
1704868203.618 2448
1704868203.909 2465
1704868204.177 2497
1704868204.455 2524
1704868204.706 2547
1704868205.019 2576
1704868205.292 2626
1704868205.562 2649
1704868205.825 2673
1704868206.122 2725
1704868206.421 2770
1704868206.745 2781
1704868207.047 2818
1704868207.351 2900
1704868207.652 2994
1704868207.995 3062
1704868208.253 3077
1704868208.576 3086
1704868208.866 3103
1704868209.143 3112
1704868209.424 3127
1704868209.701 3130
1704868210.042 3141
1704868210.320 3149
1704868210.633 3212
1704868210.907 3246
1704868211.215 3284
1704868211.504 3305
1704868211.780 3306
1704868212.062 3320
1704868212.375 3326
1704868212.713 3331
1704868212.978 3345
1704868213.252 3362
1704868213.532 3381
1704868213.800 3410
1704868214.075 3429
1704868214.355 3478
1704868214.649 3519
1704868214.915 3562
1704868215.181 3584
1704868215.453 3593
1704868215.734 3602
1704868216.016 3605
1704868216.266 3615
1704868216.573 3624
1704868216.881 3629
1704868217.190 3633
1704868217.556 3637
1704868217.924 3637
1704868218.206 3640
1704868218.500 3641
1704868218.778 3641
1704868219.056 3641
1704868219.326 3641
1704868219.601 3641
1704868219.877 3642
1704868220.174 3642
1704868220.477 3642
1704868220.751 3642
1704868221.031 3649
1704868221.316 3649
1704868221.596 3650
1704868221.870 3650
1704868222.158 3650
1704868222.422 3650
1704868222.705 3650
1704868222.983 3652
1704868223.285 3652
1704868223.582 3652
1704868223.875 3652
1704868224.156 3652
1704868224.429 3652
1704868224.711 3652
1704868225.009 3652
1704868225.290 3653
1704868225.570 3653
1704868225.846 3653
1704868226.126 3653
1704868226.400 3653
1704868226.682 3653
1704868227.000 3653
1704868227.269 3653
1704868227.544 3653
1704868227.837 3653
1704868228.132 3653
1704868228.431 3653
1704868228.755 3653
1704868229.025 3653
1704868229.285 3653
1704868229.549 3653
1704868229.808 3653
1704868230.071 3667
1704868230.334 3667
1704868230.612 3668
1704868230.894 3668
1704868231.207 3668
1704868231.483 3668
1704868231.756 3668
1704868232.053 3668
1704868232.321 3668
1704868232.594 3668
1704868232.870 3668
1704868233.171 3668
1704868233.461 3668
1704868233.751 3669
1704868234.033 3690
1704868234.316 3721
1704868234.592 3765
1704868234.862 3775
1704868235.134 3777
1704868235.423 3778
1704868235.716 3789
1704868235.966 3794
1704868236.255 3800
1704868236.544 3801
1704868236.815 3807
1704868237.097 3813
1704868237.375 3835
1704868237.667 3875
1704868237.939 3883
1704868238.230 3902
1704868238.486 3903
1704868238.756 3908
1704868239.020 3910
1704868239.296 3915
1704868239.581 3917
1704868239.874 3917
1704868240.176 3932
1704868240.442 3938
1704868240.725 3938
1704868240.996 3940
1704868241.267 3941
1704868241.539 3943
1704868241.812 3946
1704868242.105 3963
1704868242.374 4014
1704868242.655 4062
1704868242.989 4137
1704868243.279 4225
1704868243.555 4272
1704868243.840 4313
1704868244.091 4370
1704868244.359 4370
1704868244.623 4403
1704868244.897 4421
1704868245.178 4428
1704868245.458 4428
1704868245.730 4431
1704868246.005 4440
1704868246.274 4456
1704868246.552 4473
1704868246.844 4477
1704868247.118 4482
1704868247.394 4482
1704868247.667 4486
1704868247.933 4487
1704868248.201 4492
1704868248.469 4493
1704868248.779 4497
1704868249.048 4497
1704868249.325 4499
1704868249.600 4513
1704868249.866 4529
1704868250.153 4569
1704868250.436 4606
1704868250.721 4626
1704868250.997 4627
1704868251.276 4638
1704868251.546 4650
1704868251.803 4679
1704868252.057 4682
1704868252.335 4687
1704868252.602 4688
1704868252.873 4688
1704868253.146 4688
1704868253.450 4689
1704868253.771 4689
1704868254.041 4690
1704868254.323 4706
1704868254.621 4721
1704868254.909 4756
1704868255.203 4765
1704868255.478 4771
1704868255.752 4778
1704868256.033 4824
1704868256.311 4883
1704868256.608 4919
1704868256.888 4942
1704868257.162 4963
1704868257.435 5007
1704868257.712 5075
1704868257.969 5096
1704868258.288 5413
1704868258.563 5516
1704868258.823 5516
1704868259.085 5518
1704868259.352 5520
1704868259.683 5520
1704868259.972 5520
1704868260.234 5520
1704868260.502 5520
1704868260.795 5520
1704868261.065 5520
1704868261.335 5520
1704868261.608 5520
1704868261.908 5520
1704868262.193 5602
1704868262.475 5693
1704868262.738 5693
1704868263.015 5693
1704868263.278 5693
1704868263.537 5693
1704868263.820 5693
1704868264.107 5693
1704868264.370 5693
1704868264.654 5693
1704868264.952 5693
1704868265.207 5693
1704868265.475 5693
1704868265.787 5693
1704868266.055 5693
1704868266.335 5693
1704868266.614 5693
1704868266.873 5693
1704868267.167 5693
1704868267.435 5704
1704868267.723 5718
1704868268.027 5737
1704868268.295 5741
1704868268.584 5746
1704868268.842 5746
1704868269.111 5746
1704868269.393 5746
1704868269.706 5746
1704868269.972 5746
1704868270.245 5746
1704868270.517 5746
1704868270.787 5750
1704868271.069 5751
1704868271.348 5756
1704868271.633 5759
1704868271.910 5763
1704868272.180 5769
1704868272.443 5774
1704868272.719 5781
1704868272.999 5785
1704868273.287 5791
1704868273.567 5792
1704868273.845 5795
1704868274.129 5799
1704868274.399 5805
1704868274.674 5811
1704868274.950 5823
1704868275.222 5829
1704868275.498 5844
1704868275.776 5853
1704868276.050 5868
1704868276.323 5875
1704868276.596 5886
1704868276.879 5886
1704868277.156 5888
1704868277.428 5890
1704868277.708 5890
1704868278.001 5890
1704868278.370 5892
1704868278.677 5894
1704868278.964 5901
1704868279.254 5906
1704868279.541 5913
1704868279.837 5921
1704868280.109 5925
1704868280.424 5934
1704868280.743 5940
1704868281.022 5944
1704868281.294 5946
1704868281.566 5947
1704868281.855 5951
1704868282.142 5955
1704868282.410 5957
1704868282.663 5962
1704868282.935 5969
1704868283.219 5978
1704868283.503 5982
1704868283.782 6005
1704868284.057 6005
1704868284.330 6007
1704868284.608 6009
1704868284.894 6013
1704868285.163 6013
1704868285.446 6014
1704868285.721 6015
1704868285.994 6017
1704868286.266 6019
1704868286.539 6022
1704868286.824 6028
1704868287.108 6034
1704868287.395 6050
1704868287.673 6063
1704868287.947 6067
1704868288.230 6072
1704868288.515 6080
1704868288.796 6084
1704868289.093 6087
1704868289.355 6089
1704868289.624 6091
1704868289.956 6091
1704868290.248 6091
1704868290.536 6091
1704868290.797 6092
1704868291.066 6093
1704868291.349 6095
1704868291.617 6095
1704868291.857 6096
1704868292.151 6096
1704868292.410 6097
1704868292.666 6098
1704868292.928 6099
1704868293.193 6100
1704868293.470 6101
1704868293.746 6101
1704868294.025 6101
1704868294.279 6101
1704868294.539 6101
1704868294.814 6101
1704868295.079 6101
1704868295.361 6101
1704868295.630 6101
1704868295.895 6101
1704868296.165 6101
1704868296.453 6108
1704868296.724 6122
1704868297.001 6135
1704868297.293 6151
1704868297.575 6152
1704868297.859 6184
1704868298.137 6196
1704868298.456 6200
1704868298.719 6208
1704868299.004 6218
1704868299.286 6227
1704868299.570 6247
1704868299.835 6268
1704868300.108 6274
1704868300.377 6280
1704868300.652 6288
1704868300.930 6294
1704868301.210 6302
1704868301.491 6305
1704868301.818 6312
1704868302.096 6312
1704868302.375 6313
1704868302.665 6313
1704868302.995 6314
1704868303.296 6314
1704868303.586 6314
1704868303.859 6314
1704868304.122 6314
1704868304.385 6314
1704868304.660 6314
1704868304.930 6314
1704868305.208 6314
1704868305.476 6314
1704868305.746 6314
1704868306.018 6314
1704868306.288 6314
1704868306.556 6314
1704868306.829 6314
1704868307.097 6314
1704868307.380 6326
1704868307.653 6332
1704868307.924 6337
1704868308.232 6344
1704868308.513 6347
1704868308.785 6347
1704868309.082 6348
1704868309.352 6348
1704868309.629 6348
1704868309.910 6348
1704868310.182 6349
1704868310.455 6349
1704868310.732 6349
1704868310.998 6349
1704868311.272 6349
1704868311.553 6349
1704868311.835 6349
1704868312.118 6350
1704868312.387 6350
1704868312.672 6350
1704868312.941 6350
1704868313.213 6364
1704868313.474 6365
1704868313.764 6366
1704868314.036 6371
1704868314.323 6378
1704868314.601 6382
1704868314.868 6393
1704868315.135 6398
1704868315.405 6398
1704868315.692 6406
1704868315.960 6408
1704868316.241 6415
1704868316.574 6422
1704868316.868 6429
1704868317.130 6441
1704868317.398 6466
1704868317.658 6476
1704868317.948 6500
1704868318.208 6519
1704868318.525 6529
1704868318.803 6535
1704868319.076 6559
1704868319.374 6565
1704868319.651 6569
1704868319.930 6569
1704868320.207 6569
1704868320.476 6569
1704868320.755 6569
1704868321.030 6569
1704868321.308 6575
1704868321.583 6575
1704868321.853 6575
1704868322.142 6575
1704868322.427 6575
1704868322.698 6575
1704868322.973 6575
1704868323.248 6575
1704868323.549 6575
1704868323.820 6575
1704868324.082 6575
1704868324.373 6575
1704868324.722 6579
1704868324.983 6584
1704868325.246 6605
1704868325.528 6621
1704868325.813 6629
1704868326.087 6638
1704868326.389 6647
1704868326.635 6648
1704868326.916 6652
1704868327.179 6654
1704868327.449 6654
1704868327.724 6657
1704868328.035 6660
1704868328.333 6660
1704868328.616 6660
1704868328.934 6662
1704868329.288 6668
1704868329.571 6669
1704868329.850 6672
1704868330.119 6672
1704868330.389 6672
1704868330.662 6672
1704868330.932 6672
1704868331.239 6672
1704868331.527 6673
1704868331.795 6674
1704868332.069 6676
1704868332.342 6676
1704868332.614 6676
1704868332.885 6676
1704868333.162 6676
1704868333.431 6676
1704868333.716 6677
1704868333.998 6679
1704868334.270 6683
1704868334.536 6683
1704868334.805 6683
1704868335.087 6686
1704868335.351 6686
1704868335.622 6686
1704868335.903 6686
1704868336.180 6687
1704868336.471 6687
1704868336.768 6695
1704868337.047 6695
1704868337.344 6695
1704868337.651 6695
1704868337.982 6695
1704868338.259 6695
1704868338.544 6695
1704868338.817 6695
1704868339.091 6695
1704868339.374 6695
1704868339.673 6698
1704868339.909 6698
1704868340.169 6698
1704868340.447 6698
1704868340.718 6698
1704868341.000 6707
1704868341.270 6708
1704868341.559 6709
1704868341.845 6712
1704868342.108 6716
1704868342.379 6725
1704868342.653 6736
1704868342.927 6739
1704868343.206 6771
1704868343.533 6811
1704868343.800 6819
1704868344.116 6832
1704868344.424 6852
1704868344.754 6865
1704868345.001 6872
1704868345.273 6874
1704868345.539 6874
1704868345.846 6877
1704868346.118 6878
1704868346.381 6882
1704868346.648 6884
1704868346.916 6885
1704868347.189 6893
1704868347.454 6904
1704868347.732 6914
1704868348.000 6915
1704868348.268 6916
1704868348.536 6918
1704868348.792 6920
1704868349.053 6925
1704868349.326 6925
1704868349.650 6927
1704868349.926 6931
1704868350.227 6931
1704868350.518 6937
1704868350.818 6937
1704868351.086 6937
1704868351.355 6937
1704868351.786 6942
1704868352.230 6955
1704868352.570 6967
1704868352.873 6969
1704868353.153 6973
1704868353.440 6977
1704868353.736 6978
1704868354.014 6990
1704868354.297 6996
1704868354.572 6998
1704868354.849 6998
1704868355.146 6998
1704868355.486 6998
1704868355.768 6998
1704868356.057 6998
1704868356.376 6998
1704868356.649 6998
1704868356.940 6999
1704868357.280 6999
1704868357.574 6999
1704868357.857 7001
1704868358.142 7003
1704868358.427 7003
1704868358.770 7003
1704868359.066 7003
1704868359.335 7003
1704868359.585 7006
1704868359.864 7041
1704868360.149 7060
1704868360.422 7062
1704868360.698 7064
1704868360.982 7069
1704868361.266 7093
1704868361.544 7095
1704868361.814 7096
1704868362.096 7096
1704868362.397 7096
1704868362.651 7098
1704868362.914 7101
1704868363.225 7101
1704868363.542 7101
1704868363.865 7101
1704868364.170 7101
1704868364.462 7101
1704868364.763 7101
1704868365.049 7101
1704868365.358 7101
1704868365.680 7102
1704868366.016 7103
1704868366.308 7103
1704868366.587 7103
1704868366.880 7103
1704868367.202 7110
1704868367.477 7110
1704868367.760 7110
1704868368.055 7110
1704868368.331 7110
1704868368.635 7110
1704868368.928 7110
1704868369.221 7110
1704868369.506 7110
1704868369.820 7186
1704868370.166 7186
1704868370.465 7186
1704868370.749 7186
1704868371.058 7186
1704868371.345 7186
1704868371.630 7186
1704868371.913 7186
1704868372.189 7186
1704868372.521 7186
1704868372.787 7186
1704868373.072 7186
1704868373.356 7186
1704868373.634 7203
1704868373.955 7208
1704868374.241 7208
1704868374.494 7208
1704868374.796 7208
1704868375.064 7208
1704868375.350 7208
1704868375.665 7208
1704868375.952 7208
1704868376.228 7208
1704868376.518 7208
1704868376.827 7208
1704868377.115 7208
1704868377.407 7209
1704868377.705 7210
1704868378.011 7210
1704868378.304 7210
1704868378.583 7210
1704868378.859 7210
1704868379.157 7210
1704868379.454 7210
1704868379.713 7210
1704868379.978 7210
1704868380.280 7210
1704868380.547 7210
1704868380.869 7210
1704868381.152 7210
1704868381.444 7210
1704868381.765 7211
1704868382.037 7212
1704868382.299 7212
1704868382.564 7212
1704868382.830 7212
1704868383.096 7212
1704868383.355 7212
1704868383.627 7212
1704868383.917 7212
1704868384.197 7212
1704868384.474 7212
1704868384.752 7212
1704868385.056 7212
1704868385.324 7212
1704868385.604 7212
1704868385.887 7212
1704868386.172 7212
1704868386.444 7212
1704868386.735 7221
1704868387.016 7221
1704868387.296 7221
1704868387.576 7221
1704868387.859 7221
1704868388.139 7221
1704868388.468 7225
1704868388.792 7225
1704868389.099 7225
1704868389.452 7225
1704868389.735 7225
1704868390.006 7225
1704868390.274 7225
1704868390.552 7225
1704868390.835 7225
1704868391.116 7225
1704868391.402 7225
1704868391.682 7225
1704868391.963 7225
1704868392.267 7225
1704868392.551 7225
1704868392.828 7225
1704868393.132 7225
1704868393.499 7225
1704868393.805 7227
1704868394.126 7227
1704868394.403 7227
1704868394.703 7228
1704868394.998 7228
1704868395.303 7228
1704868395.583 7228
1704868395.866 7228
1704868396.147 7228
1704868396.451 7228
1704868396.722 7228
1704868397.010 7228
1704868397.297 7228
1704868397.626 7228
1704868397.929 7228
1704868398.242 7228
1704868398.532 7235
1704868398.833 7235
1704868399.121 7235
1704868399.426 7235
1704868399.772 7235
1704868400.068 7235
1704868400.356 7235
1704868400.628 7235
1704868400.905 7235
1704868401.184 7235
1704868401.455 7235
1704868401.754 7235
1704868402.003 7235
1704868402.288 7243
1704868402.558 7243
1704868402.843 7243
1704868403.116 7243
1704868403.399 7243
1704868403.677 7243
1704868403.959 7243
1704868404.233 7243
1704868404.527 7243
1704868404.789 7243
1704868405.073 7243
1704868405.345 7243
1704868405.630 7243
1704868405.900 7243
1704868406.176 7243
1704868406.464 7243
1704868406.757 7243
1704868407.057 7243
1704868407.338 7243
1704868407.610 7243
1704868407.913 7243
1704868408.197 7243
1704868408.466 7243
1704868408.742 7243
1704868409.023 7243
1704868409.318 7243
1704868409.624 7243
1704868409.910 7243
1704868410.189 7243
1704868410.465 7243
1704868410.746 7244
1704868411.025 7244
1704868411.314 7249
1704868411.607 7252
1704868411.894 7258
1704868412.177 7265
1704868412.471 7273
1704868412.798 7281
1704868413.090 7293
1704868413.375 7306
1704868413.667 7318
1704868413.952 7325
1704868414.239 7327
1704868414.504 7328
1704868414.770 7328
1704868415.058 7328
1704868415.348 7328
1704868415.629 7328
1704868415.916 7328
1704868416.200 7328
1704868416.493 7328
1704868416.802 7328
1704868417.113 7328
1704868417.399 7328
1704868417.707 7328
1704868418.010 7328
1704868418.309 7328
1704868418.601 7328
1704868418.915 7328
1704868419.199 7328
1704868419.479 7328
1704868419.755 7328
1704868420.041 7332
1704868420.321 7332
1704868420.610 7332
1704868420.877 7332
1704868421.154 7332
1704868421.432 7333
1704868421.729 7333
1704868421.994 7333
1704868422.288 7333
1704868422.543 7333
1704868422.816 7333
1704868423.076 7333
1704868423.341 7333
1704868423.608 7333
1704868423.863 7333
1704868424.134 7333
1704868424.430 7333
1704868424.677 7333
1704868424.956 7333
1704868425.209 7333
1704868425.484 7333
1704868425.720 7333
1704868425.973 7333
1704868426.253 7333
1704868426.550 7338
1704868426.809 7338
1704868427.082 7338
1704868427.358 7338
1704868427.616 7338
1704868427.893 7338
1704868428.166 7338
1704868428.427 7338
1704868428.703 7338
1704868428.983 7338
1704868429.251 7338
1704868429.504 7338
1704868429.777 7338
1704868430.045 7338
1704868430.317 7338
1704868430.585 7338
1704868430.854 7338
1704868431.151 7338
1704868431.496 7338
1704868431.814 7338
1704868432.069 7338
1704868432.337 7338
1704868432.607 7338
1704868432.882 7338
1704868433.167 7338
1704868433.422 7338
1704868433.693 7338
1704868433.960 7338
1704868434.238 7338
1704868434.528 7338
1704868434.820 7340
1704868435.083 7340
1704868435.372 7340
1704868435.637 7340
1704868435.902 7340
1704868436.165 7340
1704868436.423 7340
1704868436.686 7340
1704868436.953 7341
1704868437.218 7341
1704868437.487 7341
1704868437.752 7341
1704868438.032 7341
1704868438.296 7341
1704868438.593 7341
1704868438.879 7341
1704868439.143 7341
1704868439.422 7341
1704868439.695 7341
1704868439.964 7341
1704868440.256 7341
1704868440.509 7341
1704868440.776 7341
1704868441.057 7341
1704868441.323 7341
1704868441.613 7341
1704868441.892 7341
1704868442.161 7341
1704868442.440 7341
1704868442.740 7341
1704868443.027 7341
1704868443.287 7342
1704868443.574 7342
1704868443.854 7342
1704868444.127 7342
1704868444.421 7342
1704868444.698 7342
1704868444.987 7342
1704868445.269 7342
1704868445.552 7343
1704868445.827 7343
1704868446.094 7343
1704868446.372 7343
1704868446.656 7343
1704868446.934 7343
1704868447.234 7343
1704868447.483 7343
1704868447.752 7343
1704868448.036 7343
1704868448.320 7343
1704868448.579 7345
1704868448.869 7353
1704868449.163 7354
1704868449.436 7354
1704868449.707 7355
1704868449.971 7355
1704868450.250 7355
1704868450.531 7355
1704868450.817 7355
1704868451.089 7355
1704868451.370 7355
1704868451.668 7386
1704868451.959 7387
1704868452.238 7387
1704868452.514 7387
1704868452.791 7387
1704868453.071 7387
1704868453.345 7387
1704868453.635 7387
1704868453.915 7387
1704868454.203 7387
