1704869087.670 4.177 0.091 
1704869087.770 4.261 0.085 
1704869087.869 4.386 0.080 
1704869087.972 4.514 0.080 
1704869088.072 4.618 0.078 
1704869088.172 4.729 0.081 
1704869088.274 4.848 0.082 
1704869088.374 4.967 0.081 
1704869088.474 5.085 0.081 
1704869088.574 5.201 0.082 
1704869088.674 5.318 0.082 
1704869088.774 5.436 0.081 
1704869088.874 5.547 0.084 
1704869088.974 5.654 0.091 
1704869089.074 5.742 0.093 
1704869089.174 5.817 0.095 
1704869089.274 5.892 0.099 
1704869089.374 5.961 0.107 
1704869089.476 6.023 0.121 
1704869089.574 6.094 0.136 
1704869089.674 6.176 0.150 
1704869089.775 6.246 0.140 
1704869089.875 6.329 0.154 
1704869089.974 6.402 0.178 
1704869090.075 6.469 0.213 
1704869091.679 6.685 0.278 
1704869091.780 6.690 0.297 
1704869091.881 6.665 0.368 
1704869091.980 6.574 0.459 
1704869092.081 6.477 0.520 
1704869092.179 6.385 0.582 
1704869092.279 6.292 0.645 
1704869092.380 6.191 0.706 
1704869092.480 6.086 0.770 
1704869092.580 5.993 0.822 
1704869092.680 5.923 0.865 
1704869095.488 5.886 0.989 
1704869095.488 5.886 0.989 
1704869095.589 5.871 0.958 
1704869095.690 5.813 0.877 
1704869095.788 5.744 0.774 
1704869095.889 5.677 0.678 
1704869095.989 5.599 0.595 
1704869096.095 5.501 0.518 
1704869096.191 5.415 0.457 
1704869096.291 5.320 0.405 
1704869096.390 5.189 0.381 
1704869096.491 5.058 0.377 
1704869096.590 4.919 0.386 
1704869096.691 4.842 0.352 
1704869096.791 4.790 0.323 
1704869096.892 4.777 0.302 
1704869096.992 4.754 0.306 
1704869097.091 4.703 0.332 
1704869097.192 4.635 0.371 
1704869097.292 4.539 0.418 
1704869097.392 4.455 0.480 
1704869097.492 4.381 0.567 
1704869097.597 4.322 0.644 
1704869097.694 4.261 0.695 
1704869097.793 4.197 0.742 
1704869097.893 4.142 0.790 
1704869097.993 4.096 0.840 
1704869098.093 4.052 0.889 
1704869098.194 3.994 0.940 
1704869098.293 3.924 1.002 
1704869098.393 3.856 1.060 
1704869098.493 3.794 1.113 
1704869098.594 3.740 1.166 
1704869098.693 3.681 1.216 
1704869098.794 3.622 1.265 
1704869098.894 3.567 1.315 
1704869098.993 3.482 1.389 
1704869099.094 3.393 1.459 
1704869099.195 3.316 1.513 
1704869099.293 3.263 1.544 
1704869099.394 3.214 1.598 
1704869099.494 3.166 1.662 
1704869099.594 3.120 1.722 
1704869099.694 3.071 1.761 
1704869099.795 3.020 1.779 
1704869099.895 2.981 1.839 
1704869099.995 2.961 1.935 
1704869100.095 2.921 1.997 
1704869100.194 2.896 2.038 
1704869100.297 2.927 2.118 
1704869100.396 3.030 2.224 
1704869100.496 3.123 2.308 
1704869100.596 3.160 2.383 
1704869100.696 3.181 2.454 
1704869100.796 3.223 2.519 
1704869100.896 3.316 2.555 
1704869100.996 3.452 2.568 
1704869101.097 3.574 2.571 
1704869101.197 3.621 2.600 
1704869101.297 3.665 2.630 
1704869101.397 3.739 2.634 
1704869101.499 3.846 2.627 
1704869101.597 3.973 2.621 
1704869101.697 4.091 2.622 
1704869101.798 4.191 2.616 
1704869101.918 4.297 2.606 
1704869102.007 4.397 2.597 
1704869102.103 4.480 2.587 
1704869102.202 4.542 2.574 
1704869102.301 4.609 2.568 
1704869102.401 4.688 2.560 
1704869102.501 4.770 2.553 
1704869102.601 4.852 2.546 
1704869102.702 4.934 2.539 
1704869102.802 5.016 2.534 
1704869102.903 5.100 2.529 
1704869103.002 5.184 2.523 
1704869103.103 5.268 2.515 
1704869103.203 5.353 2.509 
1704869103.302 5.437 2.504 
1704869103.403 5.525 2.500 
1704869103.503 5.613 2.497 
1704869103.604 5.703 2.495 
1704869103.703 5.791 2.493 
1704869103.802 5.880 2.491 
1704869103.903 5.972 2.489 
1704869104.006 6.064 2.488 
1704869104.108 6.154 2.487 
1704869104.203 6.239 2.487 
1704869104.304 6.332 2.487 
1704869104.405 6.423 2.486 
1704869104.504 6.512 2.484 
1704869104.604 6.603 2.483 
1704869104.705 6.689 2.484 
1704869104.805 6.774 2.484 
1704869104.905 6.861 2.484 
1704869105.005 6.947 2.483 
1704869105.108 7.034 2.479 
1704869105.207 7.124 2.475 
1704869105.307 7.198 2.480 
1704869105.406 7.272 2.482 
1704869105.506 7.351 2.472 
1704869105.607 7.446 2.456 
1704869105.707 7.568 2.418 
1704869105.806 7.684 2.381 
1704869105.906 7.760 2.353 
1704869106.005 7.820 2.340 
1704869106.106 7.902 2.317 
1704869106.207 8.000 2.287 
1704869106.306 8.093 2.265 
1704869106.406 8.152 2.237 
1704869106.508 8.194 2.212 
1704869106.608 8.249 2.164 
1704869106.707 8.345 2.039 
1704869106.809 8.441 1.933 
1704869106.909 8.496 1.859 
1704869107.008 8.538 1.809 
1704869107.109 8.583 1.749 
1704869107.208 8.634 1.704 
1704869107.308 8.688 1.695 
1704869107.407 8.741 1.651 
1704869107.508 8.756 1.511 
1704869107.608 8.781 1.379 
1704869107.708 8.781 1.305 
1704869107.809 8.769 1.281 
1704869107.908 8.767 1.231 
1704869108.009 8.760 1.132 
1704869108.109 8.745 1.012 
1704869108.210 8.737 0.900 
1704869108.517 8.731 0.855 
1704869108.613 8.730 0.838 
1704869108.714 8.716 0.747 
1704869108.810 8.701 0.630 
1704869108.922 8.692 0.520 
1704869109.015 8.678 0.397 
1704869109.112 8.673 0.285 
1704869109.211 8.654 0.178 
1704869109.312 8.628 0.076 
1704869109.411 8.575 -0.046 
1704869109.511 8.496 -0.185 
1704869109.610 8.423 -0.313 
1704869109.711 8.324 -0.446 
1704869109.812 8.240 -0.566 
1704869109.912 8.176 -0.653 
1704869110.012 8.104 -0.745 
1704869110.113 8.025 -0.802 
1704869110.212 7.944 -0.820 
1704869110.312 7.852 -0.830 
1704869110.412 7.751 -0.837 
1704869110.512 7.662 -0.836 
1704869110.612 7.585 -0.838 
1704869110.712 7.498 -0.844 
1704869110.812 7.390 -0.860 
1704869110.912 7.290 -0.870 
1704869111.012 7.198 -0.879 
1704869111.113 7.100 -0.888 
1704869111.215 7.033 -0.900 
1704869111.313 6.976 -0.903 
1704869111.413 6.893 -0.916 
1704869111.513 6.811 -0.929 
1704869111.613 6.740 -0.937 
1704869111.713 6.666 -0.944 
1704869111.813 6.589 -0.953 
1704869111.914 6.510 -0.966 
1704869112.014 6.433 -0.978 
1704869112.114 6.357 -0.987 
1704869112.215 6.283 -0.995 
1704869112.314 6.173 -0.997 
1704869112.414 6.053 -1.007 
1704869112.515 5.965 -1.016 
1704869112.615 5.866 -1.021 
1704869112.715 5.765 -1.020 
1704869112.815 5.664 -1.014 
1704869112.915 5.564 -1.010 
1704869113.016 5.465 -1.015 
1704869113.116 5.390 -1.017 
1704869113.216 5.335 -1.007 
1704869113.315 5.251 -0.991 
1704869113.416 5.172 -0.981 
1704869113.516 5.095 -0.969 
1704869113.617 5.015 -0.949 
1704869113.717 4.935 -0.933 
1704869113.817 4.855 -0.913 
1704869113.918 4.771 -0.888 
1704869114.018 4.691 -0.869 
1704869114.118 4.608 -0.848 
1704869114.219 4.516 -0.810 
1704869114.318 4.431 -0.775 
1704869114.418 4.350 -0.742 
1704869114.518 4.270 -0.711 
1704869114.620 4.187 -0.678 
1704869114.720 4.096 -0.633 
1704869114.820 4.007 -0.593 
1704869114.920 3.924 -0.556 
1704869115.021 3.845 -0.524 
1704869115.121 3.765 -0.490 
1704869115.221 3.684 -0.453 
1704869115.321 3.598 -0.415 
1704869115.421 3.520 -0.377 
1704869115.521 3.445 -0.341 
1704869115.622 3.373 -0.305 
1704869115.722 3.300 -0.269 
1704869115.822 3.226 -0.233 
1704869115.922 3.143 -0.197 
1704869116.022 3.064 -0.159 
1704869116.123 2.989 -0.122 
1704869116.222 2.923 -0.097 
1704869116.323 2.851 -0.069 
1704869116.423 2.768 -0.039 
1704869116.523 2.683 -0.009 
1704869116.624 2.611 0.024 
1704869116.723 2.538 0.051 
1704869116.825 2.450 0.081 
1704869116.926 2.367 0.111 
1704869117.027 2.283 0.140 
1704869117.127 2.193 0.170 
1704869117.227 2.105 0.201 
1704869117.326 2.019 0.231 
1704869117.427 1.938 0.258 
1704869117.527 1.857 0.293 
1704869117.628 1.774 0.333 
1704869117.727 1.688 0.372 
1704869117.828 1.609 0.408 
1704869117.928 1.536 0.443 
1704869118.028 1.470 0.476 
1704869118.128 1.399 0.514 
1704869118.229 1.327 0.557 
1704869118.328 1.256 0.595 
1704869118.429 1.182 0.634 
1704869118.528 1.111 0.674 
1704869118.629 1.042 0.712 
1704869118.729 0.983 0.734 
1704869118.829 0.921 0.772 
1704869118.928 0.834 0.839 
1704869119.029 0.725 0.911 
1704869119.131 0.635 0.975 
1704869119.237 0.558 1.035 
1704869119.332 0.476 1.100 
1704869119.430 0.396 1.168 
1704869119.530 0.321 1.237 
1704869119.630 0.257 1.301 
1704869119.731 0.195 1.367 
1704869119.830 0.135 1.435 
1704869119.931 0.074 1.495 
1704869120.031 0.024 1.562 
1704869120.131 0.006 1.653 
1704869120.231 -0.004 1.759 
1704869120.331 -0.018 1.865 
1704869120.431 -0.034 1.960 
1704869120.532 -0.040 2.063 
1704869120.631 -0.040 2.164 
1704869120.732 -0.029 2.270 
1704869120.832 -0.013 2.372 
1704869120.932 -0.003 2.473 
1704869121.033 0.007 2.568 
1704869121.133 0.028 2.660 
1704869121.233 0.054 2.748 
1704869121.333 0.079 2.828 
1704869121.434 0.103 2.914 
1704869121.534 0.177 3.022 
1704869124.441 -0.011 3.245 
1704869124.442 -0.011 3.245 
1704869124.542 -0.025 3.264 
1704869124.643 -0.081 3.289 
1704869124.742 -0.164 3.340 
1704869124.843 -0.262 3.445 
1704869124.943 -0.355 3.536 
1704869125.043 -0.450 3.613 
1704869125.144 -0.511 3.635 
1704869125.243 -0.566 3.660 
1704869125.347 -0.618 3.712 
1704869125.445 -0.661 3.780 
1704869125.544 -0.711 3.850 
1704869125.644 -0.755 3.913 
1704869125.744 -0.788 3.969 
1704869125.844 -0.814 4.028 
1704869125.944 -0.851 4.096 
1704869126.044 -0.890 4.165 
1704869126.145 -0.920 4.233 
1704869126.245 -0.942 4.305 
1704869126.345 -0.945 4.382 
1704869126.445 -0.942 4.460 
1704869126.545 -0.938 4.538 
1704869126.645 -0.942 4.616 
1704869126.744 -0.951 4.688 
1704869126.845 -0.959 4.771 
1704869126.945 -0.952 4.845 
1704869127.046 -0.941 4.917 
1704869127.146 -0.937 4.986 
1704869127.246 -0.926 5.059 
1704869127.347 -0.912 5.134 
1704869127.446 -0.896 5.208 
1704869127.546 -0.883 5.310 
1704869127.647 -0.864 5.422 
1704869127.747 -0.847 5.514 
1704869127.846 -0.836 5.583 
1704869127.947 -0.812 5.652 
1704869128.047 -0.778 5.721 
1704869128.148 -0.750 5.778 
1704869128.247 -0.723 5.836 
1704869128.347 -0.674 5.907 
1704869128.447 -0.633 5.989 
1704869128.547 -0.595 6.050 
1704869132.557 -0.299 6.475 
1704869132.657 -0.329 6.389 
1704869132.757 -0.381 6.279 
1704869132.859 -0.437 6.147 
1704869132.959 -0.474 6.037 
1704869133.058 -0.510 5.942 
1704869133.158 -0.543 5.830 
1704869133.259 -0.571 5.712 
1704869133.359 -0.599 5.598 
1704869133.460 -0.635 5.486 
1704869133.559 -0.675 5.377 
1704869133.661 -0.714 5.264 
1704869133.761 -0.751 5.151 
1704869133.860 -0.788 5.040 
1704869133.960 -0.831 4.926 
1704869134.060 -0.875 4.815 
1704869134.160 -0.911 4.722 
1704869134.260 -0.938 4.647 
1704869134.360 -0.962 4.574 
1704869134.460 -0.995 4.489 
1704869134.560 -1.036 4.401 
1704869134.664 -1.073 4.318 
1704869134.762 -1.111 4.236 
1704869134.861 -1.146 4.151 
1704869134.961 -1.182 4.064 
1704869135.061 -1.217 3.978 
1704869135.161 -1.253 3.896 
1704869135.261 -1.290 3.812 
1704869135.362 -1.327 3.726 
1704869135.462 -1.362 3.641 
1704869135.561 -1.395 3.558 
1704869135.663 -1.432 3.472 
1704869135.762 -1.462 3.385 
1704869135.862 -1.489 3.298 
1704869135.962 -1.515 3.213 
1704869136.062 -1.543 3.128 
1704869136.162 -1.574 3.043 
1704869136.263 -1.603 2.958 
1704869136.362 -1.626 2.871 
1704869136.463 -1.648 2.785 
1704869136.564 -1.672 2.702 
1704869136.662 -1.694 2.617 
1704869136.763 -1.717 2.534 
1704869136.863 -1.739 2.450 
1704869136.964 -1.758 2.365 
1704869137.064 -1.778 2.282 
1704869137.163 -1.795 2.202 
1704869137.263 -1.808 2.117 
1704869137.363 -1.826 2.036 
1704869137.463 -1.839 1.958 
1704869137.564 -1.850 1.878 
1704869137.664 -1.861 1.796 
1704869137.764 -1.876 1.713 
1704869137.864 -1.887 1.631 
1704869137.966 -1.888 1.553 
1704869138.064 -1.899 1.484 
1704869138.164 -1.901 1.406 
1704869138.266 -1.903 1.331 
1704869138.365 -1.906 1.257 
1704869138.467 -1.903 1.154 
1704869138.567 -1.884 1.029 
1704869138.668 -1.877 0.925 
1704869138.768 -1.872 0.845 
1704869138.868 -1.858 0.764 
1704869138.967 -1.844 0.678 
1704869139.068 -1.818 0.587 
1704869139.168 -1.787 0.503 
1704869139.268 -1.761 0.428 
1704869139.368 -1.735 0.352 
1704869139.468 -1.705 0.271 
1704869139.569 -1.676 0.192 
1704869139.669 -1.646 0.123 
1704869139.769 -1.611 0.055 
1704869139.869 -1.577 -0.008 
1704869139.969 -1.535 -0.070 
1704869140.069 -1.460 -0.135 
1704869140.169 -1.394 -0.192 
1704869140.270 -1.357 -0.237 
1704869140.370 -1.318 -0.282 
1704869140.470 -1.256 -0.333 
1704869140.570 -1.195 -0.391 
1704869140.670 -1.112 -0.447 
1704869140.771 -1.038 -0.497 
1704869140.869 -0.982 -0.536 
1704869140.971 -0.920 -0.564 
1704869141.071 -0.855 -0.591 
1704869141.170 -0.786 -0.613 
1704869141.271 -0.681 -0.628 
1704869141.372 -0.586 -0.647 
1704869141.471 -0.515 -0.661 
1704869141.571 -0.446 -0.679 
1704869141.671 -0.366 -0.709 
1704869141.771 -0.267 -0.734 
1704869141.871 -0.183 -0.754 
1704869141.971 -0.101 -0.761 
1704869142.071 -0.020 -0.772 
1704869142.172 0.074 -0.776 
1704869142.272 0.172 -0.772 
1704869142.372 0.264 -0.770 
1704869142.472 0.349 -0.775 
1704869142.575 0.444 -0.777 
1704869142.675 0.545 -0.771 
1704869142.775 0.621 -0.766 
1704869147.582 0.530 -0.832 
1704869147.583 0.530 -0.832 
1704869147.683 0.476 -0.823 
1704869147.782 0.363 -0.801 
1704869147.883 0.242 -0.778 
1704869147.983 0.123 -0.769 
1704869148.084 0.006 -0.759 
1704869148.184 -0.112 -0.744 
1704869148.283 -0.231 -0.730 
1704869148.384 -0.353 -0.714 
1704869148.484 -0.472 -0.701 
1704869148.584 -0.591 -0.683 
1704869148.685 -0.695 -0.669 
1704869148.785 -0.777 -0.656 
1704869148.885 -0.855 -0.644 
1704869148.985 -0.927 -0.639 
1704869149.085 -0.998 -0.628 
1704869149.185 -1.072 -0.613 
1704869149.285 -1.145 -0.594 
1704869149.385 -1.218 -0.578 
1704869149.485 -1.296 -0.564 
1704869149.586 -1.372 -0.548 
1704869149.685 -1.450 -0.530 
1704869149.786 -1.522 -0.516 
1704869149.886 -1.590 -0.501 
1704869149.986 -1.661 -0.478 
1704869150.086 -1.728 -0.454 
1704869150.186 -1.795 -0.430 
1704869150.286 -1.875 -0.409 
1704869150.387 -1.984 -0.360 
1704869150.486 -2.080 -0.316 
1704869150.586 -2.152 -0.286 
1704869150.687 -2.232 -0.254 
1704869150.786 -2.332 -0.207 
1704869150.887 -2.446 -0.153 
1704869150.987 -2.547 -0.097 
1704869151.087 -2.609 -0.076 
1704869151.187 -2.680 -0.052 
1704869151.287 -2.767 0.008 
1704869151.388 -2.849 0.062 
1704869151.488 -2.930 0.114 
1704869151.588 -3.011 0.163 
1704869151.689 -3.086 0.219 
1704869151.788 -3.160 0.260 
1704869151.888 -3.226 0.307 
1704869151.988 -3.288 0.370 
1704869152.089 -3.352 0.428 
1704869152.189 -3.420 0.487 
1704869152.289 -3.477 0.549 
1704869152.389 -3.534 0.615 
1704869152.489 -3.591 0.677 
1704869152.589 -3.644 0.740 
1704869152.689 -3.686 0.807 
1704869152.790 -3.730 0.874 
1704869152.889 -3.771 0.947 
1704869152.989 -3.806 1.023 
1704869153.090 -3.836 1.100 
1704869153.190 -3.863 1.179 
1704869153.290 -3.884 1.261 
1704869153.391 -3.898 1.347 
1704869153.491 -3.908 1.432 
1704869153.590 -3.903 1.514 
1704869153.691 -3.888 1.588 
1704869153.790 -3.875 1.667 
1704869153.890 -3.817 1.792 
1704869153.991 -3.767 1.909 
1704869154.091 -3.766 1.963 
1704869154.191 -3.756 2.015 
1704869154.290 -3.712 2.090 
1704869154.392 -3.655 2.204 
1704869154.491 -3.602 2.314 
1704869154.592 -3.553 2.392 
1704869154.693 -3.498 2.463 
1704869154.792 -3.450 2.539 
1704869154.891 -3.403 2.632 
1704869154.991 -3.356 2.720 
1704869155.093 -3.311 2.801 
1704869155.194 -3.266 2.879 
1704869155.294 -3.214 2.963 
1704869155.394 -3.159 3.050 
1704869155.494 -3.110 3.130 
1704869155.594 -3.064 3.206 
1704869155.694 -3.016 3.283 
1704869155.794 -2.968 3.358 
1704869155.894 -2.912 3.433 
1704869155.994 -2.858 3.505 
1704869156.094 -2.808 3.568 
1704869156.196 -2.757 3.629 
1704869156.298 -2.704 3.706 
1704869156.395 -2.654 3.768 
1704869156.495 -2.624 3.825 
1704869156.596 -2.579 3.881 
1704869157.002 -2.501 3.924 
1704869157.003 -2.501 3.924 
1704869157.099 -2.477 3.964 
1704869157.198 -2.415 4.073 
1704869157.300 -2.352 4.181 
1704869157.400 -2.286 4.276 
1704869157.500 -2.206 4.342 
1704869157.600 -2.115 4.425 
1704869157.700 -2.029 4.513 
1704869157.801 -1.942 4.597 
1704869157.900 -1.855 4.681 
1704869158.001 -1.770 4.764 
1704869158.101 -1.685 4.849 
1704869158.202 -1.600 4.935 
1704869158.301 -1.515 5.019 
1704869158.402 -1.429 5.105 
1704869158.501 -1.342 5.192 
1704869158.601 -1.259 5.280 
1704869158.701 -1.178 5.366 
1704869158.802 -1.096 5.452 
1704869158.901 -1.011 5.540 
1704869159.002 -0.927 5.628 
1704869159.101 -0.847 5.712 
1704869159.203 -0.764 5.791 
1704869159.303 -0.686 5.868 
1704869159.403 -0.614 5.944 
1704869159.503 -0.546 6.020 
1704869159.604 -0.470 6.096 
1704869159.705 -0.395 6.172 
1704869159.805 -0.315 6.242 
1704869159.907 -0.227 6.307 
1704869160.005 -0.150 6.371 
1704869160.107 -0.084 6.430 
1704869160.206 -0.012 6.487 
1704869160.306 0.065 6.545 
1704869160.406 0.151 6.592 
1704869160.505 0.237 6.633 
1704869160.606 0.307 6.666 
1704869160.707 0.368 6.698 
1704869160.805 0.440 6.725 
1704869160.906 0.527 6.753 
1704869161.006 0.644 6.787 
1704869161.106 0.733 6.805 
1704869161.206 0.804 6.814 
1704869161.307 0.858 6.805 
1704869161.407 0.916 6.812 
1704869161.507 0.984 6.913 
1704869161.607 1.034 7.011 
1704869161.707 1.097 7.042 
1704869161.807 1.142 7.070 
1704869161.924 1.099 7.153 
1704869162.014 1.065 7.261 
1704869162.110 1.023 7.354 
1704869162.211 0.989 7.421 
1704869162.308 0.978 7.470 
1704869162.408 0.961 7.571 
1704869162.508 0.938 7.688 
1704869162.608 0.912 7.802 
1704869162.708 0.895 7.901 
1704869162.808 0.881 7.986 
1704869162.908 0.851 8.080 
1704869163.008 0.825 8.135 
1704869163.110 0.846 8.118 
1704869163.209 0.868 8.098 
1704869163.309 0.807 8.132 
1704869163.409 0.689 8.180 
1704869163.509 0.661 8.195 
1704869163.609 0.678 8.226 
1704869163.710 0.639 8.274 
1704869163.810 0.533 8.281 
1704869163.910 0.401 8.246 
1704869164.010 0.288 8.195 
1704869164.110 0.211 8.184 
1704869164.211 0.152 8.173 
1704869164.311 0.065 8.159 
1704869164.411 -0.024 8.136 
1704869164.512 -0.098 8.116 
1704869164.611 -0.180 8.098 
1704869164.711 -0.258 8.081 
1704869164.812 -0.343 8.072 
1704869164.911 -0.420 8.074 
1704869165.011 -0.485 8.080 
1704869165.112 -0.563 8.089 
1704869165.213 -0.663 8.094 
1704869165.313 -0.763 8.093 
1704869165.413 -0.848 8.087 
1704869165.515 -0.907 8.087 
1704869165.613 -0.949 8.084 
1704869165.713 -0.994 8.087 
1704869165.814 -1.096 8.129 
1704869165.914 -1.223 8.174 
1704869166.014 -1.322 8.216 
1704869166.115 -1.434 8.234 
1704869166.215 -1.567 8.219 
1704869166.315 -1.672 8.183 
1704869166.415 -1.766 8.135 
1704869166.515 -1.874 8.084 
1704869166.615 -1.962 8.057 
1704869166.719 -2.037 8.014 
1704869166.816 -2.104 7.964 
1704869166.916 -2.160 7.917 
1704869167.016 -2.190 7.884 
1704869167.115 -2.247 7.842 
1704869167.216 -2.335 7.773 
1704869167.316 -2.392 7.744 
1704869167.417 -2.453 7.704 
1704869167.517 -2.541 7.655 
1704869167.616 -2.629 7.605 
1704869167.718 -2.712 7.554 
1704869167.818 -2.782 7.522 
1704869167.918 -2.853 7.483 
1704869168.018 -2.937 7.426 
1704869168.117 -3.014 7.370 
1704869168.217 -3.089 7.314 
1704869168.318 -3.157 7.267 
1704869168.418 -3.225 7.206 
1704869168.518 -3.293 7.154 
1704869168.617 -3.361 7.074 
1704869168.719 -3.434 6.996 
1704869168.821 -3.496 6.926 
1704869168.921 -3.544 6.854 
1704869169.021 -3.592 6.759 
1704869169.121 -3.642 6.671 
1704869169.221 -3.692 6.593 
1704869169.322 -3.741 6.518 
1704869169.423 -3.781 6.435 
1704869169.523 -3.814 6.351 
1704869169.622 -3.847 6.273 
1704869169.723 -3.884 6.206 
1704869169.822 -3.908 6.166 
1704869169.923 -3.931 6.121 
1704869170.022 -3.963 6.073 
1704869170.122 -4.003 6.021 
1704869170.222 -4.083 5.947 
1704869170.322 -4.215 5.857 
1704869170.423 -4.290 5.783 
1704869170.523 -4.325 5.721 
1704869170.622 -4.323 5.670 
1704869170.722 -4.308 5.614 
1704869170.822 -4.331 5.572 
1704869170.923 -4.414 5.563 
1704869171.023 -4.550 5.586 
1704869171.124 -4.728 5.601 
1704869171.223 -4.887 5.617 
1704869171.324 -5.014 5.629 
1704869172.529 -5.197 5.730 
1704869172.630 -5.187 5.753 
1704869172.730 -5.190 5.760 
1704869172.830 -5.233 5.679 
1704869172.930 -5.296 5.546 
1704869173.030 -5.382 5.432 
1704869173.131 -5.467 5.309 
1704869173.230 -5.536 5.192 
1704869173.330 -5.572 5.085 
1704869173.431 -5.572 4.974 
1704869173.532 -5.568 4.876 
1704869173.631 -5.559 4.811 
1704869173.731 -5.537 4.782 
1704869173.831 -5.542 4.738 
1704869173.931 -5.565 4.636 
1704869174.031 -5.589 4.532 
1704869174.131 -5.603 4.452 
1704869174.232 -5.628 4.371 
1704869174.332 -5.658 4.283 
1704869174.432 -5.684 4.199 
1704869174.532 -5.708 4.116 
1704869174.632 -5.716 4.032 
1704869174.733 -5.729 3.946 
1704869174.833 -5.747 3.851 
1704869174.932 -5.753 3.755 
1704869175.033 -5.764 3.670 
1704869175.134 -5.775 3.593 
1704869175.234 -5.775 3.513 
1704869175.334 -5.773 3.427 
1704869175.434 -5.766 3.347 
1704869175.534 -5.760 3.270 
1704869175.634 -5.748 3.153 
1704869175.734 -5.740 3.050 
1704869175.835 -5.734 2.951 
1704869175.934 -5.724 2.852 
1704869176.035 -5.720 2.752 
1704869176.135 -5.719 2.661 
1704869176.235 -5.726 2.581 
1704869176.335 -5.733 2.521 
1704869176.436 -5.741 2.461 
1704869176.535 -5.756 2.395 
1704869176.634 -5.776 2.338 
1704869176.735 -5.799 2.293 
1704869176.835 -5.826 2.253 
1704869176.935 -5.853 2.195 
1704869177.036 -5.875 2.138 
1704869177.135 -5.891 2.082 
1704869177.236 -5.905 2.023 
1704869177.336 -5.943 1.953 
1704869177.437 -5.979 1.890 
1704869177.537 -6.014 1.826 
1704869177.637 -6.045 1.761 
1704869177.737 -6.092 1.688 
1704869177.836 -6.135 1.616 
1704869177.937 -6.183 1.540 
1704869178.037 -6.234 1.464 
1704869178.137 -6.286 1.386 
1704869178.238 -6.337 1.307 
1704869178.338 -6.382 1.225 
1704869178.438 -6.424 1.143 
1704869178.537 -6.474 1.060 
1704869178.638 -6.544 0.968 
1704869178.738 -6.600 0.879 
1704869178.838 -6.628 0.795 
1704869178.938 -6.640 0.705 
1704869179.039 -6.646 0.605 
1704869179.138 -6.645 0.511 
1704869179.239 -6.639 0.415 
1704869179.339 -6.610 0.295 
1704869179.439 -6.594 0.167 
1704869179.539 -6.585 0.045 
1704869179.639 -6.554 -0.073 
1704869179.739 -6.530 -0.158 
1704869179.840 -6.511 -0.210 
1704869179.940 -6.495 -0.270 
1704869180.040 -6.482 -0.346 
1704869180.142 -6.464 -0.434 
1704869180.241 -6.441 -0.500 
1704869180.341 -6.429 -0.573 
1704869180.440 -6.422 -0.645 
1704869180.541 -6.418 -0.722 
1704869180.641 -6.416 -0.799 
1704869180.741 -6.414 -0.874 
1704869180.841 -6.412 -0.953 
1704869180.942 -6.410 -1.030 
1704869181.042 -6.408 -1.104 
1704869181.141 -6.408 -1.180 
1704869181.242 -6.407 -1.261 
1704869181.341 -6.411 -1.335 
1704869181.442 -6.389 -1.446 
1704869181.542 -6.372 -1.569 
1704869181.642 -6.352 -1.659 
1704869181.742 -6.334 -1.757 
1704869181.842 -6.319 -1.858 
1704869181.942 -6.309 -1.952 
1704869182.043 -6.284 -2.041 
1704869182.146 -6.272 -2.108 
1704869182.245 -6.263 -2.170 
1704869182.343 -6.239 -2.250 
1704869182.443 -6.210 -2.336 
1704869182.543 -6.183 -2.419 
1704869182.643 -6.157 -2.483 
1704869182.743 -6.131 -2.554 
1704869182.843 -6.103 -2.630 
1704869182.944 -6.076 -2.708 
1704869183.044 -6.048 -2.784 
1704869183.144 -6.019 -2.860 
1704869183.244 -5.988 -2.938 
1704869183.344 -5.952 -3.013 
1704869183.444 -5.915 -3.087 
1704869183.544 -5.877 -3.163 
1704869183.645 -5.841 -3.240 
1704869183.745 -5.805 -3.314 
1704869183.844 -5.770 -3.388 
1704869183.945 -5.738 -3.465 
1704869184.045 -5.704 -3.541 
1704869184.145 -5.664 -3.613 
1704869184.245 -5.606 -3.682 
1704869184.345 -5.546 -3.744 
1704869184.446 -5.487 -3.802 
1704869184.546 -5.437 -3.864 
1704869184.646 -5.398 -3.928 
1704869184.753 -5.356 -3.988 
1704869184.854 -5.302 -4.035 
1704869184.953 -5.236 -4.086 
1704869185.053 -5.145 -4.135 
1704869185.153 -5.052 -4.176 
1704869185.254 -5.000 -4.216 
1704869185.353 -4.952 -4.255 
1704869185.454 -4.884 -4.274 
1704869185.554 -4.773 -4.235 
1704869185.654 -4.658 -4.205 
1704869185.754 -4.542 -4.168 
1704869185.854 -4.427 -4.108 
1704869185.954 -4.329 -4.031 
1704869186.054 -4.248 -3.921 
1704869186.154 -4.206 -3.845 
1704869186.255 -4.196 -3.814 
1704869186.357 -4.183 -3.739 
1704869186.455 -4.152 -3.636 
1704869186.555 -4.138 -3.543 
1704869186.655 -4.120 -3.475 
1704869186.755 -4.137 -3.449 
1704869186.856 -4.236 -3.451 
1704869186.956 -4.341 -3.454 
1704869187.056 -4.407 -3.473 
1704869187.155 -4.420 -3.475 
1704869187.256 -4.360 -3.466 
1704869187.356 -4.219 -3.494 
1704869187.456 -4.090 -3.523 
1704869187.556 -3.990 -3.523 
1704869187.656 -3.920 -3.516 
1704869187.756 -3.878 -3.513 
1704869187.857 -3.834 -3.546 
1704869187.957 -3.760 -3.605 
1704869188.056 -3.645 -3.679 
1704869188.157 -3.525 -3.747 
1704869188.257 -3.452 -3.795 
1704869188.357 -3.385 -3.846 
1704869188.460 -3.305 -3.899 
1704869188.560 -3.225 -3.950 
1704869188.660 -3.153 -4.005 
1704869188.761 -3.106 -4.060 
1704869188.860 -3.054 -4.114 
1704869188.960 -3.007 -4.171 
1704869189.061 -2.949 -4.243 
1704869189.161 -2.857 -4.320 
1704869189.261 -2.767 -4.384 
1704869189.361 -2.693 -4.431 
1704869191.465 -2.547 -4.362 
1704869191.565 -2.537 -4.368 
1704869192.869 -2.364 -4.414 
1704869192.969 -2.361 -4.376 
1704869193.069 -2.360 -4.291 
1704869193.170 -2.388 -4.160 
1704869193.270 -2.383 -4.045 
1704869193.370 -2.410 -3.922 
1704869193.470 -2.475 -3.824 
1704869193.571 -2.550 -3.756 
1704869193.671 -2.624 -3.710 
1704869193.770 -2.697 -3.652 
1704869193.870 -2.749 -3.554 
1704869193.971 -2.786 -3.466 
1704869194.073 -2.802 -3.378 
1704869194.174 -2.804 -3.299 
1704869194.274 -2.768 -3.238 
1704869194.373 -2.694 -3.187 
1704869194.475 -2.582 -3.138 
1704869194.575 -2.478 -3.115 
1704869194.674 -2.382 -3.084 
1704869194.773 -2.287 -3.056 
1704869194.874 -2.196 -3.032 
1704869194.983 -2.120 -2.999 
1704869195.078 -2.039 -2.974 
1704869195.176 -1.930 -2.981 
1704869195.275 -1.814 -3.014 
1704869195.375 -1.694 -3.041 
1704869195.480 -1.574 -3.053 
1704869195.575 -1.488 -3.035 
1704869195.675 -1.422 -3.035 
1704869195.776 -1.378 -3.048 
1704869195.875 -1.341 -3.079 
1704869195.976 -1.228 -3.117 
1704869196.076 -1.129 -3.147 
1704869196.176 -1.028 -3.180 
1704869196.276 -0.928 -3.216 
1704869196.376 -0.828 -3.239 
1704869196.476 -0.707 -3.213 
1704869196.576 -0.588 -3.145 
1704869196.677 -0.547 -3.098 
1704869196.777 -0.509 -3.057 
1704869196.877 -0.420 -3.045 
1704869196.977 -0.311 -3.024 
1704869197.077 -0.242 -3.008 
1704869197.177 -0.189 -2.994 
1704869197.277 -0.132 -2.974 
1704869197.377 -0.054 -2.966 
1704869197.477 0.015 -2.960 
1704869197.577 0.075 -2.956 
1704869197.678 0.165 -2.946 
1704869197.778 0.274 -2.940 
1704869197.878 0.338 -2.918 
1704869197.977 0.449 -2.924 
1704869198.078 0.563 -2.946 
1704869198.178 0.643 -2.939 
1704869198.279 0.726 -2.958 
1704869198.379 0.820 -2.976 
1704869198.479 0.915 -3.000 
1704869198.580 1.005 -3.025 
1704869198.679 1.104 -3.045 
1704869198.779 1.182 -3.065 
1704869198.879 1.232 -3.081 
1704869198.980 1.272 -3.100 
1704869199.078 1.333 -3.132 
1704869200.186 1.504 -3.211 
1704869200.186 1.504 -3.211 
1704869200.287 1.530 -3.214 
1704869200.386 1.610 -3.211 
1704869200.486 1.711 -3.211 
1704869200.587 1.826 -3.203 
1704869200.687 1.927 -3.177 
1704869200.787 2.039 -3.139 
1704869200.892 2.158 -3.101 
1704869200.987 2.270 -3.068 
1704869201.088 2.394 -3.037 
1704869201.188 2.502 -3.013 
1704869201.288 2.578 -2.988 
1704869201.387 2.666 -2.969 
1704869201.487 2.763 -2.949 
1704869201.588 2.857 -2.928 
1704869201.688 2.950 -2.907 
1704869201.787 3.001 -2.879 
1704869201.887 3.050 -2.855 
1704869201.987 3.126 -2.852 
1704869202.088 3.238 -2.841 
1704869202.188 3.349 -2.843 
1704869202.289 3.439 -2.837 
1704869202.388 3.493 -2.819 
1704869202.488 3.550 -2.820 
1704869202.589 3.624 -2.830 
1704869202.689 3.743 -2.824 
1704869202.790 3.859 -2.829 
1704869202.890 3.935 -2.823 
1704869202.989 4.006 -2.810 
1704869203.089 4.071 -2.827 
1704869203.190 4.144 -2.844 
1704869203.290 4.231 -2.853 
1704869203.390 4.324 -2.866 
1704869203.490 4.409 -2.881 
1704869203.590 4.478 -2.910 
1704869203.690 4.544 -2.938 
1704869203.790 4.622 -2.963 
1704869203.891 4.703 -2.979 
1704869203.991 4.778 -2.994 
1704869204.091 4.852 -3.022 
1704869204.191 4.929 -3.059 
1704869204.292 5.006 -3.094 
1704869204.391 5.084 -3.129 
1704869204.491 5.167 -3.165 
1704869204.592 5.251 -3.200 
1704869204.692 5.337 -3.238 
1704869204.792 5.426 -3.277 
1704869204.891 5.516 -3.317 
1704869204.992 5.585 -3.354 
1704869205.092 5.647 -3.382 
1704869205.192 5.715 -3.409 
1704869205.293 5.778 -3.434 
1704869205.393 5.848 -3.467 
1704869205.493 5.923 -3.502 
1704869205.593 5.998 -3.533 
1704869205.693 6.072 -3.564 
1704869205.793 6.146 -3.595 
1704869205.893 6.220 -3.625 
1704869205.993 6.295 -3.656 
1704869206.094 6.367 -3.684 
1704869206.193 6.436 -3.712 
1704869206.293 6.507 -3.745 
1704869206.393 6.574 -3.779 
1704869206.493 6.641 -3.815 
1704869206.594 6.707 -3.851 
1704869206.694 6.766 -3.879 
1704869206.794 6.823 -3.907 
1704869206.894 6.884 -3.949 
1704869206.994 6.949 -4.002 
1704869207.094 7.011 -4.053 
1704869207.194 7.098 -4.105 
1704869207.295 7.181 -4.156 
1704869207.395 7.256 -4.205 
1704869207.495 7.326 -4.269 
1704869207.596 7.395 -4.335 
1704869207.696 7.453 -4.388 
1704869207.797 7.507 -4.441 
1704869207.896 7.561 -4.489 
1704869207.996 7.609 -4.522 
1704869208.096 7.664 -4.566 
1704869208.196 7.697 -4.621 
1704869208.296 7.694 -4.674 
1704869208.396 7.678 -4.711 
1704869208.497 7.637 -4.737 
1704869209.600 7.465 -4.777 
1704869209.700 7.492 -4.748 
1704869209.800 7.591 -4.678 
1704869209.900 7.642 -4.612 
1704869210.000 7.615 -4.571 
1704869210.101 7.591 -4.564 
1704869210.201 7.568 -4.593 
1704869210.301 7.486 -4.593 
1704869210.401 7.393 -4.603 
1704869210.502 7.300 -4.616 
1704869210.601 7.220 -4.598 
1704869210.702 7.140 -4.540 
1704869210.801 7.035 -4.476 
1704869210.901 6.954 -4.424 
1704869211.001 6.893 -4.389 
1704869211.103 6.839 -4.370 
1704869211.202 6.809 -4.356 
1704869211.302 6.770 -4.358 
1704869211.402 6.715 -4.374 
1704869211.503 6.654 -4.409 
1704869211.603 6.597 -4.433 
1704869211.703 6.539 -4.450 
1704869211.803 6.480 -4.474 
1704869211.903 6.435 -4.521 
1704869212.003 6.388 -4.577 
1704869212.103 6.337 -4.638 
1704869212.203 6.280 -4.685 
1704869212.304 6.215 -4.735 
1704869212.404 6.151 -4.794 
1704869212.504 6.084 -4.862 
1704869212.605 6.019 -4.930 
1704869212.705 5.972 -4.975 
1704869212.805 5.939 -5.027 
1704869212.904 5.905 -5.089 
1704869213.004 5.874 -5.161 
1704869213.106 5.839 -5.231 
1704869213.205 5.802 -5.301 
1704869213.305 5.763 -5.363 
1704869213.407 5.729 -5.429 
1704869213.506 5.697 -5.497 
1704869213.606 5.669 -5.566 
1704869213.706 5.636 -5.635 
1704869213.806 5.606 -5.706 
1704869213.906 5.580 -5.810 
1704869214.007 5.543 -5.907 
1704869214.107 5.511 -5.996 
1704869214.206 5.489 -6.080 
1704869214.308 5.467 -6.168 
1704869214.407 5.444 -6.254 
1704869214.507 5.423 -6.340 
1704869214.607 5.405 -6.423 
1704869214.713 5.381 -6.510 
1704869214.808 5.366 -6.586 
1704869214.908 5.347 -6.671 
1704869215.011 5.319 -6.749 
1704869215.108 5.287 -6.816 
1704869215.208 5.250 -6.883 
1704869215.308 5.213 -6.964 
1704869215.408 5.186 -7.044 
1704869215.508 5.158 -7.108 
1704869215.609 5.124 -7.157 
1704869215.709 5.067 -7.210 
1704869215.810 4.966 -7.264 
1704869215.909 4.889 -7.302 
1704869216.009 4.826 -7.333 
1704869216.109 4.748 -7.339 
1704869216.211 4.665 -7.322 
1704869216.309 4.583 -7.303 
1704869216.410 4.517 -7.292 
1704869216.510 4.449 -7.270 
1704869216.610 4.375 -7.249 
1704869216.710 4.302 -7.231 
1704869216.810 4.216 -7.207 
1704869216.911 4.129 -7.184 
1704869217.011 4.043 -7.161 
1704869217.110 3.950 -7.139 
1704869217.211 3.853 -7.115 
1704869217.311 3.757 -7.089 
1704869217.411 3.685 -7.080 
1704869217.511 3.622 -7.066 
1704869217.612 3.559 -7.046 
1704869217.711 3.491 -7.019 
1704869217.811 3.403 -6.993 
1704869217.915 3.324 -6.969 
1704869218.012 3.256 -6.947 
1704869218.111 3.182 -6.920 
1704869218.212 3.104 -6.893 
1704869218.312 3.021 -6.864 
1704869218.412 2.941 -6.840 
1704869218.512 2.862 -6.816 
1704869218.612 2.782 -6.792 
1704869218.712 2.703 -6.769 
1704869218.812 2.627 -6.747 
1704869218.911 2.548 -6.721 
1704869219.012 2.464 -6.692 
1704869219.112 2.386 -6.666 
1704869219.212 2.309 -6.640 
1704869219.313 2.225 -6.609 
1704869219.413 2.142 -6.584 
1704869219.513 2.057 -6.557 
1704869219.612 1.975 -6.535 
1704869219.714 1.891 -6.514 
1704869219.813 1.809 -6.492 
1704869219.913 1.729 -6.472 
1704869220.013 1.648 -6.455 
1704869220.114 1.566 -6.438 
1704869220.214 1.485 -6.423 
1704869220.314 1.410 -6.404 
1704869220.414 1.334 -6.386 
1704869220.514 1.243 -6.380 
1704869220.614 1.158 -6.374 
1704869220.714 1.084 -6.365 
1704869220.814 1.009 -6.356 
1704869220.923 0.936 -6.348 
1704869221.019 0.861 -6.338 
1704869221.116 0.778 -6.338 
1704869221.215 0.696 -6.343 
1704869221.315 0.619 -6.347 
1704869221.415 0.556 -6.341 
1704869221.515 0.481 -6.343 
1704869221.615 0.368 -6.361 
1704869221.716 0.244 -6.389 
1704869221.816 0.131 -6.408 
1704869221.917 0.041 -6.429 
1704869222.016 -0.047 -6.445 
1704869222.116 -0.148 -6.475 
1704869222.218 -0.247 -6.499 
1704869222.318 -0.349 -6.521 
1704869222.420 -0.438 -6.548 
1704869222.520 -0.526 -6.580 
1704869222.621 -0.618 -6.607 
1704869222.720 -0.712 -6.637 
1704869222.820 -0.796 -6.672 
1704869222.920 -0.884 -6.709 
1704869223.020 -0.976 -6.744 
1704869223.121 -1.064 -6.781 
1704869223.220 -1.154 -6.819 
1704869223.321 -1.244 -6.858 
1704869223.421 -1.330 -6.895 
1704869223.521 -1.417 -6.928 
1704869223.622 -1.503 -6.961 
1704869223.722 -1.590 -6.992 
1704869223.820 -1.676 -7.025 
1704869223.921 -1.762 -7.058 
1704869224.023 -1.848 -7.089 
1704869224.122 -1.933 -7.114 
1704869224.222 -2.019 -7.138 
1704869224.322 -2.106 -7.162 
1704869224.422 -2.193 -7.188 
1704869224.522 -2.280 -7.213 
1704869224.623 -2.364 -7.233 
1704869224.723 -2.451 -7.250 
1704869224.822 -2.538 -7.269 
1704869224.924 -2.625 -7.287 
1704869225.023 -2.712 -7.307 
1704869225.123 -2.800 -7.322 
1704869225.223 -2.887 -7.337 
1704869225.323 -2.972 -7.352 
1704869225.423 -3.060 -7.366 
1704869225.523 -3.153 -7.368 
1704869225.625 -3.244 -7.377 
1704869225.725 -3.333 -7.386 
1704869225.825 -3.418 -7.394 
1704869225.925 -3.505 -7.404 
1704869226.026 -3.611 -7.414 
1704869226.125 -3.708 -7.421 
1704869230.735 -3.432 -7.309 
1704869230.735 -3.432 -7.309 
1704869230.835 -3.430 -7.306 
1704869230.935 -3.414 -7.309 
1704869231.036 -3.354 -7.335 
1704869231.137 -3.250 -7.370 
1704869231.236 -3.140 -7.404 
1704869231.336 -3.050 -7.421 
1704869231.436 -2.961 -7.438 
1704869231.537 -2.904 -7.462 
1704869231.637 -2.861 -7.502 
1704869231.736 -2.772 -7.521 
1704869231.837 -2.652 -7.546 
1704869231.939 -2.537 -7.561 
1704869232.037 -2.453 -7.579 
1704869232.137 -2.414 -7.616 
1704869232.237 -2.366 -7.645 
1704869232.338 -2.289 -7.660 
1704869232.438 -2.208 -7.671 
1704869232.538 -2.148 -7.685 
1704869232.638 -2.092 -7.689 
1704869232.738 -2.031 -7.690 
1704869232.839 -1.957 -7.691 
1704869232.939 -1.902 -7.696 
1704869238.747 -1.670 -7.035 
1704869238.847 -1.712 -7.034 
1704869238.948 -1.833 -7.074 
1704869239.049 -1.957 -7.119 
1704869239.148 -2.072 -7.166 
1704869239.247 -2.183 -7.198 
1704869239.347 -2.292 -7.243 
1704869239.448 -2.401 -7.289 
1704869239.548 -2.506 -7.326 
1704869239.648 -2.613 -7.368 
1704869239.748 -2.721 -7.410 
1704869239.848 -2.830 -7.451 
1704869239.949 -2.940 -7.497 
1704869240.049 -3.049 -7.543 
1704869240.149 -3.155 -7.584 
1704869240.249 -3.262 -7.623 
1704869240.349 -3.370 -7.664 
1704869240.449 -3.478 -7.710 
1704869240.550 -3.584 -7.756 
1704869240.649 -3.664 -7.789 
1704869240.750 -3.722 -7.806 
1704869240.850 -3.777 -7.818 
1704869240.952 -3.846 -7.826 
1704869241.053 -3.926 -7.844 
1704869241.153 -4.012 -7.862 
1704869241.253 -4.090 -7.884 
1704869241.353 -4.164 -7.902 
1704869241.453 -4.237 -7.924 
1704869241.553 -4.310 -7.944 
1704869241.654 -4.383 -7.965 
1704869241.753 -4.454 -7.988 
1704869241.854 -4.523 -8.011 
1704869241.954 -4.598 -8.028 
1704869242.053 -4.668 -8.040 
1704869242.154 -4.739 -8.052 
1704869242.253 -4.833 -8.063 
1704869242.353 -4.935 -8.085 
1704869242.453 -5.026 -8.106 
1704869242.554 -5.118 -8.121 
1704869242.654 -5.205 -8.132 
1704869242.755 -5.274 -8.139 
1704869242.854 -5.331 -8.147 
1704869242.954 -5.394 -8.152 
1704869243.054 -5.467 -8.155 
1704869243.154 -5.529 -8.170 
1704869243.254 -5.593 -8.173 
1704869243.355 -5.658 -8.165 
1704869243.455 -5.712 -8.158 
1704869243.555 -5.754 -8.160 
1704869243.655 -5.791 -8.160 
1704869243.755 -5.849 -8.131 
1704869243.856 -5.940 -8.066 
1704869243.956 -6.022 -8.013 
1704869244.056 -6.051 -7.988 
1704869244.156 -6.061 -7.977 
1704869244.256 -6.050 -7.969 
1704869244.356 -6.033 -7.959 
1704869244.457 -6.044 -7.888 
1704869244.560 -6.063 -7.806 
1704869244.655 -6.087 -7.780 
1704869244.757 -6.098 -7.745 
1704869244.857 -6.119 -7.680 
1704869244.956 -6.147 -7.609 
1704869245.057 -6.175 -7.543 
1704869245.157 -6.194 -7.487 
1704869245.257 -6.200 -7.430 
1704869245.358 -6.209 -7.382 
1704869245.457 -6.218 -7.326 
1704869245.557 -6.230 -7.264 
1704869245.657 -6.237 -7.201 
1704869245.757 -6.236 -7.133 
1704869245.859 -6.235 -7.063 
1704869245.958 -6.233 -6.993 
1704869246.058 -6.233 -6.920 
1704869246.158 -6.233 -6.845 
1704869246.258 -6.232 -6.769 
1704869246.357 -6.232 -6.692 
1704869246.459 -6.230 -6.612 
1704869246.557 -6.231 -6.531 
1704869246.659 -6.227 -6.447 
1704869246.759 -6.225 -6.368 
1704869246.859 -6.226 -6.285 
1704869246.964 -6.227 -6.201 
1704869247.061 -6.229 -6.116 
1704869247.160 -6.234 -6.028 
1704869247.259 -6.248 -5.934 
1704869247.359 -6.251 -5.847 
1704869247.459 -6.256 -5.763 
1704869247.560 -6.272 -5.675 
1704869247.660 -6.291 -5.584 
1704869247.760 -6.318 -5.488 
1704869247.860 -6.349 -5.396 
1704869247.960 -6.382 -5.305 
1704869248.061 -6.399 -5.229 
1704869248.160 -6.432 -5.148 
1704869248.260 -6.477 -5.062 
1704869248.361 -6.518 -4.979 
1704869248.461 -6.559 -4.896 
1704869248.561 -6.598 -4.816 
1704869248.661 -6.641 -4.738 
1704869248.762 -6.686 -4.658 
1704869248.861 -6.730 -4.580 
1704869248.961 -6.773 -4.500 
1704869249.061 -6.817 -4.420 
1704869249.162 -6.860 -4.341 
1704869249.263 -6.900 -4.263 
1704869249.362 -6.939 -4.185 
1704869249.462 -6.977 -4.106 
1704869249.563 -7.014 -4.027 
1704869249.663 -7.050 -3.948 
1704869249.763 -7.086 -3.875 
1704869249.862 -7.124 -3.801 
1704869249.963 -7.160 -3.725 
1704869250.063 -7.192 -3.650 
1704869250.163 -7.220 -3.574 
1704869250.263 -7.245 -3.496 
1704869250.363 -7.271 -3.421 
1704869250.463 -7.299 -3.348 
1704869250.564 -7.326 -3.274 
1704869250.664 -7.348 -3.197 
1704869250.764 -7.372 -3.116 
1704869250.864 -7.396 -3.038 
1704869250.964 -7.415 -2.964 
1704869251.064 -7.433 -2.887 
1704869255.273 -7.297 -2.863 
1704869255.273 -7.297 -2.863 
1704869255.374 -7.314 -2.892 
1704869255.474 -7.349 -2.993 
1704869255.574 -7.381 -3.103 
1704869255.674 -7.403 -3.210 
1704869255.775 -7.421 -3.320 
1704869255.874 -7.445 -3.432 
1704869255.974 -7.468 -3.544 
1704869256.075 -7.495 -3.659 
1704869256.175 -7.520 -3.772 
1704869256.275 -7.543 -3.887 
1704869256.375 -7.568 -4.001 
1704869256.475 -7.593 -4.116 
1704869256.575 -7.619 -4.229 
1704869256.676 -7.643 -4.346 
1704869256.775 -7.667 -4.461 
1704869256.876 -7.691 -4.576 
1704869256.976 -7.717 -4.691 
1704869257.076 -7.743 -4.805 
1704869257.175 -7.767 -4.923 
1704869257.276 -7.792 -5.042 
1704869257.376 -7.818 -5.162 
1704869257.476 -7.847 -5.283 
1704869257.577 -7.873 -5.404 
1704869257.678 -7.897 -5.522 
1704869257.778 -7.921 -5.641 
1704869257.877 -7.948 -5.759 
1704869257.978 -7.973 -5.879 
1704869258.078 -7.999 -5.999 
1704869258.179 -8.024 -6.118 
1704869258.278 -8.049 -6.236 
1704869258.377 -8.075 -6.352 
1704869258.478 -8.102 -6.453 
1704869258.578 -8.123 -6.534 
1704869258.679 -8.140 -6.591 
1704869258.778 -8.153 -6.675 
1704869258.879 -8.172 -6.779 
1704869258.979 -8.197 -6.888 
1704869259.079 -8.222 -6.983 
1704869259.179 -8.242 -7.058 
1704869259.280 -8.261 -7.129 
1704869259.380 -8.276 -7.205 
1704869259.479 -8.295 -7.279 
1704869259.579 -8.311 -7.349 
1704869259.680 -8.322 -7.415 
1704869259.780 -8.334 -7.480 
1704869259.881 -8.345 -7.566 
1704869259.980 -8.362 -7.647 
1704869260.080 -8.366 -7.705 
1704869260.181 -8.381 -7.779 
1704869260.281 -8.393 -7.841 
1704869260.381 -8.404 -7.903 
1704869265.202 -8.872 -7.797 
1704869265.203 -8.872 -7.797 
1704869265.304 -8.886 -7.785 
1704869265.404 -8.885 -7.709 
1704869265.504 -8.865 -7.580 
1704869265.604 -8.858 -7.454 
1704869265.704 -8.857 -7.339 
1704869265.805 -8.854 -7.219 
1704869265.905 -8.850 -7.117 
1704869266.004 -8.849 -7.035 
1704869266.105 -8.847 -6.970 
1704869266.206 -8.847 -6.901 
1704869266.306 -8.843 -6.826 
1704869266.406 -8.839 -6.752 
1704869266.506 -8.842 -6.670 
1704869266.606 -8.841 -6.589 
1704869266.707 -8.841 -6.516 
1704869266.807 -8.839 -6.443 
1704869266.907 -8.836 -6.368 
1704869267.007 -8.833 -6.293 
1704869267.110 -8.831 -6.214 
1704869267.207 -8.828 -6.142 
1704869267.307 -8.825 -6.065 
1704869267.408 -8.822 -5.989 
1704869267.507 -8.823 -5.888 
1704869267.607 -8.817 -5.780 
1704869267.707 -8.814 -5.665 
1704869267.808 -8.804 -5.554 
1704869267.908 -8.793 -5.457 
1704869268.008 -8.785 -5.368 
1704869268.108 -8.780 -5.271 
1704869268.209 -8.771 -5.169 
1704869268.308 -8.767 -5.072 
1704869268.408 -8.759 -4.973 
1704869268.508 -8.748 -4.873 
1704869268.609 -8.734 -4.780 
1704869268.710 -8.728 -4.686 
1704869268.809 -8.728 -4.595 
1704869268.909 -8.721 -4.489 
1704869269.014 -8.711 -4.384 
1704869269.114 -8.699 -4.288 
1704869269.214 -8.694 -4.193 
1704869269.315 -8.693 -4.099 
1704869269.415 -8.688 -4.022 
1704869269.515 -8.680 -3.953 
1704869269.616 -8.677 -3.887 
1704869269.715 -8.673 -3.819 
1704869269.815 -8.671 -3.742 
1704869269.915 -8.670 -3.664 
1704869270.015 -8.669 -3.586 
1704869270.115 -8.666 -3.509 
1704869270.216 -8.663 -3.433 
1704869270.316 -8.659 -3.357 
1704869270.416 -8.657 -3.280 
1704869270.516 -8.654 -3.204 
1704869270.616 -8.652 -3.126 
1704869270.716 -8.649 -3.046 
1704869270.816 -8.644 -2.964 
1704869270.916 -8.636 -2.885 
1704869271.017 -8.628 -2.809 
1704869271.116 -8.623 -2.734 
1704869271.217 -8.620 -2.655 
1704869271.316 -8.616 -2.577 
1704869271.417 -8.611 -2.499 
1704869271.517 -8.605 -2.421 
1704869271.617 -8.599 -2.344 
1704869271.717 -8.591 -2.266 
1704869271.818 -8.585 -2.189 
1704869271.917 -8.578 -2.112 
1704869272.018 -8.572 -2.035 
1704869272.118 -8.566 -1.959 
1704869272.217 -8.561 -1.884 
1704869272.318 -8.552 -1.810 
1704869272.417 -8.546 -1.734 
1704869272.518 -8.535 -1.656 
1704869272.618 -8.514 -1.547 
1704869272.718 -8.497 -1.433 
1704869272.819 -8.479 -1.328 
1704869272.918 -8.467 -1.240 
1704869273.019 -8.434 -1.148 
1704869273.118 -8.405 -1.057 
1704869273.219 -8.379 -0.968 
1704869273.319 -8.359 -0.891 
1704869273.419 -8.318 -0.812 
1704869273.519 -8.261 -0.718 
1704869273.619 -8.212 -0.630 
1704869273.719 -8.184 -0.569 
1704869273.819 -8.154 -0.514 
1704869273.922 -8.115 -0.456 
1704869274.022 -8.024 -0.375 
1704869274.123 -7.928 -0.301 
1704869274.222 -7.877 -0.265 
1704869274.323 -7.831 -0.243 
1704869274.423 -7.781 -0.204 
1704869274.522 -7.687 -0.147 
1704869274.622 -7.575 -0.079 
1704869274.723 -7.503 -0.046 
1704869274.823 -7.446 -0.022 
1704869274.923 -7.378 0.035 
1704869275.023 -7.308 0.105 
1704869275.123 -7.261 0.169 
1704869275.224 -7.192 0.222 
1704869275.324 -7.089 0.273 
1704869279.832 -6.547 0.771 
1704869279.832 -6.547 0.771 
1704869279.934 -6.645 0.724 
1704869280.033 -6.739 0.672 
1704869280.133 -6.841 0.641 
1704869280.234 -6.985 0.644 
1704869280.333 -7.113 0.651 
1704869280.432 -7.221 0.663 
1704869280.533 -7.333 0.682 
1704869280.634 -7.457 0.714 
1704869280.734 -7.552 0.708 
1704869280.834 -7.612 0.681 
1704869283.543 -7.508 0.519 
1704869283.544 -7.507 0.519 
1704869283.645 -7.421 0.500 
1704869283.745 -7.327 0.509 
1704869283.845 -7.231 0.538 
1704869283.944 -7.144 0.577 
1704869284.045 -7.047 0.639 
1704869284.144 -6.939 0.719 
1704869284.244 -6.834 0.795 
1704869284.345 -6.743 0.853 
1704869284.445 -6.655 0.922 
1704869284.545 -6.564 1.007 
1704869284.645 -6.476 1.093 
1704869284.745 -6.384 1.177 
1704869284.845 -6.291 1.253 
1704869284.945 -6.202 1.326 
1704869285.045 -6.129 1.411 
1704869285.146 -6.062 1.506 
1704869285.246 -6.002 1.615 
1704869285.346 -5.953 1.723 
1704869285.447 -5.906 1.833 
1704869285.547 -5.867 1.938 
1704869285.646 -5.823 2.049 
1704869285.747 -5.775 2.160 
1704869285.846 -5.740 2.268 
1704869285.946 -5.725 2.382 
1704869286.046 -5.720 2.506 
1704869286.147 -5.720 2.625 
1704869286.247 -5.721 2.743 
1704869286.347 -5.721 2.864 
1704869286.448 -5.732 2.982 
1704869286.548 -5.735 3.070 
1704869286.647 -5.734 3.137 
1704869286.747 -5.751 3.210 
1704869286.848 -5.779 3.288 
1704869286.948 -5.808 3.361 
1704869287.048 -5.838 3.434 
1704869287.148 -5.861 3.506 
1704869287.249 -5.881 3.574 
1704869287.349 -5.919 3.650 
1704869287.449 -5.980 3.739 
1704869287.551 -6.032 3.830 
1704869287.651 -6.064 3.902 
1704869287.749 -6.098 3.972 
1704869287.849 -6.141 4.052 
1704869287.949 -6.197 4.141 
1704869288.049 -6.249 4.228 
1704869288.151 -6.300 4.315 
1704869288.250 -6.349 4.404 
1704869288.350 -6.402 4.493 
1704869288.450 -6.458 4.579 
1704869288.550 -6.513 4.667 
1704869288.650 -6.569 4.754 
1704869288.750 -6.625 4.839 
1704869288.851 -6.682 4.924 
1704869288.950 -6.738 5.010 
1704869289.051 -6.796 5.095 
1704869289.151 -6.854 5.178 
1704869289.251 -6.910 5.260 
1704869289.351 -6.965 5.343 
1704869289.450 -7.022 5.427 
1704869289.551 -7.078 5.508 
1704869289.651 -7.129 5.588 
1704869289.752 -7.177 5.668 
1704869289.851 -7.224 5.746 
1704869289.951 -7.269 5.824 
1704869290.052 -7.313 5.901 
1704869290.162 -7.358 5.985 
1704869290.252 -7.395 6.045 
1704869290.352 -7.434 6.115 
1704869290.452 -7.474 6.181 
1704869290.553 -7.509 6.260 
1704869290.653 -7.542 6.376 
1704869290.752 -7.575 6.494 
1704869290.853 -7.598 6.580 
1704869290.953 -7.615 6.645 
1704869291.053 -7.642 6.714 
1704869291.153 -7.651 6.826 
1704869291.254 -7.651 6.935 
1704869291.354 -7.655 6.985 
1704869291.454 -7.651 7.024 
1704869291.554 -7.641 7.091 
1704869291.654 -7.612 7.215 
1704869291.754 -7.643 7.285 
1704869291.854 -7.654 7.347 
1704869291.954 -7.637 7.418 
1704869292.055 -7.577 7.491 
1704869292.155 -7.516 7.537 
1704869292.254 -7.460 7.561 
1704869292.355 -7.377 7.594 
1704869292.455 -7.285 7.630 
1704869292.555 -7.203 7.660 
1704869292.655 -7.139 7.690 
1704869292.756 -7.107 7.721 
1704869292.856 -7.062 7.756 
1704869292.956 -6.988 7.787 
1704869293.056 -6.909 7.808 
1704869293.156 -6.837 7.831 
1704869293.256 -6.755 7.852 
1704869293.356 -6.670 7.873 
1704869293.456 -6.588 7.898 
1704869293.557 -6.500 7.919 
1704869293.657 -6.411 7.939 
1704869293.757 -6.317 7.960 
1704869293.858 -6.222 7.982 
1704869293.958 -6.148 8.006 
1704869294.060 -6.085 8.027 
1704869294.161 -6.020 8.040 
1704869294.260 -5.951 8.050 
1704869294.361 -5.868 8.067 
1704869294.461 -5.787 8.084 
1704869294.561 -5.711 8.099 
1704869294.661 -5.631 8.118 
1704869294.761 -5.551 8.139 
1704869294.861 -5.473 8.161 
1704869294.962 -5.387 8.179 
1704869295.062 -5.291 8.201 
1704869299.571 -5.611 7.864 
1704869299.572 -5.611 7.864 
1704869299.672 -5.663 7.843 
1704869299.772 -5.765 7.787 
1704869299.873 -5.875 7.715 
1704869299.972 -5.980 7.655 
1704869300.073 -6.073 7.598 
1704869300.173 -6.170 7.528 
1704869300.274 -6.269 7.455 
1704869300.374 -6.369 7.384 
1704869300.474 -6.450 7.337 
1704869300.574 -6.524 7.293 
1704869300.674 -6.605 7.239 
1704869300.774 -6.688 7.174 
1704869300.873 -6.761 7.121 
1704869300.974 -6.830 7.066 
1704869301.074 -6.899 7.012 
1704869301.174 -6.964 6.961 
1704869301.275 -7.029 6.904 
1704869301.375 -7.090 6.847 
1704869301.475 -7.149 6.791 
1704869301.575 -7.205 6.735 
1704869301.675 -7.258 6.682 
1704869301.775 -7.307 6.637 
1704869301.875 -7.367 6.578 
1704869301.977 -7.438 6.478 
1704869302.075 -7.501 6.366 
1704869302.175 -7.547 6.294 
1704869302.277 -7.581 6.232 
1704869302.376 -7.611 6.199 
1704869302.476 -7.623 6.112 
1704869302.577 -7.629 6.027 
1704869302.677 -7.652 5.974 
1704869302.777 -7.673 5.937 
1704869302.877 -7.689 5.904 
1704869302.977 -7.651 5.803 
1704869303.077 -7.613 5.718 
1704869303.176 -7.628 5.678 
1704869303.276 -7.622 5.635 
1704869303.377 -7.572 5.563 
1704869303.477 -7.517 5.482 
1704869303.577 -7.469 5.412 
1704869303.677 -7.418 5.353 
1704869308.186 -6.993 4.963 
1704869308.186 -6.993 4.963 
1704869308.287 -6.934 4.995 
1704869308.387 -6.837 5.094 
1704869308.487 -6.744 5.191 
1704869308.587 -6.665 5.276 
1704869308.687 -6.577 5.341 
1704869308.787 -6.493 5.402 
1704869308.889 -6.422 5.458 
1704869308.987 -6.358 5.510 
1704869309.088 -6.292 5.562 
1704869309.188 -6.223 5.609 
1704869309.289 -6.154 5.654 
1704869309.388 -6.088 5.699 
1704869309.488 -6.023 5.749 
1704869309.589 -5.953 5.800 
1704869309.688 -5.885 5.846 
1704869309.788 -5.814 5.890 
1704869309.889 -5.743 5.930 
1704869309.992 -5.675 5.970 
1704869310.089 -5.612 6.006 
1704869310.190 -5.539 6.043 
1704869310.290 -5.468 6.082 
1704869310.389 -5.396 6.114 
1704869310.490 -5.324 6.145 
1704869310.590 -5.257 6.176 
1704869310.691 -5.192 6.205 
1704869310.790 -5.115 6.229 
1704869310.890 -5.035 6.257 
1704869310.990 -4.964 6.286 
1704869311.091 -4.894 6.313 
1704869311.191 -4.831 6.338 
1704869311.291 -4.765 6.362 
1704869311.391 -4.690 6.390 
1704869311.491 -4.613 6.420 
1704869311.593 -4.549 6.444 
1704869311.692 -4.484 6.465 
1704869311.791 -4.418 6.482 
1704869311.893 -4.352 6.496 
1704869311.992 -4.268 6.508 
1704869312.092 -4.187 6.519 
1704869312.193 -4.113 6.533 
1704869312.295 -4.043 6.545 
1704869312.395 -3.969 6.557 
1704869312.495 -3.895 6.567 
1704869312.596 -3.822 6.576 
1704869312.696 -3.713 6.589 
1704869312.796 -3.599 6.604 
1704869312.896 -3.498 6.617 
1704869312.996 -3.417 6.636 
1704869313.096 -3.323 6.647 
1704869313.196 -3.222 6.656 
1704869313.296 -3.141 6.660 
1704869313.396 -3.091 6.658 
1704869313.497 -3.028 6.658 
1704869313.596 -2.956 6.660 
1704869313.696 -2.876 6.664 
1704869313.797 -2.802 6.666 
1704869313.897 -2.726 6.667 
1704869313.997 -2.649 6.667 
1704869314.097 -2.572 6.667 
1704869314.197 -2.495 6.666 
1704869314.297 -2.419 6.666 
1704869314.397 -2.343 6.667 
1704869314.498 -2.265 6.668 
1704869314.598 -2.189 6.669 
1704869314.697 -2.112 6.668 
1704869314.798 -2.034 6.666 
1704869314.898 -1.956 6.664 
1704869314.998 -1.875 6.661 
1704869315.099 -1.798 6.658 
1704869315.198 -1.718 6.656 
1704869315.298 -1.634 6.653 
1704869315.399 -1.553 6.650 
1704869315.498 -1.470 6.648 
1704869315.598 -1.389 6.646 
1704869315.698 -1.307 6.645 
1704869315.798 -1.227 6.643 
1704869315.899 -1.148 6.641 
1704869315.999 -1.070 6.640 
1704869316.099 -0.990 6.639 
1704869316.200 -0.912 6.637 
1704869316.299 -0.837 6.637 
1704869316.399 -0.758 6.638 
1704869316.500 -0.682 6.639 
1704869316.599 -0.605 6.639 
1704869316.700 -0.528 6.639 
1704869316.800 -0.453 6.641 
1704869316.900 -0.379 6.642 
1704869317.001 -0.302 6.645 
1704869317.100 -0.226 6.648 
1704869317.200 -0.150 6.652 
1704869317.300 -0.075 6.654 
1704869317.400 0.002 6.657 
1704869317.500 0.079 6.662 
1704869317.601 0.145 6.663 
1704869317.701 0.215 6.665 
1704869317.803 0.293 6.668 
1704869317.901 0.370 6.673 
1704869318.001 0.448 6.678 
1704869318.102 0.551 6.680 
1704869318.202 0.671 6.692 
1704869318.301 0.778 6.702 
1704869318.403 0.879 6.706 
1704869318.502 0.973 6.710 
1704869318.602 1.069 6.714 
1704869318.703 1.167 6.720 
1704869318.803 1.260 6.728 
1704869318.903 1.350 6.734 
1704869319.003 1.435 6.740 
1704869319.103 1.522 6.744 
1704869319.203 1.606 6.748 
1704869319.304 1.681 6.762 
1704869319.404 1.755 6.788 
1704869319.503 1.835 6.825 
1704869319.604 1.910 6.854 
1704869319.703 1.978 6.880 
1704869319.804 2.045 6.909 
1704869319.904 2.111 6.937 
1704869320.004 2.178 6.965 
1704869320.104 2.242 6.985 
1704869320.205 2.308 7.007 
1704869320.305 2.368 7.032 
1704869320.406 2.448 7.078 
1704869320.505 2.513 7.112 
1704869320.605 2.574 7.147 
1704869320.705 2.631 7.192 
1704869320.806 2.690 7.257 
1704869320.906 2.738 7.321 
1704869321.005 2.774 7.369 
1704869322.108 2.947 7.299 
1704869322.207 2.915 7.357 
1704869322.308 2.851 7.480 
1704869322.409 2.834 7.593 
1704869322.508 2.806 7.713 
1704869322.608 2.736 7.824 
1704869322.709 2.649 7.917 
1704869322.809 2.533 7.972 
1704869322.909 2.407 7.989 
1704869323.009 2.282 7.994 
1704869323.110 2.157 7.976 
1704869323.217 2.047 7.960 
1704869323.310 1.953 7.949 
1704869323.410 1.843 7.926 
1704869323.509 1.734 7.886 
1704869323.609 1.625 7.839 
1704869323.710 1.558 7.802 
1704869323.811 1.495 7.773 
1704869323.911 1.406 7.732 
1704869324.010 1.313 7.695 
1704869324.110 1.225 7.660 
1704869324.212 1.134 7.617 
1704869324.516 0.969 7.571 
1704869324.615 0.946 7.518 
1704869324.715 0.893 7.410 
1704869324.815 0.802 7.309 
1704869324.924 0.703 7.225 
1704869325.021 0.611 7.166 
1704869325.119 0.522 7.105 
1704869325.219 0.438 7.027 
1704869325.319 0.356 6.954 
1704869325.418 0.270 6.868 
1704869325.519 0.185 6.782 
1704869325.618 0.105 6.696 
1704869325.718 0.029 6.611 
1704869325.818 -0.053 6.522 
1704869325.918 -0.134 6.434 
1704869326.018 -0.209 6.346 
1704869326.121 -0.279 6.255 
1704869326.221 -0.348 6.156 
1704869326.321 -0.424 6.060 
1704869326.421 -0.495 5.970 
1704869326.521 -0.558 5.882 
1704869326.622 -0.613 5.787 
1704869326.722 -0.650 5.675 
1704869326.821 -0.679 5.568 
1704869326.921 -0.717 5.483 
1704869327.022 -0.754 5.390 
1704869327.122 -0.776 5.293 
1704869327.223 -0.792 5.198 
1704869327.322 -0.810 5.114 
1704869327.423 -0.821 5.015 
1704869327.522 -0.845 4.920 
1704869327.624 -0.863 4.826 
1704869327.723 -0.876 4.740 
1704869327.824 -0.887 4.653 
1704869327.923 -0.886 4.567 
1704869328.024 -0.869 4.478 
1704869328.123 -0.849 4.393 
1704869328.224 -0.830 4.309 
1704869328.324 -0.819 4.225 
1704869328.424 -0.800 4.134 
1704869328.525 -0.755 4.033 
1704869328.625 -0.718 3.937 
1704869328.726 -0.687 3.848 
1704869328.826 -0.670 3.765 
1704869328.926 -0.645 3.679 
1704869329.027 -0.608 3.592 
1704869329.127 -0.567 3.514 
1704869329.230 -0.522 3.431 
1704869329.328 -0.456 3.357 
1704869329.427 -0.378 3.291 
1704869329.528 -0.308 3.226 
1704869329.627 -0.259 3.163 
1704869329.728 -0.200 3.109 
1704869329.828 -0.129 3.060 
1704869329.927 -0.047 3.021 
1704869330.028 0.027 2.976 
1704869330.128 0.102 2.933 
1704869330.228 0.189 2.904 
1704869330.327 0.261 2.879 
1704869330.429 0.342 2.865 
1704869330.528 0.422 2.848 
1704869330.628 0.502 2.828 
1704869330.729 0.605 2.821 
1704869330.829 0.717 2.828 
1704869330.929 0.811 2.829 
1704869331.030 0.897 2.822 
1704869331.129 0.986 2.819 
1704869331.229 1.091 2.822 
1704869331.329 1.192 2.823 
1704869331.430 1.280 2.820 
1704869331.530 1.376 2.817 
1704869331.630 1.474 2.812 
1704869331.731 1.570 2.810 
1704869331.830 1.663 2.811 
1704869331.930 1.756 2.814 
1704869332.030 1.849 2.816 
1704869332.131 1.939 2.816 
1704869332.230 2.030 2.818 
1704869332.330 2.117 2.819 
1704869332.431 2.204 2.825 
1704869332.530 2.286 2.829 
1704869332.631 2.371 2.834 
1704869332.731 2.456 2.838 
1704869332.831 2.539 2.842 
1704869332.932 2.626 2.845 
1704869333.031 2.711 2.851 
1704869333.131 2.796 2.857 
1704869333.232 2.882 2.859 
1704869333.332 2.969 2.854 
1704869333.432 3.059 2.849 
1704869333.531 3.142 2.848 
1704869333.632 3.234 2.845 
1704869333.732 3.323 2.841 
1704869333.832 3.410 2.836 
1704869333.932 3.498 2.828 
1704869334.032 3.590 2.819 
1704869334.132 3.681 2.810 
1704869334.233 3.765 2.804 
1704869334.332 3.851 2.797 
1704869334.433 3.942 2.788 
1704869334.533 4.028 2.777 
1704869334.633 4.116 2.765 
1704869334.734 4.207 2.753 
1704869334.834 4.296 2.742 
1704869334.934 4.387 2.733 
1704869335.034 4.472 2.721 
1704869335.133 4.552 2.708 
1704869335.233 4.638 2.697 
1704869335.334 4.721 2.688 
1704869335.434 4.803 2.682 
1704869335.535 4.888 2.682 
1704869335.638 4.980 2.682 
1704869335.734 5.058 2.678 
1704869335.838 5.144 2.674 
1704869335.938 5.234 2.677 
1704869336.036 5.323 2.683 
1704869336.136 5.416 2.694 
1704869336.236 5.511 2.711 
1704869336.335 5.611 2.748 
1704869336.436 5.709 2.782 
1704869336.536 5.786 2.785 
1704869336.636 5.875 2.810 
1704869336.735 5.968 2.875 
1704869336.836 6.065 2.954 
1704869336.936 6.155 3.018 
1704869337.036 6.237 3.089 
1704869337.138 6.315 3.168 
1704869337.236 6.391 3.252 
1704869337.337 6.475 3.340 
1704869337.436 6.557 3.428 
1704869337.537 6.633 3.525 
1704869337.637 6.705 3.609 
1704869337.736 6.771 3.698 
1704869337.838 6.835 3.797 
1704869337.937 6.895 3.890 
1704869338.037 6.954 3.983 
1704869338.139 7.011 4.064 
1704869338.241 7.070 4.147 
1704869338.339 7.130 4.233 
1704869338.438 7.190 4.312 
1704869338.538 7.249 4.391 
1704869338.638 7.308 4.469 
1704869338.739 7.367 4.548 
1704869338.838 7.419 4.619 
1704869338.938 7.472 4.691 
1704869339.039 7.525 4.765 
1704869339.139 7.579 4.827 
1704869339.238 7.628 4.883 
1704869339.338 7.676 4.944 
1704869339.439 7.725 5.023 
1704869339.540 7.776 5.122 
1704869339.639 7.815 5.211 
1704869339.740 7.855 5.279 
1704869339.839 7.893 5.338 
1704869339.939 7.930 5.400 
1704869340.039 7.973 5.472 
1704869340.139 7.964 5.580 
1704869342.744 7.841 5.421 
1704869342.844 7.802 5.399 
1704869342.945 7.668 5.378 
1704869343.045 7.507 5.369 
1704869343.145 7.379 5.354 
1704869343.245 7.256 5.343 
1704869344.949 7.215 5.570 
1704869345.050 7.229 5.563 
1704869345.150 7.232 5.545 
1704869345.249 7.233 5.596 
1704869345.349 7.206 5.697 
1704869345.450 7.152 5.823 
1704869345.550 7.107 5.933 
1704869345.651 7.068 5.991 
1704869345.750 7.044 6.041 
1704869345.852 7.015 6.128 
1704869345.952 6.974 6.245 
1704869346.053 6.929 6.378 
1704869346.153 6.886 6.449 
1704869346.252 6.890 6.468 
1704869346.354 6.889 6.513 
1704869346.453 6.866 6.590 
1704869346.553 6.848 6.711 
1704869351.065 6.785 7.229 
1704869351.065 6.785 7.229 
1704869351.166 6.802 7.224 
1704869351.266 6.816 7.184 
1704869351.367 6.810 7.087 
1704869351.467 6.792 6.966 
1704869351.566 6.785 6.847 
1704869351.667 6.783 6.728 
1704869351.767 6.775 6.607 
1704869351.867 6.762 6.484 
1704869351.966 6.753 6.365 
1704869352.068 6.761 6.244 
1704869352.168 6.773 6.122 
1704869352.267 6.782 6.000 
1704869352.367 6.791 5.877 
1704869352.467 6.803 5.757 
1704869352.568 6.815 5.640 
1704869352.668 6.820 5.522 
1704869352.768 6.827 5.399 
1704869352.868 6.843 5.275 
1704869352.969 6.852 5.161 
1704869353.068 6.854 5.052 
1704869353.169 6.846 4.939 
1704869353.268 6.845 4.825 
1704869353.368 6.844 4.709 
1704869353.468 6.841 4.591 
1704869353.569 6.831 4.474 
1704869353.669 6.815 4.363 
1704869353.769 6.780 4.249 
1704869353.869 6.725 4.145 
1704869353.969 6.677 4.046 
1704869354.072 6.630 3.947 
1704869354.170 6.558 3.839 
1704869354.270 6.475 3.725 
1704869354.372 6.401 3.619 
1704869354.470 6.332 3.521 
1704869354.570 6.254 3.426 
1704869354.670 6.170 3.340 
1704869354.770 6.098 3.266 
1704869354.871 6.039 3.198 
1704869354.970 5.986 3.138 
1704869355.070 5.928 3.080 
1704869355.171 5.850 3.024 
1704869355.271 5.760 2.962 
1704869355.371 5.671 2.902 
1704869355.471 5.591 2.849 
1704869355.571 5.511 2.798 
1704869355.671 5.422 2.739 
1704869355.771 5.327 2.677 
1704869355.872 5.233 2.618 
1704869355.971 5.142 2.561 
1704869356.072 5.046 2.498 
1704869356.173 4.950 2.432 
1704869356.272 4.852 2.367 
1704869356.372 4.754 2.301 
1704869356.472 4.657 2.234 
1704869356.573 4.557 2.168 
1704869356.672 4.461 2.099 
1704869356.772 4.366 2.030 
1704869356.872 4.273 1.962 
1704869356.973 4.179 1.891 
1704869357.073 4.084 1.821 
1704869357.173 3.990 1.752 
1704869357.273 3.899 1.683 
1704869357.374 3.807 1.610 
1704869357.473 3.717 1.537 
1704869357.573 3.625 1.464 
1704869357.673 3.534 1.392 
1704869357.773 3.445 1.321 
1704869357.874 3.356 1.240 
1704869357.979 3.256 1.158 
1704869358.074 3.160 1.084 
1704869358.175 3.081 1.015 
1704869358.275 3.003 0.947 
1704869358.375 2.930 0.882 
1704869358.476 2.857 0.816 
1704869358.575 2.781 0.746 
1704869358.675 2.701 0.679 
1704869358.774 2.614 0.619 
1704869358.874 2.542 0.559 
1704869358.975 2.462 0.497 
1704869359.075 2.371 0.436 
1704869359.175 2.286 0.379 
1704869359.276 2.204 0.320 
1704869359.375 2.124 0.260 
1704869359.475 2.043 0.200 
1704869359.576 1.949 0.140 
1704869359.675 1.872 0.081 
1704869359.775 1.796 0.027 
1704869359.876 1.715 -0.024 
1704869359.976 1.637 -0.071 
1704869360.076 1.554 -0.113 
1704869360.176 1.467 -0.150 
1704869360.277 1.385 -0.192 
1704869360.377 1.318 -0.240 
1704869360.476 1.251 -0.268 
1704869360.576 1.176 -0.298 
1704869360.677 1.093 -0.333 
1704869360.777 1.013 -0.358 
1704869360.878 0.936 -0.379 
1704869360.978 0.823 -0.388 
1704869361.077 0.725 -0.403 
1704869361.177 0.647 -0.420 
1704869361.282 0.565 -0.442 
1704869361.380 0.456 -0.466 
1704869361.480 0.347 -0.494 
1704869361.580 0.269 -0.507 
1704869361.680 0.191 -0.524 
1704869361.780 0.111 -0.555 
1704869361.881 0.023 -0.593 
1704869361.981 -0.060 -0.633 
1704869362.084 -0.143 -0.671 
1704869362.181 -0.216 -0.702 
1704869362.281 -0.279 -0.738 
1704869362.381 -0.329 -0.774 
1704869362.481 -0.394 -0.788 
1704869362.581 -0.482 -0.786 
1704869362.682 -0.570 -0.782 
1704869362.782 -0.652 -0.775 
1704869362.882 -0.738 -0.776 
1704869362.982 -0.830 -0.781 
1704869363.083 -0.926 -0.785 
1704869363.183 -1.025 -0.788 
1704869363.283 -1.092 -0.792 
1704869363.382 -1.154 -0.792 
1704869363.483 -1.229 -0.792 
1704869363.583 -1.324 -0.782 
1704869363.683 -1.422 -0.766 
1704869363.784 -1.506 -0.763 
1704869363.884 -1.584 -0.759 
1704869363.984 -1.676 -0.753 
1704869364.083 -1.773 -0.734 
1704869364.184 -1.869 -0.697 
1704869364.283 -1.954 -0.663 
1704869364.383 -2.021 -0.625 
1704869364.484 -2.101 -0.569 
1704869364.583 -2.197 -0.512 
1704869364.684 -2.303 -0.457 
1704869364.784 -2.378 -0.405 
1704869364.884 -2.469 -0.354 
1704869364.984 -2.551 -0.297 
1704869365.084 -2.658 -0.246 
1704869365.184 -2.780 -0.208 
1704869365.285 -2.898 -0.187 
1704869365.385 -3.016 -0.177 
1704869365.485 -3.138 -0.180 
1704869365.584 -3.261 -0.199 
1704869365.685 -3.360 -0.227 
1704869365.784 -3.461 -0.257 
1704869365.885 -3.588 -0.298 
1704869365.987 -3.717 -0.328 
1704869366.088 -3.825 -0.354 
1704869366.189 -3.932 -0.396 
1704869366.288 -4.049 -0.454 
1704869366.389 -4.170 -0.518 
1704869366.488 -4.290 -0.581 
1704869366.589 -4.396 -0.628 
1704869366.692 -4.492 -0.668 
1704869366.789 -4.581 -0.742 
1704869366.889 -4.668 -0.828 
1704869366.989 -4.767 -0.916 
1704869367.090 -4.864 -1.012 
1704869367.189 -4.932 -1.108 
1704869367.292 -5.001 -1.145 
1704869367.390 -5.075 -1.212 
1704869367.491 -5.136 -1.321 
1704869367.592 -5.171 -1.449 
1704869367.691 -5.203 -1.567 
1704869367.790 -5.234 -1.694 
1704869367.891 -5.262 -1.807 
1704869367.991 -5.290 -1.888 
1704869368.095 -5.315 -1.986 
1704869368.192 -5.327 -2.089 
1704869368.292 -5.321 -2.192 
1704869368.391 -5.292 -2.296 
1704869368.492 -5.236 -2.401 
1704869368.592 -5.167 -2.490 
1704869368.692 -5.093 -2.582 
1704869368.793 -5.012 -2.667 
1704869368.892 -4.919 -2.749 
1704869368.992 -4.824 -2.830 
1704869369.093 -4.728 -2.911 
1704869369.193 -4.630 -2.988 
1704869369.293 -4.533 -3.063 
1704869369.393 -4.436 -3.132 
1704869369.493 -4.337 -3.198 
1704869369.594 -4.234 -3.264 
1704869369.694 -4.129 -3.331 
1704869369.794 -4.020 -3.396 
1704869369.894 -3.908 -3.459 
1704869369.994 -3.804 -3.521 
1704869370.094 -3.698 -3.582 
1704869370.196 -3.601 -3.641 
1704869370.294 -3.508 -3.697 
1704869370.394 -3.412 -3.755 
1704869370.494 -3.314 -3.815 
1704869370.595 -3.215 -3.876 
1704869370.695 -3.116 -3.937 
1704869370.794 -3.017 -3.999 
1704869370.894 -2.922 -4.066 
1704869370.994 -2.831 -4.135 
1704869371.095 -2.735 -4.202 
1704869371.195 -2.640 -4.268 
1704869371.296 -2.546 -4.337 
1704869371.396 -2.453 -4.408 
1704869371.495 -2.360 -4.478 
1704869371.595 -2.263 -4.549 
1704869371.696 -2.166 -4.620 
1704869371.796 -2.070 -4.692 
1704869371.896 -1.977 -4.765 
1704869371.999 -1.882 -4.837 
1704869372.099 -1.789 -4.907 
1704869372.200 -1.695 -4.975 
1704869372.299 -1.599 -5.049 
1704869372.400 -1.502 -5.124 
1704869372.500 -1.408 -5.199 
1704869372.600 -1.312 -5.271 
1704869372.700 -1.218 -5.340 
1704869372.800 -1.126 -5.408 
1704869372.900 -1.035 -5.472 
1704869373.000 -0.941 -5.535 
1704869373.100 -0.841 -5.604 
1704869373.200 -0.739 -5.676 
1704869373.300 -0.644 -5.747 
1704869373.400 -0.548 -5.818 
1704869373.501 -0.443 -5.878 
1704869373.601 -0.335 -5.932 
1704869373.701 -0.224 -5.985 
1704869373.800 -0.129 -6.029 
1704869373.901 -0.037 -6.065 
1704869374.001 0.059 -6.090 
1704869374.101 0.164 -6.109 
1704869374.201 0.259 -6.135 
1704869374.302 0.359 -6.161 
1704869374.402 0.456 -6.184 
1704869374.501 0.552 -6.204 
1704869374.602 0.653 -6.224 
1704869374.701 0.754 -6.233 
1704869374.802 0.856 -6.237 
1704869374.902 0.951 -6.242 
1704869375.002 1.049 -6.243 
1704869375.103 1.148 -6.241 
1704869375.202 1.242 -6.240 
1704869375.303 1.328 -6.246 
1704869375.403 1.412 -6.278 
1704869375.503 1.500 -6.320 
1704869375.603 1.582 -6.372 
1704869375.707 1.661 -6.428 
1704869375.804 1.739 -6.485 
1704869375.905 1.823 -6.547 
1704869376.004 1.904 -6.601 
1704869376.104 1.980 -6.647 
1704869376.204 2.050 -6.689 
1704869376.304 2.114 -6.731 
1704869376.404 2.159 -6.729 
1704869376.504 2.209 -6.731 
1704869376.604 2.275 -6.817 
1704869376.705 2.337 -6.947 
1704869376.805 2.346 -7.013 
1704869376.905 2.356 -7.077 
1704869377.005 2.399 -7.148 
1704869377.106 2.465 -7.252 
1704869377.206 2.527 -7.351 
1704869377.306 2.572 -7.430 
1704869377.406 2.625 -7.505 
1704869377.506 2.685 -7.579 
1704869377.606 2.750 -7.655 
1704869377.706 2.809 -7.731 
1704869377.806 2.871 -7.806 
1704869377.906 2.931 -7.855 
1704869378.007 3.002 -7.909 
1704869378.107 3.074 -7.965 
1704869378.207 3.145 -8.012 
1704869378.307 3.213 -8.050 
1704869378.408 3.280 -8.081 
1704869378.507 3.347 -8.104 
1704869378.607 3.413 -8.130 
1704869378.707 3.479 -8.156 
1704869378.808 3.542 -8.174 
1704869378.907 3.643 -8.187 
1704869379.008 3.720 -8.208 
1704869379.107 3.797 -8.217 
1704869379.208 3.876 -8.215 
1704869379.308 3.951 -8.208 
1704869379.408 4.026 -8.199 
1704869379.508 4.104 -8.190 
1704869379.609 4.185 -8.177 
1704869379.708 4.270 -8.160 
1704869379.808 4.357 -8.139 
1704869379.909 4.440 -8.117 
1704869380.009 4.503 -8.102 
1704869380.109 4.555 -8.084 
1704869380.210 4.613 -8.058 
1704869380.309 4.680 -8.030 
1704869380.409 4.753 -8.006 
1704869380.511 4.832 -7.983 
1704869380.610 4.911 -7.954 
1704869380.710 4.974 -7.917 
1704869380.809 5.021 -7.877 
1704869380.910 5.049 -7.839 
1704869381.010 5.082 -7.804 
1704869381.110 5.139 -7.767 
1704869381.210 5.205 -7.721 
1704869381.310 5.268 -7.669 
1704869381.410 5.330 -7.620 
1704869381.511 5.394 -7.575 
1704869381.611 5.462 -7.525 
1704869381.711 5.535 -7.471 
1704869381.811 5.604 -7.418 
1704869381.916 5.673 -7.364 
1704869382.013 5.743 -7.312 
1704869382.111 5.816 -7.259 
1704869382.212 5.894 -7.202 
1704869382.312 5.968 -7.144 
1704869382.411 6.050 -7.091 
1704869382.512 6.139 -7.037 
1704869382.612 6.223 -6.988 
1704869382.711 6.304 -6.938 
1704869382.811 6.392 -6.891 
1704869382.912 6.483 -6.851 
1704869383.012 6.569 -6.809 
1704869383.112 6.655 -6.764 
1704869383.212 6.740 -6.726 
1704869383.312 6.833 -6.684 
1704869383.413 6.920 -6.647 
1704869383.513 7.002 -6.612 
1704869383.614 7.091 -6.575 
1704869383.714 7.171 -6.539 
1704869383.813 7.252 -6.498 
1704869383.913 7.339 -6.445 
1704869384.014 7.421 -6.399 
1704869384.113 7.506 -6.353 
1704869387.123 7.413 -6.569 
1704869387.124 7.413 -6.569 
1704869387.225 7.366 -6.628 
1704869387.325 7.330 -6.702 
1704869387.425 7.283 -6.803 
1704869387.525 7.278 -6.924 
1704869387.625 7.281 -7.029 
1704869387.726 7.279 -7.142 
1704869387.826 7.289 -7.260 
1704869387.926 7.299 -7.378 
1704869388.026 7.311 -7.458 
1704869388.126 7.310 -7.506 
