1704869455.688 4.166 0.076 
1704869455.689 4.166 0.075 
1704869455.789 4.224 0.113 
1704869455.890 4.323 0.205 
1704869455.989 4.419 0.299 
1704869456.089 4.512 0.378 
1704869456.189 4.629 0.445 
1704869456.289 4.729 0.519 
1704869456.395 4.826 0.595 
1704869456.490 4.916 0.660 
1704869456.589 5.012 0.728 
1704869456.690 5.110 0.796 
1704869456.789 5.203 0.867 
1704869456.890 5.288 0.927 
1704869456.993 5.356 0.973 
1704869457.093 5.413 1.009 
1704869457.193 5.469 1.038 
1704869457.293 5.544 1.075 
1704869457.393 5.635 1.132 
1704869457.494 5.696 1.183 
1704869457.593 5.751 1.227 
1704869457.694 5.820 1.259 
1704869457.796 5.912 1.286 
1704869457.894 6.030 1.292 
1704869457.994 6.162 1.293 
1704869458.095 6.297 1.264 
1704869458.194 6.422 1.211 
1704869458.294 6.531 1.136 
1704869458.394 6.620 1.023 
1704869458.495 6.673 0.920 
1704869458.595 6.687 0.848 
1704869458.696 6.680 0.760 
1704869458.796 6.667 0.643 
1704869458.896 6.653 0.525 
1704869458.996 6.636 0.420 
1704869459.096 6.619 0.327 
1704869459.196 6.584 0.217 
1704869459.296 6.540 0.098 
1704869459.396 6.503 -0.002 
1704869459.496 6.476 -0.092 
1704869462.304 6.612 -0.063 
1704869462.305 6.612 -0.063 
1704869462.407 6.659 -0.061 
1704869462.506 6.742 -0.074 
1704869462.606 6.817 -0.082 
1704869462.706 6.887 -0.088 
1704869462.806 6.951 -0.092 
1704869462.907 6.990 -0.089 
1704869463.007 7.035 -0.079 
1704869463.106 7.113 -0.055 
1704869463.206 7.187 -0.029 
1704869463.308 7.257 -0.007 
1704869463.408 7.300 -0.006 
1704869463.508 7.334 -0.013 
1704869463.607 7.377 -0.010 
1704869463.707 7.459 0.054 
1704869463.807 7.534 0.115 
1704869463.907 7.593 0.138 
1704869464.009 7.645 0.156 
1704869464.110 7.689 0.190 
1704869464.212 7.710 0.220 
1704869464.310 7.720 0.228 
1704869464.410 7.713 0.241 
1704869464.511 7.728 0.287 
1704869464.610 7.765 0.373 
1704869464.711 7.812 0.456 
1704869464.811 7.865 0.516 
1704869464.910 7.909 0.594 
1704869465.012 7.939 0.663 
1704869465.112 7.958 0.725 
1704869465.211 7.973 0.779 
1704869465.312 7.988 0.828 
1704869465.412 8.007 0.880 
1704869465.512 8.025 0.957 
1704869465.612 8.053 1.035 
1704869465.712 8.083 1.118 
1704869465.812 8.111 1.198 
1704869465.912 8.131 1.286 
1704869466.012 8.150 1.380 
1704869466.112 8.170 1.474 
1704869466.212 8.201 1.538 
1704869466.313 8.222 1.618 
1704869466.413 8.226 1.704 
1704869466.513 8.230 1.813 
1704869466.613 8.234 1.914 
1704869466.713 8.242 2.002 
1704869466.813 8.242 2.062 
1704869466.913 8.241 2.137 
1704869467.014 8.231 2.247 
1704869467.116 8.223 2.360 
1704869467.216 8.215 2.432 
1704869467.316 8.208 2.515 
1704869467.416 8.200 2.602 
1704869467.515 8.187 2.681 
1704869467.616 8.176 2.759 
1704869467.717 8.161 2.832 
1704869467.816 8.148 2.898 
1704869467.916 8.140 2.967 
1704869468.017 8.132 3.055 
1704869468.117 8.124 3.132 
1704869468.216 8.117 3.193 
1704869468.316 8.096 3.260 
1704869468.417 8.087 3.324 
1704869468.518 8.087 3.391 
1704869468.617 8.029 3.472 
1704869468.717 8.006 3.553 
1704869468.817 7.968 3.625 
1704869468.918 7.883 3.676 
1704869469.017 7.765 3.697 
1704869469.118 7.653 3.713 
1704869469.218 7.534 3.680 
1704869469.320 7.431 3.596 
1704869469.419 7.410 3.519 
1704869469.519 7.389 3.457 
1704869469.619 7.347 3.415 
1704869469.720 7.293 3.367 
1704869469.820 7.231 3.292 
1704869469.919 7.149 3.202 
1704869470.019 7.072 3.117 
1704869470.120 7.012 3.057 
1704869470.220 6.960 3.004 
1704869470.320 6.900 2.947 
1704869470.420 6.834 2.883 
1704869470.520 6.768 2.819 
1704869470.620 6.703 2.756 
1704869470.724 6.638 2.689 
1704869470.823 6.571 2.623 
1704869470.923 6.503 2.555 
1704869471.023 6.433 2.486 
1704869471.123 6.363 2.415 
1704869471.223 6.294 2.343 
1704869471.323 6.221 2.270 
1704869471.433 6.150 2.201 
1704869471.531 6.078 2.128 
1704869471.630 6.009 2.052 
1704869471.731 5.945 1.978 
1704869471.830 5.880 1.902 
1704869471.930 5.811 1.825 
1704869472.032 5.741 1.747 
1704869472.131 5.672 1.672 
1704869472.230 5.606 1.597 
1704869472.331 5.544 1.522 
1704869472.431 5.476 1.445 
1704869472.532 5.409 1.369 
1704869472.631 5.344 1.295 
1704869472.732 5.278 1.223 
1704869472.831 5.213 1.151 
1704869472.932 5.142 1.077 
1704869473.032 5.076 1.005 
1704869473.132 5.010 0.934 
1704869473.232 4.944 0.862 
1704869473.332 4.874 0.788 
1704869473.938 4.788 0.717 
1704869473.939 4.788 0.717 
1704869474.042 4.731 0.728 
1704869474.140 4.627 0.725 
1704869474.239 4.491 0.657 
1704869474.339 4.394 0.635 
1704869474.438 4.318 0.608 
1704869474.538 4.241 0.552 
1704869474.638 4.124 0.510 
1704869474.739 4.020 0.461 
1704869474.839 3.916 0.408 
1704869474.940 3.809 0.361 
1704869475.039 3.701 0.320 
1704869475.140 3.595 0.276 
1704869475.239 3.473 0.236 
1704869475.339 3.347 0.199 
1704869475.441 3.293 0.147 
1704869475.540 3.270 0.131 
1704869475.641 3.239 0.129 
1704869475.740 3.237 0.114 
1704869475.841 3.198 0.141 
1704869475.941 3.140 0.180 
1704869476.041 3.132 0.177 
1704869476.140 3.142 0.197 
1704869476.241 3.161 0.254 
1704869476.341 3.191 0.327 
1704869476.441 3.224 0.386 
1704869476.541 3.247 0.447 
1704869476.642 3.252 0.502 
1704869476.742 3.273 0.524 
1704869476.842 3.294 0.527 
1704869476.942 3.297 0.533 
1704869477.043 3.300 0.567 
1704869477.142 3.334 0.677 
1704869477.242 3.350 0.765 
1704869477.342 3.365 0.796 
1704869477.442 3.369 0.841 
1704869477.543 3.370 0.924 
1704869477.642 3.373 1.022 
1704869477.743 3.351 1.085 
1704869477.843 3.346 1.129 
1704869477.944 3.370 1.194 
1704869478.042 3.407 1.289 
1704869478.144 3.450 1.391 
1704869478.246 3.494 1.487 
1704869478.345 3.529 1.575 
1704869478.444 3.554 1.641 
1704869478.544 3.586 1.699 
1704869478.650 3.617 1.743 
1704869478.744 3.633 1.772 
1704869478.844 3.676 1.813 
1704869478.945 3.752 1.865 
1704869479.045 3.822 1.920 
1704869479.145 3.894 1.984 
1704869479.245 3.960 2.036 
1704869479.344 4.014 2.081 
1704869479.446 4.072 2.129 
1704869479.546 4.130 2.159 
1704869479.646 4.184 2.172 
1704869479.747 4.228 2.174 
1704869479.846 4.279 2.189 
1704869479.946 4.357 2.216 
1704869480.046 4.435 2.248 
1704869480.147 4.514 2.277 
1704869480.247 4.592 2.305 
1704869480.347 4.660 2.336 
1704869480.447 4.727 2.363 
1704869480.548 4.810 2.380 
1704869480.647 4.901 2.397 
1704869480.747 4.989 2.414 
1704869480.847 5.079 2.428 
1704869480.948 5.171 2.443 
1704869481.048 5.265 2.459 
1704869481.148 5.363 2.481 
1704869481.249 5.463 2.512 
1704869481.348 5.557 2.531 
1704869481.449 5.650 2.551 
1704869481.548 5.744 2.583 
1704869481.648 5.839 2.617 
1704869481.749 5.931 2.659 
1704869481.849 6.023 2.710 
1704869481.949 6.111 2.747 
1704869482.049 6.197 2.785 
1704869482.149 6.282 2.836 
1704869482.249 6.368 2.889 
1704869482.349 6.454 2.943 
1704869482.449 6.542 3.002 
1704869482.549 6.618 3.060 
1704869482.649 6.693 3.121 
1704869482.750 6.771 3.188 
1704869482.849 6.838 3.256 
1704869482.950 6.910 3.329 
1704869483.050 6.986 3.401 
1704869483.151 7.056 3.475 
1704869483.251 7.120 3.552 
1704869483.351 7.177 3.635 
1704869483.452 7.235 3.719 
1704869483.551 7.294 3.803 
1704869483.652 7.349 3.890 
1704869483.750 7.398 3.970 
1704869483.853 7.445 4.050 
1704869483.952 7.492 4.128 
1704869484.052 7.541 4.212 
1704869484.152 7.586 4.292 
1704869484.252 7.630 4.377 
1704869484.352 7.672 4.454 
1704869484.452 7.708 4.535 
1704869484.552 7.742 4.617 
1704869484.653 7.774 4.698 
1704869484.753 7.800 4.779 
1704869484.853 7.825 4.861 
1704869484.953 7.851 4.940 
1704869485.053 7.875 5.017 
1704869485.153 7.893 5.094 
1704869485.253 7.903 5.196 
1704869485.353 7.890 5.308 
1704869485.454 7.886 5.421 
1704869485.553 7.883 5.528 
1704869485.654 7.896 5.612 
1704869485.756 7.898 5.692 
1704869485.854 7.890 5.776 
1704869485.954 7.878 5.863 
1704869486.054 7.856 5.951 
1704869486.154 7.835 6.040 
1704869486.255 7.789 6.136 
1704869487.357 7.652 6.354 
1704869487.357 7.653 6.354 
1704869487.457 7.642 6.380 
1704869487.558 7.584 6.464 
1704869487.658 7.509 6.577 
1704869487.758 7.433 6.676 
1704869487.858 7.392 6.719 
1704869487.958 7.361 6.772 
1704869488.058 7.330 6.828 
1704869488.171 7.294 6.886 
1704869488.264 7.270 6.957 
1704869488.363 7.250 7.012 
1704869488.463 7.239 7.047 
1704869488.563 7.232 7.081 
1704869488.663 7.230 7.119 
1704869488.764 7.213 7.133 
1704869488.863 7.169 7.130 
1704869488.963 7.143 7.145 
1704869489.066 7.124 7.174 
1704869489.168 7.126 7.226 
1704869489.271 7.187 7.285 
1704869489.368 7.258 7.345 
1704869489.468 7.325 7.399 
1704869489.569 7.409 7.436 
1704869489.668 7.511 7.447 
1704869489.768 7.612 7.437 
1704869489.869 7.666 7.416 
1704869489.968 7.726 7.365 
1704869490.072 7.810 7.285 
1704869490.169 7.882 7.216 
1704869490.269 7.951 7.154 
1704869490.370 8.014 7.100 
1704869490.469 8.076 7.054 
1704869490.571 8.128 7.008 
1704869490.669 8.167 6.936 
1704869490.770 8.202 6.857 
1704869490.870 8.240 6.787 
1704869490.970 8.279 6.711 
1704869491.070 8.312 6.607 
1704869491.174 8.335 6.496 
1704869491.271 8.341 6.425 
1704869491.372 8.339 6.375 
1704869493.575 8.181 6.538 
1704869493.576 8.181 6.538 
1704869493.676 8.175 6.529 
1704869493.776 8.144 6.462 
1704869493.878 8.093 6.344 
1704869493.977 8.042 6.227 
1704869494.076 7.991 6.120 
1704869494.186 7.934 6.014 
1704869494.281 7.879 5.909 
1704869494.379 7.822 5.804 
1704869494.479 7.766 5.695 
1704869494.579 7.713 5.583 
1704869494.679 7.656 5.469 
1704869494.779 7.596 5.374 
1704869494.879 7.533 5.275 
1704869494.980 7.469 5.176 
1704869495.079 7.415 5.080 
1704869495.179 7.362 4.984 
1704869495.280 7.299 4.890 
1704869495.380 7.239 4.800 
1704869495.480 7.178 4.707 
1704869495.582 7.114 4.611 
1704869495.682 7.047 4.516 
1704869495.782 6.983 4.427 
1704869495.883 6.920 4.336 
1704869495.982 6.848 4.248 
1704869496.082 6.774 4.157 
1704869496.182 6.703 4.068 
1704869496.282 6.635 3.981 
1704869496.383 6.558 3.889 
1704869496.483 6.468 3.790 
1704869496.583 6.383 3.687 
1704869496.683 6.301 3.597 
1704869496.783 6.219 3.505 
1704869496.883 6.132 3.419 
1704869496.983 6.045 3.339 
1704869497.084 5.961 3.253 
1704869497.183 5.875 3.173 
1704869497.283 5.784 3.097 
1704869497.384 5.690 3.034 
1704869497.484 5.606 2.975 
1704869497.584 5.541 2.925 
1704869497.685 5.475 2.874 
1704869497.784 5.410 2.824 
1704869497.884 5.368 2.777 
1704869497.984 5.319 2.738 
1704869498.084 5.242 2.704 
1704869498.185 5.157 2.670 
1704869498.284 5.077 2.634 
1704869498.384 5.010 2.600 
1704869498.484 4.942 2.570 
1704869498.585 4.867 2.539 
1704869498.685 4.785 2.511 
1704869498.786 4.708 2.487 
1704869498.885 4.632 2.465 
1704869498.986 4.550 2.452 
1704869499.085 4.473 2.441 
1704869499.185 4.392 2.427 
1704869499.286 4.308 2.409 
1704869499.386 4.227 2.395 
1704869499.486 4.147 2.387 
1704869499.586 4.066 2.385 
1704869499.685 3.987 2.381 
1704869499.786 3.904 2.376 
1704869499.886 3.814 2.364 
1704869499.986 3.728 2.361 
1704869500.087 3.643 2.364 
1704869500.186 3.557 2.367 
1704869500.286 3.470 2.374 
1704869500.387 3.380 2.382 
1704869500.487 3.292 2.389 
1704869500.587 3.205 2.400 
1704869500.687 3.122 2.406 
1704869500.787 3.037 2.412 
1704869500.888 2.946 2.421 
1704869500.987 2.850 2.439 
1704869501.088 2.756 2.453 
1704869501.191 2.667 2.465 
1704869501.289 2.580 2.475 
1704869501.388 2.490 2.487 
1704869501.488 2.397 2.504 
1704869501.588 2.304 2.523 
1704869501.688 2.212 2.543 
1704869501.788 2.120 2.561 
1704869501.889 2.028 2.578 
1704869501.989 1.936 2.598 
1704869502.088 1.845 2.619 
1704869502.189 1.752 2.642 
1704869502.288 1.660 2.665 
1704869502.390 1.565 2.687 
1704869502.489 1.472 2.708 
1704869502.590 1.377 2.731 
1704869502.690 1.280 2.755 
1704869502.790 1.174 2.783 
1704869503.093 1.111 2.799 
1704869503.190 1.105 2.804 
1704869503.291 1.035 2.827 
1704869503.391 0.917 2.879 
1704869503.490 0.788 2.923 
1704869503.591 0.672 2.969 
1704869503.690 0.563 3.002 
1704869503.791 0.453 3.048 
1704869503.895 0.346 3.107 
1704869503.993 0.242 3.160 
1704869504.092 0.135 3.217 
1704869504.191 0.033 3.273 
1704869504.291 -0.043 3.331 
1704869504.392 -0.104 3.379 
1704869504.492 -0.159 3.421 
1704869504.592 -0.213 3.466 
1704869504.694 -0.267 3.514 
1704869504.792 -0.319 3.563 
1704869504.892 -0.379 3.625 
1704869504.992 -0.450 3.702 
1704869505.092 -0.518 3.805 
1704869505.193 -0.578 3.910 
1704869505.294 -0.620 3.991 
1704869505.393 -0.651 4.048 
1704869505.493 -0.686 4.106 
1704869505.593 -0.730 4.186 
1704869505.694 -0.779 4.283 
1704869505.793 -0.819 4.361 
1704869505.903 -0.857 4.424 
1704869505.999 -0.898 4.487 
1704869506.097 -0.937 4.549 
1704869506.195 -0.972 4.608 
1704869506.295 -1.011 4.663 
1704869506.395 -1.076 4.727 
1704869506.494 -1.139 4.792 
1704869506.594 -1.149 4.843 
1704869506.694 -1.175 4.903 
1704869506.795 -1.257 4.968 
1704869506.895 -1.344 5.009 
1704869507.997 -1.385 5.086 
1704869508.097 -1.412 5.030 
1704869508.197 -1.459 4.947 
1704869508.297 -1.518 4.823 
1704869508.398 -1.584 4.732 
1704869508.501 -1.631 4.636 
1704869508.599 -1.656 4.523 
1704869508.699 -1.687 4.407 
1704869508.800 -1.714 4.292 
1704869508.902 -1.737 4.198 
1704869509.000 -1.755 4.133 
1704869509.100 -1.762 4.058 
1704869509.200 -1.771 3.981 
1704869509.301 -1.781 3.903 
1704869509.400 -1.787 3.819 
1704869509.501 -1.784 3.721 
1704869509.601 -1.784 3.626 
1704869509.701 -1.789 3.536 
1704869509.801 -1.794 3.448 
1704869509.901 -1.797 3.350 
1704869510.001 -1.792 3.248 
1704869510.102 -1.787 3.145 
1704869510.203 -1.785 3.049 
1704869510.302 -1.785 2.997 
1704869510.403 -1.775 2.936 
1704869510.502 -1.770 2.849 
1704869510.603 -1.763 2.760 
1704869510.701 -1.753 2.687 
1704869510.803 -1.738 2.608 
1704869510.903 -1.726 2.530 
1704869511.003 -1.718 2.453 
1704869511.103 -1.707 2.374 
1704869511.204 -1.693 2.293 
1704869511.303 -1.674 2.216 
1704869511.402 -1.651 2.140 
1704869511.503 -1.632 2.061 
1704869511.606 -1.610 1.976 
1704869511.704 -1.593 1.898 
1704869511.803 -1.574 1.816 
1704869511.903 -1.552 1.739 
1704869512.004 -1.525 1.662 
1704869512.106 -1.501 1.585 
1704869512.205 -1.472 1.506 
1704869512.307 -1.443 1.427 
1704869512.405 -1.413 1.353 
1704869512.504 -1.378 1.279 
1704869512.604 -1.342 1.206 
1704869512.704 -1.307 1.137 
1704869512.804 -1.266 1.068 
1704869512.905 -1.218 0.988 
1704869513.005 -1.181 0.916 
1704869513.105 -1.137 0.850 
1704869513.204 -1.097 0.790 
1704869513.305 -1.057 0.730 
1704869513.405 -0.995 0.664 
1704869513.505 -0.927 0.597 
1704869513.606 -0.867 0.538 
1704869513.705 -0.820 0.485 
1704869513.805 -0.773 0.432 
1704869513.905 -0.727 0.376 
1704869514.006 -0.654 0.319 
1704869514.106 -0.590 0.261 
1704869514.206 -0.539 0.208 
1704869514.306 -0.490 0.159 
1704869514.406 -0.440 0.109 
1704869514.506 -0.379 0.060 
1704869514.606 -0.282 0.005 
1704869514.706 -0.186 -0.058 
1704869514.808 -0.102 -0.123 
1704869514.907 -0.017 -0.177 
1704869515.007 0.064 -0.228 
1704869515.109 0.142 -0.274 
1704869515.207 0.224 -0.319 
1704869515.308 0.312 -0.367 
1704869515.408 0.403 -0.412 
1704869515.508 0.496 -0.449 
1704869515.609 0.589 -0.483 
1704869515.708 0.651 -0.525 
1704869515.808 0.712 -0.553 
1704869515.909 0.770 -0.569 
1704869516.009 0.839 -0.598 
1704869516.109 0.912 -0.629 
1704869521.921 0.720 -0.554 
1704869521.922 0.720 -0.554 
1704869522.022 0.665 -0.515 
1704869522.123 0.554 -0.469 
1704869522.227 0.458 -0.416 
1704869522.324 0.368 -0.371 
1704869522.423 0.278 -0.355 
1704869522.527 0.171 -0.370 
1704869522.627 0.026 -0.373 
1704869522.727 -0.059 -0.369 
1704869522.829 -0.127 -0.371 
1704869522.928 -0.207 -0.378 
1704869523.029 -0.283 -0.392 
1704869523.129 -0.346 -0.405 
1704869523.230 -0.392 -0.411 
1704869523.330 -0.442 -0.407 
1704869523.430 -0.522 -0.399 
1704869523.529 -0.614 -0.390 
1704869523.630 -0.697 -0.376 
1704869523.731 -0.774 -0.364 
1704869523.830 -0.831 -0.360 
1704869523.930 -0.896 -0.351 
1704869524.035 -0.974 -0.337 
1704869524.130 -1.047 -0.322 
1704869524.231 -1.165 -0.292 
1704869524.331 -1.283 -0.264 
1704869524.431 -1.373 -0.249 
1704869524.531 -1.437 -0.234 
1704869524.631 -1.518 -0.208 
1704869524.732 -1.615 -0.178 
1704869524.831 -1.707 -0.149 
1704869524.933 -1.795 -0.117 
1704869525.032 -1.878 -0.088 
1704869525.131 -1.945 -0.073 
1704869525.232 -2.026 -0.043 
1704869525.332 -2.110 -0.005 
1704869525.432 -2.192 0.026 
1704869525.533 -2.271 0.055 
1704869525.633 -2.347 0.093 
1704869525.733 -2.426 0.134 
1704869525.833 -2.500 0.161 
1704869525.933 -2.575 0.200 
1704869526.033 -2.649 0.242 
1704869526.133 -2.722 0.282 
1704869526.234 -2.795 0.325 
1704869526.334 -2.866 0.378 
1704869526.434 -2.939 0.429 
1704869526.534 -3.005 0.460 
1704869526.633 -3.070 0.502 
1704869526.734 -3.130 0.556 
1704869526.834 -3.196 0.610 
1704869526.933 -3.265 0.673 
1704869527.035 -3.331 0.744 
1704869527.134 -3.397 0.814 
1704869527.234 -3.465 0.885 
1704869527.335 -3.533 0.959 
1704869527.435 -3.589 1.021 
1704869527.537 -3.637 1.080 
1704869527.636 -3.682 1.133 
1704869527.736 -3.723 1.178 
1704869527.837 -3.761 1.187 
1704869527.937 -3.805 1.223 
1704869528.036 -3.838 1.324 
1704869528.137 -3.870 1.434 
1704869528.237 -3.891 1.517 
1704869528.337 -3.911 1.596 
1704869528.438 -3.941 1.653 
1704869528.537 -3.959 1.734 
1704869528.637 -3.967 1.821 
1704869528.738 -3.976 1.901 
1704869528.838 -3.988 1.977 
1704869528.938 -3.995 2.064 
1704869529.037 -3.990 2.150 
1704869529.138 -3.985 2.231 
1704869529.238 -3.984 2.306 
1704869529.338 -3.976 2.380 
1704869529.439 -3.967 2.451 
1704869529.539 -3.961 2.524 
1704869529.638 -3.939 2.629 
1704869529.738 -3.926 2.732 
1704869529.839 -3.919 2.795 
1704869529.939 -3.911 2.847 
1704869530.039 -3.898 2.909 
1704869530.139 -3.877 2.984 
1704869530.240 -3.857 3.072 
1704869530.339 -3.824 3.157 
1704869530.440 -3.799 3.227 
1704869530.542 -3.774 3.301 
1704869530.643 -3.751 3.375 
1704869530.743 -3.725 3.444 
1704869530.843 -3.696 3.512 
1704869530.944 -3.665 3.573 
1704869531.044 -3.633 3.627 
1704869531.145 -3.601 3.681 
1704869531.244 -3.541 3.761 
1704869531.344 -3.485 3.851 
1704869531.444 -3.444 3.922 
1704869531.545 -3.399 3.993 
1704869531.645 -3.344 4.060 
1704869531.745 -3.271 4.115 
1704869531.845 -3.193 4.160 
1704869531.957 -3.136 4.199 
1704869532.053 -3.067 4.230 
1704869532.152 -2.971 4.269 
1704869532.252 -2.854 4.311 
1704869532.351 -2.769 4.343 
1704869532.454 -2.734 4.371 
1704869532.551 -2.696 4.405 
1704869532.651 -2.603 4.425 
1704869532.751 -2.481 4.434 
1704869532.852 -2.384 4.440 
1704869532.953 -2.303 4.451 
1704869533.053 -2.211 4.450 
1704869533.152 -2.118 4.440 
1704869533.252 -2.025 4.429 
1704869533.354 -1.933 4.422 
1704869533.453 -1.873 4.420 
1704869533.553 -1.815 4.416 
1704869533.654 -1.743 4.400 
1704869533.753 -1.678 4.387 
1704869533.853 -1.625 4.381 
1704869533.955 -1.564 4.364 
1704869534.053 -1.493 4.340 
1704869534.154 -1.410 4.305 
1704869534.253 -1.335 4.279 
1704869534.354 -1.258 4.251 
1704869534.460 -1.187 4.213 
1704869534.557 -1.122 4.170 
1704869534.654 -1.058 4.124 
1704869534.756 -0.971 4.078 
1704869534.855 -0.879 4.032 
1704869534.955 -0.809 3.986 
1704869535.055 -0.745 3.930 
1704869535.155 -0.670 3.862 
1704869535.256 -0.601 3.799 
1704869535.356 -0.530 3.739 
1704869535.455 -0.471 3.685 
1704869540.167 -0.532 3.945 
1704869540.167 -0.532 3.945 
1704869540.269 -0.535 3.942 
1704869540.369 -0.560 3.977 
1704869540.468 -0.585 4.049 
1704869540.569 -0.611 4.137 
1704869540.669 -0.635 4.221 
1704869540.770 -0.657 4.291 
1704869540.869 -0.666 4.363 
1704869540.969 -0.671 4.444 
1704869541.069 -0.667 4.531 
1704869541.169 -0.667 4.620 
1704869541.271 -0.668 4.708 
1704869541.370 -0.666 4.800 
1704869541.470 -0.663 4.895 
1704869541.571 -0.663 4.989 
1704869541.670 -0.663 5.074 
1704869541.770 -0.659 5.165 
1704869541.870 -0.643 5.255 
1704869541.971 -0.617 5.342 
1704869542.070 -0.593 5.429 
1704869542.170 -0.578 5.514 
1704869542.271 -0.562 5.600 
1704869542.371 -0.542 5.687 
1704869542.471 -0.526 5.766 
1704869542.571 -0.509 5.845 
1704869542.671 -0.495 5.916 
1704869542.771 -0.490 5.981 
1704869542.872 -0.477 6.036 
1704869542.972 -0.463 6.091 
1704869543.072 -0.428 6.150 
1704869543.172 -0.355 6.215 
1704869543.273 -0.217 6.273 
1704869543.373 -0.109 6.327 
1704869543.472 -0.033 6.364 
1704869543.573 0.034 6.387 
1704869543.673 0.108 6.416 
1704869543.773 0.182 6.448 
1704869543.874 0.277 6.473 
1704869543.973 0.398 6.495 
1704869544.073 0.513 6.534 
1704869544.173 0.595 6.669 
1704869544.273 0.659 6.782 
1704869544.373 0.733 6.847 
1704869544.474 0.768 6.935 
1704869544.573 0.789 7.054 
1704869544.674 0.817 7.178 
1704869544.774 0.853 7.278 
1704869544.874 0.865 7.403 
1704869544.974 0.863 7.522 
1704869545.074 0.836 7.619 
1704869545.175 0.810 7.747 
1704869545.274 0.773 7.835 
1704869545.375 0.727 7.924 
1704869545.474 0.702 8.030 
1704869545.574 0.729 8.097 
1704869547.079 0.784 8.203 
1704869547.179 0.767 8.220 
1704869547.280 0.706 8.251 
1704869547.379 0.571 8.278 
1704869547.480 0.443 8.293 
1704869547.579 0.313 8.279 
1704869547.679 0.180 8.252 
1704869547.779 0.053 8.243 
1704869547.880 -0.064 8.231 
1704869547.979 -0.180 8.201 
1704869548.080 -0.296 8.153 
1704869548.179 -0.397 8.081 
1704869548.279 -0.485 7.999 
1704869548.380 -0.551 7.900 
1704869548.481 -0.603 7.788 
1704869548.580 -0.647 7.673 
1704869548.681 -0.687 7.542 
1704869548.781 -0.733 7.419 
1704869548.881 -0.794 7.312 
1704869548.982 -0.876 7.233 
1704869549.081 -0.955 7.206 
1704869549.181 -1.067 7.197 
1704869549.281 -1.208 7.200 
1704869549.383 -1.364 7.226 
1704869549.483 -1.513 7.250 
1704869549.583 -1.622 7.255 
1704869549.683 -1.723 7.288 
1704869549.791 -1.845 7.328 
1704869549.883 -1.936 7.353 
1704869549.984 -2.000 7.372 
1704869550.083 -2.038 7.388 
1704869550.184 -2.108 7.397 
1704869550.284 -2.233 7.418 
1704869550.384 -2.336 7.440 
1704869550.484 -2.429 7.448 
1704869550.584 -2.529 7.446 
1704869550.691 -2.641 7.429 
1704869550.785 -2.724 7.417 
1704869550.884 -2.784 7.413 
1704869550.984 -2.842 7.405 
1704869551.085 -2.917 7.394 
1704869551.185 -2.995 7.381 
1704869551.285 -3.071 7.370 
1704869551.385 -3.147 7.361 
1704869551.485 -3.230 7.348 
1704869551.590 -3.309 7.336 
1704869551.692 -3.383 7.329 
1704869551.792 -3.471 7.314 
1704869551.892 -3.585 7.296 
1704869551.993 -3.696 7.277 
1704869552.092 -3.800 7.260 
1704869552.193 -3.899 7.242 
1704869552.292 -3.982 7.235 
1704869552.392 -4.078 7.226 
1704869552.493 -4.188 7.199 
1704869552.597 -4.305 7.161 
1704869552.694 -4.426 7.120 
1704869552.794 -4.544 7.081 
1704869552.895 -4.634 7.069 
1704869552.994 -4.689 7.059 
1704869553.094 -4.713 7.042 
1704869553.193 -4.721 7.019 
1704869553.294 -4.814 7.029 
1704869553.395 -4.926 7.037 
1704869553.494 -5.018 7.015 
1704869553.595 -5.104 7.018 
1704869553.695 -5.209 7.064 
1704869553.794 -5.304 7.130 
1704869553.895 -5.404 7.187 
1704869553.995 -5.504 7.243 
1704869554.095 -5.607 7.300 
1704869554.195 -5.710 7.354 
1704869554.295 -5.803 7.409 
1704869554.395 -5.895 7.466 
1704869554.495 -5.992 7.514 
1704869554.595 -6.089 7.550 
1704869554.695 -6.192 7.575 
1704869554.795 -6.310 7.597 
1704869554.896 -6.421 7.611 
1704869554.996 -6.520 7.615 
1704869555.096 -6.624 7.610 
1704869555.196 -6.747 7.551 
1704869555.296 -6.862 7.473 
1704869555.396 -6.974 7.376 
1704869555.497 -7.097 7.277 
1704869555.598 -7.186 7.181 
1704869555.697 -7.254 7.111 
1704869555.797 -7.307 6.989 
1704869555.897 -7.361 6.902 
1704869555.996 -7.384 6.785 
1704869556.097 -7.362 6.646 
1704869556.197 -7.336 6.533 
1704869556.297 -7.297 6.416 
1704869556.398 -7.262 6.305 
1704869556.497 -7.226 6.193 
1704869556.598 -7.189 6.078 
1704869556.698 -7.148 5.962 
1704869556.798 -7.109 5.848 
1704869556.911 -7.071 5.732 
1704869557.002 -7.024 5.622 
1704869557.099 -6.971 5.512 
1704869557.198 -6.921 5.405 
1704869557.299 -6.870 5.296 
1704869557.399 -6.838 5.195 
1704869557.499 -6.805 5.094 
1704869557.599 -6.744 4.989 
1704869557.699 -6.684 4.893 
1704869557.799 -6.634 4.815 
1704869557.899 -6.584 4.735 
1704869557.999 -6.559 4.647 
1704869558.102 -6.517 4.560 
1704869558.200 -6.449 4.484 
1704869558.300 -6.375 4.422 
1704869558.401 -6.300 4.378 
1704869558.501 -6.233 4.322 
1704869558.600 -6.197 4.265 
1704869558.700 -6.169 4.205 
1704869558.800 -6.113 4.146 
1704869558.901 -6.026 4.071 
1704869559.003 -5.948 3.994 
1704869559.103 -5.902 3.936 
1704869559.202 -5.857 3.874 
1704869559.301 -5.808 3.784 
1704869559.401 -5.761 3.695 
1704869559.501 -5.726 3.615 
1704869559.602 -5.701 3.535 
1704869559.702 -5.682 3.453 
1704869559.801 -5.666 3.372 
1704869559.902 -5.657 3.289 
1704869560.002 -5.654 3.209 
1704869560.102 -5.650 3.126 
1704869560.202 -5.648 3.043 
1704869560.303 -5.644 2.958 
1704869560.404 -5.645 2.872 
1704869560.504 -5.652 2.790 
1704869560.603 -5.653 2.709 
1704869560.703 -5.650 2.637 
1704869560.803 -5.657 2.561 
1704869560.903 -5.699 2.463 
1704869561.003 -5.742 2.372 
1704869561.103 -5.764 2.313 
1704869561.204 -5.789 2.254 
1704869561.303 -5.801 2.204 
1704869561.404 -5.863 2.135 
1704869561.504 -5.931 2.061 
1704869561.604 -5.995 1.974 
1704869561.705 -6.037 1.925 
1704869561.804 -6.074 1.895 
1704869561.904 -6.114 1.820 
1704869562.004 -6.152 1.725 
1704869562.105 -6.199 1.620 
1704869562.204 -6.250 1.545 
1704869562.304 -6.295 1.486 
1704869562.404 -6.349 1.417 
1704869562.505 -6.403 1.329 
1704869562.605 -6.452 1.247 
1704869562.706 -6.505 1.176 
1704869562.806 -6.562 1.116 
1704869562.905 -6.619 1.054 
1704869563.006 -6.640 0.937 
1704869563.105 -6.649 0.804 
1704869563.206 -6.676 0.686 
1704869563.306 -6.690 0.565 
1704869563.406 -6.708 0.453 
1704869563.507 -6.726 0.355 
1704869563.606 -6.740 0.258 
1704869563.706 -6.736 0.151 
1704869563.806 -6.732 0.049 
1704869563.906 -6.724 -0.049 
1704869564.007 -6.715 -0.149 
1704869564.107 -6.704 -0.249 
1704869564.206 -6.692 -0.350 
1704869564.307 -6.682 -0.446 
1704869564.407 -6.672 -0.546 
1704869564.507 -6.657 -0.610 
1704869564.607 -6.658 -0.669 
1704869564.708 -6.653 -0.746 
1704869564.808 -6.645 -0.828 
1704869564.908 -6.639 -0.906 
1704869565.008 -6.630 -0.980 
1704869565.109 -6.620 -1.054 
1704869565.208 -6.613 -1.130 
1704869565.308 -6.607 -1.205 
1704869565.408 -6.601 -1.280 
1704869565.508 -6.594 -1.358 
1704869565.608 -6.586 -1.440 
1704869565.708 -6.575 -1.515 
1704869565.809 -6.564 -1.593 
1704869565.909 -6.554 -1.671 
1704869566.008 -6.544 -1.748 
1704869566.109 -6.533 -1.825 
1704869566.209 -6.523 -1.901 
1704869566.308 -6.509 -1.978 
1704869566.409 -6.498 -2.055 
1704869566.509 -6.487 -2.136 
1704869566.609 -6.477 -2.215 
1704869566.710 -6.468 -2.293 
1704869566.809 -6.453 -2.372 
1704869566.911 -6.435 -2.450 
1704869567.010 -6.416 -2.527 
1704869567.109 -6.398 -2.605 
1704869567.211 -6.383 -2.713 
1704869567.310 -6.372 -2.827 
1704869567.410 -6.349 -2.926 
1704869567.510 -6.313 -3.022 
1704869567.610 -6.277 -3.113 
1704869567.710 -6.241 -3.192 
1704869567.810 -6.193 -3.256 
1704869567.912 -6.113 -3.319 
1704869568.012 -6.021 -3.395 
1704869568.111 -5.948 -3.464 
1704869568.211 -5.889 -3.511 
1704869568.311 -5.793 -3.544 
1704869568.411 -5.691 -3.579 
1704869568.519 -5.585 -3.611 
1704869568.612 -5.498 -3.630 
1704869568.711 -5.394 -3.644 
1704869568.812 -5.325 -3.657 
1704869568.912 -5.263 -3.670 
1704869569.012 -5.183 -3.686 
1704869569.112 -5.103 -3.702 
1704869569.213 -5.021 -3.718 
1704869569.312 -4.941 -3.736 
1704869569.412 -4.858 -3.755 
1704869569.513 -4.775 -3.775 
1704869569.613 -4.693 -3.797 
1704869569.713 -4.613 -3.818 
1704869569.813 -4.535 -3.836 
1704869569.913 -4.458 -3.855 
1704869570.014 -4.379 -3.874 
1704869570.114 -4.304 -3.895 
1704869570.214 -4.229 -3.916 
1704869570.314 -4.155 -3.934 
1704869570.415 -4.036 -3.929 
1704869570.516 -3.913 -3.932 
1704869570.615 -3.789 -3.930 
1704869570.716 -3.664 -3.931 
1704869570.816 -3.553 -3.932 
1704869570.917 -3.491 -3.924 
1704869571.016 -3.465 -3.945 
1704869571.116 -3.434 -3.973 
1704869571.216 -3.340 -3.951 
1704869571.317 -3.233 -3.889 
1704869571.416 -3.137 -3.866 
1704869571.517 -3.059 -3.825 
1704869571.618 -2.998 -3.745 
1704869571.717 -2.937 -3.678 
1704869571.817 -2.899 -3.640 
1704869571.917 -2.862 -3.627 
1704869572.018 -2.825 -3.639 
1704869572.118 -2.774 -3.658 
1704869572.219 -2.720 -3.663 
1704869572.319 -2.643 -3.645 
1704869572.419 -2.580 -3.636 
1704869572.518 -2.525 -3.624 
1704869572.618 -2.463 -3.607 
1704869572.719 -2.363 -3.603 
1704869572.819 -2.273 -3.600 
1704869572.919 -2.206 -3.595 
1704869573.019 -2.140 -3.602 
1704869573.120 -2.081 -3.611 
1704869573.220 -2.015 -3.606 
1704869573.319 -1.934 -3.605 
1704869573.420 -1.849 -3.598 
1704869573.519 -1.768 -3.593 
1704869573.621 -1.687 -3.588 
1704869573.720 -1.601 -3.589 
1704869573.820 -1.519 -3.584 
1704869573.920 -1.428 -3.575 
1704869574.021 -1.338 -3.565 
1704869574.120 -1.255 -3.556 
1704869574.221 -1.171 -3.545 
1704869574.322 -1.084 -3.542 
1704869574.422 -0.999 -3.530 
1704869574.522 -0.906 -3.502 
1704869574.622 -0.824 -3.473 
1704869574.723 -0.742 -3.438 
1704869574.823 -0.647 -3.386 
1704869574.923 -0.554 -3.336 
1704869575.023 -0.485 -3.301 
1704869575.125 -0.421 -3.264 
1704869575.223 -0.347 -3.226 
1704869575.324 -0.275 -3.187 
1704869575.423 -0.173 -3.145 
1704869575.524 -0.062 -3.106 
1704869575.624 0.018 -3.074 
1704869575.724 0.072 -3.037 
1704869575.824 0.159 -3.013 
1704869575.924 0.255 -2.988 
1704869576.024 0.338 -2.963 
1704869576.124 0.411 -2.941 
1704869576.224 0.490 -2.925 
1704869576.325 0.614 -2.924 
1704869576.424 0.735 -2.925 
1704869576.525 0.800 -2.924 
1704869576.628 0.853 -2.917 
1704869576.725 0.928 -2.910 
1704869576.827 1.038 -2.908 
1704869576.926 1.123 -2.911 
1704869577.026 1.178 -2.918 
1704869577.126 1.229 -2.933 
1704869577.226 1.290 -2.952 
1704869577.326 1.415 -3.027 
1704869577.427 1.488 -3.075 
1704869577.526 1.525 -3.098 
1704869577.627 1.561 -3.113 
1704869577.727 1.652 -3.116 
1704869577.828 1.772 -3.143 
1704869577.927 1.864 -3.147 
1704869578.029 1.925 -3.135 
1704869578.129 1.999 -3.167 
1704869578.229 2.120 -3.221 
1704869578.329 2.211 -3.261 
1704869578.430 2.275 -3.287 
1704869578.530 2.340 -3.320 
1704869578.629 2.444 -3.357 
1704869578.729 2.541 -3.408 
1704869578.829 2.628 -3.454 
1704869578.929 2.710 -3.480 
1704869579.031 2.806 -3.512 
1704869579.131 2.934 -3.550 
1704869579.230 3.060 -3.593 
1704869579.330 3.168 -3.630 
1704869579.430 3.270 -3.666 
1704869579.530 3.375 -3.699 
1704869579.630 3.474 -3.730 
1704869579.730 3.561 -3.760 
1704869579.831 3.624 -3.757 
1704869579.931 3.707 -3.753 
1704869580.031 3.804 -3.761 
1704869580.131 3.889 -3.786 
1704869581.838 3.955 -4.058 
1704869581.839 3.955 -4.058 
1704869581.939 4.028 -3.984 
1704869582.040 4.104 -3.908 
1704869582.140 4.173 -3.831 
1704869582.239 4.271 -3.777 
1704869582.340 4.387 -3.727 
1704869582.440 4.487 -3.671 
1704869582.540 4.587 -3.618 
1704869582.640 4.695 -3.567 
1704869582.740 4.783 -3.522 
1704869582.840 4.849 -3.491 
1704869582.948 4.903 -3.468 
1704869583.044 4.965 -3.451 
1704869583.143 5.056 -3.431 
1704869583.241 5.167 -3.399 
1704869583.341 5.268 -3.370 
1704869583.441 5.353 -3.347 
1704869583.542 5.442 -3.345 
1704869583.642 5.523 -3.356 
1704869583.742 5.600 -3.370 
1704869583.843 5.685 -3.383 
1704869583.942 5.766 -3.386 
1704869584.042 5.846 -3.394 
1704869584.142 5.948 -3.421 
1704869584.242 6.053 -3.451 
1704869584.342 6.144 -3.478 
1704869584.442 6.221 -3.500 
1704869584.542 6.301 -3.514 
1704869584.642 6.390 -3.534 
1704869584.742 6.488 -3.563 
1704869584.843 6.587 -3.591 
1704869584.942 6.668 -3.608 
1704869585.042 6.757 -3.628 
1704869585.143 6.847 -3.649 
1704869585.242 6.931 -3.673 
1704869585.342 7.013 -3.700 
1704869585.444 7.092 -3.729 
1704869585.543 7.166 -3.761 
1704869585.644 7.240 -3.801 
1704869585.744 7.309 -3.841 
1704869585.846 7.377 -3.885 
1704869585.944 7.433 -3.919 
1704869586.044 7.482 -3.945 
1704869586.144 7.525 -3.984 
1704869586.244 7.579 -4.056 
1704869586.344 7.620 -4.144 
1704869586.444 7.643 -4.200 
1704869586.545 7.664 -4.253 
1704869586.644 7.697 -4.320 
1704869586.745 7.747 -4.392 
1704869586.845 7.794 -4.465 
1704869586.945 7.838 -4.540 
1704869587.046 7.867 -4.605 
1704869587.145 7.881 -4.667 
1704869587.245 7.882 -4.735 
1704869587.345 7.868 -4.799 
1704869587.445 7.840 -4.853 
1704869587.546 7.819 -4.917 
1704869587.647 7.802 -5.003 
1704869587.746 7.777 -5.080 
1704869587.846 7.749 -5.148 
1704869587.946 7.717 -5.220 
1704869588.046 7.683 -5.295 
1704869588.146 7.663 -5.354 
1704869588.246 7.642 -5.400 
1704869588.347 7.619 -5.439 
1704869588.448 7.591 -5.506 
1704869588.548 7.558 -5.585 
1704869588.647 7.525 -5.667 
1704869588.748 7.498 -5.735 
1704869588.848 7.476 -5.803 
1704869588.948 7.451 -5.875 
1704869589.048 7.421 -5.945 
1704869589.148 7.388 -6.008 
1704869589.249 7.355 -6.061 
1704869589.349 7.319 -6.103 
1704869589.448 7.280 -6.135 
1704869589.549 7.242 -6.186 
1704869589.649 7.200 -6.249 
1704869589.749 7.156 -6.313 
1704869589.850 7.122 -6.368 
1704869589.950 7.076 -6.426 
1704869590.049 7.027 -6.485 
1704869590.149 6.979 -6.543 
1704869590.250 6.927 -6.598 
1704869590.350 6.877 -6.647 
1704869590.450 6.823 -6.696 
1704869590.550 6.773 -6.748 
1704869590.650 6.727 -6.801 
1704869590.750 6.674 -6.848 
1704869590.851 6.617 -6.893 
1704869590.951 6.562 -6.935 
1704869591.051 6.506 -6.975 
1704869591.151 6.450 -7.014 
1704869591.251 6.394 -7.055 
1704869591.351 6.342 -7.100 
1704869591.451 6.277 -7.159 
1704869591.552 6.179 -7.213 
1704869591.652 6.094 -7.252 
1704869591.751 6.029 -7.283 
1704869591.852 5.947 -7.316 
1704869591.952 5.867 -7.343 
1704869592.052 5.786 -7.363 
1704869592.152 5.707 -7.385 
1704869592.252 5.639 -7.411 
1704869592.352 5.578 -7.433 
1704869592.453 5.493 -7.448 
1704869592.552 5.368 -7.445 
1704869592.653 5.276 -7.444 
1704869592.752 5.242 -7.442 
1704869592.852 5.207 -7.441 
1704869592.953 5.138 -7.432 
1704869593.052 5.059 -7.427 
1704869593.153 4.990 -7.428 
1704869593.253 4.924 -7.424 
1704869593.353 4.855 -7.418 
1704869593.454 4.786 -7.414 
1704869593.554 4.714 -7.410 
1704869593.654 4.645 -7.412 
1704869593.754 4.575 -7.406 
1704869593.854 4.504 -7.398 
1704869593.954 4.437 -7.390 
1704869594.056 4.372 -7.383 
1704869594.155 4.309 -7.372 
1704869594.255 4.227 -7.346 
1704869594.356 4.155 -7.327 
1704869594.455 4.092 -7.315 
1704869594.555 4.027 -7.307 
1704869594.655 3.965 -7.293 
1704869594.755 3.903 -7.279 
1704869594.855 3.833 -7.254 
1704869594.956 3.756 -7.220 
1704869595.056 3.685 -7.193 
1704869595.156 3.616 -7.169 
1704869595.256 3.548 -7.147 
1704869595.356 3.481 -7.129 
1704869595.455 3.410 -7.103 
1704869595.555 3.326 -7.067 
1704869595.655 3.249 -7.036 
1704869595.755 3.178 -7.006 
1704869595.856 3.104 -6.975 
1704869595.957 3.024 -6.945 
1704869596.058 2.943 -6.917 
1704869596.157 2.863 -6.889 
1704869596.257 2.785 -6.862 
1704869596.357 2.708 -6.834 
1704869596.457 2.630 -6.804 
1704869596.557 2.552 -6.776 
1704869596.657 2.473 -6.748 
1704869596.758 2.395 -6.719 
1704869596.857 2.319 -6.689 
1704869596.958 2.240 -6.661 
1704869597.058 2.157 -6.633 
1704869597.158 2.075 -6.611 
1704869597.258 1.993 -6.590 
1704869597.358 1.910 -6.571 
1704869597.458 1.830 -6.547 
1704869597.558 1.749 -6.528 
1704869597.658 1.673 -6.508 
1704869597.759 1.597 -6.487 
1704869597.859 1.518 -6.464 
1704869597.959 1.430 -6.448 
1704869598.059 1.348 -6.429 
1704869598.159 1.269 -6.411 
1704869598.259 1.191 -6.393 
1704869598.359 1.110 -6.374 
1704869598.460 1.031 -6.356 
1704869598.559 0.955 -6.338 
1704869598.660 0.875 -6.317 
1704869598.759 0.796 -6.297 
1704869598.860 0.717 -6.281 
1704869598.959 0.640 -6.263 
1704869599.060 0.560 -6.244 
1704869599.160 0.479 -6.226 
1704869599.261 0.396 -6.212 
1704869599.361 0.318 -6.198 
1704869599.461 0.239 -6.184 
1704869599.561 0.156 -6.171 
1704869599.661 0.071 -6.162 
1704869599.761 -0.007 -6.148 
1704869599.861 -0.089 -6.143 
1704869599.961 -0.175 -6.139 
1704869600.061 -0.263 -6.137 
1704869600.162 -0.356 -6.138 
1704869600.262 -0.444 -6.154 
1704869600.361 -0.534 -6.176 
1704869600.462 -0.616 -6.186 
1704869600.563 -0.682 -6.198 
1704869600.662 -0.758 -6.226 
1704869600.763 -0.846 -6.258 
1704869600.862 -0.931 -6.286 
1704869600.964 -1.012 -6.315 
1704869601.063 -1.089 -6.343 
1704869601.163 -1.166 -6.370 
1704869601.263 -1.245 -6.399 
1704869601.363 -1.326 -6.425 
1704869601.463 -1.404 -6.451 
1704869601.564 -1.482 -6.473 
1704869601.663 -1.557 -6.493 
1704869601.763 -1.635 -6.517 
1704869601.864 -1.707 -6.539 
1704869601.964 -1.780 -6.556 
1704869602.063 -1.852 -6.568 
1704869602.164 -1.967 -6.584 
1704869602.264 -2.069 -6.602 
1704869602.365 -2.166 -6.622 
1704869602.464 -2.256 -6.643 
1704869602.564 -2.338 -6.664 
1704869602.664 -2.414 -6.679 
1704869602.764 -2.469 -6.690 
1704869602.864 -2.518 -6.697 
1704869602.964 -2.583 -6.675 
1704869603.064 -2.656 -6.651 
1704869603.164 -2.720 -6.628 
1704869603.265 -2.770 -6.594 
1704869603.365 -2.807 -6.549 
1704869603.465 -2.852 -6.475 
1704869603.566 -2.882 -6.392 
1704869603.666 -2.896 -6.351 
1704869603.765 -2.900 -6.314 
1704869603.865 -2.903 -6.259 
1704869603.965 -2.909 -6.192 
1704869604.067 -2.919 -6.129 
1704869604.166 -2.924 -6.081 
1704869604.266 -2.925 -6.035 
1704869604.366 -2.929 -5.976 
1704869604.466 -2.934 -5.905 
1704869604.566 -2.950 -5.834 
1704869604.666 -2.963 -5.762 
1704869604.767 -2.970 -5.684 
1704869604.867 -2.971 -5.602 
1704869604.968 -2.973 -5.514 
1704869605.067 -2.977 -5.426 
1704869605.168 -2.978 -5.332 
1704869605.268 -2.981 -5.239 
1704869605.368 -2.982 -5.142 
1704869605.468 -2.987 -5.039 
1704869605.568 -2.982 -4.941 
1704869605.668 -2.983 -4.842 
1704869605.769 -2.988 -4.742 
1704869605.869 -2.994 -4.637 
1704869605.969 -3.013 -4.523 
1704869606.069 -3.046 -4.409 
1704869606.170 -3.052 -4.313 
1704869606.270 -3.077 -4.203 
1704869606.370 -3.116 -4.112 
1704869606.470 -3.156 -4.049 
1704869606.570 -3.210 -3.979 
1704869606.670 -3.264 -3.910 
1704869606.770 -3.328 -3.830 
1704869606.870 -3.399 -3.757 
1704869606.970 -3.467 -3.690 
1704869607.074 -3.534 -3.625 
1704869607.171 -3.599 -3.561 
1704869607.271 -3.677 -3.486 
1704869607.371 -3.769 -3.417 
1704869607.471 -3.860 -3.347 
1704869607.571 -3.953 -3.273 
1704869607.671 -4.042 -3.201 
1704869607.772 -4.133 -3.133 
1704869607.871 -4.221 -3.071 
1704869607.971 -4.306 -3.007 
1704869608.072 -4.384 -2.934 
1704869608.172 -4.456 -2.850 
1704869608.272 -4.527 -2.775 
1704869608.372 -4.604 -2.694 
1704869608.472 -4.689 -2.618 
1704869608.572 -4.773 -2.536 
1704869608.671 -4.848 -2.457 
1704869608.774 -4.923 -2.374 
1704869608.873 -4.972 -2.286 
1704869608.973 -5.006 -2.191 
1704869609.073 -5.044 -2.110 
1704869609.173 -5.083 -2.016 
1704869609.273 -5.097 -1.904 
1704869609.375 -5.109 -1.795 
1704869609.474 -5.124 -1.702 
1704869609.574 -5.118 -1.602 
1704869609.674 -5.085 -1.502 
1704869609.774 -5.069 -1.424 
1704869609.874 -5.055 -1.351 
1704869609.974 -5.005 -1.271 
1704869610.075 -4.927 -1.186 
1704869610.174 -4.871 -1.113 
1704869610.274 -4.797 -1.049 
1704869610.374 -4.699 -0.989 
1704869613.681 -4.766 -1.099 
1704869613.682 -4.766 -1.099 
1704869613.783 -4.846 -1.064 
1704869613.882 -4.953 -0.981 
1704869613.983 -5.047 -0.885 
1704869614.085 -5.137 -0.797 
1704869614.184 -5.230 -0.726 
1704869614.283 -5.325 -0.654 
1704869614.383 -5.419 -0.577 
1704869614.483 -5.510 -0.495 
1704869614.584 -5.608 -0.420 
1704869614.683 -5.703 -0.351 
1704869614.783 -5.799 -0.284 
1704869614.884 -5.893 -0.216 
1704869614.985 -5.993 -0.149 
1704869615.085 -6.093 -0.079 
1704869615.184 -6.191 -0.010 
1704869615.285 -6.288 0.060 
1704869615.386 -6.387 0.121 
1704869615.486 -6.488 0.181 
1704869615.586 -6.588 0.241 
1704869615.686 -6.701 0.294 
1704869615.786 -6.786 0.345 
1704869615.886 -6.857 0.387 
1704869615.987 -6.944 0.416 
1704869616.086 -7.035 0.440 
1704869616.186 -7.146 0.457 
1704869616.287 -7.258 0.478 
1704869616.389 -7.359 0.495 
1704869616.486 -7.435 0.507 
1704869616.587 -7.500 0.519 
1704869616.688 -7.551 0.537 
1704869616.787 -7.606 0.557 
1704869616.887 -7.661 0.550 
1704869616.988 -7.749 0.494 
1704869617.088 -7.853 0.433 
1704869617.189 -7.940 0.386 
1704869617.287 -7.990 0.387 
1704869619.294 -8.085 0.366 
1704869619.294 -8.085 0.367 
1704869619.392 -8.083 0.357 
1704869619.493 -8.069 0.256 
1704869619.593 -8.045 0.135 
1704869619.693 -8.025 0.023 
1704869619.793 -8.005 -0.093 
1704869619.893 -7.988 -0.214 
1704869619.993 -7.969 -0.334 
1704869620.093 -7.952 -0.456 
1704869620.193 -7.936 -0.576 
1704869620.293 -7.918 -0.695 
1704869620.393 -7.899 -0.816 
1704869620.493 -7.879 -0.941 
1704869620.594 -7.861 -1.063 
1704869620.693 -7.843 -1.181 
1704869620.793 -7.820 -1.298 
1704869620.893 -7.797 -1.418 
1704869620.994 -7.775 -1.529 
1704869621.094 -7.762 -1.612 
1704869621.194 -7.744 -1.696 
1704869621.295 -7.724 -1.784 
1704869621.394 -7.706 -1.868 
1704869621.494 -7.684 -1.949 
1704869621.594 -7.656 -2.038 
1704869621.694 -7.639 -2.116 
1704869621.797 -7.621 -2.193 
1704869621.897 -7.595 -2.277 
1704869621.998 -7.563 -2.363 
1704869622.098 -7.527 -2.450 
1704869622.197 -7.495 -2.533 
1704869622.297 -7.464 -2.614 
1704869622.398 -7.434 -2.690 
1704869622.498 -7.401 -2.768 
1704869622.598 -7.366 -2.847 
1704869622.699 -7.330 -2.927 
1704869622.799 -7.297 -3.007 
1704869622.898 -7.260 -3.090 
1704869622.999 -7.222 -3.165 
1704869623.099 -7.180 -3.241 
1704869623.199 -7.136 -3.319 
1704869623.299 -7.092 -3.397 
1704869623.399 -7.050 -3.476 
1704869623.499 -7.005 -3.555 
1704869623.599 -6.961 -3.626 
1704869623.699 -6.912 -3.701 
1704869623.800 -6.860 -3.778 
1704869623.900 -6.808 -3.860 
1704869625.908 -6.459 -3.948 
1704869625.909 -6.459 -3.948 
1704869626.010 -6.538 -3.982 
1704869626.110 -6.614 -4.012 
1704869626.210 -6.695 -4.064 
1704869626.310 -6.764 -4.161 
1704869626.411 -6.824 -4.246 
1704869626.510 -6.888 -4.347 
1704869626.610 -6.954 -4.455 
1704869626.710 -7.016 -4.546 
1704869626.810 -7.072 -4.644 
1704869626.911 -7.117 -4.753 
1704869627.011 -7.144 -4.868 
1704869627.110 -7.161 -4.981 
1704869627.211 -7.178 -5.104 
1704869627.311 -7.194 -5.211 
1704869627.411 -7.213 -5.291 
1704869627.511 -7.220 -5.349 
1704869627.611 -7.220 -5.401 
1704869627.711 -7.210 -5.462 
1704869627.812 -7.164 -5.560 
1704869627.912 -7.110 -5.654 
1704869628.012 -7.055 -5.737 
1704869628.112 -7.013 -5.814 
1704869628.211 -6.984 -5.878 
1704869628.312 -6.968 -5.913 
1704869628.412 -6.949 -5.933 
1704869628.512 -6.927 -5.958 
1704869628.612 -6.889 -6.006 
1704869628.713 -6.849 -6.062 
1704869628.812 -6.820 -6.111 
1704869628.912 -6.783 -6.161 
1704869629.013 -6.736 -6.212 
1704869629.113 -6.693 -6.262 
1704869629.213 -6.646 -6.313 
1704869629.316 -6.597 -6.364 
1704869629.413 -6.553 -6.411 
1704869629.513 -6.508 -6.459 
1704869629.615 -6.459 -6.506 
1704869629.714 -6.400 -6.562 
1704869629.815 -6.344 -6.622 
1704869629.915 -6.301 -6.677 
1704869630.015 -6.252 -6.726 
1704869630.116 -6.191 -6.775 
1704869630.215 -6.133 -6.818 
1704869630.315 -6.064 -6.863 
1704869630.416 -5.996 -6.911 
1704869630.518 -5.929 -6.961 
1704869630.616 -5.864 -7.013 
1704869630.716 -5.804 -7.045 
1704869630.819 -5.731 -7.077 
1704869630.916 -5.653 -7.118 
1704869631.016 -5.582 -7.158 
1704869631.116 -5.519 -7.201 
1704869631.216 -5.443 -7.236 
1704869631.316 -5.363 -7.269 
1704869631.416 -5.284 -7.306 
1704869631.516 -5.222 -7.339 
1704869631.617 -5.138 -7.363 
1704869631.717 -5.060 -7.390 
1704869631.817 -4.982 -7.411 
1704869631.917 -4.896 -7.429 
1704869632.018 -4.811 -7.454 
1704869632.118 -4.732 -7.485 
1704869632.217 -4.663 -7.519 
1704869632.318 -4.584 -7.542 
1704869632.417 -4.498 -7.551 
1704869632.518 -4.412 -7.553 
1704869632.618 -4.320 -7.555 
1704869632.718 -4.226 -7.561 
1704869632.818 -4.134 -7.564 
1704869632.917 -4.061 -7.570 
1704869633.019 -3.974 -7.564 
1704869633.120 -3.879 -7.560 
1704869633.220 -3.779 -7.553 
1704869633.320 -3.678 -7.540 
1704869633.420 -3.574 -7.522 
1704869633.521 -3.495 -7.515 
1704869633.621 -3.408 -7.511 
1704869633.721 -3.336 -7.497 
1704869633.821 -3.271 -7.487 
1704869633.921 -3.203 -7.482 
1704869634.021 -3.124 -7.473 
1704869634.121 -3.044 -7.461 
1704869634.221 -2.970 -7.453 
1704869634.320 -2.891 -7.442 
1704869634.422 -2.813 -7.432 
1704869634.521 -2.736 -7.425 
1704869634.621 -2.654 -7.416 
1704869634.722 -2.578 -7.405 
1704869634.822 -2.501 -7.396 
1704869634.921 -2.418 -7.387 
1704869635.023 -2.326 -7.378 
1704869636.527 -1.991 -7.236 
1704869636.528 -1.991 -7.236 
1704869636.630 -1.962 -7.250 
1704869636.728 -1.914 -7.350 
1704869636.827 -1.857 -7.447 
1704869637.630 -1.802 -7.448 
1704869637.731 -1.875 -7.516 
1704869638.540 -2.070 -7.578 
1704869638.540 -2.070 -7.578 
1704869638.639 -2.071 -7.573 
1704869638.739 -2.101 -7.556 
1704869638.838 -2.181 -7.574 
1704869638.951 -2.297 -7.621 
1704869639.043 -2.406 -7.655 
1704869639.141 -2.517 -7.683 
1704869639.239 -2.630 -7.712 
1704869639.339 -2.744 -7.741 
1704869639.439 -2.857 -7.770 
1704869639.539 -2.974 -7.800 
1704869639.641 -3.085 -7.830 
1704869639.740 -3.195 -7.852 
1704869639.840 -3.300 -7.870 
1704869639.940 -3.406 -7.890 
1704869640.039 -3.503 -7.910 
1704869640.139 -3.587 -7.938 
1704869640.241 -3.667 -7.962 
1704869640.340 -3.736 -7.982 
1704869640.441 -3.795 -7.992 
1704869640.541 -3.864 -7.999 
1704869640.641 -3.947 -8.017 
1704869640.741 -4.029 -8.044 
1704869640.841 -4.095 -8.056 
1704869640.941 -4.165 -8.062 
1704869641.041 -4.241 -8.072 
1704869641.141 -4.319 -8.089 
1704869641.242 -4.395 -8.105 
1704869641.341 -4.462 -8.116 
1704869641.441 -4.530 -8.123 
1704869641.542 -4.611 -8.138 
1704869641.642 -4.691 -8.149 
1704869641.742 -4.765 -8.163 
1704869641.843 -4.837 -8.175 
1704869641.942 -4.904 -8.181 
1704869642.042 -4.985 -8.193 
1704869642.143 -5.058 -8.204 
1704869642.247 -5.133 -8.214 
1704869642.347 -5.212 -8.222 
1704869642.447 -5.286 -8.233 
1704869642.547 -5.356 -8.238 
1704869642.647 -5.431 -8.245 
1704869642.748 -5.506 -8.256 
1704869642.847 -5.582 -8.267 
1704869642.947 -5.658 -8.276 
1704869643.048 -5.733 -8.284 
1704869643.148 -5.807 -8.291 
1704869643.248 -5.882 -8.299 
1704869643.348 -5.956 -8.307 
1704869643.448 -6.030 -8.313 
1704869643.552 -6.104 -8.322 
1704869643.650 -6.176 -8.328 
1704869643.749 -6.253 -8.334 
1704869643.849 -6.329 -8.341 
1704869643.949 -6.403 -8.347 
1704869644.049 -6.477 -8.353 
1704869644.149 -6.552 -8.360 
1704869644.250 -6.628 -8.367 
1704869644.349 -6.701 -8.372 
1704869644.449 -6.777 -8.377 
1704869644.549 -6.852 -8.382 
1704869644.649 -6.926 -8.387 
1704869644.749 -7.001 -8.391 
1704869644.850 -7.075 -8.396 
1704869644.949 -7.151 -8.400 
1704869645.050 -7.254 -8.428 
1704869649.969 -7.535 -8.505 
1704869649.970 -7.535 -8.505 
1704869650.070 -7.498 -8.491 
1704869650.171 -7.385 -8.487 
1704869650.271 -7.228 -8.496 
1704869650.371 -7.108 -8.491 
1704869650.471 -7.002 -8.510 
1704869650.571 -6.889 -8.541 
1704869650.671 -6.768 -8.561 
1704869650.771 -6.647 -8.575 
1704869650.871 -6.528 -8.587 
1704869650.972 -6.410 -8.599 
1704869651.072 -6.291 -8.611 
1704869651.171 -6.174 -8.623 
1704869651.272 -6.068 -8.629 
1704869651.372 -5.973 -8.634 
1704869651.473 -5.887 -8.641 
1704869651.572 -5.794 -8.647 
1704869651.672 -5.702 -8.652 
1704869651.772 -5.608 -8.657 
1704869651.872 -5.515 -8.662 
1704869651.972 -5.423 -8.667 
1704869652.073 -5.326 -8.672 
1704869652.173 -5.230 -8.677 
1704869652.273 -5.134 -8.678 
1704869652.374 -5.037 -8.677 
1704869652.474 -4.939 -8.676 
1704869652.573 -4.844 -8.675 
1704869652.676 -4.748 -8.677 
1704869652.774 -4.653 -8.679 
1704869652.874 -4.553 -8.682 
1704869652.974 -4.454 -8.680 
1704869653.074 -4.351 -8.681 
1704869653.174 -4.250 -8.682 
1704869653.274 -4.160 -8.676 
1704869653.374 -4.061 -8.674 
1704869653.474 -3.949 -8.678 
1704869653.574 -3.872 -8.670 
1704869653.675 -3.820 -8.653 
1704869653.775 -3.773 -8.635 
1704869653.875 -3.717 -8.620 
1704869653.976 -3.639 -8.592 
1704869654.075 -3.529 -8.557 
1704869654.177 -3.430 -8.520 
1704869654.276 -3.368 -8.477 
1704869654.376 -3.320 -8.458 
1704869654.476 -3.248 -8.427 
1704869654.576 -3.155 -8.359 
1704869654.676 -3.076 -8.295 
1704869654.776 -3.017 -8.261 
1704869654.876 -2.953 -8.223 
1704869654.976 -2.865 -8.154 
1704869655.077 -2.782 -8.078 
1704869655.177 -2.710 -8.033 
1704869655.277 -2.641 -7.984 
1704869655.377 -2.561 -7.920 
1704869655.478 -2.471 -7.838 
1704869655.579 -2.391 -7.776 
1704869655.680 -2.308 -7.715 
1704869655.780 -2.225 -7.646 
1704869655.880 -2.144 -7.575 
1704869655.979 -2.065 -7.501 
1704869656.079 -1.987 -7.426 
1704869656.180 -1.909 -7.351 
1704869656.280 -1.827 -7.274 
1704869656.379 -1.747 -7.199 
1704869656.481 -1.665 -7.121 
1704869656.582 -1.582 -7.043 
1704869656.682 -1.499 -6.966 
1704869656.782 -1.421 -6.891 
1704869656.882 -1.343 -6.818 
1704869656.982 -1.268 -6.751 
1704869657.082 -1.182 -6.680 
1704869657.182 -1.096 -6.601 
1704869657.283 -1.019 -6.530 
1704869657.382 -0.936 -6.462 
1704869657.482 -0.855 -6.401 
1704869657.583 -0.767 -6.344 
1704869657.684 -0.664 -6.290 
1704869657.783 -0.580 -6.234 
1704869657.884 -0.491 -6.189 
1704869657.983 -0.391 -6.149 
1704869658.084 -0.287 -6.107 
1704869658.183 -0.192 -6.074 
1704869658.284 -0.098 -6.044 
1704869658.384 -0.002 -6.016 
1704869658.485 0.096 -5.995 
1704869658.584 0.189 -5.975 
1704869658.685 0.285 -5.966 
1704869658.785 0.377 -5.965 
1704869658.885 0.480 -5.956 
1704869658.986 0.577 -5.950 
1704869659.085 0.669 -5.952 
1704869659.186 0.755 -5.965 
1704869659.286 0.845 -5.984 
1704869659.385 0.941 -6.005 
1704869659.485 1.032 -6.015 
1704869659.586 1.122 -6.025 
1704869659.686 1.201 -6.048 
1704869659.786 1.283 -6.078 
1704869659.886 1.374 -6.103 
1704869659.986 1.461 -6.131 
1704869660.086 1.543 -6.166 
1704869660.186 1.625 -6.203 
1704869660.286 1.709 -6.254 
1704869660.387 1.791 -6.295 
1704869660.487 1.871 -6.348 
1704869660.587 1.951 -6.409 
1704869660.687 2.031 -6.472 
1704869660.787 2.106 -6.545 
1704869660.888 2.180 -6.623 
1704869660.988 2.262 -6.696 
1704869661.088 2.337 -6.771 
1704869661.188 2.403 -6.845 
1704869661.289 2.474 -6.926 
1704869661.388 2.556 -7.011 
1704869661.488 2.636 -7.091 
1704869661.589 2.713 -7.170 
1704869661.688 2.790 -7.244 
1704869661.788 2.864 -7.318 
1704869661.889 2.940 -7.395 
1704869661.989 3.022 -7.475 
1704869662.088 3.100 -7.547 
1704869662.189 3.176 -7.616 
1704869662.289 3.250 -7.686 
1704869662.389 3.326 -7.751 
1704869662.489 3.407 -7.811 
1704869662.589 3.483 -7.873 
1704869662.689 3.558 -7.934 
1704869662.789 3.631 -7.989 
1704869662.891 3.696 -8.043 
1704869662.990 3.772 -8.090 
1704869663.090 3.847 -8.133 
1704869663.190 3.915 -8.174 
1704869663.289 3.982 -8.214 
1704869663.390 4.048 -8.258 
1704869663.492 4.107 -8.297 
1704869663.590 4.175 -8.330 
1704869663.690 4.254 -8.363 
1704869663.790 4.322 -8.393 
1704869663.891 4.421 -8.422 
1704869663.991 4.520 -8.463 
1704869664.091 4.607 -8.501 
1704869664.191 4.694 -8.528 
1704869664.291 4.779 -8.552 
1704869664.391 4.866 -8.573 
1704869664.491 4.953 -8.600 
1704869664.592 5.031 -8.629 
1704869664.691 5.114 -8.650 
1704869664.792 5.214 -8.658 
1704869664.892 5.308 -8.663 
1704869664.992 5.380 -8.670 
1704869665.093 5.455 -8.676 
1704869665.192 5.537 -8.688 
1704869665.293 5.627 -8.690 
1704869665.393 5.721 -8.679 
1704869665.493 5.810 -8.674 
1704869665.594 5.887 -8.673 
1704869665.693 5.970 -8.671 
1704869665.797 6.060 -8.664 
1704869665.900 6.160 -8.642 
1704869666.015 6.257 -8.625 
1704869666.114 6.345 -8.614 
1704869666.215 6.413 -8.603 
1704869666.315 6.479 -8.586 
1704869666.414 6.540 -8.562 
1704869666.514 6.594 -8.537 
1704869666.614 6.661 -8.516 
1704869666.715 6.747 -8.490 
1704869666.815 6.825 -8.473 
1704869666.916 6.899 -8.446 
1704869667.015 6.975 -8.420 
1704869667.115 7.051 -8.396 
1704869667.216 7.130 -8.369 
1704869667.317 7.203 -8.345 
1704869667.414 7.274 -8.322 
1704869667.515 7.352 -8.294 
1704869667.615 7.436 -8.249 
1704869667.716 7.518 -8.204 
1704869667.816 7.596 -8.163 
1704869667.916 7.677 -8.122 
