1704868173.753 4.144 0.075 
1704868173.753 4.144 0.075 
1704868173.853 4.184 0.101 
1704868173.956 4.286 0.147 
1704868174.054 4.433 0.191 
1704868174.153 4.553 0.238 
1704868174.253 4.658 0.266 
1704868174.353 4.772 0.296 
1704868174.453 4.887 0.324 
1704868174.554 5.003 0.356 
1704868174.655 5.119 0.387 
1704868174.754 5.232 0.415 
1704868174.855 5.349 0.444 
1704868174.954 5.464 0.472 
1704868175.055 5.580 0.501 
1704868175.155 5.697 0.530 
1704868175.255 5.815 0.558 
1704868175.355 5.937 0.584 
1704868175.455 6.029 0.596 
1704868175.556 6.129 0.613 
1704868175.655 6.232 0.629 
1704868175.755 6.330 0.646 
1704868177.760 6.576 0.840 
1704868177.860 6.583 0.732 
1704868177.961 6.588 0.602 
1704868178.061 6.618 0.470 
1704868178.162 6.666 0.356 
1704868178.262 6.679 0.242 
1704868178.362 6.622 0.126 
1704868178.462 6.554 0.048 
1704868178.561 6.475 -0.040 
1704868178.662 6.385 -0.136 
1704868178.763 6.309 -0.225 
1704868178.862 6.225 -0.306 
1704868178.962 6.137 -0.392 
1704868179.062 6.046 -0.482 
1704868180.565 5.985 -0.591 
1704868180.566 5.985 -0.590 
1704868180.667 5.927 -0.555 
1704868180.767 5.805 -0.509 
1704868180.867 5.681 -0.459 
1704868180.968 5.577 -0.422 
1704868181.067 5.469 -0.373 
1704868181.168 5.350 -0.321 
1704868181.273 5.238 -0.269 
1704868181.369 5.148 -0.219 
1704868181.468 5.057 -0.165 
1704868181.569 4.960 -0.105 
1704868181.669 4.871 -0.035 
1704868181.768 4.784 0.030 
1704868181.868 4.723 0.062 
1704868181.968 4.664 0.088 
1704868182.069 4.615 0.114 
1704868182.169 4.581 0.140 
1704868182.279 4.583 0.167 
1704868182.370 4.617 0.185 
1704868182.470 4.659 0.192 
1704868182.571 4.670 0.175 
1704868182.671 4.674 0.176 
1704868182.770 4.723 0.195 
1704868182.872 4.770 0.207 
1704868182.978 4.799 0.215 
1704868183.074 4.832 0.241 
1704868183.173 4.921 0.258 
1704868183.273 5.004 0.295 
1704868183.373 5.053 0.301 
1704868183.473 5.075 0.295 
1704868183.572 5.116 0.306 
1704868183.674 5.192 0.311 
1704868183.774 5.301 0.292 
1704868183.875 5.388 0.292 
1704868183.974 5.441 0.289 
1704868184.074 5.512 0.281 
1704868184.174 5.601 0.274 
1704868184.274 5.700 0.263 
1704868184.374 5.793 0.254 
1704868184.475 5.879 0.236 
1704868184.575 5.964 0.217 
1704868184.676 6.057 0.197 
1704868184.775 6.150 0.175 
1704868184.875 6.245 0.150 
1704868184.975 6.341 0.125 
1704868185.076 6.437 0.101 
1704868185.176 6.520 0.076 
1704868185.276 6.603 0.045 
1704868185.376 6.697 0.014 
1704868185.476 6.789 -0.015 
1704868185.576 6.871 -0.043 
1704868185.678 6.941 -0.060 
1704868185.776 7.022 -0.074 
1704868185.876 7.110 -0.083 
1704868185.978 7.205 -0.082 
1704868186.077 7.289 -0.079 
1704868186.177 7.358 -0.079 
1704868186.277 7.425 -0.079 
1704868186.378 7.475 -0.089 
1704868186.477 7.567 -0.065 
1704868186.577 7.681 -0.029 
1704868186.677 7.752 -0.022 
1704868186.777 7.808 -0.022 
1704868186.878 7.881 0.005 
1704868186.978 7.954 0.037 
1704868187.077 8.024 0.062 
1704868187.177 8.088 0.092 
1704868187.279 8.144 0.136 
1704868187.382 8.197 0.207 
1704868187.479 8.247 0.287 
1704868187.578 8.295 0.366 
1704868187.679 8.335 0.417 
1704868187.779 8.368 0.457 
1704868187.878 8.381 0.496 
1704868187.978 8.399 0.573 
1704868188.080 8.439 0.684 
1704868188.179 8.476 0.787 
1704868188.280 8.509 0.882 
1704868188.380 8.534 0.965 
1704868188.480 8.562 1.057 
1704868188.579 8.591 1.149 
1704868188.679 8.620 1.235 
1704868188.780 8.646 1.315 
1704868188.880 8.667 1.386 
1704868188.980 8.686 1.456 
1704868189.080 8.712 1.519 
1704868189.180 8.730 1.577 
1704868189.280 8.735 1.680 
1704868189.380 8.751 1.798 
1704868189.481 8.765 1.875 
1704868189.581 8.780 1.959 
1704868189.681 8.773 2.059 
1704868191.292 8.876 2.076 
1704868191.292 8.876 2.076 
1704868191.392 8.876 2.101 
1704868191.492 8.857 2.150 
1704868191.593 8.836 2.281 
1704868191.696 8.827 2.421 
1704868191.797 8.840 2.551 
1704868191.897 8.853 2.673 
1704868191.997 8.857 2.818 
1704868192.096 8.867 2.947 
1704868192.196 8.875 3.065 
1704868192.298 8.869 3.176 
1704868192.398 8.869 3.296 
1704868192.497 8.868 3.389 
1704868192.598 8.870 3.460 
1704868192.698 8.872 3.535 
1704868192.798 8.870 3.611 
1704868192.898 8.874 3.705 
1704868192.998 8.877 3.826 
1704868193.098 8.877 3.951 
1704868193.199 8.875 4.054 
1704868193.299 8.861 4.125 
1704868193.398 8.853 4.206 
1704868193.500 8.849 4.300 
1704868193.599 8.845 4.394 
1704868193.700 8.836 4.486 
1704868193.802 8.814 4.563 
1704868193.900 8.779 4.625 
1704868194.000 8.740 4.712 
1704868194.101 8.686 4.799 
1704868194.204 8.609 4.891 
1704868194.302 8.529 4.976 
1704868194.401 8.429 5.046 
1704868194.501 8.300 5.087 
1704868194.601 8.159 5.084 
1704868194.701 8.022 5.078 
1704868194.801 7.892 5.062 
1704868194.901 7.782 5.033 
1704868195.002 7.672 4.992 
1704868195.101 7.579 4.918 
1704868195.201 7.511 4.833 
1704868195.302 7.441 4.737 
1704868195.402 7.387 4.632 
1704868195.502 7.345 4.549 
1704868195.601 7.308 4.511 
1704868195.702 7.274 4.461 
1704868195.802 7.251 4.382 
1704868195.902 7.217 4.281 
1704868196.002 7.190 4.181 
1704868196.102 7.170 4.092 
1704868196.202 7.153 3.997 
1704868196.302 7.132 3.900 
1704868196.403 7.113 3.804 
1704868196.502 7.096 3.704 
1704868196.603 7.080 3.615 
1704868196.703 7.061 3.517 
1704868196.804 7.039 3.421 
1704868196.904 7.020 3.325 
1704868197.004 7.012 3.233 
1704868197.104 6.996 3.151 
1704868197.203 6.972 3.071 
1704868197.303 6.942 2.986 
1704868197.404 6.900 2.905 
1704868197.504 6.858 2.825 
1704868197.604 6.810 2.749 
1704868197.704 6.758 2.677 
1704868197.804 6.696 2.610 
1704868197.905 6.619 2.556 
1704868198.004 6.543 2.496 
1704868198.105 6.485 2.441 
1704868198.205 6.420 2.396 
1704868198.305 6.334 2.360 
1704868198.405 6.217 2.343 
1704868198.505 6.114 2.337 
1704868198.605 6.022 2.322 
1704868198.705 5.929 2.298 
1704868198.809 5.863 2.286 
1704868198.908 5.802 2.282 
1704868199.010 5.734 2.280 
1704868199.109 5.663 2.280 
1704868199.209 5.574 2.289 
1704868199.309 5.478 2.304 
1704868199.409 5.390 2.315 
1704868199.509 5.308 2.322 
1704868199.609 5.224 2.328 
1704868199.709 5.135 2.335 
1704868199.809 5.045 2.345 
1704868199.910 4.954 2.356 
1704868200.010 4.867 2.366 
1704868200.110 4.780 2.375 
1704868200.211 4.687 2.389 
1704868200.310 4.598 2.401 
1704868200.410 4.508 2.412 
1704868200.511 4.418 2.423 
1704868200.611 4.329 2.434 
1704868200.710 4.243 2.444 
1704868200.810 4.154 2.456 
1704868200.911 4.063 2.466 
1704868201.012 3.973 2.470 
1704868201.111 3.887 2.472 
1704868201.212 3.800 2.475 
1704868201.311 3.717 2.481 
1704868201.411 3.628 2.486 
1704868201.511 3.537 2.483 
1704868201.612 3.452 2.481 
1704868201.713 3.374 2.479 
1704868201.813 3.298 2.477 
1704868201.911 3.222 2.475 
1704868202.012 3.136 2.462 
1704868202.112 3.055 2.454 
1704868202.212 2.982 2.451 
1704868202.313 2.879 2.432 
1704868202.413 2.763 2.414 
1704868202.513 2.657 2.398 
1704868202.614 2.576 2.393 
1704868202.713 2.495 2.378 
1704868202.813 2.412 2.360 
1704868202.913 2.328 2.344 
1704868203.014 2.248 2.321 
1704868203.114 2.172 2.284 
1704868203.214 2.097 2.243 
1704868203.313 2.018 2.204 
1704868203.414 1.928 2.154 
1704868203.514 1.835 2.097 
1704868203.614 1.752 2.050 
1704868203.715 1.685 2.012 
1704868203.814 1.629 1.989 
1704868203.915 1.597 2.005 
1704868204.018 1.551 1.988 
1704868204.114 1.500 1.865 
1704868204.215 1.451 1.729 
1704868204.315 1.382 1.624 
1704868204.415 1.333 1.520 
1704868204.515 1.290 1.427 
1704868204.615 1.290 1.339 
1704868204.715 1.324 1.241 
1704868204.816 1.350 1.158 
1704868204.916 1.375 1.072 
1704868205.016 1.394 0.996 
1704868205.116 1.429 0.906 
1704868205.216 1.492 0.790 
1704868205.319 1.547 0.682 
1704868205.416 1.580 0.620 
1704868205.517 1.597 0.556 
1704868205.616 1.622 0.486 
1704868205.717 1.668 0.399 
1704868205.817 1.706 0.312 
1704868205.916 1.737 0.234 
1704868206.016 1.772 0.160 
1704868206.117 1.813 0.074 
1704868209.236 1.712 -0.101 
1704868209.236 1.712 -0.101 
1704868209.337 1.692 -0.116 
1704868209.437 1.597 -0.122 
1704868209.537 1.473 -0.143 
1704868209.637 1.347 -0.162 
1704868209.738 1.228 -0.181 
1704868209.837 1.119 -0.178 
1704868209.938 0.998 -0.175 
1704868210.038 0.869 -0.173 
1704868210.138 0.754 -0.166 
1704868210.238 0.649 -0.150 
1704868210.338 0.569 -0.141 
1704868210.438 0.494 -0.137 
1704868210.538 0.415 -0.131 
1704868210.639 0.335 -0.122 
1704868210.740 0.257 -0.109 
1704868210.839 0.182 -0.097 
1704868210.939 0.112 -0.091 
1704868211.039 0.053 -0.088 
1704868211.139 -0.001 -0.078 
1704868211.240 -0.066 -0.053 
1704868211.339 -0.129 -0.018 
1704868211.439 -0.194 0.029 
1704868211.539 -0.266 0.076 
1704868211.643 -0.330 0.119 
1704868211.743 -0.387 0.153 
1704868211.844 -0.449 0.191 
1704868211.944 -0.511 0.234 
1704868212.046 -0.572 0.285 
1704868212.144 -0.629 0.337 
1704868212.244 -0.688 0.394 
1704868212.344 -0.741 0.454 
1704868212.444 -0.787 0.518 
1704868212.544 -0.836 0.583 
1704868212.644 -0.886 0.649 
1704868212.745 -0.934 0.718 
1704868212.846 -0.981 0.787 
1704868212.946 -1.017 0.861 
1704868213.045 -1.046 0.941 
1704868213.145 -1.079 1.031 
1704868213.244 -1.115 1.117 
1704868213.345 -1.151 1.209 
1704868213.445 -1.173 1.286 
1704868213.546 -1.192 1.350 
1704868213.646 -1.218 1.430 
1704868213.746 -1.256 1.527 
1704868213.846 -1.287 1.644 
1704868213.946 -1.298 1.744 
1704868214.047 -1.316 1.841 
1704868214.146 -1.335 1.932 
1704868214.246 -1.348 2.028 
1704868214.346 -1.356 2.124 
1704868214.446 -1.359 2.203 
1704868214.547 -1.370 2.272 
1704868214.646 -1.384 2.341 
1704868214.748 -1.393 2.414 
1704868214.848 -1.389 2.497 
1704868214.948 -1.382 2.576 
1704868215.049 -1.377 2.653 
1704868215.149 -1.373 2.728 
1704868215.249 -1.370 2.811 
1704868215.348 -1.366 2.892 
1704868215.449 -1.360 2.974 
1704868215.550 -1.350 3.049 
1704868215.651 -1.338 3.129 
1704868215.750 -1.325 3.208 
1704868215.850 -1.310 3.289 
1704868215.949 -1.302 3.367 
1704868216.050 -1.292 3.450 
1704868216.149 -1.277 3.529 
1704868216.250 -1.257 3.610 
1704868216.349 -1.234 3.697 
1704868220.258 -1.160 3.932 
1704868220.259 -1.160 3.932 
1704868220.360 -1.131 3.899 
1704868220.460 -1.073 3.824 
1704868220.560 -0.970 3.742 
1704868220.660 -0.870 3.656 
1704868220.761 -0.793 3.569 
1704868220.861 -0.697 3.506 
1704868220.960 -0.596 3.453 
1704868221.060 -0.495 3.403 
1704868221.161 -0.388 3.359 
1704868221.260 -0.280 3.321 
1704868221.360 -0.174 3.287 
1704868221.461 -0.064 3.250 
1704868221.561 0.050 3.209 
1704868221.661 0.157 3.173 
1704868221.761 0.261 3.136 
1704868221.862 0.372 3.095 
1704868221.962 0.474 3.055 
1704868222.062 0.572 3.023 
1704868222.163 0.644 2.994 
1704868222.265 0.717 2.973 
1704868222.362 0.788 2.957 
1704868222.461 0.858 2.944 
1704868222.563 0.924 2.931 
1704868222.663 0.989 2.915 
1704868222.763 1.102 2.916 
1704868222.863 1.209 2.919 
1704868222.963 1.253 2.900 
1704868223.063 1.278 2.898 
1704868223.162 1.323 2.901 
1704868223.263 1.419 2.908 
1704868223.363 1.544 2.922 
1704868223.463 1.654 2.940 
1704868223.564 1.733 2.953 
1704868223.663 1.790 2.961 
1704868223.763 1.846 2.967 
1704868223.865 1.909 2.986 
1704868223.963 1.973 3.006 
1704868224.065 2.035 3.020 
1704868224.164 2.105 3.039 
1704868224.264 2.195 3.070 
1704868224.365 2.280 3.101 
1704868224.464 2.361 3.122 
1704868224.565 2.438 3.128 
1704868224.665 2.508 3.136 
1704868224.765 2.585 3.142 
1704868224.864 2.688 3.148 
1704868224.964 2.788 3.157 
1704868225.065 2.871 3.154 
1704868225.165 2.922 3.137 
1704868225.266 3.005 3.130 
1704868225.366 3.115 3.124 
1704868225.465 3.239 3.118 
1704868225.566 3.331 3.089 
1704868225.666 3.388 3.070 
1704868225.766 3.438 3.057 
1704868225.866 3.497 3.028 
1704868229.773 3.981 2.734 
1704868229.875 3.910 2.788 
1704868229.975 3.805 2.851 
1704868230.074 3.667 2.893 
1704868230.174 3.561 2.938 
1704868230.274 3.442 2.951 
1704868230.374 3.322 2.951 
1704868230.474 3.205 2.964 
1704868230.575 3.098 2.983 
1704868230.675 2.976 2.990 
1704868230.774 2.845 2.982 
1704868230.875 2.722 2.974 
1704868230.976 2.607 2.971 
1704868231.077 2.488 2.965 
1704868231.177 2.357 2.944 
1704868231.277 2.244 2.909 
1704868231.378 2.126 2.866 
1704868231.478 2.009 2.826 
1704868231.577 1.892 2.786 
1704868231.678 1.813 2.750 
1704868231.778 1.742 2.724 
1704868231.877 1.660 2.701 
1704868231.978 1.572 2.698 
1704868232.078 1.471 2.704 
1704868232.179 1.372 2.708 
1704868232.279 1.270 2.716 
1704868232.378 1.175 2.716 
1704868232.478 1.104 2.700 
1704868232.579 1.003 2.709 
1704868232.679 0.884 2.739 
1704868232.779 0.774 2.760 
1704868232.879 0.689 2.786 
1704868232.979 0.600 2.817 
1704868233.079 0.503 2.852 
1704868233.179 0.402 2.893 
1704868233.281 0.280 2.921 
1704868233.380 0.158 2.942 
1704868233.480 0.054 2.975 
1704868233.581 -0.060 2.995 
1704868233.681 -0.192 3.000 
1704868233.781 -0.345 2.992 
1704868233.882 -0.508 2.993 
1704868233.982 -0.677 3.013 
1704868234.082 -0.798 3.016 
1704868234.182 -0.888 3.011 
1704868234.282 -0.997 3.058 
1704868234.382 -1.092 3.134 
1704868234.482 -1.189 3.200 
1704868234.582 -1.279 3.290 
1704868234.683 -1.346 3.404 
1704868234.785 -1.373 3.522 
1704868234.884 -1.364 3.648 
1704868234.985 -1.350 3.766 
1704868235.085 -1.324 3.881 
1704868235.186 -1.296 4.003 
1704868235.285 -1.271 4.119 
1704868235.385 -1.243 4.238 
1704868235.486 -1.229 4.349 
1704868235.586 -1.196 4.460 
1704868235.686 -1.149 4.579 
1704868235.786 -1.111 4.690 
1704868235.887 -1.077 4.810 
1704868235.986 -1.044 4.928 
1704868236.086 -0.997 5.040 
1704868236.187 -0.933 5.144 
1704868236.287 -0.872 5.251 
1704868236.388 -0.791 5.349 
1704868236.487 -0.718 5.441 
1704868236.587 -0.637 5.527 
1704868236.687 -0.553 5.609 
1704868236.788 -0.466 5.691 
1704868236.888 -0.378 5.773 
1704868236.988 -0.292 5.857 
1704868237.087 -0.203 5.941 
1704868237.187 -0.114 6.022 
1704868237.288 -0.030 6.103 
1704868237.391 0.046 6.187 
1704868237.489 0.117 6.278 
1704868237.588 0.185 6.373 
1704868237.688 0.234 6.469 
1704868237.788 0.277 6.580 
1704868237.888 0.274 6.723 
1704868239.693 0.047 6.826 
1704868239.794 0.110 6.799 
1704868239.894 0.126 6.749 
1704868239.994 0.106 6.699 
1704868240.094 0.063 6.672 
1704868240.195 -0.001 6.651 
1704868240.295 -0.089 6.642 
1704868240.394 -0.173 6.645 
1704868240.494 -0.229 6.658 
1704868240.595 -0.258 6.658 
1704868240.694 -0.300 6.659 
1704868240.795 -0.359 6.650 
1704868240.895 -0.446 6.640 
1704868240.995 -0.552 6.614 
1704868241.095 -0.616 6.597 
1704868241.198 -0.680 6.575 
1704868241.299 -0.761 6.546 
1704868241.398 -0.842 6.520 
1704868241.498 -0.921 6.500 
1704868241.598 -0.996 6.479 
1704868241.699 -1.071 6.459 
1704868241.799 -1.157 6.443 
1704868241.899 -1.260 6.438 
1704868241.999 -1.350 6.425 
1704868242.099 -1.428 6.410 
1704868242.199 -1.507 6.400 
1704868242.299 -1.611 6.412 
1704868242.399 -1.710 6.420 
1704868242.499 -1.799 6.425 
1704868242.599 -1.878 6.436 
1704868242.700 -1.952 6.436 
1704868242.800 -2.032 6.427 
1704868242.900 -2.113 6.416 
1704868243.001 -2.180 6.416 
1704868243.100 -2.240 6.417 
1704868243.200 -2.316 6.391 
1704868243.300 -2.440 6.303 
1704868243.401 -2.543 6.243 
1704868243.501 -2.603 6.208 
1704868243.600 -2.630 6.195 
1704868243.700 -2.625 6.230 
1704868243.801 -2.617 6.192 
1704868243.902 -2.613 6.081 
1704868244.001 -2.635 6.023 
1704868244.101 -2.654 5.956 
1704868244.201 -2.614 5.848 
1704868244.301 -2.596 5.773 
1704868244.402 -2.579 5.729 
1704868244.502 -2.586 5.591 
1704868244.601 -2.580 5.491 
1704868244.703 -2.534 5.416 
1704868244.803 -2.537 5.332 
1704868244.903 -2.584 5.227 
1704868245.007 -2.637 5.133 
1704868245.107 -2.679 5.051 
1704868245.207 -2.708 4.977 
1704868245.307 -2.724 4.916 
1704868245.410 -2.768 4.846 
1704868245.507 -2.833 4.751 
1704868245.607 -2.896 4.664 
1704868245.708 -2.951 4.585 
1704868245.808 -2.997 4.520 
1704868245.908 -3.042 4.469 
1704868246.008 -3.084 4.389 
1704868246.111 -3.128 4.315 
1704868246.208 -3.166 4.251 
1704868246.308 -3.203 4.181 
1704868246.408 -3.238 4.103 
1704868246.509 -3.257 4.019 
1704868246.609 -3.266 3.934 
1704868246.708 -3.285 3.865 
1704868246.809 -3.315 3.808 
1704868246.909 -3.326 3.754 
1704868247.009 -3.318 3.686 
1704868247.109 -3.310 3.581 
1704868247.209 -3.302 3.461 
1704868247.310 -3.297 3.338 
1704868247.411 -3.290 3.226 
1704868247.510 -3.296 3.123 
1704868247.610 -3.307 3.029 
1704868247.710 -3.320 2.937 
1704868247.811 -3.339 2.837 
1704868247.910 -3.357 2.751 
1704868248.010 -3.376 2.682 
1704868248.110 -3.388 2.589 
1704868248.211 -3.399 2.482 
1704868248.310 -3.413 2.399 
1704868248.410 -3.415 2.332 
1704868248.510 -3.422 2.272 
1704868248.611 -3.437 2.212 
1704868248.711 -3.460 2.146 
1704868248.812 -3.493 2.082 
1704868248.911 -3.541 2.036 
1704868249.012 -3.581 1.977 
1704868249.112 -3.618 1.885 
1704868249.212 -3.655 1.789 
1704868249.312 -3.688 1.703 
1704868249.412 -3.710 1.628 
1704868249.512 -3.724 1.568 
1704868249.612 -3.748 1.503 
1704868249.713 -3.782 1.422 
1704868249.813 -3.815 1.338 
1704868249.912 -3.832 1.223 
1704868250.014 -3.858 1.103 
1704868250.115 -3.880 0.989 
1704868250.215 -3.895 0.896 
1704868250.314 -3.905 0.805 
1704868250.414 -3.917 0.708 
1704868251.718 -4.118 0.609 
1704868251.818 -4.019 0.573 
1704868251.918 -3.889 0.529 
1704868252.018 -3.755 0.494 
1704868252.118 -3.667 0.438 
1704868252.218 -3.590 0.408 
1704868252.318 -3.494 0.407 
1704868252.419 -3.361 0.385 
1704868252.518 -3.245 0.373 
1704868252.619 -3.139 0.353 
1704868252.719 -3.069 0.352 
1704868252.819 -3.005 0.344 
1704868252.919 -2.941 0.333 
1704868253.019 -2.875 0.318 
1704868253.119 -2.798 0.285 
1704868253.219 -2.713 0.224 
1704868253.319 -2.635 0.175 
1704868253.419 -2.571 0.133 
1704868253.520 -2.503 0.085 
1704868253.620 -2.426 0.017 
1704868253.721 -2.344 -0.058 
1704868253.820 -2.272 -0.121 
1704868253.924 -2.201 -0.179 
1704868254.021 -2.126 -0.243 
1704868254.121 -2.050 -0.309 
1704868254.221 -1.990 -0.377 
1704868254.320 -1.939 -0.447 
1704868254.421 -1.898 -0.509 
1704868254.521 -1.868 -0.542 
1704868254.621 -1.842 -0.603 
1704868254.722 -1.811 -0.700 
1704868254.821 -1.794 -0.771 
1704868257.631 -1.993 -0.903 
1704868257.731 -1.988 -0.880 
1704868257.832 -1.958 -0.850 
1704868257.932 -1.846 -0.830 
1704868258.031 -1.726 -0.821 
1704868258.132 -1.692 -0.837 
1704868258.233 -1.781 -0.826 
1704868258.332 -1.894 -0.801 
1704868258.433 -2.027 -0.762 
1704868258.532 -2.169 -0.688 
1704868258.633 -2.320 -0.608 
1704868258.733 -2.414 -0.540 
1704868258.833 -2.488 -0.480 
1704868258.933 -2.534 -0.457 
1704868259.034 -2.650 -0.437 
1704868259.133 -2.769 -0.400 
1704868259.234 -2.846 -0.378 
1704868259.333 -2.884 -0.354 
1704868259.435 -2.954 -0.350 
1704868259.536 -3.049 -0.337 
1704868259.635 -3.154 -0.332 
1704868259.736 -3.285 -0.337 
1704868259.836 -3.412 -0.344 
1704868259.939 -3.509 -0.361 
1704868260.038 -3.557 -0.376 
1704868260.139 -3.583 -0.376 
1704868260.244 -3.610 -0.384 
1704868261.947 -3.700 -0.513 
1704868262.047 -3.698 -0.467 
1704868262.147 -3.700 -0.405 
1704868262.247 -3.690 -0.387 
1704868262.347 -3.655 -0.470 
1704868262.448 -3.614 -0.592 
1704868262.548 -3.600 -0.705 
1704868262.648 -3.620 -0.854 
1704868262.748 -3.604 -0.941 
1704868262.848 -3.591 -1.001 
1704868262.948 -3.614 -1.104 
1704868263.050 -3.652 -1.229 
1704868263.149 -3.680 -1.346 
1704868263.248 -3.683 -1.462 
1704868263.349 -3.721 -1.589 
1704868263.450 -3.780 -1.721 
1704868263.550 -3.818 -1.852 
1704868263.651 -3.835 -1.977 
1704868263.751 -3.843 -2.086 
1704868263.851 -3.862 -2.201 
1704868263.951 -3.871 -2.325 
1704868264.051 -3.854 -2.453 
1704868264.151 -3.848 -2.582 
1704868264.251 -3.854 -2.739 
1704868264.351 -3.853 -2.898 
1704868264.463 -3.859 -3.013 
1704868264.558 -3.855 -3.086 
1704868264.654 -3.857 -3.132 
1704868264.753 -3.836 -3.162 
1704868264.852 -3.793 -3.214 
1704868264.953 -3.732 -3.294 
1704868265.052 -3.650 -3.365 
1704868265.153 -3.544 -3.431 
1704868265.254 -3.451 -3.495 
1704868265.353 -3.412 -3.551 
1704868265.453 -3.406 -3.598 
1704868265.553 -3.395 -3.609 
1704868265.652 -3.351 -3.644 
1704868266.757 -3.242 -3.638 
1704868266.857 -3.213 -3.640 
1704868266.957 -3.189 -3.677 
1704868267.057 -3.189 -3.744 
1704868267.157 -3.199 -3.820 
1704868267.257 -3.199 -3.906 
1704868267.358 -3.196 -4.009 
1704868267.458 -3.200 -4.106 
1704868267.557 -3.222 -4.199 
1704868267.658 -3.254 -4.279 
1704868267.758 -3.279 -4.347 
1704868267.858 -3.300 -4.396 
1704868267.958 -3.320 -4.445 
1704868270.471 -3.345 -4.579 
1704868270.571 -3.314 -4.592 
1704868270.671 -3.249 -4.584 
1704868270.771 -3.155 -4.511 
1704868270.871 -3.071 -4.412 
1704868270.971 -2.987 -4.340 
1704868271.072 -2.885 -4.268 
1704868271.172 -2.796 -4.196 
1704868271.272 -2.706 -4.120 
1704868271.372 -2.640 -4.053 
1704868271.472 -2.568 -4.001 
1704868271.572 -2.492 -3.964 
1704868271.672 -2.410 -3.934 
1704868271.773 -2.324 -3.906 
1704868271.873 -2.247 -3.875 
1704868271.973 -2.181 -3.844 
1704868272.073 -2.114 -3.816 
1704868272.173 -2.050 -3.789 
1704868272.274 -1.985 -3.769 
1704868272.374 -1.903 -3.763 
1704868272.474 -1.822 -3.763 
1704868272.574 -1.751 -3.774 
1704868272.674 -1.679 -3.787 
1704868272.774 -1.603 -3.792 
1704868272.874 -1.530 -3.795 
1704868272.975 -1.444 -3.799 
1704868273.074 -1.338 -3.791 
1704868273.174 -1.224 -3.778 
1704868273.275 -1.106 -3.769 
1704868273.376 -1.005 -3.763 
1704868273.477 -0.940 -3.763 
1704868273.576 -0.854 -3.763 
1704868273.677 -0.736 -3.765 
1704868273.776 -0.630 -3.766 
1704868273.877 -0.548 -3.755 
1704868273.977 -0.461 -3.752 
1704868274.077 -0.376 -3.759 
1704868274.177 -0.270 -3.767 
1704868274.277 -0.162 -3.771 
1704868274.377 -0.104 -3.782 
1704868274.477 -0.067 -3.784 
1704868274.577 0.004 -3.801 
1704868274.678 0.131 -3.827 
1704868274.783 0.254 -3.838 
1704868274.877 0.369 -3.843 
1704868274.978 0.474 -3.829 
1704868275.078 0.595 -3.834 
1704868275.179 0.718 -3.836 
1704868275.279 0.839 -3.838 
1704868275.379 0.954 -3.843 
1704868275.478 1.071 -3.847 
1704868275.578 1.192 -3.831 
1704868275.678 1.312 -3.804 
1704868275.779 1.426 -3.771 
1704868275.883 1.546 -3.737 
1704868275.979 1.656 -3.699 
1704868276.080 1.766 -3.656 
1704868276.180 1.875 -3.618 
1704868276.280 1.986 -3.581 
1704868276.380 2.103 -3.539 
1704868276.479 2.236 -3.481 
1704868276.581 2.378 -3.424 
1704868276.680 2.501 -3.392 
1704868276.780 2.594 -3.377 
1704868276.882 2.651 -3.375 
1704868276.981 2.675 -3.375 
1704868277.081 2.675 -3.388 
1704868277.182 2.698 -3.389 
1704868277.283 2.764 -3.394 
1704868277.382 2.876 -3.405 
1704868277.991 3.366 -3.523 
1704868277.992 3.367 -3.523 
1704868278.097 3.427 -3.537 
1704868278.195 3.517 -3.534 
1704868278.293 3.611 -3.534 
1704868278.393 3.729 -3.534 
1704868278.493 3.838 -3.537 
1704868278.597 3.931 -3.541 
1704868278.698 3.987 -3.538 
1704868278.797 4.049 -3.540 
1704868278.899 4.138 -3.537 
1704868278.997 4.220 -3.533 
1704868279.099 4.304 -3.529 
1704868279.199 4.386 -3.525 
1704868279.299 4.466 -3.524 
1704868279.398 4.545 -3.524 
1704868279.499 4.625 -3.522 
1704868279.599 4.706 -3.520 
1704868279.699 4.788 -3.519 
1704868279.800 4.872 -3.518 
1704868279.899 4.953 -3.518 
1704868280.000 5.034 -3.521 
1704868280.101 5.116 -3.520 
1704868280.200 5.193 -3.520 
1704868280.300 5.276 -3.522 
1704868280.401 5.359 -3.523 
1704868280.500 5.439 -3.526 
1704868280.601 5.520 -3.534 
1704868280.701 5.599 -3.538 
1704868280.801 5.675 -3.542 
1704868280.902 5.753 -3.549 
1704868281.001 5.830 -3.555 
1704868281.102 5.905 -3.563 
1704868281.202 5.978 -3.572 
1704868281.302 6.071 -3.582 
1704868281.402 6.186 -3.597 
1704868281.503 6.285 -3.608 
1704868281.602 6.372 -3.624 
1704868281.703 6.457 -3.640 
1704868281.802 6.542 -3.660 
1704868281.902 6.626 -3.684 
1704868282.003 6.706 -3.709 
1704868282.102 6.784 -3.733 
1704868282.202 6.857 -3.759 
1704868282.303 6.930 -3.786 
1704868282.403 7.001 -3.813 
1704868282.503 7.069 -3.840 
1704868282.603 7.134 -3.871 
1704868282.703 7.194 -3.905 
1704868282.804 7.249 -3.941 
1704868282.904 7.297 -3.963 
1704868283.003 7.335 -3.978 
1704868283.104 7.379 -4.017 
1704868283.204 7.453 -4.126 
1704868283.304 7.506 -4.197 
1704868283.404 7.542 -4.241 
1704868283.505 7.563 -4.282 
1704868283.604 7.567 -4.296 
1704868283.704 7.584 -4.296 
1704868283.805 7.553 -4.355 
1704868283.904 7.520 -4.420 
1704868284.004 7.516 -4.476 
1704868284.105 7.499 -4.536 
1704868284.205 7.473 -4.604 
1704868284.305 7.450 -4.663 
1704868284.404 7.418 -4.722 
1704868284.505 7.395 -4.769 
1704868284.605 7.371 -4.814 
1704868284.705 7.345 -4.866 
1704868284.806 7.318 -4.925 
1704868284.905 7.296 -4.990 
1704868285.006 7.270 -5.058 
1704868285.106 7.243 -5.127 
1704868285.219 7.216 -5.196 
1704868285.311 7.181 -5.267 
1704868285.408 7.143 -5.342 
1704868285.507 7.103 -5.420 
1704868285.607 7.065 -5.496 
1704868285.706 7.025 -5.574 
1704868285.806 6.984 -5.655 
1704868285.907 6.941 -5.737 
1704868286.007 6.891 -5.815 
1704868286.108 6.838 -5.893 
1704868286.208 6.788 -5.967 
1704868286.308 6.742 -6.044 
1704868286.408 6.691 -6.120 
1704868286.508 6.635 -6.197 
1704868286.608 6.580 -6.270 
1704868286.709 6.520 -6.341 
1704868286.809 6.464 -6.410 
1704868286.909 6.405 -6.476 
1704868287.010 6.344 -6.540 
1704868287.110 6.278 -6.603 
1704868287.213 6.214 -6.661 
1704868287.309 6.150 -6.720 
1704868287.410 6.087 -6.781 
1704868287.510 6.025 -6.839 
1704868287.610 5.958 -6.891 
1704868287.710 5.890 -6.939 
1704868287.810 5.826 -6.980 
1704868287.910 5.759 -7.016 
1704868288.010 5.693 -7.055 
1704868288.111 5.641 -7.100 
1704868288.211 5.587 -7.144 
1704868288.311 5.531 -7.179 
1704868288.411 5.469 -7.202 
1704868288.512 5.401 -7.229 
1704868288.612 5.329 -7.256 
1704868288.711 5.257 -7.283 
1704868288.811 5.181 -7.310 
1704868288.912 5.110 -7.325 
1704868289.012 5.039 -7.340 
1704868289.112 4.969 -7.361 
1704868289.212 4.907 -7.383 
1704868289.312 4.834 -7.392 
1704868289.413 4.729 -7.379 
1704868289.512 4.635 -7.354 
1704868289.613 4.547 -7.333 
1704868289.713 4.491 -7.326 
1704868289.813 4.447 -7.322 
1704868289.913 4.387 -7.319 
1704868290.013 4.313 -7.313 
1704868290.113 4.203 -7.280 
1704868290.213 4.093 -7.247 
1704868290.313 4.024 -7.223 
1704868290.413 3.980 -7.214 
1704868290.514 3.923 -7.194 
1704868290.615 3.844 -7.172 
1704868290.714 3.766 -7.152 
1704868290.814 3.695 -7.130 
1704868290.914 3.622 -7.112 
1704868291.014 3.545 -7.091 
1704868291.114 3.469 -7.068 
1704868291.215 3.394 -7.045 
1704868291.314 3.315 -7.022 
1704868291.415 3.235 -6.998 
1704868291.515 3.157 -6.972 
1704868291.615 3.075 -6.945 
1704868291.715 2.991 -6.920 
1704868291.815 2.907 -6.897 
1704868291.915 2.819 -6.872 
1704868292.015 2.736 -6.849 
1704868292.116 2.653 -6.827 
1704868292.216 2.570 -6.802 
1704868292.316 2.488 -6.777 
1704868292.416 2.405 -6.753 
1704868292.517 2.324 -6.728 
1704868292.616 2.238 -6.702 
1704868292.716 2.154 -6.677 
1704868292.816 2.068 -6.657 
1704868292.916 1.983 -6.639 
1704868293.017 1.896 -6.622 
1704868293.116 1.814 -6.604 
1704868293.216 1.730 -6.586 
1704868293.317 1.644 -6.568 
1704868293.417 1.560 -6.550 
1704868293.518 1.477 -6.531 
1704868293.617 1.392 -6.513 
1704868293.717 1.295 -6.500 
1704868293.817 1.201 -6.483 
1704868293.918 1.106 -6.468 
1704868294.018 1.018 -6.449 
1704868294.118 0.927 -6.430 
1704868294.218 0.824 -6.415 
1704868294.318 0.724 -6.408 
1704868294.419 0.628 -6.404 
1704868294.518 0.539 -6.395 
1704868294.619 0.444 -6.387 
1704868294.719 0.352 -6.381 
1704868294.819 0.260 -6.380 
1704868294.919 0.171 -6.385 
1704868295.019 0.082 -6.386 
1704868295.119 -0.010 -6.389 
1704868295.219 -0.095 -6.389 
1704868295.320 -0.182 -6.397 
1704868295.420 -0.272 -6.405 
1704868295.520 -0.360 -6.414 
1704868295.621 -0.440 -6.426 
1704868295.720 -0.523 -6.448 
1704868295.823 -0.606 -6.469 
1704868295.923 -0.683 -6.483 
1704868296.024 -0.756 -6.509 
1704868296.124 -0.827 -6.539 
1704868296.224 -0.897 -6.572 
1704868296.324 -0.976 -6.604 
1704868296.424 -1.054 -6.638 
1704868296.524 -1.154 -6.684 
1704868296.624 -1.254 -6.728 
1704868296.725 -1.353 -6.777 
1704868296.825 -1.442 -6.834 
1704868296.924 -1.526 -6.889 
1704868297.025 -1.605 -6.947 
1704868297.125 -1.669 -7.006 
1704868297.226 -1.734 -7.062 
1704868297.325 -1.801 -7.117 
1704868297.425 -1.877 -7.177 
1704868297.526 -1.941 -7.229 
1704868297.625 -1.995 -7.266 
1704868297.725 -2.051 -7.303 
1704868297.826 -2.132 -7.341 
1704868297.926 -2.219 -7.371 
1704868298.026 -2.304 -7.393 
1704868298.126 -2.379 -7.413 
1704868298.237 -2.449 -7.431 
1704868298.332 -2.516 -7.454 
1704868298.431 -2.584 -7.475 
1704868298.529 -2.648 -7.484 
1704868298.627 -2.716 -7.489 
1704868298.727 -2.777 -7.499 
1704868298.826 -2.827 -7.508 
1704868298.927 -2.880 -7.511 
1704868299.030 -2.963 -7.494 
1704868299.130 -3.044 -7.471 
1704868299.230 -3.108 -7.448 
1704868299.331 -3.160 -7.421 
1704868299.432 -3.196 -7.397 
1704868299.532 -3.241 -7.350 
1704868299.632 -3.282 -7.309 
1704868299.733 -3.327 -7.275 
1704868299.832 -3.379 -7.248 
1704868299.933 -3.432 -7.218 
1704868300.032 -3.490 -7.185 
1704868300.132 -3.558 -7.137 
1704868300.233 -3.613 -7.097 
1704868300.333 -3.654 -7.069 
1704868300.432 -3.695 -7.032 
1704868300.533 -3.737 -6.993 
1704868300.634 -3.784 -6.949 
1704868300.733 -3.826 -6.919 
1704868300.833 -3.866 -6.890 
1704868300.934 -3.918 -6.823 
1704868307.047 -3.597 -6.309 
1704868307.048 -3.597 -6.309 
1704868307.149 -3.517 -6.361 
1704868307.249 -3.402 -6.455 
1704868307.349 -3.296 -6.546 
1704868307.449 -3.194 -6.622 
1704868307.549 -3.085 -6.697 
1704868307.649 -2.991 -6.776 
1704868307.749 -2.905 -6.842 
1704868307.849 -2.802 -6.904 
1704868307.950 -2.701 -6.967 
1704868308.053 -2.596 -7.030 
1704868308.149 -2.531 -7.070 
1704868308.250 -2.459 -7.118 
1704868308.350 -2.362 -7.173 
1704868308.450 -2.274 -7.222 
1704868308.551 -2.197 -7.262 
1704868308.650 -2.135 -7.290 
1704868308.750 -2.095 -7.316 
1704868308.851 -2.047 -7.344 
1704868308.952 -1.986 -7.381 
1704868309.052 -1.912 -7.436 
1704868309.153 -1.834 -7.500 
1704868309.252 -1.751 -7.579 
1704868309.352 -1.663 -7.656 
1704868312.958 -1.661 -7.498 
1704868313.060 -1.693 -7.485 
1704868313.158 -1.809 -7.465 
1704868313.258 -1.941 -7.446 
1704868313.358 -2.068 -7.429 
1704868313.459 -2.174 -7.444 
1704868313.558 -2.254 -7.484 
1704868313.659 -2.363 -7.515 
1704868313.758 -2.485 -7.550 
1704868313.860 -2.595 -7.588 
1704868313.960 -2.707 -7.624 
1704868314.059 -2.817 -7.660 
1704868314.159 -2.928 -7.701 
1704868314.259 -3.039 -7.743 
1704868314.360 -3.148 -7.780 
1704868314.460 -3.254 -7.816 
1704868314.560 -3.359 -7.855 
1704868314.660 -3.461 -7.893 
1704868314.761 -3.549 -7.935 
1704868314.862 -3.602 -7.975 
1704868314.962 -3.655 -7.999 
1704868315.061 -3.716 -8.009 
1704868315.161 -3.790 -8.021 
1704868315.261 -3.880 -8.056 
1704868315.362 -3.963 -8.091 
1704868315.462 -4.024 -8.105 
1704868315.562 -4.093 -8.110 
1704868315.662 -4.164 -8.119 
1704868315.762 -4.241 -8.136 
1704868315.862 -4.317 -8.155 
1704868315.963 -4.383 -8.179 
1704868316.066 -4.452 -8.194 
1704868316.162 -4.523 -8.205 
1704868316.263 -4.600 -8.216 
1704868316.363 -4.700 -8.224 
1704868316.463 -4.803 -8.243 
1704868316.564 -4.894 -8.268 
1704868316.663 -4.975 -8.284 
1704868316.764 -5.055 -8.281 
1704868316.863 -5.139 -8.277 
1704868316.964 -5.212 -8.281 
1704868317.064 -5.273 -8.290 
1704868317.164 -5.331 -8.298 
1704868317.265 -5.423 -8.265 
1704868317.364 -5.502 -8.249 
1704868317.464 -5.556 -8.233 
1704868317.565 -5.594 -8.220 
1704868317.665 -5.625 -8.200 
1704868317.765 -5.684 -8.138 
1704868317.864 -5.754 -8.056 
1704868317.965 -5.809 -7.993 
1704868318.065 -5.853 -7.955 
1704868318.165 -5.883 -7.939 
1704868318.265 -5.896 -7.930 
1704868318.366 -5.909 -7.910 
1704868318.466 -5.941 -7.853 
1704868318.565 -5.983 -7.808 
1704868318.665 -6.010 -7.761 
1704868318.766 -6.035 -7.710 
1704868318.866 -6.064 -7.649 
1704868318.966 -6.104 -7.577 
1704868319.067 -6.142 -7.505 
1704868319.168 -6.168 -7.446 
1704868319.267 -6.187 -7.398 
1704868319.368 -6.205 -7.345 
1704868319.469 -6.219 -7.272 
1704868319.570 -6.228 -7.169 
1704868319.669 -6.239 -7.084 
1704868319.770 -6.252 -7.012 
1704868319.870 -6.271 -6.933 
1704868319.970 -6.294 -6.840 
1704868320.070 -6.316 -6.761 
1704868320.170 -6.330 -6.672 
1704868320.271 -6.342 -6.576 
1704868320.371 -6.356 -6.483 
1704868320.470 -6.370 -6.388 
1704868320.570 -6.385 -6.288 
1704868320.671 -6.401 -6.188 
1704868320.770 -6.419 -6.085 
1704868320.871 -6.430 -5.983 
1704868320.971 -6.447 -5.879 
1704868321.071 -6.470 -5.778 
1704868321.171 -6.491 -5.721 
1704868321.271 -6.510 -5.661 
1704868321.372 -6.541 -5.568 
1704868321.472 -6.556 -5.491 
1704868321.572 -6.574 -5.417 
1704868321.672 -6.593 -5.336 
1704868321.772 -6.616 -5.258 
1704868321.872 -6.644 -5.179 
1704868321.972 -6.677 -5.098 
1704868322.072 -6.712 -5.016 
1704868322.172 -6.743 -4.935 
1704868322.274 -6.755 -4.872 
1704868322.373 -6.780 -4.815 
1704868322.473 -6.814 -4.741 
1704868322.574 -6.849 -4.658 
1704868322.674 -6.882 -4.586 
1704868322.774 -6.912 -4.517 
1704868322.873 -6.942 -4.447 
1704868322.974 -6.975 -4.380 
1704868323.074 -7.007 -4.313 
1704868323.174 -7.035 -4.244 
1704868323.274 -7.061 -4.174 
1704868323.374 -7.086 -4.103 
1704868323.474 -7.110 -4.031 
1704868323.574 -7.133 -3.960 
1704868323.675 -7.160 -3.891 
1704868323.774 -7.187 -3.824 
1704868323.875 -7.211 -3.755 
1704868323.974 -7.229 -3.683 
1704868324.075 -7.245 -3.613 
1704868324.174 -7.265 -3.546 
1704868324.276 -7.281 -3.472 
1704868324.375 -7.294 -3.400 
1704868324.475 -7.307 -3.331 
1704868324.575 -7.315 -3.262 
1704868324.676 -7.324 -3.155 
1704868324.776 -7.343 -3.048 
1704868324.876 -7.355 -2.947 
1704868324.976 -7.364 -2.855 
1704868325.076 -7.363 -2.769 
1704868325.175 -7.363 -2.680 
1704868325.278 -7.363 -2.585 
1704868325.379 -7.357 -2.490 
1704868325.478 -7.354 -2.390 
1704868325.578 -7.353 -2.300 
1704868325.678 -7.343 -2.210 
1704868325.778 -7.335 -2.119 
1704868325.878 -7.324 -2.022 
1704868325.978 -7.309 -1.920 
1704868326.078 -7.294 -1.822 
1704868326.178 -7.296 -1.752 
1704868326.279 -7.286 -1.702 
1704868326.380 -7.274 -1.644 
1704868326.479 -7.261 -1.561 
1704868326.580 -7.239 -1.478 
1704868326.680 -7.222 -1.406 
1704868326.780 -7.207 -1.334 
1704868326.880 -7.193 -1.268 
1704868326.980 -7.177 -1.200 
1704868327.080 -7.158 -1.123 
1704868327.182 -7.134 -1.043 
1704868327.283 -7.115 -0.966 
1704868327.380 -7.096 -0.894 
1704868331.392 -7.189 -1.313 
1704868331.392 -7.189 -1.313 
1704868331.493 -7.208 -1.365 
1704868331.593 -7.289 -1.473 
1704868331.692 -7.346 -1.592 
1704868331.796 -7.392 -1.663 
1704868331.894 -7.436 -1.705 
1704868331.994 -7.504 -1.767 
1704868332.093 -7.575 -1.844 
1704868332.193 -7.635 -1.916 
1704868332.294 -7.691 -1.997 
1704868332.393 -7.754 -2.093 
1704868333.697 -7.904 -2.388 
1704868333.797 -7.930 -2.336 
1704868333.897 -7.970 -2.207 
1704868333.998 -8.015 -2.096 
1704868334.098 -8.047 -1.983 
1704868334.198 -8.076 -1.890 
1704868334.298 -8.078 -1.778 
1704868334.398 -8.074 -1.658 
1704868334.499 -8.069 -1.538 
1704868334.598 -8.063 -1.427 
1704868334.699 -8.052 -1.312 
1704868334.800 -8.037 -1.193 
1704868334.900 -8.023 -1.076 
1704868334.999 -8.010 -0.956 
1704868335.099 -7.998 -0.835 
1704868335.198 -7.983 -0.714 
1704868335.299 -7.969 -0.595 
1704868335.399 -7.956 -0.475 
1704868335.499 -7.949 -0.390 
1704868335.599 -7.938 -0.325 
1704868335.700 -7.928 -0.244 
1704868335.799 -7.918 -0.165 
1704868335.899 -7.909 -0.083 
1704868336.000 -7.900 -0.001 
1704868337.808 -7.758 -0.000 
1704868337.809 -7.758 -0.000 
1704868337.909 -7.707 0.030 
1704868338.009 -7.621 0.086 
1704868338.109 -7.525 0.158 
1704868338.211 -7.413 0.225 
1704868338.309 -7.287 0.274 
1704868338.410 -7.184 0.327 
1704868338.510 -7.087 0.384 
1704868338.611 -6.985 0.445 
1704868338.710 -6.882 0.508 
1704868338.810 -6.780 0.575 
1704868338.910 -6.683 0.647 
1704868339.010 -6.588 0.721 
1704868339.110 -6.492 0.797 
1704868339.211 -6.401 0.876 
1704868339.311 -6.312 0.953 
1704868339.411 -6.228 1.030 
1704868339.511 -6.147 1.110 
1704868339.611 -6.073 1.199 
1704868339.711 -5.991 1.286 
1704868339.811 -5.914 1.376 
1704868339.911 -5.847 1.469 
1704868340.011 -5.786 1.558 
1704868340.112 -5.722 1.647 
1704868340.212 -5.644 1.747 
1704868340.311 -5.582 1.848 
1704868340.412 -5.539 1.955 
1704868340.517 -5.508 2.064 
1704868340.617 -5.480 2.166 
1704868340.718 -5.457 2.257 
1704868340.818 -5.441 2.342 
1704868340.917 -5.422 2.428 
1704868341.018 -5.406 2.505 
1704868341.118 -5.392 2.579 
1704868341.218 -5.392 2.662 
1704868341.318 -5.401 2.756 
1704868341.418 -5.423 2.856 
1704868341.518 -5.447 2.955 
1704868341.619 -5.470 3.049 
1704868341.718 -5.497 3.139 
1704868341.819 -5.520 3.233 
1704868341.918 -5.557 3.334 
1704868342.018 -5.601 3.446 
1704868342.119 -5.642 3.550 
1704868342.218 -5.678 3.648 
1704868342.319 -5.716 3.750 
1704868342.419 -5.762 3.848 
1704868342.521 -5.809 3.944 
1704868342.620 -5.855 4.037 
1704868342.720 -5.914 4.132 
1704868342.820 -5.970 4.219 
1704868342.920 -6.017 4.304 
1704868343.019 -6.065 4.387 
1704868343.120 -6.119 4.472 
1704868343.220 -6.178 4.560 
1704868343.320 -6.230 4.645 
1704868343.421 -6.282 4.728 
1704868343.521 -6.334 4.808 
1704868343.620 -6.385 4.892 
1704868343.721 -6.434 4.971 
1704868343.820 -6.483 5.047 
1704868343.920 -6.531 5.121 
1704868344.021 -6.577 5.194 
1704868344.121 -6.625 5.267 
1704868344.222 -6.674 5.339 
1704868344.322 -6.722 5.413 
1704868344.421 -6.770 5.487 
1704868344.521 -6.818 5.561 
1704868344.621 -6.872 5.636 
1704868344.721 -6.919 5.708 
1704868344.822 -6.959 5.783 
1704868344.922 -6.996 5.858 
1704868345.022 -7.029 5.935 
1704868345.122 -7.060 6.014 
1704868345.222 -7.098 6.088 
1704868345.323 -7.143 6.155 
1704868345.422 -7.166 6.264 
1704868345.522 -7.189 6.372 
1704868345.623 -7.211 6.473 
1704868345.722 -7.221 6.570 
1704868345.824 -7.208 6.671 
1704868345.924 -7.187 6.769 
1704868346.024 -7.152 6.869 
1704868346.124 -7.116 6.961 
1704868346.224 -7.082 7.051 
1704868346.324 -7.056 7.136 
1704868346.424 -7.018 7.222 
1704868346.524 -6.962 7.318 
1704868346.626 -6.905 7.410 
1704868346.725 -6.859 7.499 
1704868346.824 -6.821 7.557 
1704868346.925 -6.793 7.622 
1704868347.025 -6.751 7.692 
1704868347.125 -6.702 7.761 
1704868347.226 -6.660 7.821 
1704868347.326 -6.643 7.868 
1704868347.429 -6.640 7.908 
1704868347.526 -6.599 7.955 
1704868347.626 -6.539 8.013 
1704868349.230 -6.441 7.971 
1704868349.331 -6.475 7.949 
1704868349.434 -6.528 7.923 
1704868349.535 -6.545 7.883 
1704868349.633 -6.542 7.781 
1704868349.731 -6.539 7.644 
1704868349.831 -6.521 7.518 
1704868349.932 -6.547 7.433 
1704868350.031 -6.561 7.393 
1704868350.132 -6.561 7.371 
1704868350.235 -6.525 7.344 
1704868350.334 -6.467 7.255 
1704868350.434 -6.408 7.145 
1704868350.533 -6.329 7.029 
1704868350.634 -6.259 6.934 
1704868350.736 -6.182 6.855 
1704868350.836 -6.079 6.784 
1704868350.936 -5.992 6.713 
1704868351.036 -5.918 6.642 
1704868351.136 -5.821 6.570 
1704868351.236 -5.707 6.513 
1704868351.337 -5.593 6.500 
1704868351.438 -5.480 6.478 
1704868351.539 -5.363 6.445 
1704868351.637 -5.258 6.419 
1704868351.742 -5.147 6.422 
1704868351.839 -5.037 6.429 
1704868351.939 -4.926 6.439 
1704868352.039 -4.823 6.447 
1704868352.139 -4.726 6.463 
1704868352.247 -4.633 6.482 
1704868352.346 -4.522 6.543 
1704868352.441 -4.409 6.593 
1704868352.540 -4.302 6.633 
1704868352.639 -4.212 6.673 
1704868352.740 -4.121 6.721 
1704868352.840 -4.032 6.764 
1704868352.940 -3.944 6.803 
1704868353.040 -3.856 6.850 
1704868353.140 -3.769 6.891 
1704868353.240 -3.689 6.927 
1704868353.341 -3.621 6.963 
1704868353.441 -3.544 7.002 
1704868353.541 -3.470 7.040 
1704868353.641 -3.399 7.074 
1704868353.744 -3.326 7.109 
1704868353.844 -3.251 7.143 
1704868353.944 -3.176 7.173 
1704868354.043 -3.108 7.203 
1704868354.143 -3.037 7.237 
1704868354.244 -2.981 7.272 
1704868354.344 -2.918 7.301 
1704868354.444 -2.846 7.329 
1704868354.544 -2.776 7.352 
1704868354.645 -2.703 7.375 
1704868354.745 -2.634 7.400 
1704868354.846 -2.565 7.425 
1704868354.945 -2.498 7.452 
1704868355.046 -2.430 7.474 
1704868355.145 -2.357 7.496 
1704868355.245 -2.283 7.519 
1704868355.345 -2.211 7.543 
1704868355.445 -2.134 7.568 
1704868355.546 -2.055 7.592 
1704868355.645 -1.980 7.615 
1704868355.745 -1.903 7.642 
1704868355.847 -1.823 7.665 
1704868355.947 -1.741 7.692 
1704868356.048 -1.657 7.719 
1704868356.148 -1.572 7.746 
1704868356.248 -1.494 7.777 
1704868356.349 -1.413 7.816 
1704868356.448 -1.325 7.852 
1704868358.366 -0.992 7.842 
1704868358.367 -0.992 7.842 
1704868358.465 -0.972 7.841 
1704868358.564 -0.891 7.825 
1704868358.665 -0.768 7.795 
1704868358.765 -0.646 7.767 
1704868358.865 -0.529 7.742 
1704868358.965 -0.413 7.725 
1704868359.066 -0.294 7.706 
1704868359.166 -0.178 7.688 
1704868359.268 -0.071 7.670 
1704868359.367 0.011 7.661 
1704868359.471 0.095 7.657 
1704868359.575 0.176 7.648 
1704868359.673 0.256 7.638 
1704868359.772 0.337 7.629 
1704868359.872 0.418 7.623 
1704868359.971 0.492 7.619 
1704868360.071 0.570 7.621 
1704868360.171 0.653 7.636 
1704868360.273 0.716 7.637 
1704868360.372 0.777 7.647 
1704868360.472 0.855 7.663 
1704868360.572 0.945 7.677 
1704868360.672 1.029 7.674 
1704868360.773 1.092 7.674 
1704868360.873 1.148 7.686 
1704868360.973 1.201 7.699 
1704868361.073 1.253 7.708 
1704868361.176 1.311 7.788 
1704868361.275 1.364 7.859 
1704868361.375 1.433 7.889 
1704868361.474 1.476 7.962 
1704868361.574 1.465 8.079 
1704868361.674 1.474 8.169 
1704868362.478 1.452 8.184 
1704868362.578 1.439 8.177 
1704868362.679 1.386 8.186 
1704868362.781 1.256 8.173 
1704868362.879 1.112 8.142 
1704868364.991 0.747 7.970 
1704868364.992 0.747 7.970 
1704868365.091 0.712 7.987 
1704868365.191 0.633 8.044 
1704868365.298 0.519 8.097 
1704868365.396 0.417 8.162 
1704868365.497 0.330 8.189 
1704868365.595 0.234 8.210 
1704868365.695 0.129 8.249 
1704868365.795 0.014 8.292 
1704868365.896 -0.089 8.325 
1704868365.997 -0.198 8.356 
1704868366.097 -0.312 8.384 
1704868366.198 -0.426 8.414 
1704868366.297 -0.538 8.444 
1704868366.399 -0.651 8.474 
1704868366.498 -0.764 8.501 
1704868366.601 -0.880 8.530 
1704868366.700 -0.987 8.556 
1704868366.800 -1.068 8.582 
1704868366.900 -1.137 8.601 
1704868367.000 -1.206 8.616 
1704868367.100 -1.309 8.631 
1704868367.201 -1.435 8.654 
1704868367.301 -1.525 8.678 
1704868367.403 -1.600 8.688 
1704868367.502 -1.692 8.696 
1704868367.601 -1.789 8.703 
1704868367.701 -1.878 8.706 
1704868367.801 -1.959 8.709 
1704868367.901 -2.037 8.705 
1704868368.002 -2.112 8.695 
1704868368.101 -2.185 8.681 
1704868368.201 -2.259 8.664 
1704868368.302 -2.326 8.653 
1704868368.402 -2.384 8.650 
1704868368.503 -2.448 8.638 
1704868368.603 -2.525 8.607 
1704868368.703 -2.627 8.536 
1704868368.803 -2.707 8.480 
1704868368.903 -2.769 8.434 
1704868369.510 -2.902 8.373 
1704868369.511 -2.903 8.373 
1704868369.617 -2.947 8.301 
1704868369.716 -3.017 8.199 
1704868369.813 -3.111 8.089 
1704868369.911 -3.178 8.005 
1704868370.011 -3.267 7.919 
1704868370.111 -3.353 7.832 
1704868370.214 -3.442 7.751 
1704868370.313 -3.528 7.668 
1704868370.412 -3.616 7.584 
1704868370.512 -3.706 7.500 
1704868370.611 -3.795 7.417 
1704868370.711 -3.883 7.336 
1704868370.812 -3.972 7.255 
1704868370.912 -4.068 7.173 
1704868371.012 -4.171 7.091 
1704868371.112 -4.256 7.012 
1704868371.213 -4.348 6.933 
1704868371.313 -4.445 6.854 
1704868371.412 -4.545 6.774 
1704868371.513 -4.638 6.702 
1704868371.612 -4.732 6.630 
1704868371.712 -4.825 6.558 
1704868371.813 -4.918 6.483 
1704868371.914 -5.012 6.406 
1704868372.013 -5.104 6.331 
1704868372.113 -5.199 6.259 
1704868372.213 -5.296 6.197 
1704868372.313 -5.395 6.137 
1704868372.413 -5.446 6.098 
1704868372.514 -5.500 6.059 
1704868372.614 -5.572 6.015 
1704868372.714 -5.645 5.969 
1704868372.816 -5.716 5.926 
1704868372.914 -5.779 5.892 
1704868373.018 -5.852 5.858 
1704868373.115 -5.926 5.830 
1704868373.215 -5.988 5.794 
1704868373.314 -6.057 5.764 
1704868373.414 -6.127 5.734 
1704868373.519 -6.217 5.709 
1704868373.620 -6.318 5.683 
1704868373.719 -6.440 5.675 
1704868373.820 -6.543 5.664 
1704868373.920 -6.631 5.657 
1704868374.019 -6.725 5.655 
1704868374.120 -6.815 5.652 
1704868374.220 -6.914 5.636 
1704868374.320 -7.012 5.635 
1704868374.420 -7.113 5.641 
1704868374.520 -7.212 5.651 
1704868374.622 -7.311 5.665 
1704868374.720 -7.405 5.685 
1704868374.821 -7.497 5.703 
1704868374.921 -7.591 5.727 
1704868375.021 -7.689 5.761 
1704868375.123 -7.761 5.777 
1704868380.441 -7.313 5.482 
1704868380.442 -7.313 5.482 
1704868380.543 -7.327 5.476 
1704868380.643 -7.279 5.478 
1704868380.743 -7.176 5.426 
1704868380.843 -7.073 5.343 
1704868380.943 -6.973 5.281 
1704868381.042 -6.867 5.224 
1704868381.143 -6.753 5.163 
1704868381.243 -6.645 5.098 
1704868381.344 -6.544 5.036 
1704868381.445 -6.447 4.966 
1704868381.544 -6.357 4.891 
1704868381.644 -6.271 4.820 
1704868381.745 -6.177 4.752 
1704868381.846 -6.084 4.684 
1704868381.945 -6.007 4.608 
1704868382.045 -5.943 4.524 
1704868382.145 -5.879 4.431 
1704868382.245 -5.809 4.332 
1704868382.346 -5.751 4.229 
1704868382.447 -5.700 4.121 
1704868382.546 -5.651 4.013 
1704868382.646 -5.607 3.909 
1704868382.747 -5.574 3.816 
1704868382.848 -5.540 3.748 
1704868382.947 -5.515 3.658 
1704868383.047 -5.489 3.559 
1704868383.147 -5.468 3.475 
1704868383.247 -5.455 3.383 
1704868383.347 -5.444 3.290 
1704868383.447 -5.426 3.202 
1704868383.548 -5.419 3.116 
1704868383.648 -5.419 3.030 
1704868383.747 -5.416 2.944 
1704868383.847 -5.408 2.865 
1704868383.948 -5.419 2.771 
1704868384.048 -5.435 2.675 
1704868384.148 -5.448 2.587 
1704868384.249 -5.453 2.509 
1704868384.348 -5.460 2.428 
1704868384.448 -5.481 2.335 
1704868384.549 -5.510 2.240 
1704868384.649 -5.536 2.160 
1704868384.749 -5.567 2.080 
1704868384.849 -5.602 1.999 
1704868384.950 -5.639 1.919 
1704868385.050 -5.679 1.839 
1704868385.150 -5.719 1.759 
1704868385.250 -5.756 1.678 
1704868385.350 -5.806 1.593 
1704868385.451 -5.862 1.518 
1704868385.551 -5.919 1.445 
1704868385.651 -5.975 1.368 
1704868385.751 -6.027 1.293 
1704868385.851 -6.088 1.214 
1704868385.951 -6.160 1.135 
1704868386.051 -6.226 1.055 
1704868386.151 -6.285 0.974 
1704868386.254 -6.347 0.890 
1704868386.351 -6.412 0.816 
1704868386.453 -6.485 0.740 
1704868386.552 -6.555 0.670 
1704868386.651 -6.621 0.602 
1704868386.752 -6.696 0.527 
1704868386.854 -6.773 0.448 
1704868386.954 -6.847 0.374 
1704868387.054 -6.918 0.300 
1704868387.154 -6.989 0.227 
1704868387.255 -7.059 0.161 
1704868387.355 -7.132 0.092 
1704868387.454 -7.206 0.023 
1704868387.554 -7.277 -0.048 
1704868387.655 -7.346 -0.122 
1704868387.755 -7.412 -0.196 
1704868387.855 -7.477 -0.267 
1704868387.955 -7.544 -0.333 
1704868388.056 -7.610 -0.404 
1704868388.156 -7.671 -0.483 
1704868388.255 -7.724 -0.554 
1704868388.356 -7.776 -0.623 
1704868388.456 -7.830 -0.709 
1704868388.555 -7.873 -0.789 
1704868388.656 -7.912 -0.862 
1704868388.757 -7.956 -0.934 
1704868388.856 -8.006 -1.006 
1704868388.957 -8.048 -1.068 
1704868389.057 -8.084 -1.144 
1704868389.157 -8.117 -1.220 
1704868389.257 -8.147 -1.298 
1704868389.357 -8.174 -1.374 
1704868389.457 -8.206 -1.450 
1704868389.558 -8.244 -1.520 
1704868389.657 -8.281 -1.581 
1704868389.759 -8.307 -1.653 
1704868389.858 -8.329 -1.727 
1704868389.958 -8.348 -1.800 
1704868390.060 -8.367 -1.875 
1704868390.161 -8.388 -1.948 
1704868390.259 -8.407 -2.020 
1704868390.360 -8.422 -2.089 
1704868390.463 -8.439 -2.160 
1704868390.563 -8.457 -2.232 
1704868390.664 -8.473 -2.328 
1704868390.764 -8.506 -2.446 
1704868390.864 -8.528 -2.552 
1704868390.965 -8.548 -2.644 
1704868391.064 -8.566 -2.739 
1704868391.164 -8.582 -2.835 
1704868391.267 -8.595 -2.937 
1704868391.365 -8.611 -3.035 
1704868391.465 -8.633 -3.133 
1704868391.565 -8.655 -3.223 
1704868391.665 -8.671 -3.315 
1704868391.766 -8.677 -3.412 
1704868391.866 -8.678 -3.508 
1704868391.967 -8.680 -3.608 
1704868392.066 -8.690 -3.711 
1704868392.166 -8.707 -3.806 
1704868392.267 -8.709 -3.898 
1704868392.366 -8.704 -3.984 
1704868392.467 -8.700 -4.079 
1704868392.566 -8.705 -4.179 
1704868392.668 -8.714 -4.282 
1704868392.767 -8.718 -4.374 
1704868392.868 -8.709 -4.465 
1704868392.968 -8.704 -4.558 
1704868393.068 -8.702 -4.653 
1704868393.168 -8.703 -4.753 
1704868393.268 -8.697 -4.849 
1704868393.368 -8.685 -4.946 
1704868393.469 -8.673 -5.047 
1704868393.568 -8.663 -5.149 
1704868393.668 -8.659 -5.205 
1704868393.767 -8.644 -5.261 
1704868393.869 -8.632 -5.348 
1704868393.968 -8.628 -5.436 
1704868394.070 -8.620 -5.511 
1704868394.169 -8.609 -5.583 
1704868394.271 -8.598 -5.658 
1704868394.370 -8.586 -5.735 
1704868394.470 -8.574 -5.814 
1704868394.571 -8.559 -5.892 
1704868394.672 -8.542 -5.970 
1704868394.772 -8.526 -6.047 
1704868394.872 -8.509 -6.125 
1704868394.972 -8.489 -6.203 
1704868395.072 -8.470 -6.281 
1704868395.173 -8.453 -6.360 
1704868395.273 -8.435 -6.437 
1704868395.373 -8.414 -6.513 
1704868395.473 -8.392 -6.589 
1704868395.573 -8.374 -6.668 
1704868395.673 -8.352 -6.747 
1704868395.774 -8.329 -6.823 
1704868395.874 -8.304 -6.899 
1704868395.973 -8.281 -6.974 
1704868396.074 -8.259 -7.047 
1704868396.174 -8.237 -7.122 
1704868396.274 -8.217 -7.203 
1704868396.375 -8.194 -7.276 
1704868396.475 -8.169 -7.352 
1704868396.575 -8.144 -7.426 
1704868396.675 -8.119 -7.500 
1704868396.776 -8.094 -7.574 
1704868396.876 -8.070 -7.650 
1704868396.976 -8.041 -7.731 
1704868398.282 -8.059 -7.950 
1704868398.282 -8.059 -7.950 
1704868398.392 -8.009 -7.981 
1704868398.487 -7.905 -8.026 
1704868398.586 -7.793 -8.078 
1704868398.690 -7.690 -8.124 
1704868398.786 -7.574 -8.162 
1704868398.885 -7.456 -8.204 
1704868398.985 -7.340 -8.245 
1704868399.085 -7.231 -8.283 
1704868399.186 -7.145 -8.308 
1704868399.288 -7.055 -8.334 
1704868399.388 -6.964 -8.362 
1704868399.487 -6.883 -8.389 
1704868399.588 -6.797 -8.415 
1704868399.687 -6.712 -8.438 
1704868399.787 -6.624 -8.462 
1704868399.887 -6.534 -8.485 
1704868399.987 -6.446 -8.507 
1704868400.087 -6.362 -8.529 
1704868400.187 -6.278 -8.548 
1704868400.288 -6.191 -8.563 
1704868400.387 -6.099 -8.581 
1704868400.488 -6.005 -8.596 
1704868400.588 -5.913 -8.609 
1704868400.689 -5.821 -8.624 
1704868400.789 -5.736 -8.636 
1704868400.888 -5.650 -8.645 
1704868400.989 -5.561 -8.655 
1704868401.088 -5.473 -8.663 
1704868401.188 -5.385 -8.669 
1704868401.293 -5.289 -8.674 
1704868401.389 -5.203 -8.679 
1704868401.489 -5.110 -8.681 
1704868401.589 -5.018 -8.682 
1704868401.689 -4.927 -8.681 
1704868401.789 -4.840 -8.673 
1704868401.889 -4.745 -8.667 
1704868401.989 -4.649 -8.662 
1704868402.090 -4.561 -8.662 
1704868402.190 -4.472 -8.657 
1704868402.291 -4.379 -8.641 
1704868402.390 -4.286 -8.618 
1704868402.491 -4.181 -8.599 
1704868402.590 -4.084 -8.578 
1704868402.691 -3.995 -8.557 
1704868402.791 -3.908 -8.525 
1704868402.891 -3.816 -8.488 
1704868402.991 -3.742 -8.455 
1704868403.092 -3.670 -8.423 
1704868403.192 -3.603 -8.400 
1704868403.292 -3.526 -8.378 
1704868403.391 -3.456 -8.348 
1704868403.492 -3.391 -8.308 
1704868403.593 -3.322 -8.262 
1704868403.693 -3.255 -8.228 
1704868403.792 -3.184 -8.186 
1704868403.892 -3.109 -8.136 
1704868403.995 -3.035 -8.080 
1704868404.096 -2.954 -8.021 
1704868404.200 -2.876 -7.973 
1704868404.296 -2.811 -7.929 
1704868404.395 -2.733 -7.870 
1704868404.495 -2.653 -7.803 
1704868404.596 -2.573 -7.739 
1704868404.696 -2.493 -7.682 
1704868404.803 -2.407 -7.614 
1704868404.900 -2.332 -7.550 
1704868405.000 -2.240 -7.477 
1704868405.099 -2.148 -7.404 
1704868405.199 -2.054 -7.335 
1704868405.300 -1.970 -7.267 
1704868405.400 -1.889 -7.192 
1704868405.500 -1.804 -7.116 
1704868405.601 -1.714 -7.041 
1704868405.701 -1.622 -6.967 
1704868405.800 -1.526 -6.890 
1704868405.901 -1.429 -6.815 
1704868406.001 -1.347 -6.748 
1704868406.101 -1.253 -6.682 
1704868406.201 -1.157 -6.614 
1704868406.301 -1.062 -6.547 
1704868406.402 -0.973 -6.476 
1704868406.501 -0.886 -6.419 
1704868406.602 -0.795 -6.366 
1704868406.702 -0.689 -6.316 
1704868406.802 -0.591 -6.261 
1704868406.903 -0.502 -6.211 
1704868407.002 -0.401 -6.166 
1704868407.103 -0.299 -6.128 
1704868407.203 -0.203 -6.093 
1704868407.303 -0.109 -6.070 
1704868407.403 -0.008 -6.041 
1704868407.503 0.095 -6.013 
1704868407.603 0.194 -5.993 
1704868407.703 0.288 -5.989 
1704868407.803 0.384 -5.991 
1704868407.904 0.491 -5.989 
1704868408.004 0.599 -5.982 
1704868408.103 0.701 -5.985 
1704868408.204 0.794 -6.005 
1704868408.304 0.892 -6.035 
1704868408.404 0.990 -6.058 
1704868408.504 1.092 -6.075 
1704868408.606 1.190 -6.096 
1704868408.704 1.284 -6.120 
1704868408.804 1.383 -6.151 
1704868408.904 1.481 -6.188 
1704868409.005 1.577 -6.228 
1704868409.104 1.672 -6.271 
1704868409.205 1.767 -6.324 
1704868409.305 1.862 -6.373 
1704868409.405 1.955 -6.428 
1704868409.505 2.044 -6.485 
1704868409.605 2.130 -6.548 
1704868409.706 2.218 -6.618 
1704868409.806 2.313 -6.678 
1704868409.906 2.410 -6.742 
1704868410.005 2.486 -6.803 
1704868410.106 2.568 -6.874 
1704868410.210 2.657 -6.949 
1704868410.310 2.746 -7.018 
1704868410.407 2.835 -7.085 
1704868410.507 2.903 -7.150 
1704868410.606 2.974 -7.220 
1704868410.706 3.066 -7.294 
1704868410.807 3.157 -7.361 
1704868410.908 3.231 -7.429 
1704868411.007 3.305 -7.489 
1704868411.107 3.382 -7.547 
1704868411.207 3.456 -7.603 
1704868411.307 3.532 -7.656 
1704868411.407 3.623 -7.714 
1704868411.508 3.695 -7.773 
1704868411.608 3.761 -7.814 
1704868411.708 3.834 -7.848 
1704868411.812 3.901 -7.885 
1704868411.912 3.977 -7.916 
1704868412.012 4.068 -7.937 
1704868412.112 4.155 -7.956 
1704868412.213 4.238 -7.970 
1704868412.313 4.294 -7.988 
1704868412.413 4.347 -8.003 
1704868412.513 4.406 -8.020 
1704868412.613 4.510 -8.033 
1704868412.713 4.634 -8.039 
1704868412.814 4.730 -8.048 
1704868412.914 4.815 -8.055 
1704868413.014 4.898 -8.058 
1704868413.113 4.986 -8.047 
1704868413.215 5.075 -8.042 
1704868413.315 5.153 -8.042 
1704868413.414 5.231 -8.035 
1704868413.514 5.333 -8.027 
1704868413.614 5.424 -8.031 
1704868413.715 5.504 -8.025 
1704868413.816 5.590 -8.006 
1704868413.916 5.673 -7.985 
1704868414.015 5.758 -7.959 
1704868414.116 5.848 -7.935 
1704868414.216 5.933 -7.915 
1704868414.316 6.009 -7.894 
1704868414.416 6.090 -7.872 
1704868414.516 6.176 -7.846 
1704868414.616 6.274 -7.804 
1704868414.717 6.368 -7.762 
1704868414.816 6.440 -7.724 
1704868414.917 6.511 -7.698 
1704868415.017 6.591 -7.672 
1704868415.116 6.690 -7.622 
1704868415.217 6.792 -7.574 
1704868415.317 6.859 -7.533 
1704868415.417 6.923 -7.498 
1704868415.518 7.000 -7.473 
1704868415.618 7.101 -7.425 
1704868415.718 7.209 -7.373 
1704868415.818 7.296 -7.342 
1704868415.922 7.360 -7.323 
1704868416.020 7.431 -7.295 
1704868416.119 7.531 -7.264 
1704868419.933 7.371 -7.156 
1704868419.934 7.371 -7.156 
1704868420.033 7.345 -7.118 
1704868420.134 7.254 -7.061 
1704868420.233 7.149 -7.005 
1704868420.333 7.044 -6.937 
1704868420.434 7.004 -6.864 
1704868420.534 6.928 -6.776 
1704868420.634 6.836 -6.692 
1704868420.734 6.762 -6.613 
1704868420.834 6.684 -6.524 
1704868420.934 6.603 -6.435 
1704868421.035 6.519 -6.348 
1704868421.134 6.443 -6.262 
1704868421.235 6.365 -6.174 
1704868421.335 6.288 -6.089 
1704868421.435 6.209 -6.005 
1704868421.535 6.131 -5.920 
1704868421.636 6.050 -5.833 
1704868421.735 5.968 -5.745 
1704868421.835 5.888 -5.660 
1704868421.937 5.807 -5.575 
1704868422.036 5.724 -5.492 
1704868422.137 5.641 -5.408 
1704868422.238 5.559 -5.324 
1704868422.338 5.477 -5.240 
1704868422.437 5.397 -5.159 
1704868422.538 5.310 -5.077 
1704868422.640 5.225 -4.996 
1704868422.740 5.141 -4.913 
1704868422.840 5.059 -4.831 
1704868422.939 4.972 -4.751 
1704868423.040 4.887 -4.672 
1704868423.140 4.801 -4.591 
1704868423.242 4.716 -4.512 
1704868423.340 4.630 -4.435 
1704868423.440 4.541 -4.357 
1704868423.541 4.452 -4.278 
1704868423.641 4.367 -4.201 
1704868423.740 4.284 -4.128 
1704868423.842 4.192 -4.055 
1704868423.942 4.106 -3.987 
1704868424.042 4.037 -3.930 
1704868424.141 3.969 -3.874 
1704868424.242 3.900 -3.819 
1704868424.342 3.818 -3.765 
1704868424.442 3.746 -3.715 
1704868424.542 3.678 -3.667 
1704868424.642 3.613 -3.620 
1704868424.743 3.549 -3.574 
1704868424.844 3.466 -3.529 
1704868424.943 3.383 -3.484 
1704868425.043 3.313 -3.445 
1704868425.143 3.251 -3.407 
1704868425.244 3.191 -3.369 
1704868425.344 3.116 -3.333 
1704868425.445 3.029 -3.301 
1704868425.545 2.955 -3.268 
1704868425.645 2.894 -3.240 
1704868425.744 2.832 -3.215 
1704868425.844 2.752 -3.195 
1704868425.944 2.673 -3.175 
1704868426.045 2.604 -3.149 
1704868426.145 2.541 -3.125 
1704868426.245 2.461 -3.094 
1704868426.345 2.354 -3.058 
1704868426.445 2.230 -3.013 
1704868426.546 2.115 -2.977 
1704868426.645 2.059 -2.966 
1704868426.746 1.987 -2.950 
1704868426.846 1.875 -2.934 
1704868426.946 1.767 -2.921 
1704868427.046 1.667 -2.909 
1704868427.146 1.580 -2.897 
1704868427.246 1.496 -2.881 
1704868427.346 1.398 -2.866 
1704868427.446 1.300 -2.859 
1704868427.547 1.200 -2.853 
1704868427.646 1.102 -2.846 
1704868427.747 1.005 -2.839 
1704868427.847 0.912 -2.832 
1704868427.948 0.813 -2.832 
1704868428.047 0.714 -2.831 
1704868428.152 0.615 -2.831 
1704868428.251 0.514 -2.830 
1704868428.351 0.458 -2.827 
1704868428.451 0.393 -2.829 
1704868428.550 0.314 -2.830 
1704868428.651 0.235 -2.830 
1704868428.751 0.159 -2.830 
1704868428.852 0.081 -2.830 
1704868428.952 0.004 -2.830 
1704868429.053 -0.075 -2.830 
1704868429.153 -0.154 -2.830 
1704868429.253 -0.236 -2.831 
1704868429.354 -0.319 -2.834 
1704868429.453 -0.400 -2.838 
1704868429.553 -0.479 -2.839 
1704868429.655 -0.559 -2.840 
1704868429.755 -0.638 -2.839 
1704868429.855 -0.717 -2.840 
1704868429.955 -0.797 -2.839 
1704868430.056 -0.876 -2.841 
1704868430.155 -0.960 -2.843 
1704868430.258 -1.050 -2.847 
1704868430.358 -1.141 -2.855 
1704868430.459 -1.206 -2.842 
1704868430.559 -1.285 -2.844 
1704868430.658 -1.370 -2.865 
1704868430.758 -1.453 -2.890 
1704868430.858 -1.529 -2.910 
1704868430.958 -1.616 -2.926 
1704868431.058 -1.707 -2.944 
1704868431.159 -1.806 -2.968 
1704868431.259 -1.908 -2.996 
1704868431.360 -2.009 -3.024 
1704868431.459 -2.098 -3.054 
1704868431.559 -2.177 -3.072 
1704868431.660 -2.254 -3.093 
1704868431.760 -2.305 -3.128 
1704868431.859 -2.359 -3.163 
1704868431.959 -2.452 -3.195 
1704868432.060 -2.556 -3.219 
1704868432.159 -2.651 -3.254 
1704868432.261 -2.758 -3.279 
1704868432.360 -2.859 -3.309 
1704868432.460 -2.960 -3.328 
1704868432.561 -3.063 -3.340 
1704868432.660 -3.173 -3.352 
1704868432.760 -3.289 -3.345 
1704868432.863 -3.399 -3.329 
1704868432.962 -3.506 -3.324 
1704868433.062 -3.626 -3.303 
1704868433.161 -3.733 -3.275 
1704868433.262 -3.835 -3.244 
1704868433.362 -3.935 -3.213 
1704868433.466 -4.043 -3.169 
1704868433.564 -4.152 -3.132 
1704868433.663 -4.248 -3.092 
1704868433.764 -4.347 -3.049 
1704868433.863 -4.438 -2.987 
1704868433.963 -4.522 -2.906 
1704868434.066 -4.608 -2.847 
1704868434.162 -4.687 -2.791 
1704868434.263 -4.768 -2.710 
1704868434.364 -4.844 -2.622 
1704868434.464 -4.919 -2.545 
1704868434.563 -4.986 -2.458 
1704868434.663 -5.039 -2.364 
1704868434.763 -5.084 -2.275 
1704868434.864 -5.125 -2.180 
1704868434.964 -5.147 -2.065 
1704868435.064 -5.152 -1.946 
1704868435.183 -5.157 -1.837 
1704868435.272 -5.150 -1.737 
1704868435.370 -5.117 -1.619 
1704868435.469 -5.086 -1.508 
1704868435.567 -5.064 -1.410 
1704868435.668 -5.029 -1.306 
1704868435.768 -4.955 -1.189 
1704868435.869 -4.885 -1.096 
1704868435.968 -4.822 -1.014 
1704868436.068 -4.758 -0.924 
1704868436.168 -4.681 -0.818 
1704868436.273 -4.611 -0.703 
1704868436.369 -4.547 -0.603 
1704868436.470 -4.476 -0.512 
1704868436.570 -4.403 -0.424 
1704868436.670 -4.332 -0.329 
1704868436.770 -4.256 -0.236 
1704868436.870 -4.181 -0.137 
1704868436.969 -4.103 -0.035 
1704868437.070 -4.025 0.056 
1704868437.170 -3.945 0.146 
1704868437.276 -3.865 0.237 
1704868437.375 -3.785 0.325 
1704868437.474 -3.702 0.412 
1704868437.573 -3.620 0.498 
1704868437.674 -3.539 0.586 
1704868437.774 -3.455 0.670 
1704868437.875 -3.369 0.751 
1704868437.975 -3.283 0.831 
1704868438.074 -3.197 0.915 
1704868438.176 -3.106 0.999 
1704868438.275 -3.016 1.076 
1704868438.374 -2.925 1.149 
1704868438.475 -2.833 1.226 
1704868438.575 -2.742 1.303 
1704868438.676 -2.652 1.377 
1704868438.776 -2.561 1.447 
1704868438.878 -2.458 1.518 
1704868438.977 -2.357 1.592 
1704868439.077 -2.258 1.665 
1704868439.177 -2.163 1.732 
1704868439.276 -2.065 1.800 
1704868439.377 -1.965 1.867 
1704868439.476 -1.868 1.932 
1704868439.577 -1.774 1.996 
1704868439.678 -1.685 2.056 
1704868439.777 -1.594 2.109 
1704868439.877 -1.499 2.158 
1704868439.978 -1.407 2.208 
1704868440.078 -1.322 2.259 
1704868440.178 -1.235 2.308 
1704868440.278 -1.144 2.354 
1704868440.377 -1.052 2.393 
1704868440.478 -0.963 2.433 
1704868440.579 -0.879 2.471 
1704868440.678 -0.796 2.509 
1704868440.779 -0.698 2.542 
1704868440.882 -0.614 2.573 
1704868440.979 -0.535 2.603 
1704868441.079 -0.453 2.630 
1704868441.179 -0.362 2.649 
1704868441.282 -0.280 2.668 
1704868441.382 -0.197 2.681 
1704868441.482 -0.115 2.690 
1704868441.583 -0.038 2.699 
1704868441.683 0.050 2.706 
1704868441.787 0.143 2.725 
1704868441.886 0.225 2.735 
1704868441.986 0.296 2.730 
1704868442.086 0.371 2.725 
1704868442.189 0.448 2.719 
1704868442.288 0.534 2.703 
1704868442.387 0.629 2.683 
1704868442.486 0.716 2.673 
1704868442.588 0.790 2.662 
1704868442.687 0.859 2.653 
1704868442.788 0.949 2.652 
1704868442.888 1.038 2.652 
1704868442.988 1.118 2.651 
1704868443.088 1.192 2.656 
1704868443.187 1.265 2.660 
1704868443.289 1.353 2.663 
1704868443.390 1.435 2.666 
1704868443.489 1.510 2.672 
1704868443.588 1.584 2.687 
1704868443.688 1.657 2.698 
1704868443.789 1.759 2.705 
1704868443.890 1.879 2.716 
1704868443.988 1.980 2.727 
1704868444.088 2.072 2.743 
1704868444.189 2.161 2.759 
1704868444.289 2.256 2.772 
1704868444.391 2.350 2.775 
1704868444.489 2.441 2.779 
1704868444.589 2.536 2.785 
1704868444.690 2.635 2.792 
1704868444.790 2.731 2.796 
1704868444.891 2.828 2.797 
1704868444.991 2.926 2.792 
1704868445.094 2.988 2.791 
1704868445.190 3.052 2.788 
1704868445.290 3.130 2.787 
1704868445.390 3.214 2.781 
1704868445.491 3.297 2.777 
1704868445.591 3.375 2.769 
1704868445.691 3.457 2.760 
1704868445.792 3.544 2.750 
1704868445.891 3.628 2.741 
1704868445.991 3.712 2.732 
1704868446.091 3.798 2.722 
1704868446.192 3.885 2.712 
1704868446.291 3.970 2.699 
1704868446.392 4.062 2.685 
1704868446.492 4.152 2.672 
1704868446.592 4.244 2.665 
1704868446.693 4.337 2.661 
1704868446.796 4.431 2.651 
1704868446.898 4.522 2.640 
1704868446.997 4.616 2.633 
1704868447.097 4.710 2.627 
1704868447.197 4.806 2.623 
1704868447.297 4.902 2.624 
1704868447.397 5.003 2.627 
1704868447.498 5.096 2.627 
1704868447.597 5.193 2.634 
1704868447.698 5.291 2.644 
1704868447.798 5.390 2.658 
1704868447.899 5.491 2.686 
1704868448.000 5.594 2.715 
1704868448.099 5.683 2.727 
1704868448.199 5.774 2.756 
1704868448.299 5.872 2.802 
1704868448.399 5.969 2.852 
1704868448.499 6.064 2.910 
1704868448.599 6.159 2.967 
1704868448.700 6.240 2.990 
1704868448.800 6.318 3.029 
1704868448.900 6.400 3.099 
1704868449.002 6.489 3.172 
1704868449.103 6.570 3.239 
1704868449.201 6.644 3.310 
1704868449.302 6.722 3.375 
1704868449.402 6.792 3.441 
1704868449.502 6.856 3.519 
1704868449.603 6.919 3.601 
1704868449.702 6.984 3.679 
1704868449.803 7.048 3.759 
1704868449.903 7.108 3.842 
1704868450.003 7.160 3.923 
1704868450.103 7.213 4.004 
1704868450.203 7.269 4.088 
1704868450.303 7.324 4.175 
1704868450.403 7.381 4.259 
1704868450.503 7.435 4.335 
1704868450.603 7.487 4.419 
1704868450.703 7.539 4.505 
1704868450.804 7.587 4.598 
1704868450.904 7.634 4.692 
1704868451.004 7.683 4.784 
1704868451.104 7.730 4.859 
1704868451.204 7.771 4.945 
1704868451.304 7.809 5.038 
1704868451.404 7.844 5.133 
1704868451.505 7.878 5.220 
1704868451.605 7.912 5.308 
1704868451.705 7.945 5.403 
1704868451.805 7.975 5.491 
1704868451.905 7.991 5.589 
1704868452.006 8.007 5.688 
1704868452.105 8.026 5.784 
1704868452.206 8.046 5.868 
1704868452.305 8.066 5.951 
1704868452.405 8.064 6.050 
1704868452.506 8.068 6.135 
1704868452.606 8.067 6.226 
1704868452.705 8.073 6.315 
1704868452.806 8.081 6.401 
1704868452.906 8.080 6.487 
1704868453.006 8.066 6.571 
1704868453.107 8.046 6.654 
1704868453.206 8.030 6.733 
1704868453.306 8.020 6.813 
1704868453.407 8.007 6.891 
1704868453.507 7.984 6.967 
1704868453.607 7.965 7.047 
1704868453.708 7.949 7.120 
1704868453.808 7.929 7.195 
1704868453.910 7.868 7.294 
1704868454.008 7.821 7.385 
1704868454.110 7.774 7.475 
1704868454.219 7.725 7.578 
