1704869952.418 4.167 0.091 
1704869952.516 4.238 0.086 
1704869952.617 4.360 0.071 
1704869952.716 4.487 0.064 
1704869952.819 4.593 0.061 
1704869952.930 4.708 0.064 
1704869953.023 4.828 0.063 
1704869953.121 4.946 0.059 
1704869953.220 5.066 0.061 
1704869953.320 5.183 0.064 
1704869953.420 5.293 0.065 
1704869953.520 5.412 0.064 
1704869953.620 5.531 0.067 
1704869953.720 5.611 0.077 
1704869953.821 5.663 0.062 
1704869953.932 5.739 0.080 
1704869954.024 5.808 0.098 
1704869954.122 5.867 0.109 
1704869954.222 5.942 0.164 
1704869954.321 5.995 0.194 
1704869954.421 6.041 0.212 
1704869954.521 6.088 0.264 
1704869954.621 6.126 0.309 
1704869954.720 6.169 0.307 
1704869954.822 6.215 0.311 
1704869954.922 6.230 0.365 
1704869955.022 6.222 0.458 
1704869955.122 6.230 0.536 
1704869955.222 6.218 0.627 
1704869955.322 6.174 0.722 
1704869955.422 6.130 0.798 
1704869955.522 6.064 0.861 
1704869955.623 5.975 0.890 
1704869955.722 5.887 0.917 
1704869955.824 5.804 0.952 
1704869955.923 5.722 0.987 
1704869956.023 5.636 1.013 
1704869956.123 5.537 1.024 
1704869958.831 5.653 0.935 
1704869958.832 5.653 0.935 
1704869958.933 5.667 0.910 
1704869959.032 5.674 0.838 
1704869959.132 5.649 0.703 
1704869959.232 5.636 0.587 
1704869959.332 5.621 0.473 
1704869959.432 5.607 0.355 
1704869959.532 5.594 0.242 
1704869959.632 5.587 0.127 
1704869959.733 5.555 0.007 
1704869959.833 5.521 -0.111 
1704869959.934 5.474 -0.227 
1704869960.033 5.401 -0.334 
1704869960.133 5.324 -0.443 
1704869960.233 5.220 -0.535 
1704869960.333 5.116 -0.604 
1704869960.433 5.030 -0.644 
1704869960.534 4.923 -0.662 
1704869960.634 4.807 -0.649 
1704869960.734 4.698 -0.629 
1704869960.837 4.604 -0.610 
1704869960.934 4.521 -0.580 
1704869961.034 4.429 -0.545 
1704869961.135 4.347 -0.516 
1704869961.234 4.271 -0.478 
1704869961.337 4.181 -0.439 
1704869961.436 4.089 -0.401 
1704869961.535 4.001 -0.362 
1704869961.635 3.910 -0.320 
1704869961.735 3.839 -0.280 
1704869961.836 3.763 -0.241 
1704869961.935 3.679 -0.181 
1704869962.035 3.584 -0.094 
1704869962.135 3.493 -0.025 
1704869962.236 3.411 0.036 
1704869962.336 3.339 0.087 
1704869962.436 3.265 0.155 
1704869962.536 3.205 0.192 
1704869962.636 3.155 0.249 
1704869962.737 3.098 0.339 
1704869962.837 3.037 0.473 
1704869962.937 2.981 0.573 
1704869963.037 2.945 0.650 
1704869963.137 2.912 0.731 
1704869963.237 2.884 0.811 
1704869963.337 2.853 0.872 
1704869963.437 2.817 0.882 
1704869963.537 2.793 0.909 
1704869963.637 2.810 1.027 
1704869963.738 2.836 1.166 
1704869963.838 2.865 1.252 
1704869963.938 2.872 1.312 
1704869964.038 2.872 1.386 
1704869964.138 2.894 1.504 
1704869964.238 2.903 1.589 
1704869964.337 2.911 1.668 
1704869964.439 2.920 1.761 
1704869964.538 2.926 1.866 
1704869964.638 2.937 1.972 
1704869964.739 2.947 2.056 
1704869964.839 2.953 2.120 
1704869964.939 2.963 2.176 
1704869965.039 2.975 2.225 
1704869965.141 2.986 2.285 
1704869965.239 3.013 2.349 
1704869965.346 3.074 2.435 
1704869965.440 3.183 2.539 
1704869965.540 3.282 2.638 
1704869965.640 3.354 2.728 
1704869965.740 3.418 2.807 
1704869965.840 3.483 2.871 
1704869965.940 3.550 2.918 
1704869966.040 3.628 2.968 
1704869966.140 3.725 3.013 
1704869966.240 3.823 3.022 
1704869966.340 3.928 3.012 
1704869966.440 4.025 3.009 
1704869966.540 4.119 3.003 
1704869966.640 4.217 2.994 
1704869966.740 4.314 2.987 
1704869966.841 4.413 2.982 
1704869966.942 4.511 2.977 
1704869967.041 4.608 2.971 
1704869967.142 4.710 2.960 
1704869967.242 4.810 2.951 
1704869967.342 4.908 2.938 
1704869967.442 5.004 2.925 
1704869967.543 5.097 2.914 
1704869967.643 5.188 2.901 
1704869967.744 5.275 2.886 
1704869967.843 5.359 2.877 
1704869967.943 5.444 2.868 
1704869968.043 5.528 2.860 
1704869968.143 5.612 2.852 
1704869968.243 5.694 2.845 
1704869968.343 5.773 2.834 
1704869968.444 5.853 2.823 
1704869968.544 5.926 2.815 
1704869968.643 6.001 2.813 
1704869968.743 6.075 2.813 
1704869968.844 6.147 2.806 
1704869968.944 6.225 2.802 
1704869969.044 6.296 2.797 
1704869969.144 6.362 2.792 
1704869969.244 6.437 2.795 
1704869969.344 6.515 2.800 
1704869969.445 6.593 2.806 
1704869969.544 6.671 2.813 
1704869969.645 6.750 2.819 
1704869969.745 6.833 2.826 
1704869969.845 6.918 2.830 
1704869969.946 7.008 2.822 
1704869970.045 7.092 2.823 
1704869970.147 7.169 2.836 
1704869970.246 7.248 2.835 
1704869970.346 7.324 2.813 
1704869970.447 7.398 2.800 
1704869970.547 7.489 2.767 
1704869970.646 7.584 2.720 
1704869970.747 7.691 2.662 
1704869970.847 7.808 2.594 
1704869970.948 7.910 2.535 
1704869971.048 7.997 2.487 
1704869971.148 8.080 2.447 
1704869971.248 8.156 2.429 
1704869971.348 8.238 2.391 
1704869971.448 8.325 2.283 
1704869971.548 8.406 2.198 
1704869971.648 8.471 2.116 
1704869971.748 8.521 2.025 
1704869971.848 8.543 1.924 
1704869971.949 8.541 1.827 
1704869972.051 8.532 1.713 
1704869972.151 8.519 1.588 
1704869972.251 8.512 1.473 
1704869972.351 8.507 1.374 
1704869972.452 8.495 1.274 
1704869972.551 8.476 1.166 
1704869972.651 8.457 1.061 
1704869972.752 8.437 0.959 
1704869972.852 8.413 0.899 
1704869972.952 8.401 0.838 
1704869973.052 8.390 0.761 
1704869973.153 8.377 0.677 
1704869973.252 8.368 0.599 
1704869973.352 8.368 0.527 
1704869973.452 8.370 0.460 
1704869973.552 8.364 0.388 
1704869973.653 8.359 0.320 
1704869973.752 8.356 0.257 
1704869973.852 8.355 0.194 
1704869973.954 8.347 0.116 
1704869974.054 8.356 0.014 
1704869977.563 8.711 0.053 
1704869977.564 8.711 0.053 
1704869977.663 8.654 0.116 
1704869977.764 8.554 0.196 
1704869977.864 8.438 0.278 
1704869977.964 8.335 0.351 
1704869978.064 8.248 0.435 
1704869978.164 8.173 0.519 
1704869978.265 8.092 0.604 
1704869978.364 8.004 0.686 
1704869978.464 7.914 0.769 
1704869978.565 7.827 0.855 
1704869978.665 7.742 0.939 
1704869978.765 7.660 1.019 
1704869978.865 7.577 1.102 
1704869978.966 7.489 1.193 
1704869979.065 7.403 1.280 
1704869979.165 7.324 1.363 
1704869979.265 7.245 1.451 
1704869979.368 7.172 1.542 
1704869979.467 7.095 1.633 
1704869979.567 7.025 1.725 
1704869979.667 6.959 1.823 
1704869979.767 6.893 1.924 
1704869979.867 6.824 2.018 
1704869979.968 6.755 2.112 
1704869980.068 6.689 2.209 
1704869980.167 6.625 2.310 
1704869980.268 6.574 2.417 
1704869980.368 6.527 2.523 
1704869980.469 6.482 2.633 
1704869980.568 6.441 2.740 
1704869980.668 6.410 2.856 
1704869980.768 6.377 2.950 
1704869980.869 6.349 3.036 
1704869980.969 6.335 3.121 
1704869981.069 6.327 3.205 
1704869981.168 6.321 3.268 
1704869981.269 6.321 3.301 
1704869981.374 6.308 3.250 
1704869981.469 6.306 3.201 
1704869981.570 6.318 3.202 
1704869981.672 6.375 3.299 
1704869981.772 6.434 3.382 
1704869981.872 6.523 3.474 
1704869981.972 6.616 3.554 
1704869982.072 6.696 3.619 
1704869982.172 6.758 3.675 
1704869982.273 6.787 3.698 
1704869982.372 6.761 3.629 
1704869982.473 6.740 3.568 
1704869982.573 6.730 3.566 
1704869986.181 6.889 4.046 
1704869986.281 6.885 4.015 
1704869991.491 7.283 4.233 
1704869991.492 7.283 4.232 
1704869991.592 7.249 4.161 
1704869991.693 7.179 4.063 
1704869991.793 7.195 4.002 
1704869991.897 7.278 3.998 
1704869991.995 7.369 4.039 
1704869992.093 7.479 4.120 
1704869992.195 7.582 4.152 
1704869992.292 7.685 4.185 
1704869992.393 7.764 4.250 
1704869992.493 7.822 4.356 
1704869992.593 7.879 4.443 
1704869992.696 7.954 4.535 
1704869992.795 8.024 4.629 
1704869992.894 8.076 4.710 
1704869992.994 8.126 4.792 
1704869993.095 8.181 4.866 
1704869993.194 8.231 4.945 
1704869993.294 8.282 5.023 
1704869993.394 8.331 5.104 
1704869993.494 8.369 5.192 
1704869993.594 8.404 5.276 
1704869993.695 8.437 5.358 
1704869993.795 8.468 5.440 
1704869993.894 8.489 5.523 
1704869993.997 8.511 5.625 
1704869994.097 8.534 5.721 
1704869994.201 8.557 5.810 
1704869994.297 8.574 5.887 
1704869994.401 8.581 5.977 
1704869994.499 8.578 6.074 
1704869994.598 8.581 6.160 
1704869994.697 8.582 6.251 
1704869994.798 8.581 6.337 
1704869994.898 8.580 6.424 
1704869994.999 8.572 6.508 
1704869995.099 8.561 6.592 
1704869995.200 8.551 6.675 
1704869995.301 8.539 6.755 
1704869995.399 8.519 6.829 
1704869995.502 8.498 6.916 
1704869995.600 8.485 7.001 
1704869995.699 8.478 7.081 
1704869995.799 8.469 7.154 
1704869995.900 8.441 7.226 
1704869996.000 8.397 7.298 
1704869996.100 8.352 7.370 
1704869996.201 8.311 7.443 
1704869996.302 8.278 7.518 
1704869996.401 8.243 7.591 
1704869996.500 8.205 7.663 
1704869996.600 8.166 7.734 
1704869996.701 8.123 7.802 
1704869996.801 8.075 7.865 
1704869996.902 8.019 7.918 
1704869997.002 7.955 7.959 
1704869997.102 7.885 8.002 
1704869997.202 7.819 8.054 
1704869997.302 7.741 8.126 
1704869997.402 7.645 8.182 
1704869997.502 7.613 8.245 
1704869997.602 7.546 8.276 
1704869997.702 7.442 8.272 
1704869997.803 7.339 8.274 
1704869997.919 7.233 8.263 
1704869998.012 7.128 8.229 
1704869998.107 7.038 8.176 
1704869998.211 6.956 8.110 
1704869998.304 6.900 8.035 
1704869998.404 6.854 7.934 
1704869998.504 6.809 7.830 
1704869998.604 6.788 7.752 
1704869998.703 6.773 7.678 
1704869998.804 6.764 7.587 
1704869998.904 6.763 7.494 
1704869999.005 6.763 7.401 
1704869999.105 6.756 7.310 
1704869999.206 6.748 7.217 
1704869999.309 6.746 7.121 
1704869999.406 6.747 7.033 
1704869999.507 6.744 6.939 
1704869999.605 6.740 6.849 
1704869999.706 6.738 6.753 
1704869999.806 6.737 6.658 
1704869999.906 6.733 6.564 
1704870000.006 6.728 6.466 
1704870000.106 6.725 6.370 
1704870000.206 6.720 6.273 
1704870000.306 6.716 6.175 
1704870000.407 6.715 6.077 
1704870000.508 6.715 5.979 
1704870000.607 6.716 5.880 
1704870000.708 6.716 5.779 
1704870000.807 6.714 5.675 
1704870000.908 6.713 5.576 
1704870001.008 6.719 5.475 
1704870001.108 6.737 5.407 
1704870001.208 6.739 5.353 
1704870001.308 6.731 5.293 
1704870001.408 6.738 5.204 
1704870001.508 6.750 5.116 
1704870001.607 6.750 5.050 
1704870001.707 6.745 4.972 
1704870002.212 6.770 4.914 
1704870002.219 6.770 4.914 
1704870002.313 6.720 4.867 
1704870002.413 6.654 4.792 
1704870002.516 6.608 4.708 
1704870002.615 6.589 4.591 
1704870002.715 6.565 4.496 
1704870002.814 6.545 4.403 
1704870002.917 6.510 4.302 
1704870003.015 6.467 4.194 
1704870003.115 6.414 4.085 
1704870003.213 6.359 3.982 
1704870003.315 6.304 3.872 
1704870003.415 6.255 3.755 
1704870003.514 6.196 3.625 
1704870003.614 6.141 3.510 
1704870003.715 6.084 3.408 
1704870003.814 6.027 3.308 
1704870003.915 5.959 3.202 
1704870004.014 5.892 3.101 
1704870004.115 5.827 3.006 
1704870004.215 5.755 2.914 
1704870004.315 5.679 2.818 
1704870004.415 5.606 2.722 
1704870004.515 5.534 2.629 
1704870004.615 5.461 2.538 
1704870004.715 5.383 2.447 
1704870004.815 5.307 2.356 
1704870004.915 5.233 2.268 
1704870005.016 5.155 2.177 
1704870005.116 5.074 2.089 
1704870005.216 4.993 2.001 
1704870005.316 4.910 1.917 
1704870005.417 4.830 1.830 
1704870005.517 4.748 1.744 
1704870005.622 4.658 1.660 
1704870005.718 4.577 1.583 
1704870005.817 4.489 1.504 
1704870005.917 4.400 1.427 
1704870006.018 4.311 1.351 
1704870006.119 4.223 1.278 
1704870006.218 4.136 1.205 
1704870006.317 4.049 1.127 
1704870006.417 3.957 1.052 
1704870006.518 3.866 0.981 
1704870006.618 3.777 0.915 
1704870006.717 3.689 0.841 
1704870006.818 3.592 0.766 
1704870006.918 3.494 0.700 
1704870007.018 3.395 0.636 
1704870007.118 3.293 0.566 
1704870007.219 3.192 0.502 
1704870007.319 3.122 0.452 
1704870007.420 3.051 0.413 
1704870007.522 2.985 0.378 
1704870007.621 2.918 0.343 
1704870007.722 2.838 0.298 
1704870007.822 2.767 0.257 
1704870007.922 2.703 0.223 
1704870008.022 2.638 0.196 
1704870008.122 2.578 0.170 
1704870008.222 2.517 0.142 
1704870008.322 2.418 0.113 
1704870008.422 2.290 0.087 
1704870008.522 2.191 0.065 
1704870008.622 2.113 0.040 
1704870008.723 2.063 0.012 
1704870008.822 1.988 -0.001 
1704870008.923 1.908 -0.013 
1704870009.025 1.836 -0.026 
1704870009.125 1.767 -0.041 
1704870009.223 1.695 -0.053 
1704870009.325 1.617 -0.057 
1704870010.628 1.299 -0.168 
1704870010.629 1.299 -0.168 
1704870010.730 1.275 -0.210 
1704870010.830 1.179 -0.286 
1704870010.931 1.028 -0.372 
1704870011.030 0.881 -0.454 
1704870011.130 0.743 -0.535 
1704870011.230 0.655 -0.599 
1704870011.331 0.560 -0.640 
1704870011.431 0.445 -0.673 
1704870011.531 0.325 -0.707 
1704870011.631 0.207 -0.741 
1704870011.732 0.093 -0.773 
1704870011.832 -0.022 -0.801 
1704870011.932 -0.118 -0.822 
1704870012.032 -0.195 -0.830 
1704870012.132 -0.287 -0.830 
1704870012.232 -0.409 -0.832 
1704870012.332 -0.508 -0.847 
1704870012.432 -0.592 -0.847 
1704870012.533 -0.670 -0.837 
1704870012.632 -0.755 -0.825 
1704870012.734 -0.846 -0.802 
1704870012.833 -0.931 -0.768 
1704870012.933 -1.001 -0.729 
1704870013.036 -1.070 -0.692 
1704870013.134 -1.141 -0.633 
1704870013.233 -1.210 -0.555 
1704870013.334 -1.270 -0.494 
1704870013.434 -1.328 -0.441 
1704870013.535 -1.387 -0.370 
1704870013.638 -1.448 -0.275 
1704870013.739 -1.503 -0.184 
1704870013.838 -1.553 -0.090 
1704870013.936 -1.573 -0.034 
1704870014.037 -1.593 0.009 
1704870014.136 -1.622 0.076 
1704870014.236 -1.661 0.173 
1704870014.336 -1.691 0.274 
1704870014.438 -1.710 0.344 
1704870014.537 -1.739 0.413 
1704870014.643 -1.778 0.493 
1704870014.746 -1.808 0.570 
1704870014.845 -1.836 0.644 
1704870014.945 -1.856 0.717 
1704870015.044 -1.877 0.787 
1704870015.142 -1.904 0.861 
1704870015.240 -1.937 0.945 
1704870015.341 -1.960 1.025 
1704870015.441 -1.975 1.102 
1704870015.543 -1.978 1.175 
1704870015.642 -1.970 1.253 
1704870015.741 -1.959 1.343 
1704870015.841 -1.964 1.415 
1704870015.942 -1.967 1.490 
1704870016.041 -1.959 1.561 
1704870016.142 -1.956 1.644 
1704870016.244 -1.958 1.729 
1704870016.343 -1.946 1.808 
1704870016.443 -1.931 1.884 
1704870016.544 -1.916 1.960 
1704870016.645 -1.901 2.039 
1704870016.744 -1.882 2.114 
1704870016.844 -1.868 2.184 
1704870016.944 -1.858 2.256 
1704870017.047 -1.844 2.336 
1704870017.148 -1.829 2.413 
1704870017.248 -1.811 2.483 
1704870017.348 -1.790 2.554 
1704870017.448 -1.771 2.655 
1704870017.549 -1.724 2.785 
1704870017.649 -1.716 2.891 
1704870017.749 -1.691 2.965 
1704870017.848 -1.651 3.049 
1704870017.949 -1.591 3.143 
1704870018.052 -1.522 3.225 
1704870018.152 -1.453 3.306 
1704870018.253 -1.409 3.348 
1704870018.353 -1.392 3.370 
1704870020.861 -1.352 3.498 
1704870020.862 -1.352 3.498 
1704870020.961 -1.361 3.518 
1704870021.062 -1.421 3.598 
1704870021.162 -1.505 3.698 
1704870021.262 -1.574 3.786 
1704870021.362 -1.634 3.879 
1704870021.462 -1.699 3.984 
1704870021.563 -1.766 4.078 
1704870021.664 -1.832 4.180 
1704870021.763 -1.896 4.281 
1704870021.865 -1.962 4.381 
1704870021.967 -2.024 4.482 
1704870022.066 -2.087 4.583 
1704870022.167 -2.151 4.682 
1704870022.266 -2.214 4.779 
1704870022.366 -2.265 4.861 
1704870022.466 -2.304 4.929 
1704870022.566 -2.337 4.996 
1704870022.666 -2.365 5.063 
1704870022.766 -2.393 5.128 
1704870022.866 -2.426 5.191 
1704870022.966 -2.457 5.290 
1704870023.067 -2.493 5.378 
1704870023.167 -2.527 5.456 
1704870023.267 -2.552 5.540 
1704870023.367 -2.569 5.625 
1704870023.467 -2.590 5.698 
1704870023.566 -2.607 5.769 
1704870023.669 -2.628 5.835 
1704870023.773 -2.638 5.891 
1704870023.872 -2.630 5.938 
1704870023.972 -2.617 5.985 
1704870024.072 -2.584 6.077 
1704870024.172 -2.558 6.173 
1704870024.272 -2.551 6.242 
1704870024.372 -2.547 6.296 
1704870024.472 -2.557 6.343 
1704870024.572 -2.535 6.392 
1704870024.673 -2.460 6.449 
1704870024.774 -2.372 6.513 
1704870024.874 -2.291 6.578 
1704870024.976 -2.210 6.641 
1704870025.075 -2.135 6.691 
1704870025.176 -2.077 6.721 
1704870025.275 -2.035 6.725 
1704870025.374 -1.993 6.715 
1704870025.474 -1.902 6.678 
1704870025.574 -1.792 6.648 
1704870025.679 -1.692 6.651 
1704870025.785 -1.641 6.647 
1704870025.882 -1.627 6.650 
1704870025.979 -1.612 6.665 
1704870026.078 -1.559 6.646 
1704870026.177 -1.474 6.566 
1704870026.279 -1.403 6.529 
1704870026.378 -1.368 6.513 
1704870026.478 -1.329 6.465 
1704870026.579 -1.275 6.377 
1704870026.678 -1.213 6.318 
1704870026.778 -1.175 6.314 
1704870026.878 -1.163 6.346 
1704870026.978 -1.145 6.350 
1704870027.078 -1.152 6.252 
1704870027.178 -1.178 6.135 
1704870027.278 -1.188 6.022 
1704870027.378 -1.199 5.916 
1704870027.479 -1.214 5.851 
1704870027.579 -1.247 5.751 
1704870027.679 -1.291 5.660 
1704870027.780 -1.329 5.565 
1704870027.879 -1.374 5.477 
1704870027.980 -1.432 5.396 
1704870028.079 -1.493 5.309 
1704870028.180 -1.543 5.248 
1704870028.280 -1.578 5.197 
1704870028.380 -1.628 5.140 
1704870028.480 -1.674 5.079 
1704870028.580 -1.723 5.014 
1704870028.680 -1.771 4.950 
1704870028.781 -1.822 4.882 
1704870028.881 -1.872 4.815 
1704870028.982 -1.922 4.747 
1704870029.082 -1.975 4.681 
1704870029.181 -2.029 4.616 
1704870029.282 -2.087 4.548 
1704870029.387 -2.149 4.475 
1704870029.488 -2.211 4.405 
1704870029.587 -2.268 4.335 
1704870029.688 -2.329 4.265 
1704870029.788 -2.397 4.193 
1704870029.887 -2.467 4.118 
1704870029.987 -2.534 4.042 
1704870030.087 -2.603 3.966 
1704870030.187 -2.671 3.891 
1704870030.288 -2.739 3.818 
1704870030.388 -2.807 3.738 
1704870030.490 -2.877 3.660 
1704870030.589 -2.943 3.586 
1704870030.688 -3.005 3.512 
1704870030.788 -3.068 3.434 
1704870030.888 -3.130 3.360 
1704870030.989 -3.192 3.287 
1704870031.092 -3.253 3.211 
1704870031.189 -3.312 3.142 
1704870031.288 -3.373 3.073 
1704870031.388 -3.439 3.003 
1704870031.489 -3.501 2.931 
1704870031.589 -3.555 2.861 
1704870031.689 -3.610 2.790 
1704870031.790 -3.670 2.714 
1704870031.891 -3.727 2.645 
1704870031.991 -3.784 2.575 
1704870032.091 -3.843 2.503 
1704870032.190 -3.900 2.433 
1704870032.290 -3.959 2.360 
1704870032.391 -4.013 2.289 
1704870032.492 -4.070 2.219 
1704870032.591 -4.122 2.147 
1704870032.692 -4.176 2.073 
1704870032.791 -4.228 1.998 
1704870032.891 -4.280 1.922 
1704870032.991 -4.332 1.846 
1704870033.093 -4.386 1.775 
1704870033.192 -4.432 1.704 
1704870033.292 -4.479 1.628 
1704870033.392 -4.528 1.554 
1704870033.492 -4.568 1.476 
1704870033.592 -4.602 1.388 
1704870033.692 -4.638 1.308 
1704870033.793 -4.674 1.236 
1704870033.893 -4.698 1.158 
1704870033.993 -4.715 1.073 
1704870034.093 -4.739 0.989 
1704870034.192 -4.760 0.902 
1704870034.294 -4.778 0.815 
1704870034.394 -4.793 0.734 
1704870034.494 -4.801 0.653 
1704870034.593 -4.807 0.569 
1704870034.694 -4.817 0.489 
1704870034.797 -4.828 0.406 
1704870034.897 -4.836 0.334 
1704870034.996 -4.843 0.258 
1704870035.097 -4.850 0.168 
1704870035.197 -4.856 0.049 
1704870035.296 -4.860 -0.053 
1704870035.401 -4.863 -0.147 
1704870035.500 -4.868 -0.242 
1704870035.600 -4.878 -0.335 
1704870035.700 -4.883 -0.413 
1704870035.799 -4.881 -0.489 
1704870035.899 -4.889 -0.585 
1704870035.999 -4.895 -0.676 
1704870036.100 -4.903 -0.775 
1704870036.200 -4.916 -0.875 
1704870036.300 -4.934 -0.972 
1704870036.399 -4.949 -1.065 
1704870036.501 -4.960 -1.151 
1704870036.601 -4.970 -1.226 
1704870036.700 -4.966 -1.291 
1704870036.806 -4.934 -1.336 
1704870036.907 -4.928 -1.365 
1704870037.008 -4.961 -1.416 
1704870037.108 -4.991 -1.496 
1704870037.212 -5.026 -1.608 
1704870037.311 -5.049 -1.744 
1704870037.413 -5.047 -1.861 
1704870037.511 -5.048 -1.927 
1704870037.612 -5.051 -2.011 
1704870037.712 -5.052 -2.114 
1704870037.812 -5.060 -2.211 
1704870037.912 -5.061 -2.299 
1704870038.012 -5.056 -2.389 
1704870038.112 -5.048 -2.481 
1704870038.213 -5.038 -2.576 
1704870038.313 -5.022 -2.668 
1704870038.413 -4.998 -2.754 
1704870038.513 -4.977 -2.842 
1704870038.615 -4.957 -2.936 
1704870038.713 -4.945 -3.020 
1704870038.813 -4.938 -3.087 
1704870038.920 -4.915 -3.151 
1704870039.017 -4.879 -3.211 
1704870039.114 -4.829 -3.276 
1704870039.215 -4.771 -3.339 
1704870039.315 -4.713 -3.393 
1704870039.416 -4.652 -3.440 
1704870039.514 -4.606 -3.479 
1704870039.614 -4.564 -3.533 
1704870039.714 -4.524 -3.587 
1704870039.815 -4.485 -3.651 
1704870039.916 -4.434 -3.710 
1704870040.016 -4.371 -3.755 
1704870040.115 -4.299 -3.788 
1704870040.216 -4.234 -3.817 
1704870040.316 -4.191 -3.849 
1704870040.416 -4.148 -3.888 
1704870040.516 -4.092 -3.938 
1704870040.616 -4.027 -3.981 
1704870040.717 -3.958 -4.015 
1704870040.817 -3.881 -4.025 
1704870040.919 -3.790 -4.003 
1704870041.019 -3.699 -3.979 
1704870041.119 -3.633 -3.958 
1704870041.223 -3.561 -3.935 
1704870041.320 -3.492 -3.915 
1704870041.420 -3.425 -3.901 
1704870041.519 -3.376 -3.912 
1704870041.621 -3.329 -3.930 
1704870041.721 -3.273 -3.904 
1704870041.820 -3.199 -3.844 
1704870041.923 -3.120 -3.769 
1704870042.022 -3.042 -3.700 
1704870042.123 -2.967 -3.638 
1704870042.223 -2.908 -3.588 
1704870042.323 -2.855 -3.546 
1704870042.424 -2.811 -3.511 
1704870042.524 -2.780 -3.488 
1704870042.624 -2.750 -3.470 
1704870042.726 -2.707 -3.449 
1704870042.834 -2.651 -3.426 
1704870042.928 -2.591 -3.409 
1704870043.025 -2.533 -3.393 
1704870043.125 -2.489 -3.372 
1704870043.224 -2.441 -3.362 
1704870043.324 -2.407 -3.371 
1704870043.425 -2.400 -3.364 
1704870043.525 -2.375 -3.361 
1704870043.626 -2.296 -3.360 
1704870043.726 -2.204 -3.353 
1704870043.825 -2.136 -3.364 
1704870043.927 -2.048 -3.374 
1704870044.026 -1.974 -3.367 
1704870044.126 -1.906 -3.376 
1704870044.228 -1.826 -3.386 
1704870044.329 -1.736 -3.397 
1704870044.430 -1.648 -3.412 
1704870044.529 -1.564 -3.431 
1704870044.629 -1.474 -3.446 
1704870044.729 -1.381 -3.462 
1704870044.829 -1.285 -3.483 
1704870044.928 -1.195 -3.508 
1704870045.031 -1.100 -3.533 
1704870045.129 -1.020 -3.553 
1704870045.229 -0.933 -3.575 
1704870045.330 -0.840 -3.601 
1704870045.431 -0.742 -3.631 
1704870045.530 -0.655 -3.659 
1704870045.631 -0.569 -3.690 
1704870045.731 -0.477 -3.720 
1704870045.830 -0.365 -3.749 
1704870045.930 -0.263 -3.774 
1704870046.031 -0.180 -3.790 
1704870046.131 -0.128 -3.806 
1704870046.231 -0.067 -3.830 
1704870046.332 -0.001 -3.853 
1704870046.433 0.073 -3.872 
1704870046.534 0.163 -3.886 
1704870046.634 0.247 -3.905 
1704870046.733 0.327 -3.921 
1704870046.833 0.406 -3.935 
1704870046.932 0.488 -3.949 
1704870047.033 0.569 -3.963 
1704870047.133 0.650 -3.976 
1704870047.233 0.731 -3.988 
1704870047.334 0.812 -4.000 
1704870047.433 0.889 -4.013 
1704870047.533 0.969 -4.027 
1704870047.632 1.053 -4.034 
1704870047.733 1.134 -4.042 
1704870047.834 1.212 -4.052 
1704870047.933 1.290 -4.059 
1704870048.035 1.371 -4.066 
1704870048.135 1.452 -4.075 
1704870048.236 1.538 -4.077 
1704870048.335 1.620 -4.078 
1704870048.435 1.698 -4.081 
1704870048.535 1.777 -4.081 
1704870048.636 1.859 -4.079 
1704870048.734 1.939 -4.077 
1704870048.835 2.025 -4.075 
1704870048.935 2.113 -4.080 
1704870049.036 2.190 -4.079 
1704870049.135 2.269 -4.077 
1704870049.237 2.355 -4.077 
1704870049.337 2.431 -4.077 
1704870049.437 2.508 -4.076 
1704870049.539 2.594 -4.076 
1704870049.636 2.672 -4.077 
1704870049.736 2.750 -4.082 
1704870049.837 2.829 -4.081 
1704870049.939 2.911 -4.079 
1704870050.038 2.981 -4.073 
1704870050.138 3.058 -4.072 
1704870050.240 3.134 -4.072 
1704870050.341 3.210 -4.074 
1704870050.439 3.282 -4.074 
1704870050.539 3.364 -4.074 
1704870050.639 3.454 -4.075 
1704870054.148 3.705 -4.406 
1704870054.148 3.705 -4.406 
1704870054.247 3.644 -4.376 
1704870054.347 3.573 -4.327 
1704870054.447 3.502 -4.262 
1704870054.547 3.440 -4.181 
1704870054.649 3.396 -4.082 
1704870054.749 3.358 -3.972 
1704870054.850 3.326 -3.856 
1704870054.950 3.296 -3.756 
1704870055.050 3.261 -3.684 
1704870055.151 3.264 -3.571 
1704870055.250 3.264 -3.468 
1704870055.350 3.284 -3.363 
1704870056.353 3.327 -3.430 
1704870056.454 3.351 -3.433 
1704870056.554 3.376 -3.436 
1704870056.653 3.399 -3.449 
1704870056.754 3.423 -3.471 
1704870056.854 3.474 -3.486 
1704870056.954 3.604 -3.471 
1704870057.053 3.744 -3.463 
1704870057.155 3.821 -3.454 
1704870057.254 3.886 -3.444 
1704870057.354 3.950 -3.441 
1704870057.455 3.992 -3.446 
1704870057.557 4.033 -3.452 
1704870057.655 4.110 -3.448 
1704870057.755 4.185 -3.443 
1704870057.855 4.251 -3.439 
1704870057.955 4.323 -3.449 
1704870058.056 4.411 -3.457 
1704870058.155 4.498 -3.459 
1704870058.255 4.588 -3.463 
1704870058.356 4.682 -3.474 
1704870058.455 4.756 -3.484 
1704870058.556 4.835 -3.492 
1704870058.656 4.913 -3.506 
1704870058.758 4.987 -3.522 
1704870058.858 5.065 -3.538 
1704870058.956 5.134 -3.562 
1704870059.056 5.190 -3.595 
1704870059.157 5.235 -3.633 
1704870059.256 5.260 -3.659 
1704870059.358 5.299 -3.691 
1704870059.457 5.362 -3.727 
1704870059.558 5.426 -3.767 
1704870059.657 5.484 -3.807 
1704870059.758 5.544 -3.848 
1704870059.857 5.605 -3.890 
1704870059.958 5.669 -3.932 
1704870060.058 5.730 -3.976 
1704870060.157 5.789 -4.023 
1704870060.258 5.847 -4.067 
1704870060.358 5.903 -4.116 
1704870060.458 5.963 -4.170 
1704870060.558 6.023 -4.217 
1704870060.659 6.088 -4.270 
1704870060.759 6.167 -4.346 
1704870060.859 6.249 -4.422 
1704870060.959 6.322 -4.472 
1704870061.060 6.403 -4.513 
1704870061.159 6.490 -4.558 
1704870061.259 6.580 -4.604 
1704870061.360 6.670 -4.646 
1704870061.460 6.759 -4.684 
1704870061.561 6.850 -4.717 
1704870061.662 6.939 -4.745 
1704870061.761 7.027 -4.773 
1704870061.861 7.109 -4.799 
1704870061.960 7.184 -4.821 
1704870062.060 7.287 -4.843 
1704870062.160 7.436 -4.834 
1704870062.261 7.526 -4.829 
1704870062.361 7.549 -4.816 
1704870062.461 7.539 -4.807 
1704870063.864 7.483 -4.937 
1704870063.964 7.455 -4.879 
1704870064.065 7.422 -4.750 
1704870064.165 7.385 -4.640 
1704870064.265 7.352 -4.584 
1704870065.371 7.330 -4.598 
1704870065.471 7.302 -4.627 
1704870065.571 7.286 -4.646 
1704870065.672 7.304 -4.622 
1704870065.772 7.369 -4.586 
1704870065.872 7.410 -4.563 
1704870065.971 7.383 -4.556 
1704870066.072 7.321 -4.606 
1704870066.172 7.228 -4.728 
1704870066.272 7.122 -4.836 
1704870066.373 7.006 -4.946 
1704870066.473 6.905 -5.058 
1704870066.573 6.817 -5.152 
1704870066.672 6.748 -5.264 
1704870066.773 6.696 -5.412 
1704870066.874 6.696 -5.534 
1704870066.975 6.718 -5.580 
1704870067.074 6.708 -5.622 
1704870067.174 6.672 -5.693 
1704870067.274 6.631 -5.798 
1704870067.374 6.590 -5.910 
1704870067.473 6.550 -6.013 
1704870067.573 6.513 -6.108 
1704870067.673 6.482 -6.189 
1704870067.774 6.464 -6.256 
1704870067.875 6.453 -6.316 
1704870067.974 6.442 -6.358 
1704870068.074 6.408 -6.375 
1704870068.174 6.346 -6.413 
1704870068.275 6.262 -6.492 
1704870068.375 6.186 -6.565 
1704870068.475 6.118 -6.622 
1704870068.575 6.049 -6.671 
1704870068.675 5.977 -6.723 
1704870068.775 5.906 -6.793 
1704870068.876 5.849 -6.867 
1704870068.976 5.806 -6.931 
1704870069.076 5.765 -6.981 
1704870069.175 5.726 -6.997 
1704870069.275 5.676 -7.030 
1704870069.376 5.606 -7.093 
1704870069.477 5.525 -7.154 
1704870069.577 5.489 -7.207 
1704870069.678 5.443 -7.245 
1704870069.778 5.373 -7.291 
1704870069.878 5.305 -7.332 
1704870069.978 5.237 -7.361 
1704870070.078 5.174 -7.383 
1704870070.180 5.065 -7.420 
1704870070.278 4.984 -7.457 
1704870070.378 4.926 -7.485 
1704870070.478 4.845 -7.501 
1704870070.578 4.767 -7.507 
1704870070.679 4.698 -7.502 
1704870070.779 4.632 -7.497 
1704870070.878 4.575 -7.494 
1704870070.979 4.513 -7.481 
1704870071.079 4.426 -7.445 
1704870071.180 4.347 -7.401 
1704870071.280 4.269 -7.355 
1704870071.379 4.188 -7.322 
1704870071.483 4.120 -7.298 
1704870071.580 4.065 -7.278 
1704870071.680 4.020 -7.261 
1704870071.780 3.979 -7.238 
1704870071.880 3.909 -7.205 
1704870071.980 3.829 -7.179 
1704870072.080 3.758 -7.157 
1704870072.182 3.688 -7.132 
1704870072.282 3.623 -7.107 
1704870072.381 3.558 -7.078 
1704870072.481 3.480 -7.029 
1704870072.581 3.403 -6.990 
1704870072.682 3.339 -6.959 
1704870072.782 3.274 -6.920 
1704870072.885 3.197 -6.879 
1704870072.986 3.124 -6.839 
1704870073.082 3.058 -6.801 
1704870073.181 2.988 -6.761 
1704870073.284 2.919 -6.721 
1704870073.383 2.854 -6.685 
1704870073.482 2.791 -6.652 
1704870073.582 2.730 -6.619 
1704870073.682 2.660 -6.559 
1704870073.783 2.592 -6.509 
1704870073.884 2.533 -6.473 
1704870073.983 2.489 -6.437 
1704870074.083 2.449 -6.392 
1704870074.185 2.400 -6.337 
1704870074.284 2.340 -6.285 
1704870074.384 2.281 -6.235 
1704870074.484 2.226 -6.186 
1704870074.585 2.172 -6.140 
1704870074.686 2.115 -6.091 
1704870074.786 2.054 -6.041 
1704870074.887 1.990 -5.996 
1704870074.986 1.920 -5.952 
1704870075.087 1.840 -5.878 
1704870075.188 1.745 -5.795 
1704870075.287 1.663 -5.727 
1704870075.387 1.565 -5.668 
1704870075.487 1.493 -5.621 
1704870075.588 1.433 -5.591 
1704870075.687 1.350 -5.568 
1704870075.788 1.268 -5.544 
1704870075.888 1.179 -5.522 
1704870075.989 1.096 -5.497 
1704870076.088 1.012 -5.471 
1704870076.188 0.925 -5.444 
1704870076.289 0.839 -5.419 
1704870076.389 0.745 -5.399 
1704870076.489 0.647 -5.395 
1704870076.589 0.554 -5.391 
1704870076.688 0.467 -5.387 
1704870076.791 0.379 -5.383 
1704870076.891 0.287 -5.380 
1704870076.992 0.200 -5.379 
1704870077.092 0.112 -5.393 
1704870077.191 0.027 -5.409 
1704870077.291 -0.052 -5.415 
1704870077.391 -0.134 -5.420 
1704870077.493 -0.237 -5.442 
1704870077.594 -0.357 -5.476 
1704870077.693 -0.468 -5.503 
1704870077.793 -0.567 -5.526 
1704870077.894 -0.671 -5.569 
1704870077.993 -0.788 -5.624 
1704870078.092 -0.900 -5.679 
1704870078.192 -0.991 -5.724 
1704870078.293 -1.081 -5.762 
1704870078.394 -1.170 -5.818 
1704870078.494 -1.245 -5.880 
1704870078.594 -1.292 -5.912 
1704870078.694 -1.329 -5.941 
1704870078.794 -1.380 -5.976 
1704870078.894 -1.462 -6.047 
1704870078.995 -1.560 -6.157 
1704870079.095 -1.630 -6.190 
1704870079.194 -1.670 -6.217 
1704870079.295 -1.694 -6.272 
1704870079.395 -1.778 -6.358 
1704870079.495 -1.844 -6.431 
1704870079.596 -1.880 -6.484 
1704870079.695 -1.908 -6.541 
1704870079.795 -1.932 -6.600 
1704870079.896 -1.942 -6.649 
1704870079.998 -1.948 -6.670 
1704870080.099 -1.986 -6.666 
1704870080.199 -2.064 -6.634 
1704870080.299 -2.140 -6.597 
1704870080.400 -2.179 -6.575 
1704870080.500 -2.218 -6.548 
1704870080.599 -2.279 -6.507 
1704870080.699 -2.330 -6.467 
1704870080.799 -2.383 -6.437 
1704870080.900 -2.440 -6.405 
1704870081.000 -2.501 -6.369 
1704870081.099 -2.570 -6.331 
1704870081.199 -2.634 -6.286 
1704870081.300 -2.693 -6.240 
1704870081.402 -2.754 -6.195 
1704870081.502 -2.817 -6.153 
1704870081.601 -2.880 -6.109 
1704870081.700 -2.946 -6.061 
1704870081.800 -3.021 -6.005 
1704870081.901 -3.091 -5.946 
1704870082.001 -3.154 -5.884 
1704870082.101 -3.213 -5.822 
1704870087.014 -3.202 -5.487 
1704870087.015 -3.202 -5.487 
1704870087.115 -3.195 -5.479 
1704870087.216 -3.155 -5.520 
1704870087.316 -3.091 -5.622 
1704870087.415 -3.029 -5.739 
1704870087.516 -2.979 -5.839 
1704870087.615 -2.935 -5.935 
1704870087.715 -2.885 -6.044 
1704870087.817 -2.827 -6.162 
1704870087.917 -2.771 -6.267 
1704870088.017 -2.726 -6.375 
1704870088.118 -2.685 -6.487 
1704870088.217 -2.663 -6.600 
1704870088.317 -2.643 -6.715 
1704870088.418 -2.610 -6.831 
1704870088.518 -2.587 -6.945 
1704870088.618 -2.582 -7.053 
1704870088.718 -2.588 -7.163 
1704870088.818 -2.612 -7.285 
1704870088.919 -2.638 -7.391 
1704870089.019 -2.660 -7.494 
1704870089.118 -2.687 -7.606 
1704870089.219 -2.753 -7.702 
1704870089.319 -2.828 -7.755 
1704870089.420 -2.863 -7.792 
1704870089.521 -2.954 -7.800 
1704870089.622 -3.027 -7.804 
1704870089.722 -3.076 -7.818 
1704870089.823 -3.148 -7.801 
1704870089.924 -3.224 -7.766 
1704870090.023 -3.291 -7.745 
1704870090.124 -3.325 -7.726 
1704870090.224 -3.332 -7.706 
1704870090.332 -3.368 -7.694 
1704870090.427 -3.454 -7.633 
1704870090.526 -3.547 -7.539 
1704870090.624 -3.595 -7.493 
1704870090.724 -3.604 -7.470 
1704870090.824 -3.627 -7.436 
1704870090.925 -3.693 -7.373 
1704870091.024 -3.773 -7.314 
1704870091.124 -3.835 -7.268 
1704870091.225 -3.878 -7.230 
1704870091.325 -3.941 -7.170 
1704870091.424 -4.008 -7.108 
1704870091.525 -4.063 -7.051 
1704870091.625 -4.118 -6.986 
1704870091.725 -4.174 -6.925 
1704870091.825 -4.231 -6.864 
1704870091.926 -4.291 -6.786 
1704870092.027 -4.346 -6.704 
1704870092.126 -4.403 -6.627 
1704870092.226 -4.459 -6.552 
1704870092.327 -4.514 -6.474 
1704870092.427 -4.552 -6.419 
1704870092.527 -4.589 -6.367 
1704870092.627 -4.632 -6.309 
1704870092.727 -4.674 -6.251 
1704870092.827 -4.710 -6.188 
1704870092.928 -4.748 -6.120 
1704870093.028 -4.786 -6.052 
1704870093.128 -4.823 -5.985 
1704870093.232 -4.860 -5.917 
1704870093.331 -4.899 -5.846 
1704870093.430 -4.934 -5.776 
1704870093.529 -4.964 -5.706 
1704870093.629 -4.995 -5.642 
1704870093.730 -5.029 -5.568 
1704870093.830 -5.059 -5.497 
1704870093.932 -5.088 -5.426 
1704870094.031 -5.118 -5.353 
1704870094.130 -5.145 -5.280 
1704870094.230 -5.173 -5.208 
1704870094.330 -5.199 -5.139 
1704870094.430 -5.224 -5.067 
1704870094.532 -5.247 -4.993 
1704870094.631 -5.270 -4.922 
1704870094.731 -5.292 -4.850 
1704870094.831 -5.311 -4.779 
1704870094.931 -5.329 -4.714 
1704870095.031 -5.351 -4.642 
1704870095.131 -5.374 -4.566 
1704870095.231 -5.398 -4.493 
1704870095.331 -5.445 -4.381 
1704870095.432 -5.489 -4.261 
1704870095.532 -5.522 -4.190 
1704870095.632 -5.550 -4.109 
1704870095.733 -5.594 -4.004 
1704870095.831 -5.639 -3.911 
1704870095.931 -5.676 -3.821 
1704870096.032 -5.712 -3.739 
1704870096.133 -5.750 -3.655 
1704870096.232 -5.788 -3.570 
1704870096.333 -5.825 -3.483 
1704870096.434 -5.862 -3.396 
1704870096.534 -5.896 -3.311 
1704870096.634 -5.930 -3.229 
1704870096.734 -5.964 -3.145 
1704870096.834 -5.997 -3.060 
1704870096.934 -6.028 -2.976 
1704870097.034 -6.058 -2.892 
1704870097.135 -6.089 -2.809 
1704870097.234 -6.121 -2.727 
1704870097.335 -6.150 -2.645 
1704870097.435 -6.177 -2.559 
1704870097.535 -6.204 -2.474 
1704870097.635 -6.232 -2.399 
1704870097.735 -6.253 -2.320 
1704870097.835 -6.271 -2.240 
1704870097.935 -6.289 -2.156 
1704870098.035 -6.305 -2.073 
1704870098.135 -6.319 -1.995 
1704870098.235 -6.340 -1.915 
1704870098.336 -6.360 -1.828 
1704870098.438 -6.379 -1.748 
1704870098.537 -6.391 -1.664 
1704870098.636 -6.399 -1.583 
1704870098.736 -6.407 -1.506 
1704870098.836 -6.415 -1.428 
1704870098.937 -6.422 -1.341 
1704870099.037 -6.429 -1.260 
1704870099.138 -6.432 -1.179 
1704870099.237 -6.436 -1.100 
1704870099.338 -6.439 -1.020 
1704870099.437 -6.438 -0.939 
1704870099.536 -6.441 -0.857 
1704870099.639 -6.441 -0.776 
1704870099.740 -6.441 -0.697 
1704870099.838 -6.441 -0.615 
1704870101.243 -6.474 -0.551 
1704870101.244 -6.474 -0.551 
1704870101.344 -6.390 -0.505 
1704870101.444 -6.313 -0.446 
1704870101.549 -6.249 -0.382 
1704870101.646 -6.167 -0.312 
1704870101.745 -6.097 -0.218 
1704870101.845 -6.029 -0.116 
1704870101.946 -5.954 -0.016 
1704870102.045 -5.881 0.084 
1704870102.147 -5.807 0.181 
1704870102.248 -5.732 0.278 
1704870102.350 -5.659 0.372 
1704870102.451 -5.588 0.466 
1704870102.551 -5.516 0.561 
1704870102.651 -5.447 0.657 
1704870102.751 -5.375 0.752 
1704870102.852 -5.303 0.847 
1704870102.952 -5.239 0.944 
1704870103.051 -5.181 1.044 
1704870103.151 -5.121 1.149 
1704870103.253 -5.055 1.252 
1704870103.352 -5.001 1.351 
1704870103.453 -4.949 1.453 
1704870103.553 -4.899 1.559 
1704870103.652 -4.845 1.667 
1704870103.753 -4.795 1.773 
1704870103.854 -4.755 1.872 
1704870103.953 -4.719 1.982 
1704870104.054 -4.676 2.095 
1704870104.153 -4.634 2.204 
1704870104.253 -4.597 2.311 
1704870104.354 -4.567 2.420 
1704870104.454 -4.538 2.518 
1704870104.554 -4.515 2.602 
1704870104.654 -4.498 2.679 
1704870104.754 -4.486 2.758 
1704870104.854 -4.477 2.838 
1704870104.955 -4.467 2.913 
1704870105.054 -4.461 2.986 
1704870105.155 -4.458 3.057 
1704870105.255 -4.449 3.168 
1704870105.356 -4.445 3.275 
1704870105.456 -4.435 3.356 
1704870105.556 -4.434 3.446 
1704870105.655 -4.427 3.544 
1704870105.756 -4.425 3.628 
1704870105.857 -4.427 3.698 
1704870105.956 -4.430 3.762 
1704870106.057 -4.451 3.853 
1704870106.157 -4.488 3.947 
1704870106.257 -4.529 4.013 
1704870106.357 -4.550 4.031 
1704870106.457 -4.558 4.000 
1704870106.557 -4.550 3.945 
1704870106.658 -4.563 3.905 
1704870109.564 -4.989 3.768 
1704870109.664 -4.979 3.794 
1704870109.764 -4.902 3.896 
1704870109.865 -4.828 3.990 
1704870109.965 -4.775 4.033 
1704870110.065 -4.729 4.016 
1704870110.165 -4.712 3.962 
1704870110.265 -4.765 3.828 
1704870110.365 -4.836 3.677 
1704870110.465 -4.867 3.530 
1704870114.977 -5.185 3.145 
1704870114.978 -5.185 3.145 
1704870115.078 -5.194 3.164 
1704870115.178 -5.243 3.235 
1704870115.278 -5.316 3.335 
1704870115.378 -5.389 3.430 
1704870115.479 -5.460 3.525 
1704870115.578 -5.531 3.619 
1704870115.678 -5.602 3.712 
1704870115.779 -5.672 3.807 
1704870115.880 -5.745 3.902 
1704870115.979 -5.814 3.998 
1704870116.079 -5.881 4.098 
1704870116.179 -5.945 4.196 
1704870116.279 -6.010 4.294 
1704870116.379 -6.073 4.390 
1704870116.480 -6.135 4.484 
1704870116.580 -6.193 4.577 
1704870116.679 -6.249 4.673 
1704870116.780 -6.312 4.777 
1704870116.880 -6.371 4.882 
1704870116.981 -6.429 4.988 
1704870117.080 -6.485 5.092 
1704870117.180 -6.543 5.196 
1704870117.280 -6.600 5.301 
1704870117.380 -6.642 5.393 
1704870117.481 -6.675 5.470 
1704870117.581 -6.706 5.523 
1704870117.682 -6.743 5.591 
1704870117.781 -6.785 5.677 
1704870117.883 -6.825 5.741 
1704870117.981 -6.852 5.806 
1704870118.082 -6.883 5.902 
1704870118.182 -6.911 6.013 
1704870118.281 -6.935 6.116 
1704870118.382 -6.962 6.209 
1704870118.482 -6.982 6.299 
1704870118.582 -7.003 6.378 
1704870118.683 -7.021 6.462 
1704870118.783 -7.021 6.565 
1704870118.883 -7.017 6.664 
1704870118.982 -7.019 6.745 
1704870119.084 -7.008 6.831 
1704870119.183 -6.992 6.909 
1704870119.283 -6.974 6.987 
1704870119.383 -6.953 7.067 
1704870119.483 -6.942 7.140 
1704870119.583 -6.932 7.209 
1704870119.685 -6.905 7.284 
1704870119.784 -6.865 7.360 
1704870119.883 -6.826 7.430 
1704870119.985 -6.792 7.490 
1704870120.084 -6.777 7.542 
1704870124.998 -6.563 7.438 
1704870124.999 -6.563 7.438 
1704870125.099 -6.647 7.380 
1704870125.199 -6.726 7.304 
1704870125.300 -6.790 7.245 
1704870125.399 -6.836 7.135 
1704870125.500 -6.876 7.020 
1704870125.600 -6.920 6.909 
1704870125.700 -6.970 6.801 
1704870125.800 -7.010 6.692 
1704870125.900 -7.033 6.577 
1704870126.001 -7.050 6.454 
1704870126.101 -7.077 6.330 
1704870126.202 -7.102 6.202 
1704870126.301 -7.115 6.086 
1704870126.401 -7.125 5.982 
1704870126.501 -7.144 5.910 
1704870126.602 -7.144 5.847 
1704870126.702 -7.128 5.795 
1704870126.801 -7.112 5.760 
1704870126.901 -7.080 5.728 
1704870127.002 -7.047 5.678 
1704870127.503 -6.969 5.628 
1704870127.503 -6.969 5.628 
1704870127.605 -6.919 5.583 
1704870127.705 -6.833 5.495 
1704870127.805 -6.748 5.394 
1704870127.910 -6.674 5.304 
1704870128.009 -6.598 5.227 
1704870128.106 -6.505 5.153 
1704870128.206 -6.417 5.074 
1704870128.306 -6.328 4.995 
1704870128.405 -6.241 4.915 
1704870128.506 -6.151 4.840 
1704870128.605 -6.069 4.768 
1704870128.706 -5.984 4.694 
1704870128.806 -5.908 4.611 
1704870128.906 -5.840 4.508 
1704870129.006 -5.776 4.404 
1704870129.106 -5.712 4.295 
1704870129.206 -5.641 4.190 
1704870129.306 -5.586 4.089 
1704870129.406 -5.549 3.984 
1704870129.507 -5.519 3.865 
1704870129.608 -5.490 3.742 
1704870129.707 -5.459 3.631 
1704870129.807 -5.450 3.513 
1704870129.912 -5.440 3.386 
1704870130.008 -5.437 3.270 
1704870130.108 -5.439 3.150 
1704870130.208 -5.445 3.030 
1704870130.308 -5.454 2.911 
1704870130.407 -5.469 2.793 
1704870130.510 -5.485 2.675 
1704870130.608 -5.509 2.558 
1704870130.708 -5.537 2.442 
1704870130.808 -5.568 2.327 
1704870130.909 -5.588 2.215 
1704870131.009 -5.616 2.102 
1704870131.109 -5.668 1.992 
1704870131.210 -5.721 1.884 
1704870131.310 -5.762 1.776 
1704870131.410 -5.806 1.668 
1704870131.511 -5.872 1.567 
1704870131.610 -5.948 1.474 
1704870131.710 -6.027 1.385 
1704870131.811 -6.107 1.302 
1704870131.911 -6.181 1.223 
1704870132.011 -6.249 1.150 
1704870132.111 -6.301 1.085 
1704870132.211 -6.366 1.037 
1704870132.312 -6.442 1.005 
1704870132.411 -6.515 0.984 
1704870132.512 -6.581 0.963 
1704870132.612 -6.642 0.941 
1704870132.712 -6.707 0.915 
1704870132.812 -6.783 0.890 
1704870132.913 -6.866 0.871 
1704870133.012 -6.935 0.851 
1704870133.112 -6.998 0.837 
1704870133.212 -7.060 0.824 
1704870133.314 -7.143 0.815 
1704870133.413 -7.259 0.793 
1704870133.513 -7.361 0.766 
1704870133.616 -7.430 0.745 
1704870133.715 -7.489 0.730 
1704870133.817 -7.552 0.724 
1704870133.916 -7.626 0.736 
1704870134.017 -7.650 0.708 
1704870138.028 -7.386 0.767 
1704870138.029 -7.386 0.767 
1704870138.129 -7.340 0.711 
1704870138.229 -7.291 0.612 
1704870138.341 -7.262 0.496 
1704870138.439 -7.253 0.384 
1704870138.536 -7.249 0.266 
1704870138.635 -7.235 0.130 
1704870138.734 -7.225 -0.000 
1704870138.834 -7.222 -0.117 
1704870138.934 -7.220 -0.240 
1704870139.035 -7.216 -0.362 
1704870139.134 -7.213 -0.486 
1704870139.234 -7.210 -0.606 
1704870139.335 -7.208 -0.726 
1704870139.435 -7.206 -0.851 
1704870139.535 -7.205 -0.975 
1704870139.635 -7.203 -1.099 
1704870139.735 -7.200 -1.221 
1704870139.835 -7.200 -1.339 
1704870139.934 -7.201 -1.460 
1704870140.036 -7.201 -1.585 
1704870140.136 -7.198 -1.637 
1704870140.236 -7.198 -1.683 
1704870140.336 -7.203 -1.777 
1704870140.436 -7.205 -1.898 
1704870140.535 -7.213 -2.014 
1704870140.635 -7.225 -2.115 
1704870140.736 -7.227 -2.210 
1704870140.837 -7.230 -2.301 
1704870140.937 -7.235 -2.390 
1704870141.038 -7.244 -2.483 
1704870141.137 -7.252 -2.571 
1704870141.237 -7.258 -2.656 
1704870141.337 -7.264 -2.739 
1704870141.438 -7.271 -2.820 
1704870141.537 -7.280 -2.899 
1704870141.640 -7.292 -2.974 
1704870141.743 -7.302 -3.048 
1704870141.841 -7.312 -3.126 
1704870141.941 -7.320 -3.196 
1704870142.042 -7.330 -3.283 
1704870142.142 -7.362 -3.372 
1704870142.241 -7.393 -3.444 
1704870142.341 -7.424 -3.512 
1704870142.441 -7.453 -3.579 
1704870142.541 -7.482 -3.666 
1704870142.642 -7.505 -3.747 
1704870142.742 -7.525 -3.821 
1704870142.843 -7.558 -3.896 
1704870142.943 -7.645 -3.966 
1704870143.042 -7.738 -4.019 
1704870143.143 -7.842 -4.065 
1704870146.151 -7.917 -3.885 
1704870146.152 -7.917 -3.886 
1704870146.253 -7.884 -3.980 
1704870146.352 -7.851 -4.081 
1704870146.452 -7.829 -4.152 
1704870146.554 -7.823 -4.265 
1704870146.653 -7.836 -4.398 
1704870146.755 -7.852 -4.518 
1704870146.856 -7.854 -4.632 
1704870146.955 -7.843 -4.749 
1704870147.055 -7.825 -4.869 
1704870147.157 -7.802 -4.990 
1704870147.256 -7.784 -5.108 
1704870147.356 -7.768 -5.224 
1704870147.457 -7.737 -5.347 
1704870147.556 -7.701 -5.466 
1704870147.656 -7.668 -5.580 
1704870147.757 -7.637 -5.694 
1704870147.856 -7.597 -5.813 
1704870147.957 -7.546 -5.935 
1704870148.057 -7.500 -6.049 
1704870148.157 -7.453 -6.159 
1704870148.257 -7.405 -6.270 
1704870148.357 -7.361 -6.381 
1704870148.459 -7.319 -6.481 
1704870148.558 -7.295 -6.548 
1704870148.659 -7.266 -6.613 
1704870148.758 -7.233 -6.682 
1704870148.858 -7.193 -6.751 
1704870148.958 -7.155 -6.819 
1704870149.059 -7.118 -6.886 
1704870149.160 -7.078 -6.955 
1704870149.259 -7.032 -7.027 
1704870149.358 -6.990 -7.097 
1704870149.460 -6.946 -7.168 
1704870149.560 -6.902 -7.237 
1704870149.660 -6.858 -7.307 
1704870149.760 -6.815 -7.376 
1704870149.860 -6.763 -7.448 
1704870149.962 -6.714 -7.522 
1704870150.061 -6.667 -7.594 
1704870150.160 -6.620 -7.668 
1704870150.261 -6.575 -7.742 
1704870150.360 -6.525 -7.813 
1704870150.460 -6.469 -7.897 
1704870151.768 -6.412 -8.018 
1704870151.768 -6.412 -8.018 
1704870151.869 -6.394 -8.039 
1704870151.969 -6.309 -8.086 
1704870152.069 -6.162 -8.141 
1704870152.169 -6.056 -8.195 
1704870152.270 -5.956 -8.227 
1704870152.370 -5.839 -8.276 
1704870152.471 -5.717 -8.316 
1704870152.571 -5.599 -8.352 
1704870152.671 -5.484 -8.384 
1704870152.773 -5.390 -8.414 
1704870152.873 -5.309 -8.434 
1704870152.972 -5.236 -8.451 
1704870153.072 -5.160 -8.470 
1704870153.172 -5.083 -8.491 
1704870153.274 -5.009 -8.508 
1704870153.373 -4.939 -8.527 
1704870153.474 -4.857 -8.541 
1704870153.575 -4.789 -8.558 
1704870153.674 -4.718 -8.574 
1704870153.773 -4.643 -8.589 
1704870153.874 -4.564 -8.596 
1704870153.974 -4.462 -8.607 
1704870154.074 -4.351 -8.622 
1704870154.174 -4.251 -8.623 
1704870154.274 -4.153 -8.618 
1704870154.375 -4.054 -8.615 
1704870154.474 -3.957 -8.606 
1704870154.574 -3.868 -8.592 
1704870154.676 -3.778 -8.575 
1704870154.776 -3.683 -8.556 
1704870154.875 -3.561 -8.523 
1704870154.975 -3.442 -8.488 
1704870155.076 -3.346 -8.454 
1704870155.175 -3.292 -8.460 
1704870155.276 -3.223 -8.467 
1704870155.376 -3.141 -8.430 
1704870155.476 -3.048 -8.382 
1704870155.576 -2.979 -8.343 
1704870155.677 -2.920 -8.309 
1704870155.777 -2.853 -8.265 
1704870155.877 -2.780 -8.221 
1704870155.976 -2.708 -8.175 
1704870156.077 -2.651 -8.158 
1704870156.177 -2.591 -8.124 
1704870156.278 -2.512 -8.063 
1704870156.377 -2.430 -7.989 
1704870156.477 -2.350 -7.926 
1704870156.578 -2.274 -7.871 
1704870156.678 -2.195 -7.809 
1704870156.777 -2.121 -7.754 
1704870156.877 -2.057 -7.718 
1704870156.978 -1.999 -7.672 
1704870157.078 -1.937 -7.606 
1704870157.178 -1.868 -7.535 
1704870157.278 -1.795 -7.464 
1704870157.379 -1.721 -7.385 
1704870157.478 -1.647 -7.310 
1704870157.578 -1.580 -7.236 
1704870157.681 -1.506 -7.153 
1704870157.779 -1.433 -7.068 
1704870157.879 -1.355 -6.985 
1704870157.979 -1.275 -6.908 
1704870158.078 -1.202 -6.831 
1704870158.180 -1.128 -6.747 
1704870158.279 -1.056 -6.664 
1704870158.381 -0.985 -6.585 
1704870158.480 -0.913 -6.508 
1704870158.581 -0.831 -6.438 
1704870158.683 -0.757 -6.372 
1704870158.781 -0.683 -6.306 
1704870158.881 -0.605 -6.248 
1704870158.980 -0.519 -6.196 
1704870159.081 -0.419 -6.145 
1704870159.182 -0.331 -6.099 
1704870159.282 -0.257 -6.059 
1704870159.382 -0.182 -6.016 
1704870159.482 -0.085 -5.991 
1704870159.583 0.013 -5.973 
1704870159.683 0.102 -5.977 
1704870159.783 0.190 -5.984 
1704870159.883 0.296 -6.030 
1704870159.984 0.403 -6.079 
1704870160.084 0.499 -6.127 
1704870160.183 0.591 -6.171 
1704870160.284 0.686 -6.242 
1704870160.383 0.783 -6.322 
1704870160.484 0.875 -6.407 
1704870160.585 0.967 -6.484 
1704870160.686 1.060 -6.562 
1704870160.785 1.156 -6.637 
1704870160.884 1.253 -6.712 
1704870160.986 1.349 -6.789 
1704870161.087 1.442 -6.865 
1704870161.187 1.536 -6.941 
1704870161.286 1.633 -7.017 
1704870161.387 1.729 -7.093 
1704870161.486 1.812 -7.161 
1704870161.588 1.896 -7.224 
1704870161.687 1.973 -7.286 
1704870161.787 2.048 -7.350 
1704870161.887 2.119 -7.410 
1704870161.988 2.188 -7.468 
1704870162.088 2.259 -7.524 
1704870162.187 2.326 -7.579 
1704870162.287 2.397 -7.637 
1704870162.388 2.444 -7.689 
1704870162.488 2.499 -7.739 
1704870162.589 2.570 -7.792 
1704870162.688 2.646 -7.837 
1704870162.788 2.706 -7.880 
1704870162.889 2.766 -7.925 
1704870162.989 2.831 -7.972 
1704870163.090 2.901 -8.013 
1704870163.190 2.964 -8.049 
1704870163.289 3.032 -8.086 
1704870163.392 3.107 -8.123 
1704870163.489 3.171 -8.156 
1704870163.590 3.242 -8.191 
1704870163.690 3.315 -8.222 
1704870163.790 3.385 -8.254 
1704870163.889 3.452 -8.286 
1704870163.990 3.517 -8.319 
1704870164.090 3.595 -8.346 
1704870164.190 3.677 -8.369 
1704870164.293 3.751 -8.392 
1704870164.390 3.816 -8.407 
1704870164.490 3.893 -8.423 
1704870164.591 4.001 -8.437 
1704870164.690 4.109 -8.445 
1704870164.791 4.198 -8.463 
1704870164.891 4.276 -8.471 
1704870164.991 4.360 -8.471 
1704870165.091 4.447 -8.465 
1704870165.191 4.534 -8.462 
1704870165.291 4.624 -8.455 
1704870165.391 4.707 -8.454 
1704870165.494 4.790 -8.450 
1704870165.592 4.894 -8.428 
1704870165.692 4.999 -8.396 
1704870165.792 5.097 -8.365 
1704870165.892 5.169 -8.336 
1704870165.993 5.235 -8.323 
1704870166.093 5.308 -8.314 
1704870166.192 5.399 -8.305 
1704870166.292 5.489 -8.289 
1704870166.393 5.546 -8.273 
1704870166.493 5.595 -8.252 
1704870166.593 5.670 -8.231 
1704870166.693 5.746 -8.210 
1704870166.793 5.814 -8.191 
1704870166.893 5.884 -8.164 
1704870166.992 5.956 -8.134 
1704870167.093 6.024 -8.100 
1704870167.193 6.093 -8.065 
1704870167.293 6.166 -8.032 
1704870167.393 6.245 -7.997 
1704870167.494 6.312 -7.984 
1704870167.594 6.372 -7.967 
1704870167.695 6.434 -7.931 
1704870167.798 6.509 -7.882 
1704870167.895 6.583 -7.837 
1704870167.995 6.658 -7.793 
1704870168.096 6.729 -7.749 
1704870168.195 6.795 -7.702 
1704870168.294 6.858 -7.651 
1704870169.900 7.008 -7.416 
1704870169.901 7.008 -7.416 
1704870170.001 7.017 -7.387 
1704870170.102 7.056 -7.311 
1704870170.203 7.105 -7.207 
1704870170.303 7.149 -7.137 
1704870170.404 7.183 -7.071 
1704870170.505 7.217 -6.997 
1704870170.605 7.249 -6.923 
1704870170.704 7.287 -6.843 
1704870170.805 7.323 -6.768 
1704870170.904 7.359 -6.693 
1704870171.005 7.391 -6.624 
1704870171.105 7.422 -6.546 
1704870171.205 7.453 -6.472 
1704870171.305 7.480 -6.396 
1704870171.405 7.506 -6.318 
1704870171.506 7.532 -6.242 
1704870171.605 7.557 -6.166 
1704870171.705 7.581 -6.089 
1704870171.806 7.603 -6.015 
1704870171.906 7.625 -5.941 
1704870172.008 7.645 -5.864 
1704870172.109 7.665 -5.789 
1704870172.209 7.682 -5.713 
1704870172.309 7.699 -5.642 
1704870172.409 7.718 -5.571 
1704870172.509 7.731 -5.490 
1704870172.609 7.747 -5.412 
1704870172.709 7.761 -5.338 
1704870172.809 7.774 -5.262 
1704870172.910 7.786 -5.189 
1704870173.010 7.798 -5.119 
1704870173.110 7.812 -5.049 
1704870173.210 7.822 -4.969 
1704870173.310 7.831 -4.887 
1704870173.410 7.840 -4.813 
1704870173.511 7.850 -4.741 
1704870173.610 7.860 -4.669 
1704870173.710 7.866 -4.593 
1704870173.810 7.873 -4.515 
1704870173.911 7.880 -4.437 
1704870174.011 7.887 -4.363 
1704870174.111 7.894 -4.289 
1704870174.214 7.900 -4.218 
1704870174.314 7.902 -4.139 
1704870174.414 7.904 -4.064 
1704870174.515 7.909 -3.991 
1704870174.614 7.913 -3.912 
1704870174.714 7.917 -3.835 
1704870174.815 7.921 -3.762 
1704870174.914 7.924 -3.688 
1704870175.015 7.923 -3.606 
1704870175.115 7.928 -3.531 
1704870175.217 7.933 -3.454 
1704870175.316 7.937 -3.373 
1704870175.416 7.940 -3.292 
1704870177.427 7.695 -3.458 
1704870177.428 7.695 -3.458 
1704870177.529 7.655 -3.471 
1704870177.628 7.577 -3.462 
1704870177.729 7.458 -3.432 
1704870177.829 7.332 -3.401 
1704870177.930 7.216 -3.368 
1704870178.029 7.105 -3.339 
1704870178.129 6.993 -3.311 
1704870178.229 6.878 -3.281 
1704870178.329 6.763 -3.254 
1704870178.429 6.646 -3.228 
1704870178.530 6.543 -3.203 
1704870178.630 6.463 -3.185 
1704870178.730 6.391 -3.171 
1704870178.830 6.317 -3.158 
1704870178.931 6.244 -3.144 
1704870179.030 6.171 -3.130 
1704870179.131 6.096 -3.120 
1704870179.231 6.022 -3.108 
1704870179.331 5.948 -3.099 
1704870179.431 5.874 -3.090 
1704870179.531 5.800 -3.082 
1704870179.631 5.725 -3.078 
1704870179.732 5.650 -3.070 
1704870179.832 5.576 -3.063 
1704870179.933 5.501 -3.055 
1704870180.033 5.424 -3.048 
1704870180.138 5.350 -3.042 
1704870180.238 5.276 -3.037 
1704870180.341 5.201 -3.035 
1704870180.441 5.126 -3.031 
1704870180.541 5.052 -3.026 
1704870180.642 4.977 -3.022 
1704870180.741 4.902 -3.017 
1704870180.842 4.825 -3.014 
1704870180.944 4.752 -3.010 
1704870181.043 4.676 -3.006 
1704870181.142 4.601 -3.003 
1704870181.242 4.526 -3.000 
1704870181.343 4.451 -2.998 
1704870181.442 4.378 -2.996 
1704870181.543 4.304 -2.993 
1704870181.643 4.192 -2.977 
1704870181.743 4.083 -2.970 
1704870181.843 3.981 -2.968 
1704870181.944 3.882 -2.966 
1704870182.042 3.787 -2.962 
1704870182.143 3.686 -2.958 
1704870182.245 3.586 -2.953 
1704870182.345 3.490 -2.946 
1704870182.446 3.392 -2.943 
1704870182.545 3.297 -2.939 
1704870182.646 3.196 -2.934 
1704870182.747 3.098 -2.933 
1704870182.854 2.987 -2.928 
1704870182.946 2.920 -2.914 
1704870183.049 2.870 -2.914 
1704870183.149 2.796 -2.915 
1704870183.249 2.709 -2.908 
1704870183.349 2.636 -2.907 
1704870183.450 2.563 -2.909 
1704870183.550 2.488 -2.906 
1704870183.649 2.409 -2.905 
1704870183.750 2.322 -2.899 
1704870183.849 2.240 -2.889 
1704870183.950 2.169 -2.886 
1704870184.049 2.093 -2.883 
1704870184.149 2.013 -2.878 
1704870184.249 1.937 -2.873 
1704870184.350 1.860 -2.870 
1704870184.450 1.784 -2.864 
1704870184.550 1.708 -2.859 
1704870184.650 1.633 -2.855 
1704870184.751 1.556 -2.851 
1704870184.850 1.458 -2.853 
1704870184.951 1.333 -2.844 
1704870185.052 1.227 -2.835 
1704870185.151 1.147 -2.831 
1704870185.252 1.058 -2.833 
1704870185.352 0.962 -2.833 
1704870185.451 0.868 -2.831 
1704870185.552 0.773 -2.829 
1704870185.652 0.685 -2.827 
1704870185.752 0.594 -2.827 
1704870185.852 0.499 -2.831 
1704870185.953 0.409 -2.832 
1704870186.053 0.318 -2.837 
1704870186.153 0.214 -2.838 
1704870186.254 0.122 -2.845 
1704870186.353 0.033 -2.849 
1704870186.453 -0.065 -2.850 
1704870186.554 -0.159 -2.862 
1704870186.655 -0.258 -2.872 
1704870186.754 -0.356 -2.881 
1704870186.854 -0.454 -2.892 
1704870186.954 -0.523 -2.908 
1704870187.054 -0.595 -2.916 
1704870187.154 -0.670 -2.919 
1704870187.255 -0.733 -2.914 
1704870187.354 -0.799 -2.919 
1704870187.455 -0.877 -2.929 
1704870187.555 -0.957 -2.945 
1704870187.655 -1.042 -2.964 
1704870187.755 -1.129 -2.987 
1704870187.855 -1.207 -3.003 
1704870187.955 -1.287 -3.020 
1704870188.055 -1.373 -3.042 
1704870188.155 -1.460 -3.063 
1704870188.257 -1.549 -3.082 
1704870188.356 -1.640 -3.102 
1704870188.457 -1.735 -3.123 
1704870188.557 -1.834 -3.143 
1704870188.657 -1.931 -3.169 
1704870188.758 -2.033 -3.191 
1704870188.858 -2.131 -3.207 
1704870188.959 -2.233 -3.227 
1704870189.060 -2.342 -3.245 
1704870189.159 -2.445 -3.262 
1704870189.259 -2.554 -3.279 
1704870189.359 -2.657 -3.292 
1704870189.460 -2.762 -3.305 
1704870189.560 -2.878 -3.311 
1704870189.661 -2.986 -3.324 
1704870189.761 -3.094 -3.327 
1704870189.860 -3.197 -3.330 
1704870189.962 -3.308 -3.325 
1704870190.061 -3.419 -3.320 
1704870190.161 -3.522 -3.313 
1704870190.260 -3.629 -3.293 
1704870190.361 -3.744 -3.263 
1704870190.461 -3.851 -3.230 
1704870190.561 -3.950 -3.188 
1704870190.661 -4.040 -3.155 
1704870190.761 -4.130 -3.128 
1704870190.862 -4.231 -3.094 
1704870190.962 -4.330 -3.046 
1704870191.062 -4.420 -2.997 
1704870191.163 -4.510 -2.949 
1704870191.262 -4.590 -2.877 
1704870191.363 -4.670 -2.814 
1704870191.462 -4.743 -2.757 
1704870191.563 -4.817 -2.693 
1704870191.663 -4.894 -2.624 
1704870191.763 -4.958 -2.547 
1704870191.862 -5.001 -2.461 
1704870191.962 -5.043 -2.375 
1704870192.063 -5.082 -2.280 
1704870192.163 -5.119 -2.188 
1704870192.263 -5.151 -2.091 
1704870192.363 -5.179 -1.989 
1704870192.464 -5.193 -1.883 
1704870192.563 -5.183 -1.779 
1704870192.663 -5.169 -1.683 
1704870192.764 -5.151 -1.589 
1704870192.863 -5.116 -1.485 
1704870192.964 -5.072 -1.380 
1704870193.064 -5.048 -1.283 
1704870193.164 -5.006 -1.184 
1704870193.264 -4.922 -1.088 
1704870193.364 -4.853 -1.016 
1704870193.465 -4.786 -0.950 
1704870193.565 -4.708 -0.861 
1704870193.665 -4.625 -0.764 
1704870193.765 -4.556 -0.680 
1704870193.865 -4.490 -0.615 
1704870193.966 -4.407 -0.553 
1704870194.065 -4.319 -0.477 
1704870194.166 -4.230 -0.401 
1704870194.265 -4.147 -0.329 
1704870194.366 -4.056 -0.259 
1704870194.466 -3.959 -0.189 
1704870194.565 -3.862 -0.115 
1704870194.666 -3.767 -0.036 
1704870194.766 -3.666 0.037 
1704870194.866 -3.565 0.102 
1704870194.966 -3.465 0.168 
1704870195.066 -3.366 0.235 
1704870195.167 -3.263 0.300 
1704870195.268 -3.158 0.363 
1704870195.367 -3.057 0.426 
1704870195.467 -2.955 0.490 
1704870195.567 -2.852 0.552 
1704870195.667 -2.749 0.614 
1704870195.767 -2.648 0.676 
1704870195.867 -2.546 0.738 
1704870195.967 -2.442 0.800 
1704870196.068 -2.336 0.862 
1704870196.168 -2.232 0.924 
1704870196.268 -2.131 0.988 
1704870196.368 -2.028 1.051 
1704870196.468 -1.927 1.114 
1704870196.568 -1.828 1.176 
1704870196.669 -1.728 1.242 
1704870196.768 -1.627 1.305 
1704870196.869 -1.529 1.371 
1704870196.969 -1.433 1.440 
1704870197.069 -1.338 1.507 
1704870197.171 -1.243 1.589 
1704870197.269 -1.153 1.668 
1704870197.369 -1.069 1.732 
1704870197.469 -1.000 1.790 
1704870197.569 -0.935 1.847 
1704870197.669 -0.870 1.903 
1704870197.769 -0.808 1.958 
1704870197.870 -0.750 2.012 
1704870197.970 -0.695 2.069 
1704870198.070 -0.640 2.128 
1704870198.170 -0.590 2.192 
1704870198.270 -0.554 2.260 
1704870198.372 -0.537 2.340 
1704870198.470 -0.514 2.433 
1704870198.570 -0.482 2.550 
1704870198.670 -0.451 2.661 
1704870198.771 -0.431 2.755 
1704870198.872 -0.428 2.819 
1704870198.971 -0.439 2.882 
1704870199.071 -0.460 2.966 
1704870199.171 -0.484 3.047 
1704870199.272 -0.510 3.126 
1704870199.371 -0.539 3.205 
1704870199.471 -0.552 3.282 
1704870199.572 -0.577 3.367 
1704870199.671 -0.610 3.452 
1704870199.773 -0.646 3.539 
1704870199.872 -0.685 3.627 
1704870199.975 -0.720 3.720 
1704870200.074 -0.742 3.818 
1704870200.174 -0.761 3.926 
1704870200.275 -0.787 4.034 
1704870200.374 -0.809 4.138 
1704870200.474 -0.820 4.245 
1704870200.574 -0.830 4.349 
1704870200.674 -0.846 4.450 
1704870200.774 -0.863 4.559 
1704870200.875 -0.875 4.671 
1704870200.975 -0.879 4.788 
1704870201.074 -0.875 4.902 
1704870201.174 -0.863 5.014 
1704870201.275 -0.843 5.120 
1704870201.376 -0.819 5.225 
1704870201.476 -0.807 5.334 
1704870201.575 -0.793 5.437 
1704870201.675 -0.760 5.536 
1704870201.775 -0.713 5.633 
1704870201.880 -0.665 5.730 
1704870201.981 -0.625 5.831 
1704870202.081 -0.580 5.936 
1704870202.181 -0.551 6.004 
1704870202.280 -0.522 6.080 
1704870202.381 -0.456 6.169 
1704870202.481 -0.382 6.253 
1704870202.581 -0.314 6.336 
1704870202.681 -0.240 6.413 
1704870202.782 -0.193 6.488 
1704870202.883 -0.130 6.552 
1704870202.983 -0.054 6.617 
1704870203.082 0.017 6.683 
1704870203.182 0.090 6.749 
1704870203.282 0.163 6.815 
1704870203.382 0.231 6.881 
1704870203.483 0.299 6.948 
1704870203.583 0.359 6.996 
1704870203.683 0.422 7.047 
1704870203.783 0.477 7.100 
1704870203.883 0.523 7.158 
1704870203.983 0.578 7.222 
1704870204.083 0.631 7.336 
1704870204.182 0.668 7.454 
1704870204.284 0.697 7.537 
1704870204.384 0.713 7.599 
1704870204.484 0.720 7.643 
1704870204.584 0.716 7.684 
1704870204.684 0.689 7.741 
1704870204.784 0.685 7.775 
1704870204.887 0.669 7.826 
1704870204.987 0.592 7.915 
1704870205.089 0.540 8.011 
1704870205.188 0.469 8.102 
1704870205.287 0.402 8.168 
1704870211.204 0.596 7.849 
1704870211.204 0.596 7.849 
1704870211.306 0.612 7.810 
1704870211.406 0.654 7.767 
1704870211.506 0.717 7.696 
1704870211.606 0.816 7.631 
1704870211.706 0.909 7.600 
1704870211.807 0.998 7.570 
1704870211.908 1.077 7.534 
1704870212.007 1.149 7.496 
1704870212.108 1.215 7.461 
1704870212.209 1.279 7.429 
1704870212.310 1.351 7.401 
1704870212.408 1.447 7.392 
1704870212.509 1.545 7.385 
1704870212.609 1.615 7.371 
1704870212.709 1.679 7.368 
1704870212.810 1.758 7.367 
1704870212.909 1.847 7.359 
1704870213.009 1.928 7.356 
1704870213.110 2.000 7.355 
1704870213.210 2.077 7.365 
1704870213.310 2.157 7.379 
1704870213.410 2.233 7.391 
1704870213.510 2.312 7.401 
