1704868782.767 4.241 0.090 
1704868782.767 4.242 0.090 
1704868782.868 4.283 0.097 
1704868782.970 4.352 0.144 
1704868783.068 4.430 0.213 
1704868783.169 4.534 0.291 
1704868783.268 4.635 0.368 
1704868783.368 4.732 0.433 
1704868783.470 4.801 0.502 
1704868783.568 4.866 0.555 
1704868783.668 4.932 0.599 
1704868783.771 4.994 0.642 
1704868783.868 5.052 0.682 
1704868783.968 5.121 0.723 
1704868784.069 5.177 0.764 
1704868784.169 5.228 0.803 
1704868784.269 5.281 0.838 
1704868784.370 5.360 0.875 
1704868784.470 5.428 0.909 
1704868784.570 5.484 0.944 
1704868784.669 5.534 0.979 
1704868784.770 5.614 0.997 
1704868784.870 5.691 1.014 
1704868784.970 5.751 1.048 
1704868785.070 5.813 1.085 
1704868785.171 5.914 1.066 
1704868785.271 6.034 1.009 
1704868785.371 6.151 0.959 
1704868785.471 6.248 0.882 
1704868785.571 6.330 0.788 
1704868785.671 6.381 0.676 
1704868785.771 6.395 0.556 
1704868785.872 6.390 0.513 
1704868785.972 6.390 0.418 
1704868786.071 6.394 0.305 
1704868786.172 6.369 0.209 
1704868786.272 6.339 0.108 
1704868786.372 6.290 -0.003 
1704868786.473 6.249 -0.099 
1704868786.573 6.215 -0.181 
1704868786.673 6.176 -0.256 
1704868790.180 6.344 -0.091 
1704868790.182 6.344 -0.092 
1704868790.283 6.396 -0.108 
1704868790.383 6.510 -0.152 
1704868790.483 6.604 -0.178 
1704868790.583 6.727 -0.187 
1704868790.683 6.863 -0.188 
1704868790.784 6.982 -0.194 
1704868790.884 7.086 -0.204 
1704868790.984 7.125 -0.228 
1704868791.084 7.209 -0.209 
1704868791.185 7.306 -0.189 
1704868791.284 7.355 -0.175 
1704868791.385 7.382 -0.167 
1704868791.485 7.400 -0.165 
1704868791.584 7.466 -0.147 
1704868791.685 7.607 -0.087 
1704868791.785 7.714 -0.056 
1704868791.885 7.764 -0.034 
1704868791.985 7.824 -0.010 
1704868792.085 7.887 0.019 
1704868792.186 7.934 0.026 
1704868792.285 7.965 -0.000 
1704868792.385 8.001 -0.037 
1704868792.486 8.056 -0.037 
1704868792.588 8.122 0.019 
1704868792.687 8.187 0.095 
1704868792.788 8.239 0.159 
1704868792.888 8.283 0.222 
1704868792.991 8.314 0.295 
1704868793.090 8.331 0.362 
1704868793.189 8.332 0.409 
1704868793.291 8.337 0.438 
1704868793.390 8.342 0.502 
1704868793.489 8.351 0.584 
1704868793.589 8.344 0.668 
1704868793.689 8.338 0.751 
1704868793.790 8.339 0.849 
1704868793.889 8.337 0.948 
1704868793.990 8.334 1.044 
1704868794.090 8.332 1.135 
1704868794.190 8.329 1.231 
1704868794.290 8.330 1.331 
1704868794.390 8.333 1.435 
1704868794.490 8.332 1.535 
1704868794.592 8.323 1.623 
1704868794.691 8.312 1.702 
1704868794.791 8.295 1.789 
1704868794.891 8.282 1.912 
1704868794.990 8.273 2.006 
1704868795.090 8.270 2.080 
1704868795.190 8.265 2.155 
1704868795.291 8.238 2.233 
1704868795.390 8.197 2.317 
1704868795.491 8.160 2.377 
1704868795.591 8.117 2.429 
1704868795.691 8.040 2.491 
1704868795.791 7.988 2.551 
1704868795.891 7.930 2.604 
1704868795.991 7.873 2.649 
1704868796.092 7.809 2.701 
1704868796.192 7.696 2.758 
1704868796.292 7.613 2.813 
1704868796.392 7.569 2.855 
1704868796.492 7.500 2.886 
1704868796.592 7.392 2.909 
1704868796.692 7.282 2.932 
1704868796.792 7.184 2.954 
1704868796.895 7.098 2.975 
1704868796.993 7.008 3.003 
1704868797.093 6.922 3.028 
1704868797.195 6.836 3.041 
1704868797.294 6.737 3.032 
1704868797.395 6.634 3.008 
1704868797.494 6.522 2.979 
1704868797.593 6.415 2.958 
1704868797.694 6.329 2.929 
1704868797.794 6.246 2.904 
1704868797.895 6.152 2.849 
1704868797.994 6.064 2.800 
1704868798.097 5.979 2.761 
1704868798.195 5.899 2.714 
1704868798.296 5.821 2.638 
1704868798.395 5.753 2.572 
1704868798.495 5.685 2.515 
1704868798.595 5.618 2.459 
1704868798.696 5.550 2.385 
1704868798.795 5.494 2.295 
1704868798.895 5.441 2.211 
1704868798.996 5.395 2.126 
1704868799.097 5.369 2.029 
1704868799.196 5.353 1.931 
1704868799.296 5.332 1.833 
1704868799.395 5.318 1.772 
1704868799.497 5.301 1.704 
1704868799.596 5.285 1.626 
1704868799.697 5.268 1.549 
1704868799.799 5.251 1.473 
1704868799.899 5.236 1.392 
1704868799.999 5.221 1.311 
1704868800.099 5.205 1.232 
1704868800.199 5.189 1.154 
1704868800.299 5.161 1.083 
1704868800.398 5.130 1.019 
1704868800.499 5.092 0.949 
1704868800.599 5.048 0.874 
1704868800.699 4.999 0.810 
1704868800.801 4.961 0.752 
1704868800.900 4.932 0.697 
1704868800.999 4.897 0.633 
1704868801.099 4.833 0.560 
1704868801.401 4.706 0.391 
1704868801.500 4.683 0.370 
1704868801.600 4.613 0.301 
1704868801.702 4.517 0.219 
1704868801.802 4.425 0.140 
1704868801.906 4.328 0.065 
1704868802.010 4.228 -0.001 
1704868802.106 4.118 -0.047 
1704868802.205 4.019 -0.092 
1704868802.304 3.973 -0.142 
1704868802.405 3.923 -0.190 
1704868802.505 3.851 -0.229 
1704868802.604 3.772 -0.258 
1704868802.705 3.710 -0.263 
1704868802.807 3.662 -0.252 
1704868802.908 3.609 -0.232 
1704868803.006 3.500 -0.153 
1704868803.106 3.417 -0.104 
1704868803.205 3.363 -0.079 
1704868803.307 3.322 -0.043 
1704868803.406 3.281 0.005 
1704868803.505 3.243 0.059 
1704868803.605 3.210 0.114 
1704868803.705 3.169 0.170 
1704868803.806 3.122 0.232 
1704868803.906 3.067 0.297 
1704868804.008 3.012 0.369 
1704868804.106 2.959 0.438 
1704868804.207 2.905 0.513 
1704868804.307 2.852 0.580 
1704868804.406 2.803 0.663 
1704868804.507 2.757 0.750 
1704868804.607 2.713 0.830 
1704868804.707 2.667 0.903 
1704868804.808 2.620 0.975 
1704868804.909 2.571 1.058 
1704868805.009 2.534 1.148 
1704868805.109 2.499 1.247 
1704868805.209 2.467 1.347 
1704868805.310 2.439 1.443 
1704868805.409 2.413 1.527 
1704868805.510 2.389 1.605 
1704868805.611 2.372 1.679 
1704868805.710 2.359 1.753 
1704868805.810 2.334 1.799 
1704868805.910 2.300 1.818 
1704868806.011 2.281 1.875 
1704868806.111 2.266 1.961 
1704868806.210 2.264 2.045 
1704868806.310 2.294 2.153 
1704868809.218 2.066 2.291 
1704868809.218 2.066 2.291 
1704868809.319 2.059 2.305 
1704868809.419 2.008 2.319 
1704868809.519 1.901 2.352 
1704868809.619 1.784 2.394 
1704868809.719 1.667 2.434 
1704868809.821 1.551 2.468 
1704868809.919 1.438 2.504 
1704868810.021 1.320 2.541 
1704868810.120 1.202 2.577 
1704868810.219 1.087 2.609 
1704868810.320 0.968 2.644 
1704868810.421 0.846 2.679 
1704868810.520 0.724 2.715 
1704868810.620 0.608 2.749 
1704868810.720 0.494 2.788 
1704868810.821 0.379 2.824 
1704868810.920 0.270 2.855 
1704868811.021 0.158 2.885 
1704868811.121 0.047 2.917 
1704868811.220 -0.065 2.952 
1704868811.322 -0.183 2.988 
1704868811.421 -0.295 3.024 
1704868811.521 -0.390 3.055 
1704868811.621 -0.484 3.101 
1704868811.722 -0.587 3.193 
1704868811.822 -0.668 3.256 
1704868811.922 -0.730 3.286 
1704868812.022 -0.797 3.344 
1704868812.122 -0.868 3.410 
1704868812.222 -0.930 3.455 
1704868812.322 -0.965 3.486 
1704868812.422 -0.988 3.523 
1704868812.523 -1.004 3.594 
1704868812.623 -1.030 3.672 
1704868812.723 -1.055 3.734 
1704868812.823 -1.086 3.814 
1704868812.923 -1.112 3.902 
1704868813.023 -1.122 3.981 
1704868813.123 -1.130 4.045 
1704868813.223 -1.138 4.103 
1704868813.324 -1.147 4.172 
1704868813.424 -1.162 4.258 
1704868817.732 -0.909 4.709 
1704868817.834 -0.942 4.664 
1704868817.944 -0.988 4.591 
1704868818.043 -1.060 4.498 
1704868818.143 -1.113 4.401 
1704868818.243 -1.149 4.299 
1704868818.342 -1.200 4.192 
1704868818.442 -1.257 4.084 
1704868818.543 -1.314 3.976 
1704868818.643 -1.365 3.869 
1704868818.743 -1.423 3.763 
1704868818.843 -1.485 3.657 
1704868818.943 -1.545 3.552 
1704868819.045 -1.593 3.468 
1704868819.147 -1.626 3.403 
1704868819.245 -1.658 3.335 
1704868819.344 -1.699 3.268 
1704868819.444 -1.738 3.200 
1704868819.546 -1.765 3.121 
1704868819.644 -1.786 3.038 
1704868819.744 -1.799 2.928 
1704868819.844 -1.818 2.816 
1704868819.944 -1.835 2.708 
1704868820.044 -1.849 2.622 
1704868820.145 -1.861 2.544 
1704868820.245 -1.861 2.459 
1704868820.346 -1.833 2.352 
1704868820.446 -1.825 2.267 
1704868820.545 -1.841 2.204 
1704868820.646 -1.823 2.111 
1704868820.745 -1.794 1.992 
1704868820.846 -1.732 1.878 
1704868820.946 -1.644 1.806 
1704868821.046 -1.550 1.752 
1704868821.150 -1.455 1.684 
1704868821.247 -1.376 1.630 
1704868821.347 -1.300 1.575 
1704868821.447 -1.224 1.522 
1704868821.546 -1.150 1.469 
1704868821.647 -1.071 1.395 
1704868821.748 -1.002 1.343 
1704868821.847 -0.945 1.298 
1704868821.948 -0.905 1.274 
1704868822.047 -0.869 1.236 
1704868822.147 -0.822 1.180 
1704868822.248 -0.776 1.120 
1704868822.348 -0.731 1.061 
1704868822.448 -0.688 1.008 
1704868822.548 -0.632 0.943 
1704868822.648 -0.570 0.863 
1704868822.748 -0.497 0.771 
1704868822.848 -0.430 0.684 
1704868822.949 -0.373 0.606 
1704868823.048 -0.318 0.536 
1704868823.149 -0.260 0.467 
1704868823.250 -0.186 0.392 
1704868823.349 -0.119 0.320 
1704868823.449 -0.058 0.251 
1704868823.549 0.005 0.183 
1704868823.649 0.079 0.120 
1704868823.749 0.147 0.057 
1704868823.849 0.221 -0.002 
1704868823.950 0.291 -0.060 
1704868824.049 0.361 -0.116 
1704868824.149 0.438 -0.170 
1704868824.249 0.537 -0.209 
1704868829.363 0.194 -0.624 
1704868829.364 0.194 -0.624 
1704868829.464 0.129 -0.616 
1704868829.564 0.010 -0.570 
1704868829.665 -0.108 -0.527 
1704868829.765 -0.213 -0.493 
1704868829.864 -0.325 -0.475 
1704868829.964 -0.431 -0.458 
1704868830.066 -0.527 -0.443 
1704868830.167 -0.607 -0.426 
1704868830.265 -0.691 -0.413 
1704868830.365 -0.792 -0.405 
1704868830.465 -0.894 -0.398 
1704868830.565 -0.988 -0.387 
1704868830.666 -1.069 -0.383 
1704868830.766 -1.126 -0.390 
1704868830.866 -1.158 -0.392 
1704868830.966 -1.179 -0.374 
1704868831.066 -1.246 -0.328 
1704868831.166 -1.363 -0.261 
1704868831.267 -1.487 -0.203 
1704868831.365 -1.553 -0.148 
1704868831.467 -1.599 -0.131 
1704868831.567 -1.661 -0.123 
1704868831.667 -1.771 -0.088 
1704868831.766 -1.889 -0.045 
1704868831.867 -1.986 -0.016 
1704868831.967 -2.071 0.009 
1704868832.067 -2.149 0.025 
1704868832.166 -2.231 0.047 
1704868832.267 -2.305 0.076 
1704868832.367 -2.380 0.102 
1704868832.467 -2.457 0.135 
1704868832.567 -2.533 0.173 
1704868832.668 -2.611 0.212 
1704868832.767 -2.674 0.229 
1704868832.867 -2.729 0.237 
1704868832.971 -2.798 0.269 
1704868833.070 -2.865 0.317 
1704868833.181 -2.937 0.371 
1704868833.279 -3.000 0.409 
1704868833.379 -3.054 0.426 
1704868833.478 -3.109 0.456 
1704868833.578 -3.175 0.529 
1704868833.678 -3.246 0.617 
1704868833.778 -3.310 0.690 
1704868833.878 -3.367 0.709 
1704868833.979 -3.427 0.735 
1704868834.078 -3.476 0.780 
1704868834.179 -3.494 0.841 
1704868834.279 -3.537 0.952 
1704868834.379 -3.580 1.068 
1704868834.479 -3.620 1.144 
1704868834.578 -3.633 1.254 
1704868834.679 -3.628 1.374 
1704868834.779 -3.616 1.460 
1704868834.879 -3.611 1.544 
1704868834.979 -3.615 1.639 
1704868835.080 -3.612 1.716 
1704868835.180 -3.602 1.778 
1704868835.280 -3.579 1.847 
1704868835.380 -3.562 1.909 
1704868835.480 -3.544 1.975 
1704868835.581 -3.531 2.051 
1704868835.680 -3.517 2.146 
1704868835.780 -3.499 2.235 
1704868835.881 -3.476 2.281 
1704868835.981 -3.452 2.347 
1704868836.081 -3.417 2.439 
1704868836.181 -3.382 2.519 
1704868836.281 -3.351 2.587 
1704868836.382 -3.327 2.645 
1704868836.483 -3.306 2.707 
1704868836.584 -3.291 2.779 
1704868836.686 -3.274 2.847 
1704868836.786 -3.259 2.907 
1704868836.885 -3.253 2.970 
1704868836.986 -3.239 3.018 
1704868837.087 -3.225 3.057 
1704868837.187 -3.219 3.106 
1704868837.286 -3.230 3.188 
1704868837.387 -3.258 3.305 
1704868837.487 -3.258 3.380 
1704868837.587 -3.251 3.419 
1704868837.687 -3.259 3.439 
1704868837.789 -3.307 3.461 
1704868837.889 -3.370 3.481 
1704868837.989 -3.423 3.489 
1704868838.091 -3.459 3.516 
1704868838.189 -3.505 3.559 
1704868838.289 -3.560 3.600 
1704868838.389 -3.625 3.650 
1704868840.695 -4.414 3.935 
1704868840.695 -4.414 3.935 
1704868840.795 -4.350 3.966 
1704868840.896 -4.266 3.998 
1704868840.997 -4.161 4.040 
1704868841.103 -4.050 4.116 
1704868841.196 -3.954 4.191 
1704868841.296 -3.853 4.260 
1704868841.396 -3.757 4.323 
1704868841.496 -3.657 4.388 
1704868841.596 -3.547 4.449 
1704868841.697 -3.447 4.514 
1704868841.797 -3.347 4.577 
1704868841.899 -3.233 4.641 
1704868841.997 -3.124 4.703 
1704868842.097 -3.023 4.768 
1704868842.197 -2.918 4.829 
1704868842.298 -2.815 4.889 
1704868842.398 -2.717 4.957 
1704868842.498 -2.615 5.026 
1704868842.599 -2.509 5.093 
1704868842.698 -2.413 5.160 
1704868842.798 -2.314 5.231 
1704868842.898 -2.213 5.301 
1704868842.999 -2.113 5.370 
1704868843.098 -2.014 5.440 
1704868843.198 -1.918 5.511 
1704868843.299 -1.820 5.585 
1704868843.399 -1.727 5.658 
1704868843.499 -1.634 5.734 
1704868843.599 -1.538 5.807 
1704868843.699 -1.443 5.885 
1704868843.800 -1.349 5.958 
1704868843.901 -1.301 5.991 
1704868844.002 -1.247 6.042 
1704868844.101 -1.153 6.120 
1704868844.202 -1.067 6.196 
1704868844.302 -0.982 6.269 
1704868844.402 -0.927 6.302 
1704868844.502 -0.895 6.310 
1704868844.602 -0.855 6.346 
1704868844.702 -0.794 6.413 
1704868844.802 -0.723 6.483 
1704868844.902 -0.664 6.546 
1704868845.002 -0.609 6.605 
1704868845.103 -0.547 6.665 
1704868845.203 -0.478 6.728 
1704868845.303 -0.407 6.794 
1704868845.403 -0.346 6.862 
1704868845.503 -0.293 6.924 
1704868845.603 -0.248 6.983 
1704868845.703 -0.206 7.050 
1704868845.803 -0.177 7.123 
1704868845.903 -0.154 7.207 
1704868846.003 -0.129 7.271 
1704868846.103 -0.095 7.318 
1704868846.204 -0.073 7.382 
1704868846.304 -0.062 7.456 
1704868846.404 -0.054 7.541 
1704868846.504 -0.041 7.626 
1704868846.604 -0.028 7.698 
1704868846.704 -0.019 7.763 
1704868846.805 -0.065 7.855 
1704868846.905 -0.123 7.925 
1704868847.004 -0.168 7.972 
1704868848.106 -0.192 7.890 
1704868848.207 -0.223 7.873 
1704868848.307 -0.276 7.836 
1704868848.407 -0.355 7.798 
1704868848.507 -0.466 7.760 
1704868848.607 -0.563 7.720 
1704868848.707 -0.637 7.688 
1704868848.808 -0.668 7.678 
1704868848.907 -0.695 7.652 
1704868849.008 -0.744 7.600 
1704868849.108 -0.815 7.557 
1704868849.208 -0.953 7.533 
1704868849.308 -1.076 7.505 
1704868849.408 -1.164 7.485 
1704868849.508 -1.245 7.464 
1704868849.608 -1.314 7.428 
1704868849.708 -1.376 7.397 
1704868849.809 -1.442 7.365 
1704868849.909 -1.514 7.337 
1704868850.009 -1.591 7.309 
1704868850.109 -1.675 7.282 
1704868850.209 -1.758 7.255 
1704868850.309 -1.840 7.227 
1704868850.410 -1.922 7.201 
1704868850.509 -2.001 7.174 
1704868850.610 -2.090 7.146 
1704868850.709 -2.184 7.121 
1704868850.809 -2.275 7.094 
1704868850.909 -2.366 7.069 
1704868851.009 -2.456 7.043 
1704868851.111 -2.547 7.012 
1704868851.210 -2.643 6.986 
1704868851.310 -2.741 6.959 
1704868851.410 -2.836 6.933 
1704868851.510 -2.931 6.910 
1704868851.611 -3.029 6.885 
1704868851.711 -3.124 6.860 
1704868851.811 -3.218 6.837 
1704868851.911 -3.318 6.815 
1704868852.011 -3.414 6.800 
1704868852.111 -3.506 6.783 
1704868852.210 -3.595 6.762 
1704868852.311 -3.688 6.744 
1704868852.411 -3.781 6.731 
1704868852.511 -3.873 6.720 
1704868852.613 -3.967 6.710 
1704868852.712 -4.064 6.709 
1704868852.812 -4.171 6.719 
1704868852.912 -4.281 6.726 
1704868853.012 -4.396 6.728 
1704868853.112 -4.503 6.729 
1704868853.212 -4.589 6.729 
1704868853.312 -4.671 6.731 
1704868853.412 -4.752 6.727 
1704868853.513 -4.820 6.706 
1704868853.613 -4.872 6.670 
1704868853.716 -4.929 6.661 
1704868853.814 -5.012 6.693 
1704868853.913 -5.134 6.733 
1704868854.012 -5.223 6.754 
1704868854.113 -5.304 6.776 
1704868854.213 -5.376 6.816 
1704868854.314 -5.449 6.851 
1704868854.414 -5.524 6.887 
1704868854.513 -5.596 6.923 
1704868854.614 -5.668 6.958 
1704868854.713 -5.738 6.992 
1704868854.815 -5.800 7.024 
1704868854.915 -5.891 7.057 
1704868855.015 -5.993 7.103 
1704868855.115 -6.072 7.145 
1704868855.216 -6.131 7.179 
1704868855.316 -6.202 7.201 
1704868855.417 -6.274 7.217 
1704868855.516 -6.329 7.245 
1704868855.616 -6.386 7.266 
1704868855.717 -6.437 7.281 
1704868855.817 -6.480 7.301 
1704868855.917 -6.539 7.313 
1704868856.019 -6.627 7.273 
1704868856.119 -6.699 7.249 
1704868856.220 -6.749 7.249 
1704868856.320 -6.796 7.246 
1704868856.421 -6.843 7.202 
1704868856.521 -6.879 7.136 
1704868856.620 -6.903 7.060 
1704868856.720 -6.921 7.016 
1704868856.820 -6.930 6.987 
1704868856.920 -6.947 6.943 
1704868857.020 -6.961 6.856 
1704868857.120 -6.977 6.754 
1704868857.220 -7.006 6.698 
1704868857.320 -7.025 6.639 
1704868857.421 -7.027 6.566 
1704868857.521 -7.016 6.492 
1704868857.621 -6.999 6.422 
1704868857.722 -6.971 6.351 
1704868857.821 -6.943 6.278 
1704868857.921 -6.915 6.203 
1704868858.022 -6.877 6.126 
1704868861.729 -6.824 5.670 
1704868861.730 -6.824 5.670 
1704868861.830 -6.830 5.718 
1704868861.930 -6.823 5.838 
1704868862.030 -6.810 5.960 
1704868862.130 -6.784 6.075 
1704868862.230 -6.753 6.191 
1704868862.330 -6.719 6.305 
1704868862.431 -6.684 6.418 
1704868862.531 -6.654 6.525 
1704868862.631 -6.622 6.633 
1704868862.731 -6.585 6.744 
1704868862.831 -6.541 6.856 
1704868862.932 -6.503 6.968 
1704868863.031 -6.470 7.075 
1704868863.131 -6.427 7.184 
1704868863.236 -6.369 7.287 
1704868863.334 -6.312 7.386 
1704868863.433 -6.256 7.490 
1704868863.532 -6.203 7.597 
1704868863.632 -6.137 7.694 
1704868863.731 -6.092 7.767 
1704868863.831 -6.055 7.825 
1704868863.931 -5.997 7.863 
1704868864.032 -5.931 7.880 
1704868864.133 -5.884 7.892 
1704868864.233 -5.842 7.909 
1704868864.333 -5.766 7.905 
1704868864.433 -5.684 7.899 
1704868864.533 -5.620 7.891 
1704868864.633 -5.561 7.884 
1704868864.733 -5.489 7.881 
1704868864.833 -5.398 7.881 
1704868864.934 -5.313 7.883 
1704868865.034 -5.238 7.882 
1704868865.134 -5.167 7.881 
1704868865.234 -5.097 7.882 
1704868865.334 -5.020 7.877 
1704868865.434 -4.922 7.890 
1704868865.535 -4.830 7.914 
1704868865.635 -4.758 7.937 
1704868865.735 -4.723 7.961 
1704868865.845 -4.661 7.941 
1704868865.939 -4.627 7.932 
1704868866.036 -4.600 7.916 
1704868866.136 -4.575 7.875 
1704868866.939 -4.728 7.751 
1704868867.039 -4.723 7.816 
1704868869.644 -5.009 7.675 
1704868869.645 -5.009 7.675 
1704868869.746 -4.931 7.724 
1704868869.846 -4.815 7.751 
1704868869.946 -4.686 7.775 
1704868870.047 -4.559 7.807 
1704868870.147 -4.439 7.827 
1704868870.251 -4.321 7.845 
1704868870.347 -4.206 7.866 
1704868870.447 -4.082 7.889 
1704868870.546 -3.959 7.911 
1704868870.647 -3.837 7.934 
1704868870.747 -3.715 7.954 
1704868870.846 -3.595 7.974 
1704868870.947 -3.475 7.994 
1704868871.047 -3.353 8.014 
1704868871.147 -3.231 8.032 
1704868871.247 -3.110 8.051 
1704868871.347 -2.990 8.069 
1704868871.450 -2.872 8.088 
1704868871.550 -2.752 8.104 
1704868871.655 -2.623 8.119 
1704868871.750 -2.510 8.136 
1704868871.851 -2.390 8.153 
1704868871.950 -2.272 8.169 
1704868872.051 -2.151 8.182 
1704868872.151 -2.030 8.194 
1704868872.251 -1.905 8.207 
1704868872.351 -1.779 8.217 
1704868872.451 -1.684 8.228 
1704868872.552 -1.605 8.233 
1704868872.652 -1.526 8.238 
1704868872.752 -1.448 8.246 
1704868872.852 -1.370 8.254 
1704868872.953 -1.290 8.261 
1704868873.052 -1.209 8.263 
1704868873.152 -1.111 8.264 
1704868873.252 -0.999 8.262 
1704868873.352 -0.905 8.266 
1704868873.453 -0.818 8.265 
1704868873.553 -0.727 8.261 
1704868873.653 -0.642 8.262 
1704868873.753 -0.565 8.267 
1704868873.853 -0.487 8.268 
1704868873.953 -0.409 8.264 
1704868874.053 -0.337 8.253 
1704868874.154 -0.266 8.240 
1704868874.253 -0.196 8.229 
1704868874.353 -0.121 8.221 
1704868874.453 -0.038 8.222 
1704868874.555 0.034 8.225 
1704868874.655 0.095 8.207 
1704868874.755 0.152 8.174 
1704868874.855 0.204 8.130 
1704868874.956 0.258 8.073 
1704868875.055 0.311 8.018 
1704868875.155 0.360 7.981 
1704868875.255 0.389 7.943 
1704868875.355 0.403 7.902 
1704868875.457 0.413 7.859 
1704868875.555 0.441 7.824 
1704868875.655 0.468 7.779 
1704868878.862 0.369 7.486 
1704868878.863 0.369 7.486 
1704868878.964 0.465 7.511 
1704868879.064 0.578 7.542 
1704868879.164 0.696 7.569 
1704868879.263 0.815 7.582 
1704868879.364 0.938 7.594 
1704868879.464 1.056 7.608 
1704868879.565 1.174 7.622 
1704868879.665 1.293 7.635 
1704868879.764 1.402 7.651 
1704868879.865 1.501 7.667 
1704868879.964 1.539 7.674 
1704868880.065 1.568 7.677 
1704868880.165 1.630 7.682 
1704868880.265 1.710 7.694 
1704868880.365 1.807 7.690 
1704868884.872 1.675 7.942 
1704868884.974 1.635 7.941 
1704868885.075 1.536 7.918 
1704868885.174 1.407 7.856 
1704868885.275 1.316 7.843 
1704868885.778 1.267 7.843 
1704868885.780 1.267 7.843 
1704868885.882 1.243 7.813 
1704868885.983 1.177 7.731 
1704868886.081 1.083 7.639 
1704868886.181 0.982 7.563 
1704868886.280 0.879 7.487 
1704868886.381 0.790 7.408 
1704868886.481 0.704 7.329 
1704868886.581 0.627 7.251 
1704868886.681 0.542 7.174 
1704868886.781 0.459 7.096 
1704868886.881 0.381 7.018 
1704868886.981 0.305 6.941 
1704868887.081 0.224 6.853 
1704868887.181 0.141 6.765 
1704868887.282 0.065 6.675 
1704868887.381 -0.002 6.584 
1704868887.481 -0.071 6.487 
1704868887.581 -0.141 6.385 
1704868887.682 -0.208 6.289 
1704868887.782 -0.259 6.187 
1704868887.882 -0.306 6.076 
1704868887.983 -0.351 5.964 
1704868888.083 -0.393 5.852 
1704868888.183 -0.441 5.758 
1704868888.284 -0.484 5.653 
1704868888.384 -0.516 5.539 
1704868888.483 -0.542 5.426 
1704868888.583 -0.557 5.305 
1704868888.683 -0.576 5.183 
1704868888.784 -0.592 5.064 
1704868888.884 -0.604 4.949 
1704868888.984 -0.619 4.830 
1704868889.084 -0.638 4.717 
1704868889.184 -0.652 4.619 
1704868889.284 -0.658 4.526 
1704868889.384 -0.665 4.432 
1704868889.484 -0.664 4.329 
1704868889.585 -0.655 4.230 
1704868889.685 -0.657 4.139 
1704868889.784 -0.663 4.057 
1704868889.885 -0.669 3.976 
1704868889.984 -0.669 3.888 
1704868890.084 -0.653 3.794 
1704868890.185 -0.637 3.708 
1704868890.285 -0.625 3.634 
1704868890.385 -0.597 3.559 
1704868890.486 -0.551 3.485 
1704868890.588 -0.526 3.409 
1704868890.688 -0.491 3.341 
1704868890.788 -0.445 3.274 
1704868890.889 -0.391 3.207 
1704868890.989 -0.330 3.146 
1704868891.089 -0.259 3.095 
1704868891.189 -0.190 3.047 
1704868891.289 -0.119 2.997 
1704868891.389 -0.042 2.957 
1704868891.489 0.038 2.923 
1704868891.590 0.118 2.894 
1704868891.690 0.196 2.861 
1704868891.789 0.272 2.828 
1704868891.889 0.365 2.801 
1704868891.990 0.465 2.780 
1704868892.090 0.553 2.762 
1704868892.190 0.640 2.739 
1704868892.290 0.719 2.719 
1704868892.390 0.816 2.701 
1704868892.490 0.931 2.669 
1704868892.590 1.032 2.655 
1704868892.691 1.138 2.645 
1704868892.790 1.243 2.642 
1704868892.891 1.345 2.637 
1704868892.991 1.448 2.643 
1704868893.091 1.553 2.648 
1704868893.191 1.660 2.648 
1704868893.291 1.767 2.653 
1704868893.392 1.874 2.660 
1704868893.492 1.985 2.667 
1704868893.592 2.097 2.674 
1704868893.692 2.208 2.681 
1704868893.792 2.319 2.688 
1704868893.892 2.430 2.694 
1704868893.993 2.541 2.701 
1704868894.092 2.651 2.707 
1704868894.191 2.760 2.713 
1704868894.293 2.872 2.720 
1704868894.393 2.981 2.726 
1704868894.493 3.088 2.732 
1704868894.594 3.195 2.739 
1704868894.693 3.306 2.744 
1704868894.793 3.418 2.748 
1704868894.894 3.528 2.752 
1704868894.994 3.632 2.759 
1704868895.094 3.735 2.760 
1704868895.195 3.843 2.759 
1704868895.295 3.949 2.761 
1704868895.395 4.055 2.762 
1704868895.495 4.160 2.762 
1704868895.596 4.264 2.761 
1704868895.696 4.368 2.760 
1704868895.796 4.469 2.759 
1704868895.896 4.568 2.759 
1704868895.996 4.664 2.758 
1704868896.099 4.758 2.757 
1704868896.199 4.849 2.755 
1704868896.299 4.939 2.752 
1704868896.398 5.024 2.749 
1704868896.499 5.108 2.748 
1704868896.602 5.194 2.752 
1704868896.701 5.272 2.753 
1704868896.800 5.346 2.752 
1704868896.902 5.425 2.754 
1704868897.002 5.538 2.784 
1704868897.103 5.642 2.792 
1704868897.202 5.746 2.805 
1704868897.302 5.859 2.845 
1704868897.401 5.967 2.885 
1704868897.502 6.058 2.919 
1704868897.603 6.147 2.955 
1704868897.702 6.232 3.002 
1704868897.802 6.314 3.064 
1704868897.902 6.381 3.087 
1704868898.003 6.436 3.088 
1704868898.103 6.477 3.125 
1704868898.202 6.547 3.230 
1704868898.303 6.625 3.331 
1704868898.403 6.676 3.389 
1704868898.505 6.715 3.461 
1704868898.603 6.764 3.551 
1704868898.706 6.805 3.638 
1704868898.806 6.848 3.722 
1704868898.906 6.891 3.808 
1704868899.005 6.927 3.890 
1704868899.105 6.963 3.975 
1704868899.206 7.000 4.056 
1704868899.306 7.034 4.135 
1704868899.406 7.067 4.214 
1704868899.506 7.102 4.293 
1704868899.606 7.133 4.365 
1704868899.706 7.165 4.437 
1704868899.806 7.198 4.509 
1704868899.906 7.229 4.581 
1704868900.006 7.258 4.652 
1704868900.107 7.300 4.752 
1704868900.207 7.350 4.860 
1704868900.307 7.390 4.952 
1704868900.407 7.416 5.025 
1704868900.508 7.429 5.089 
1704868900.608 7.449 5.178 
1704868901.212 7.469 5.211 
1704868901.213 7.469 5.211 
1704868901.315 7.483 5.228 
1704868901.414 7.525 5.287 
1704868901.513 7.580 5.396 
1704868901.614 7.635 5.500 
1704868901.714 7.679 5.604 
1704868901.814 7.708 5.692 
1704868901.914 7.736 5.805 
1704868902.014 7.753 5.929 
1704868902.114 7.777 6.023 
1704868902.215 7.803 6.110 
1704868902.314 7.827 6.221 
1704868902.414 7.858 6.312 
1704868902.514 7.880 6.400 
1704868902.615 7.882 6.500 
1704868902.714 7.878 6.603 
1704868902.815 7.880 6.706 
1704868902.915 7.881 6.803 
1704868903.014 7.879 6.901 
1704868903.116 7.863 7.007 
1704868903.216 7.851 7.073 
1704868903.316 7.843 7.132 
1704868903.417 7.832 7.215 
1704868903.517 7.821 7.294 
1704868903.616 7.807 7.371 
1704868903.716 7.793 7.449 
1704868903.816 7.779 7.529 
1704868903.917 7.763 7.609 
1704868904.017 7.745 7.690 
1704868904.116 7.726 7.771 
1704868904.217 7.704 7.858 
1704868908.729 7.616 8.058 
1704868908.730 7.616 8.058 
1704868908.831 7.605 8.032 
1704868908.930 7.579 7.941 
1704868909.030 7.524 7.831 
1704868909.130 7.471 7.720 
1704868909.230 7.421 7.614 
1704868909.331 7.377 7.506 
1704868909.431 7.336 7.396 
1704868909.532 7.293 7.287 
1704868909.631 7.250 7.184 
1704868909.731 7.210 7.069 
1704868909.831 7.170 6.956 
1704868909.932 7.130 6.843 
1704868910.031 7.091 6.727 
1704868910.131 7.054 6.612 
1704868910.232 7.014 6.499 
1704868910.332 6.969 6.387 
1704868910.432 6.928 6.276 
1704868910.533 6.888 6.159 
1704868910.633 6.853 6.040 
1704868910.733 6.821 5.923 
1704868910.833 6.792 5.808 
1704868910.932 6.755 5.692 
1704868911.033 6.719 5.575 
1704868911.135 6.708 5.457 
1704868911.234 6.712 5.345 
1704868911.333 6.719 5.226 
1704868911.433 6.718 5.106 
1704868911.533 6.723 4.990 
1704868911.634 6.729 4.876 
1704868911.734 6.730 4.760 
1704868911.833 6.731 4.643 
1704868911.934 6.736 4.528 
1704868912.034 6.742 4.413 
1704868912.134 6.740 4.295 
1704868912.234 6.733 4.178 
1704868912.335 6.721 4.063 
1704868912.435 6.712 3.940 
1704868912.535 6.705 3.818 
1704868912.634 6.689 3.713 
1704868912.735 6.664 3.627 
1704868912.836 6.641 3.543 
1704868912.935 6.623 3.454 
1704868913.035 6.593 3.364 
1704868913.135 6.561 3.276 
1704868913.235 6.521 3.200 
1704868913.336 6.480 3.129 
1704868913.436 6.437 3.055 
1704868913.536 6.397 2.963 
1704868913.636 6.353 2.877 
1704868913.737 6.306 2.809 
1704868913.838 6.254 2.743 
1704868913.936 6.195 2.679 
1704868914.036 6.127 2.605 
1704868914.136 6.059 2.542 
1704868914.236 5.996 2.483 
1704868914.337 5.937 2.417 
1704868914.437 5.875 2.352 
1704868914.536 5.809 2.290 
1704868914.637 5.741 2.232 
1704868914.737 5.674 2.180 
1704868914.837 5.604 2.127 
1704868914.937 5.526 2.056 
1704868915.038 5.449 1.992 
1704868915.138 5.366 1.939 
1704868915.237 5.286 1.895 
1704868915.338 5.197 1.850 
1704868915.438 5.111 1.800 
1704868915.538 5.027 1.752 
1704868915.639 4.939 1.707 
1704868915.739 4.851 1.667 
1704868915.840 4.755 1.627 
1704868915.941 4.663 1.585 
1704868916.044 4.572 1.542 
1704868916.141 4.484 1.505 
1704868916.241 4.392 1.466 
1704868916.345 4.292 1.428 
1704868916.442 4.202 1.392 
1704868916.543 4.108 1.352 
1704868916.642 4.018 1.317 
1704868916.743 3.924 1.281 
1704868916.843 3.829 1.248 
1704868916.943 3.738 1.213 
1704868917.043 3.648 1.180 
1704868917.143 3.559 1.148 
1704868917.243 3.467 1.117 
1704868917.344 3.373 1.088 
1704868917.443 3.284 1.059 
1704868917.544 3.194 1.029 
1704868917.644 3.109 1.006 
1704868917.744 3.024 0.983 
1704868917.845 2.933 0.958 
1704868917.944 2.843 0.932 
1704868918.045 2.758 0.905 
1704868918.145 2.673 0.880 
1704868918.244 2.587 0.857 
1704868918.345 2.502 0.833 
1704868918.444 2.418 0.811 
1704868918.545 2.328 0.788 
1704868918.645 2.241 0.765 
1704868918.745 2.153 0.744 
1704868918.845 2.064 0.724 
1704868918.945 1.974 0.701 
1704868919.046 1.884 0.682 
1704868919.145 1.794 0.663 
1704868919.246 1.704 0.648 
1704868919.346 1.615 0.631 
1704868919.445 1.520 0.615 
1704868919.545 1.426 0.597 
1704868919.647 1.335 0.579 
1704868919.745 1.246 0.565 
1704868919.847 1.152 0.551 
1704868919.946 1.059 0.537 
1704868920.047 0.964 0.524 
1704868920.147 0.879 0.506 
1704868920.247 0.791 0.497 
1704868920.347 0.702 0.490 
1704868920.447 0.615 0.489 
1704868920.547 0.529 0.485 
1704868920.646 0.441 0.480 
1704868920.749 0.357 0.472 
1704868920.848 0.280 0.464 
1704868920.948 0.199 0.462 
1704868921.049 0.115 0.465 
1704868921.148 0.034 0.468 
1704868921.248 -0.049 0.470 
1704868921.348 -0.131 0.473 
1704868921.449 -0.207 0.469 
1704868921.550 -0.282 0.470 
1704868921.651 -0.361 0.473 
1704868921.751 -0.438 0.475 
1704868921.856 -0.515 0.477 
1704868921.953 -0.594 0.480 
1704868922.051 -0.672 0.481 
1704868922.151 -0.750 0.483 
1704868922.251 -0.830 0.484 
1704868922.351 -0.906 0.487 
1704868922.452 -0.982 0.487 
1704868922.552 -1.061 0.486 
1704868922.652 -1.139 0.485 
1704868922.752 -1.217 0.484 
1704868922.852 -1.296 0.483 
1704868922.952 -1.374 0.481 
1704868923.052 -1.453 0.480 
1704868923.152 -1.535 0.480 
1704868923.253 -1.617 0.480 
1704868923.352 -1.699 0.480 
1704868923.453 -1.774 0.474 
1704868923.553 -1.854 0.477 
1704868923.653 -1.934 0.481 
1704868923.752 -2.011 0.484 
1704868923.854 -2.092 0.490 
1704868923.954 -2.170 0.495 
1704868924.053 -2.248 0.500 
1704868924.153 -2.325 0.503 
1704868924.254 -2.401 0.507 
1704868924.354 -2.479 0.512 
1704868924.454 -2.555 0.517 
1704868924.555 -2.630 0.522 
1704868924.654 -2.703 0.527 
1704868924.754 -2.809 0.544 
1704868924.855 -2.934 0.557 
1704868924.956 -3.038 0.566 
1704868925.055 -3.119 0.576 
1704868925.156 -3.218 0.577 
1704868925.257 -3.320 0.575 
1704868925.358 -3.412 0.578 
1704868925.458 -3.508 0.582 
1704868925.559 -3.602 0.588 
1704868925.658 -3.690 0.588 
1704868925.758 -3.784 0.583 
1704868925.858 -3.883 0.575 
1704868925.959 -3.975 0.572 
1704868926.059 -4.071 0.569 
1704868926.160 -4.162 0.565 
1704868926.259 -4.251 0.552 
1704868926.360 -4.342 0.534 
1704868926.459 -4.432 0.523 
1704868926.559 -4.521 0.511 
1704868926.660 -4.611 0.497 
1704868926.760 -4.694 0.485 
1704868926.860 -4.776 0.463 
1704868926.961 -4.856 0.439 
1704868927.060 -4.935 0.416 
1704868927.160 -5.016 0.394 
1704868927.260 -5.097 0.373 
1704868927.361 -5.181 0.350 
1704868927.461 -5.263 0.329 
1704868927.561 -5.315 0.336 
1704868927.661 -5.378 0.342 
1704868927.762 -5.435 0.329 
1704868927.862 -5.505 0.294 
1704868927.962 -5.594 0.251 
1704868928.062 -5.677 0.208 
1704868928.162 -5.763 0.166 
1704868928.263 -5.847 0.122 
1704868928.363 -5.921 0.079 
1704868928.462 -5.981 0.051 
1704868928.562 -6.013 0.024 
1704868928.662 -6.009 -0.010 
1704868928.763 -6.027 -0.068 
1704868928.863 -6.081 -0.154 
1704868928.963 -6.142 -0.239 
1704868929.063 -6.197 -0.319 
1704868929.163 -6.255 -0.395 
1704868929.262 -6.314 -0.466 
1704868929.362 -6.363 -0.524 
1704868929.464 -6.413 -0.576 
1704868929.563 -6.464 -0.623 
1704868929.664 -6.504 -0.665 
1704868929.766 -6.509 -0.700 
1704868929.864 -6.508 -0.755 
1704868929.964 -6.521 -0.847 
1704868930.064 -6.547 -0.954 
1704868930.164 -6.567 -1.056 
1704868930.265 -6.587 -1.152 
1704868930.366 -6.608 -1.243 
1704868930.465 -6.629 -1.324 
1704868930.564 -6.651 -1.385 
1704868930.664 -6.676 -1.436 
1704868930.765 -6.710 -1.464 
1704868930.865 -6.729 -1.515 
1704868930.965 -6.722 -1.612 
1704868931.065 -6.712 -1.713 
1704868931.165 -6.706 -1.804 
1704868931.265 -6.700 -1.902 
1704868931.365 -6.693 -1.999 
1704868931.465 -6.690 -2.090 
1704868931.565 -6.684 -2.173 
1704868931.666 -6.679 -2.257 
1704868931.766 -6.675 -2.339 
1704868931.866 -6.667 -2.416 
1704868931.967 -6.647 -2.462 
1704868932.067 -6.626 -2.506 
1704868932.166 -6.548 -2.577 
1704868932.267 -6.457 -2.627 
1704868932.366 -6.386 -2.673 
1704868932.466 -6.318 -2.724 
1704868932.566 -6.252 -2.784 
1704868932.667 -6.183 -2.846 
1704868932.767 -6.113 -2.903 
1704868932.867 -6.052 -2.932 
1704868932.969 -5.971 -2.957 
1704868933.067 -5.892 -2.987 
1704868933.167 -5.806 -3.008 
1704868933.268 -5.724 -3.034 
1704868933.368 -5.634 -3.054 
1704868933.467 -5.549 -3.071 
1704868933.568 -5.459 -3.084 
1704868933.668 -5.368 -3.098 
1704868933.768 -5.281 -3.117 
1704868933.869 -5.188 -3.136 
1704868933.968 -5.097 -3.149 
1704868934.069 -5.012 -3.160 
1704868934.169 -4.923 -3.168 
1704868934.270 -4.831 -3.177 
1704868934.369 -4.740 -3.191 
1704868934.470 -4.643 -3.202 
1704868934.570 -4.545 -3.211 
1704868934.669 -4.460 -3.217 
1704868934.769 -4.372 -3.220 
1704868934.869 -4.279 -3.223 
1704868934.970 -4.184 -3.227 
1704868935.070 -4.091 -3.235 
1704868935.171 -4.008 -3.240 
1704868935.271 -3.919 -3.248 
1704868935.371 -3.832 -3.254 
1704868935.471 -3.745 -3.258 
1704868935.571 -3.657 -3.263 
1704868935.671 -3.571 -3.268 
1704868935.771 -3.485 -3.274 
1704868935.872 -3.399 -3.281 
1704868935.972 -3.311 -3.286 
1704868936.072 -3.226 -3.289 
1704868936.173 -3.145 -3.291 
1704868936.273 -3.063 -3.298 
1704868936.373 -2.987 -3.306 
1704868936.473 -2.914 -3.316 
1704868936.574 -2.842 -3.330 
1704868936.673 -2.774 -3.346 
1704868936.774 -2.708 -3.357 
1704868936.874 -2.630 -3.380 
1704868936.974 -2.558 -3.395 
1704868937.074 -2.495 -3.396 
1704868937.174 -2.436 -3.396 
1704868937.274 -2.372 -3.407 
1704868937.374 -2.301 -3.451 
1704868937.474 -2.228 -3.477 
1704868937.574 -2.157 -3.516 
1704868937.675 -2.102 -3.579 
1704868937.775 -2.065 -3.667 
1704868937.875 -2.045 -3.763 
1704868937.975 -2.054 -3.837 
1704868938.076 -2.066 -3.928 
1704868938.175 -2.089 -3.976 
1704868938.275 -2.130 -3.984 
1704868938.375 -2.157 -4.026 
1704868938.475 -2.159 -4.110 
1704868938.575 -2.147 -4.178 
1704868938.675 -2.149 -4.217 
1704868938.777 -2.127 -4.252 
1704868938.876 -2.090 -4.290 
1704868938.976 -2.015 -4.350 
1704868939.076 -1.931 -4.407 
1704868939.177 -1.882 -4.447 
1704868939.277 -1.837 -4.492 
1704868939.376 -1.792 -4.540 
1704868939.477 -1.746 -4.589 
1704868939.576 -1.688 -4.633 
1704868939.676 -1.624 -4.675 
1704868939.776 -1.567 -4.720 
1704868939.877 -1.505 -4.767 
1704868939.977 -1.422 -4.819 
1704868940.077 -1.338 -4.871 
1704868940.178 -1.265 -4.924 
1704868940.277 -1.192 -4.977 
1704868940.378 -1.114 -5.031 
1704868940.477 -1.052 -5.071 
1704868940.577 -0.991 -5.101 
1704868940.677 -0.927 -5.132 
1704868940.778 -0.861 -5.166 
1704868940.878 -0.790 -5.207 
1704868940.979 -0.722 -5.250 
1704868941.078 -0.646 -5.293 
1704868941.179 -0.577 -5.331 
1704868941.278 -0.504 -5.368 
1704868941.379 -0.429 -5.404 
1704868941.481 -0.354 -5.441 
1704868941.581 -0.275 -5.481 
1704868941.681 -0.195 -5.522 
1704868941.782 -0.112 -5.562 
1704868941.881 -0.032 -5.600 
1704868941.981 0.042 -5.639 
1704868942.081 0.120 -5.680 
1704868942.182 0.204 -5.721 
1704868942.282 0.290 -5.765 
1704868942.382 0.373 -5.812 
1704868942.482 0.455 -5.857 
1704868942.582 0.534 -5.904 
1704868942.683 0.617 -5.952 
1704868942.782 0.696 -5.999 
1704868942.882 0.777 -6.049 
1704868942.982 0.857 -6.098 
1704868943.084 0.939 -6.147 
1704868943.184 1.020 -6.197 
1704868943.283 1.100 -6.244 
1704868943.383 1.181 -6.292 
1704868943.483 1.262 -6.342 
1704868943.583 1.340 -6.390 
1704868943.683 1.418 -6.438 
1704868943.786 1.498 -6.486 
1704868943.884 1.572 -6.531 
1704868943.983 1.647 -6.580 
1704868944.084 1.723 -6.628 
1704868944.184 1.801 -6.675 
1704868944.286 1.882 -6.722 
1704868944.383 1.959 -6.762 
1704868944.484 2.043 -6.806 
1704868944.584 2.118 -6.847 
1704868944.685 2.191 -6.891 
1704868944.784 2.264 -6.934 
1704868944.885 2.340 -6.980 
1704868944.985 2.415 -7.025 
1704868945.086 2.490 -7.071 
1704868945.185 2.568 -7.116 
1704868945.284 2.648 -7.160 
1704868945.385 2.730 -7.202 
1704868945.485 2.806 -7.239 
1704868945.585 2.872 -7.277 
1704868945.685 2.946 -7.320 
1704868945.787 3.029 -7.363 
1704868945.890 3.105 -7.402 
1704868945.989 3.173 -7.446 
1704868946.087 3.247 -7.484 
1704868946.186 3.322 -7.525 
1704868946.287 3.399 -7.562 
1704868946.386 3.475 -7.598 
1704868946.486 3.556 -7.637 
1704868946.586 3.636 -7.676 
1704868946.687 3.711 -7.700 
1704868946.787 3.787 -7.728 
1704868946.892 3.871 -7.760 
1704868946.986 3.944 -7.782 
1704868947.087 4.027 -7.804 
1704868947.187 4.106 -7.824 
1704868947.287 4.187 -7.836 
1704868947.387 4.265 -7.853 
1704868947.488 4.345 -7.867 
1704868947.588 4.423 -7.877 
1704868947.688 4.502 -7.883 
1704868947.788 4.578 -7.888 
1704868947.887 4.653 -7.890 
1704868947.989 4.733 -7.887 
1704868948.091 4.805 -7.883 
1704868948.191 4.878 -7.875 
1704868948.293 4.949 -7.863 
1704868948.393 5.016 -7.848 
1704868948.493 5.083 -7.830 
1704868948.594 5.149 -7.810 
1704868948.695 5.213 -7.790 
1704868948.794 5.283 -7.772 
1704868948.894 5.361 -7.755 
1704868948.994 5.440 -7.740 
1704868949.094 5.474 -7.750 
1704868949.194 5.511 -7.746 
1704868949.295 5.576 -7.719 
1704868949.394 5.667 -7.670 
1704868949.494 5.746 -7.632 
1704868949.599 5.810 -7.599 
1704868949.695 5.866 -7.566 
1704868949.795 5.932 -7.533 
1704868949.895 6.000 -7.496 
1704868949.996 6.059 -7.453 
1704868950.095 6.118 -7.413 
1704868950.196 6.175 -7.372 
1704868950.296 6.234 -7.332 
1704868950.396 6.293 -7.295 
1704868950.495 6.357 -7.248 
1704868950.595 6.424 -7.203 
1704868950.696 6.484 -7.162 
1704868950.796 6.541 -7.115 
1704868950.896 6.598 -7.067 
1704868950.996 6.661 -7.020 
1704868951.096 6.722 -6.970 
1704868951.196 6.782 -6.913 
1704868951.297 6.840 -6.861 
1704868951.397 6.896 -6.810 
1704868951.496 6.950 -6.762 
1704868951.600 7.002 -6.707 
1704868951.697 7.048 -6.650 
1704868951.796 7.095 -6.592 
1704868951.897 7.140 -6.534 
1704868951.997 7.177 -6.476 
1704868952.097 7.214 -6.418 
1704868952.198 7.251 -6.366 
1704868952.298 7.287 -6.320 
1704868952.397 7.332 -6.247 
1704868952.498 7.370 -6.135 
1704868952.598 7.405 -6.045 
1704868952.698 7.438 -5.969 
1704868952.798 7.476 -5.894 
1704868952.897 7.511 -5.829 
1704868952.999 7.528 -5.752 
1704868953.099 7.545 -5.683 
1704868953.199 7.563 -5.624 
1704868953.299 7.572 -5.554 
1704868953.400 7.568 -5.460 
1704868953.499 7.560 -5.373 
1704868953.599 7.547 -5.301 
1704868953.700 7.544 -5.257 
1704868953.802 7.542 -5.210 
1704868953.907 7.538 -5.153 
1704868954.002 7.517 -5.075 
1704868954.102 7.500 -4.998 
1704868954.201 7.493 -4.939 
1704868954.304 7.486 -4.888 
1704868954.402 7.475 -4.837 
1704868954.501 7.443 -4.765 
1704868954.601 7.405 -4.692 
1704868954.702 7.379 -4.635 
1704868954.801 7.366 -4.590 
1704868954.901 7.357 -4.555 
1704868955.001 7.351 -4.528 
1704868955.101 7.328 -4.495 
1704868955.202 7.248 -4.437 
1704868955.302 7.222 -4.382 
1704868955.403 7.214 -4.351 
1704868955.502 7.200 -4.335 
1704868955.603 7.143 -4.323 
1704868955.703 7.101 -4.313 
1704868955.803 7.066 -4.308 
1704868955.903 7.019 -4.303 
1704868956.003 6.976 -4.290 
1704868956.104 6.935 -4.271 
1704868956.203 6.879 -4.255 
1704868956.303 6.800 -4.248 
1704868956.403 6.728 -4.235 
1704868956.504 6.660 -4.217 
1704868956.604 6.583 -4.200 
1704868956.704 6.496 -4.183 
1704868956.804 6.406 -4.165 
1704868956.904 6.312 -4.145 
1704868957.005 6.213 -4.123 
1704868957.106 6.153 -4.098 
1704868957.205 6.098 -4.085 
1704868957.305 6.020 -4.077 
1704868957.406 5.929 -4.069 
1704868957.506 5.844 -4.057 
1704868957.606 5.763 -4.043 
1704868957.706 5.681 -4.029 
1704868957.806 5.599 -4.022 
1704868957.906 5.511 -4.017 
1704868958.006 5.425 -4.012 
1704868958.106 5.336 -4.008 
1704868958.206 5.250 -4.003 
1704868958.306 5.159 -3.998 
1704868958.406 5.070 -3.995 
1704868958.507 4.979 -3.991 
1704868958.607 4.887 -3.987 
1704868958.707 4.795 -3.982 
1704868958.807 4.706 -3.978 
1704868958.908 4.616 -3.976 
1704868959.007 4.529 -3.973 
1704868959.107 4.445 -3.970 
1704868959.207 4.356 -3.974 
1704868959.307 4.269 -3.979 
1704868959.408 4.186 -3.984 
1704868959.508 4.110 -3.995 
1704868959.609 4.031 -4.004 
1704868959.709 3.951 -4.011 
1704868959.808 3.871 -4.017 
1704868959.908 3.789 -4.023 
1704868960.009 3.707 -4.031 
1704868960.109 3.625 -4.039 
1704868960.208 3.546 -4.046 
1704868960.309 3.461 -4.050 
1704868960.414 3.373 -4.056 
1704868960.509 3.297 -4.059 
1704868960.609 3.211 -4.057 
1704868960.709 3.128 -4.053 
1704868960.809 3.044 -4.054 
1704868960.909 2.951 -4.056 
1704868961.010 2.865 -4.052 
1704868961.109 2.782 -4.035 
1704868961.210 2.705 -4.013 
1704868961.310 2.631 -3.992 
1704868961.410 2.541 -3.974 
1704868961.510 2.423 -3.945 
1704868961.610 2.312 -3.917 
1704868961.711 2.210 -3.864 
1704868961.811 2.107 -3.800 
1704868961.912 1.996 -3.714 
1704868962.011 1.888 -3.660 
1704868962.111 1.814 -3.630 
1704868962.211 1.746 -3.560 
1704868965.720 1.635 -3.512 
1704868965.721 1.635 -3.512 
1704868965.821 1.629 -3.517 
1704868965.922 1.579 -3.580 
1704868966.021 1.516 -3.684 
1704868966.122 1.443 -3.794 
1704868966.222 1.374 -3.880 
1704868966.322 1.300 -3.970 
1704868966.422 1.226 -4.064 
1704868966.522 1.152 -4.158 
1704868966.623 1.078 -4.251 
1704868966.722 1.004 -4.345 
1704868966.822 0.931 -4.439 
1704868966.923 0.856 -4.531 
1704868967.025 0.777 -4.626 
1704868967.128 0.702 -4.720 
1704868967.227 0.628 -4.810 
1704868967.327 0.551 -4.902 
1704868967.427 0.473 -4.993 
1704868967.527 0.395 -5.082 
1704868967.628 0.315 -5.171 
1704868967.727 0.238 -5.258 
1704868967.827 0.165 -5.332 
1704868967.928 0.109 -5.388 
1704868968.028 0.059 -5.450 
1704868968.128 0.038 -5.504 
1704868968.228 -0.003 -5.556 
1704868968.330 -0.068 -5.622 
1704868968.428 -0.136 -5.684 
1704868968.529 -0.202 -5.750 
1704868968.628 -0.278 -5.830 
1704868968.729 -0.370 -5.903 
1704868968.829 -0.440 -5.961 
1704868968.928 -0.495 -6.010 
1704868969.029 -0.571 -6.064 
1704868969.129 -0.654 -6.119 
1704868969.229 -0.735 -6.169 
1704868969.329 -0.798 -6.221 
1704868969.429 -0.859 -6.268 
1704868969.530 -0.927 -6.311 
1704868969.630 -0.998 -6.355 
1704868969.730 -1.073 -6.391 
1704868969.830 -1.148 -6.414 
1704868969.932 -1.225 -6.424 
1704868970.033 -1.307 -6.435 
1704868970.131 -1.383 -6.457 
1704868970.231 -1.453 -6.481 
1704868970.331 -1.525 -6.499 
1704868970.431 -1.601 -6.495 
1704868970.532 -1.676 -6.481 
1704868970.631 -1.749 -6.464 
1704868970.731 -1.821 -6.444 
1704868970.832 -1.892 -6.421 
1704868970.931 -1.961 -6.393 
1704868971.033 -2.028 -6.364 
1704868971.136 -2.094 -6.343 
1704868971.232 -2.155 -6.331 
1704868971.332 -2.228 -6.309 
1704868971.434 -2.311 -6.267 
1704868971.532 -2.387 -6.230 
1704868971.632 -2.451 -6.191 
1704868971.732 -2.516 -6.146 
1704868971.836 -2.593 -6.101 
1704868971.933 -2.667 -6.055 
1704868972.033 -2.735 -6.002 
1704868972.133 -2.800 -5.943 
1704868972.235 -2.869 -5.878 
1704868972.334 -2.938 -5.814 
1704868972.434 -3.009 -5.748 
1704868972.534 -3.077 -5.679 
1704868972.634 -3.142 -5.604 
1704868972.734 -3.209 -5.527 
1704868972.834 -3.253 -5.478 
1704868972.934 -3.291 -5.436 
1704868973.034 -3.345 -5.383 
1704868973.134 -3.405 -5.323 
1704868978.847 -3.027 -5.191 
1704868978.848 -3.027 -5.191 
1704868978.949 -2.967 -5.227 
1704868979.048 -2.891 -5.345 
1704868979.150 -2.819 -5.469 
1704868979.250 -2.761 -5.558 
1704868979.350 -2.720 -5.614 
1704868979.449 -2.665 -5.665 
1704868979.550 -2.612 -5.733 
1704868979.649 -2.563 -5.802 
1704868979.754 -2.517 -5.870 
1704868979.854 -2.473 -5.925 
1704868979.955 -2.414 -6.013 
1704868980.054 -2.347 -6.130 
1704868980.154 -2.288 -6.210 
1704868980.254 -2.246 -6.277 
1704868980.354 -2.202 -6.344 
1704868980.454 -2.154 -6.423 
1704868980.555 -2.115 -6.501 
1704868980.655 -2.082 -6.578 
1704868980.755 -2.047 -6.647 
1704868980.857 -2.009 -6.720 
1704868980.955 -1.985 -6.825 
1704868981.055 -1.955 -6.915 
1704868981.156 -1.930 -7.003 
1704868981.256 -1.976 -7.117 
1704868981.356 -2.038 -7.206 
1704868981.457 -2.117 -7.285 
1704868981.557 -2.211 -7.328 
1704868981.656 -2.307 -7.346 
1704868981.756 -2.394 -7.353 
1704868981.856 -2.473 -7.356 
1704868981.956 -2.558 -7.347 
1704868982.057 -2.614 -7.347 
1704868982.157 -2.659 -7.349 
1704868982.256 -2.725 -7.333 
1704868982.357 -2.809 -7.320 
1704868982.457 -2.893 -7.302 
1704868982.559 -2.970 -7.295 
1704868982.657 -3.046 -7.277 
1704868982.757 -3.111 -7.254 
1704868982.857 -3.167 -7.231 
1704868982.957 -3.231 -7.199 
1704868983.058 -3.292 -7.164 
1704868983.158 -3.361 -7.130 
1704868983.258 -3.439 -7.092 
1704868983.358 -3.515 -7.050 
1704868983.458 -3.583 -7.008 
1704868983.558 -3.655 -6.961 
1704868983.659 -3.722 -6.913 
1704868983.759 -3.798 -6.860 
1704868983.858 -3.883 -6.808 
1704868983.963 -3.968 -6.751 
1704868984.060 -4.047 -6.697 
1704868984.160 -4.117 -6.645 
1704868984.259 -4.169 -6.609 
1704868984.360 -4.215 -6.570 
1704868984.460 -4.272 -6.516 
1704868984.560 -4.335 -6.464 
1704868984.660 -4.393 -6.414 
1704868984.760 -4.451 -6.361 
1704868984.860 -4.510 -6.306 
1704868984.960 -4.572 -6.252 
1704868985.061 -4.633 -6.198 
1704868985.160 -4.691 -6.142 
1704868985.260 -4.750 -6.085 
1704868985.361 -4.809 -6.025 
1704868985.461 -4.868 -5.966 
1704868985.561 -4.929 -5.906 
1704868985.661 -4.990 -5.846 
1704868985.761 -5.049 -5.787 
1704868985.861 -5.110 -5.725 
1704868985.961 -5.172 -5.661 
1704868986.062 -5.232 -5.602 
1704868986.162 -5.294 -5.542 
1704868986.261 -5.355 -5.481 
1704868986.362 -5.419 -5.417 
1704868986.462 -5.482 -5.358 
1704868986.562 -5.547 -5.298 
1704868986.662 -5.608 -5.239 
1704868986.762 -5.672 -5.179 
1704868986.862 -5.736 -5.119 
1704868986.962 -5.799 -5.059 
1704868987.063 -5.866 -5.001 
1704868987.163 -5.931 -4.943 
1704868987.264 -5.994 -4.886 
1704868987.363 -6.056 -4.825 
1704868987.463 -6.118 -4.766 
1704868987.563 -6.178 -4.706 
1704868987.673 -6.242 -4.641 
1704868987.765 -6.295 -4.591 
1704868987.864 -6.356 -4.530 
1704868987.964 -6.417 -4.463 
1704868988.064 -6.475 -4.399 
1704868988.165 -6.532 -4.337 
1704868988.267 -6.590 -4.274 
1704868988.366 -6.646 -4.216 
1704868988.466 -6.703 -4.155 
1704868988.566 -6.757 -4.089 
1704868988.666 -6.812 -4.024 
1704868988.766 -6.864 -3.961 
1704868988.866 -6.915 -3.896 
1704868988.967 -6.967 -3.834 
1704868989.067 -7.020 -3.773 
1704868989.166 -7.071 -3.705 
1704868989.267 -7.120 -3.639 
1704868989.367 -7.168 -3.575 
1704868989.470 -7.217 -3.508 
1704868989.567 -7.262 -3.448 
1704868989.672 -7.310 -3.383 
1704868989.769 -7.355 -3.316 
1704868989.868 -7.402 -3.247 
1704868989.968 -7.447 -3.180 
1704868990.068 -7.490 -3.117 
1704868990.168 -7.533 -3.058 
1704868990.268 -7.577 -2.997 
1704868990.368 -7.621 -2.933 
1704868990.469 -7.657 -2.862 
1704868990.569 -7.689 -2.796 
1704868990.669 -7.718 -2.730 
1704868990.768 -7.762 -2.651 
1704868990.869 -7.812 -2.564 
1704868990.970 -7.853 -2.457 
1704868991.070 -7.891 -2.361 
1704868991.172 -7.923 -2.279 
1704868991.270 -7.942 -2.197 
1704868991.370 -7.947 -2.112 
1704868991.470 -7.953 -2.029 
1704868991.571 -7.969 -1.934 
1704868991.670 -7.990 -1.853 
1704868991.771 -8.001 -1.778 
1704868991.870 -8.006 -1.686 
1704868991.970 -7.992 -1.582 
1704868992.071 -7.985 -1.497 
1704868992.171 -7.985 -1.411 
1704868992.273 -7.984 -1.330 
1704868992.373 -7.973 -1.238 
1704868992.474 -7.964 -1.143 
1704868992.573 -7.954 -1.054 
1704868992.674 -7.945 -0.962 
1704868993.376 -7.933 -0.861 
1704868993.377 -7.933 -0.861 
1704868993.478 -7.966 -0.817 
1704868993.579 -8.031 -0.726 
1704868993.678 -8.086 -0.626 
1704868993.778 -8.136 -0.548 
1704868993.878 -8.163 -0.445 
1704868993.979 -8.210 -0.320 
1704868994.078 -8.250 -0.207 
1704868994.178 -8.273 -0.143 
1704868994.278 -8.279 -0.106 
1704868994.379 -8.276 -0.074 
1704868997.283 -8.202 -0.147 
1704868997.284 -8.201 -0.147 
1704868997.384 -8.144 -0.106 
1704868997.484 -8.037 -0.040 
1704868997.584 -8.004 0.019 
1704868997.684 -8.029 0.076 
1704868997.785 -8.047 0.137 
1704868997.885 -8.013 0.160 
1704868999.489 -8.057 0.195 
1704868999.489 -8.057 0.195 
1704868999.589 -8.057 0.153 
1704868999.689 -8.075 0.043 
1704868999.789 -8.081 -0.092 
1704868999.889 -8.085 -0.214 
1704868999.990 -8.074 -0.335 
1704869000.092 -8.065 -0.456 
1704869000.192 -8.062 -0.581 
1704869000.292 -8.061 -0.702 
1704869000.393 -8.057 -0.825 
1704869000.493 -8.054 -0.948 
1704869000.593 -8.051 -1.072 
1704869000.693 -8.048 -1.195 
1704869000.793 -8.043 -1.315 
1704869000.895 -8.040 -1.438 
1704869000.993 -8.036 -1.557 
1704869001.093 -8.032 -1.679 
1704869001.195 -8.029 -1.800 
1704869001.298 -8.025 -1.906 
1704869001.396 -8.018 -1.988 
1704869001.495 -8.015 -2.068 
1704869001.597 -8.011 -2.154 
1704869001.696 -8.008 -2.234 
1704869001.801 -8.002 -2.312 
1704869001.899 -7.998 -2.394 
1704869001.998 -7.992 -2.480 
1704869002.098 -7.987 -2.561 
1704869002.198 -7.982 -2.641 
1704869002.299 -7.978 -2.722 
1704869002.397 -7.972 -2.799 
1704869002.497 -7.967 -2.880 
1704869002.599 -7.961 -2.959 
1704869002.698 -7.951 -3.040 
1704869002.798 -7.943 -3.123 
1704869002.898 -7.937 -3.199 
1704869002.999 -7.929 -3.277 
1704869003.098 -7.921 -3.353 
1704869003.199 -7.914 -3.430 
1704869003.299 -7.904 -3.506 
1704869003.399 -7.890 -3.586 
1704869003.499 -7.877 -3.663 
1704869003.599 -7.866 -3.740 
1704869003.699 -7.855 -3.817 
1704869003.800 -7.847 -3.888 
1704869003.899 -7.835 -3.960 
1704869003.999 -7.814 -4.043 
1704869004.099 -7.799 -4.119 
1704869004.199 -7.786 -4.190 
1704869004.299 -7.773 -4.261 
1704869004.401 -7.757 -4.343 
1704869004.500 -7.740 -4.441 
1704869004.600 -7.700 -4.555 
1704869004.700 -7.658 -4.681 
1704869004.801 -7.627 -4.756 
1704869004.901 -7.602 -4.840 
1704869005.001 -7.575 -4.933 
1704869005.101 -7.532 -5.035 
1704869005.201 -7.495 -5.137 
1704869005.300 -7.474 -5.209 
1704869005.401 -7.445 -5.288 
1704869005.502 -7.412 -5.390 
1704869005.604 -7.382 -5.481 
1704869005.710 -7.348 -5.566 
1704869005.805 -7.312 -5.644 
1704869005.905 -7.275 -5.726 
1704869006.005 -7.238 -5.814 
1704869006.105 -7.199 -5.901 
1704869006.204 -7.163 -5.977 
1704869006.304 -7.123 -6.056 
1704869006.405 -7.081 -6.134 
1704869006.505 -7.039 -6.212 
1704869006.604 -7.002 -6.290 
1704869006.705 -6.956 -6.368 
1704869006.804 -6.910 -6.440 
1704869006.905 -6.869 -6.512 
1704869007.007 -6.817 -6.589 
1704869007.109 -6.767 -6.662 
1704869007.206 -6.720 -6.726 
1704869007.306 -6.665 -6.794 
1704869007.406 -6.611 -6.859 
1704869007.511 -6.552 -6.927 
1704869007.609 -6.503 -6.988 
1704869007.707 -6.451 -7.058 
1704869007.806 -6.398 -7.127 
1704869007.906 -6.358 -7.187 
1704869008.006 -6.302 -7.242 
1704869008.106 -6.237 -7.302 
1704869008.207 -6.174 -7.360 
1704869008.307 -6.112 -7.412 
1704869008.407 -6.047 -7.462 
1704869008.507 -5.983 -7.507 
1704869008.607 -5.923 -7.554 
1704869008.707 -5.861 -7.597 
1704869008.807 -5.792 -7.639 
1704869008.907 -5.721 -7.685 
1704869009.008 -5.651 -7.732 
1704869009.107 -5.583 -7.772 
1704869009.208 -5.514 -7.810 
1704869009.308 -5.456 -7.851 
1704869009.408 -5.384 -7.882 
1704869009.508 -5.313 -7.918 
1704869009.608 -5.242 -7.958 
1704869009.708 -5.173 -7.996 
1704869009.808 -5.103 -8.031 
1704869009.908 -5.023 -8.063 
1704869010.009 -4.951 -8.097 
1704869010.108 -4.878 -8.128 
1704869010.208 -4.799 -8.155 
1704869010.309 -4.724 -8.182 
1704869010.409 -4.646 -8.205 
1704869010.509 -4.560 -8.227 
1704869010.609 -4.473 -8.252 
1704869010.709 -4.394 -8.281 
1704869010.810 -4.314 -8.302 
1704869010.909 -4.232 -8.321 
1704869011.012 -4.141 -8.339 
1704869011.110 -4.058 -8.356 
1704869011.212 -3.969 -8.375 
1704869011.312 -3.884 -8.393 
1704869011.411 -3.799 -8.407 
1704869011.511 -3.711 -8.420 
1704869011.611 -3.619 -8.433 
1704869011.712 -3.526 -8.448 
1704869011.811 -3.436 -8.463 
1704869011.912 -3.344 -8.478 
1704869012.013 -3.252 -8.490 
1704869012.113 -3.156 -8.498 
1704869012.212 -3.061 -8.509 
1704869012.313 -2.966 -8.521 
1704869012.413 -2.872 -8.534 
1704869012.513 -2.780 -8.543 
1704869012.613 -2.685 -8.552 
1704869012.713 -2.589 -8.564 
1704869012.813 -2.493 -8.576 
1704869012.913 -2.397 -8.587 
1704869013.014 -2.297 -8.596 
1704869013.115 -2.239 -8.607 
