1703398187.536 56
1703398187.884 167
1703398188.388 180
1703398188.771 180
1703398189.047 180
1703398189.305 180
1703398189.561 184
1703398189.842 187
1703398190.098 187
1703398190.362 187
1703398190.618 189
1703398190.886 192
1703398191.177 211
1703398191.463 240
1703398191.760 288
1703398192.038 351
1703398192.316 515
1703398192.563 552
1703398192.828 585
1703398193.095 587
1703398193.369 617
1703398193.639 626
1703398193.901 636
1703398194.200 763
1703398194.452 763
1703398194.725 780
1703398195.020 782
1703398195.276 792
1703398195.561 813
1703398195.826 839
1703398196.106 883
1703398196.370 899
1703398196.649 900
1703398196.920 920
1703398197.210 973
1703398197.487 1136
1703398197.758 1159
1703398198.072 1175
1703398198.355 1188
1703398198.640 1212
1703398198.944 1234
1703398199.216 1270
1703398199.466 1274
1703398199.751 1274
1703398200.030 1275
1703398200.315 1306
1703398200.582 1330
1703398200.863 1361
1703398201.155 1388
1703398201.439 1440
1703398201.722 1484
1703398202.055 1532
1703398202.345 1532
1703398202.623 1532
1703398202.902 1532
1703398203.204 1547
1703398203.490 1556
1703398203.815 1557
1703398204.095 1560
1703398204.403 1565
1703398204.709 1565
1703398204.998 1565
1703398205.331 1565
1703398205.611 1565
1703398205.910 1565
1703398206.204 1565
1703398206.491 1565
1703398206.783 1573
1703398207.090 1573
1703398207.384 1573
1703398207.682 1573
1703398208.006 1573
1703398208.291 1573
1703398208.595 1573
1703398208.876 1573
1703398209.162 1581
1703398209.461 1584
1703398209.739 1587
1703398210.030 1601
1703398210.329 1608
1703398210.629 1618
1703398210.914 1618
1703398211.206 1619
1703398211.489 1622
1703398211.775 1622
1703398212.112 1623
1703398212.401 1623
1703398212.692 1623
1703398212.986 1630
1703398213.277 1657
1703398213.568 1690
1703398213.887 1694
1703398214.166 1702
1703398214.478 1703
1703398214.772 1704
1703398215.069 1712
1703398215.357 1720
1703398215.637 1722
1703398215.917 1725
1703398216.202 1731
1703398216.499 1742
1703398216.782 1759
1703398217.069 1768
1703398217.357 1774
1703398217.666 1789
1703398217.924 1806
1703398218.217 1838
1703398218.507 1853
1703398218.788 1864
1703398219.078 1870
1703398219.371 1871
1703398219.628 1871
1703398219.924 1871
1703398220.211 1871
1703398220.494 1871
1703398220.774 1871
1703398221.061 1871
1703398221.364 1871
1703398221.674 1871
1703398221.968 1871
1703398222.255 1871
1703398222.547 1871
1703398222.832 1874
1703398223.138 1874
1703398223.438 1875
1703398223.724 1888
1703398224.007 1908
1703398224.281 1953
1703398224.556 1989
1703398224.870 2018
1703398225.142 2039
1703398225.436 2058
1703398225.722 2076
1703398226.001 2089
1703398226.288 2114
1703398226.599 2134
1703398226.897 2152
1703398227.201 2180
1703398227.498 2201
1703398227.762 2202
1703398228.047 2220
1703398228.307 2233
1703398228.578 2288
1703398228.846 2323
1703398229.116 2344
1703398229.433 2364
1703398229.697 2365
1703398229.988 2367
1703398230.279 2369
1703398230.569 2390
1703398230.858 2424
1703398231.177 2443
1703398231.476 2488
1703398231.762 2519
1703398232.050 2542
1703398232.351 2546
1703398232.629 2546
1703398232.907 2546
1703398233.234 2546
1703398233.543 2546
1703398233.828 2547
1703398234.119 2551
1703398234.406 2551
1703398234.683 2551
1703398234.975 2559
1703398235.275 2563
1703398235.570 2564
1703398235.867 2583
1703398236.177 2585
1703398236.501 2585
1703398236.790 2586
1703398237.084 2590
1703398237.468 2590
1703398237.795 2590
1703398238.086 2590
1703398238.406 2590
1703398238.700 2590
1703398239.011 2590
1703398239.301 2590
1703398239.627 2591
1703398239.939 2591
1703398240.214 2591
1703398240.553 2593
1703398240.845 2611
1703398241.134 2655
1703398241.423 2720
1703398241.718 2788
1703398242.026 2812
1703398242.319 2826
1703398242.632 2838
1703398242.932 2848
1703398243.211 2856
1703398243.492 2865
1703398243.844 2875
1703398244.158 2898
1703398244.440 2908
1703398244.718 2920
1703398245.003 2924
1703398245.291 2933
1703398245.587 2937
1703398245.856 2938
1703398246.130 2942
1703398246.443 2942
1703398246.742 2942
1703398247.032 2942
1703398247.310 2942
1703398247.591 2942
1703398247.900 2942
1703398248.190 2942
1703398248.464 2942
1703398248.757 2942
1703398249.043 2942
1703398249.328 2943
1703398249.602 2944
1703398249.897 2944
1703398250.171 2945
1703398250.453 2946
1703398250.739 2949
1703398251.035 2951
1703398251.304 2960
1703398251.570 2972
1703398251.838 2988
1703398252.096 2995
1703398252.372 3010
1703398252.640 3020
1703398252.910 3028
1703398253.186 3043
1703398253.450 3051
1703398253.717 3056
1703398253.996 3059
1703398254.270 3061
1703398254.568 3063
1703398254.874 3065
1703398255.156 3066
1703398255.480 3069
1703398255.772 3078
1703398256.063 3097
1703398256.349 3119
1703398256.622 3135
1703398256.906 3149
1703398257.195 3155
1703398257.472 3177
1703398257.765 3291
1703398258.059 3357
1703398258.345 3420
1703398258.613 3436
1703398258.906 3446
1703398259.191 3472
1703398259.482 3512
1703398259.761 3557
1703398260.037 3591
1703398260.324 3607
1703398260.621 3632
1703398260.899 3654
1703398261.188 3668
1703398261.521 3681
1703398261.803 3682
1703398262.085 3685
1703398262.370 3691
1703398262.651 3695
1703398262.959 3699
1703398263.230 3700
1703398263.508 3700
1703398263.799 3701
1703398264.108 3706
1703398264.379 3721
1703398264.675 3781
1703398264.954 3793
1703398265.243 3803
1703398265.525 3815
1703398265.808 3815
1703398266.095 3815
1703398266.390 3815
1703398266.664 3815
1703398266.928 3815
1703398267.219 3815
1703398267.492 3815
1703398267.766 3816
1703398268.053 3816
1703398268.323 3816
1703398268.604 3816
1703398268.884 3816
1703398269.157 3816
1703398269.451 3816
1703398269.729 3816
1703398270.010 3816
1703398270.323 3816
1703398270.608 3816
1703398270.924 3816
1703398271.226 3816
1703398271.538 3816
1703398271.836 3816
1703398272.167 3816
1703398272.484 3816
1703398272.767 3816
1703398273.078 3816
1703398273.334 3816
1703398273.642 3816
1703398273.928 3816
1703398274.216 3816
1703398274.506 3816
1703398274.815 3816
1703398275.124 3816
1703398275.436 3816
1703398275.740 3816
1703398276.035 3816
1703398276.330 3816
1703398276.616 3816
1703398276.904 3817
1703398277.207 3817
1703398277.482 3826
1703398277.773 3848
1703398278.110 3878
1703398278.428 3889
1703398278.706 3920
1703398278.990 3931
1703398279.297 3949
1703398279.626 3957
1703398279.926 3965
1703398280.270 3987
1703398280.590 3993
1703398280.881 3997
1703398281.162 3998
1703398281.465 4011
1703398281.760 4027
1703398282.035 4031
1703398282.315 4035
1703398282.602 4038
1703398282.898 4041
1703398283.177 4044
1703398283.487 4044
1703398283.777 4044
1703398284.083 4044
1703398284.375 4044
1703398284.680 4044
1703398284.975 4048
1703398285.276 4053
1703398285.559 4058
1703398285.853 4066
1703398286.156 4090
1703398286.436 4091
1703398286.757 4094
1703398287.022 4111
1703398287.328 4140
1703398287.626 4146
1703398287.919 4180
1703398288.209 4196
1703398288.494 4204
1703398288.781 4216
1703398289.066 4221
1703398289.372 4228
1703398289.736 4233
1703398290.045 4235
1703398290.333 4235
1703398290.632 4237
1703398290.923 4237
1703398291.224 4237
1703398291.552 4237
1703398291.874 4237
1703398292.227 4237
1703398292.525 4237
1703398292.791 4237
1703398293.083 4237
1703398293.389 4237
1703398293.698 4237
1703398293.966 4237
1703398294.257 4237
1703398294.555 4237
1703398294.846 4237
1703398295.121 4237
1703398295.409 4237
1703398295.697 4237
1703398295.984 4237
1703398296.271 4237
1703398296.586 4237
1703398296.866 4237
1703398297.150 4237
1703398297.440 4237
1703398297.734 4237
1703398298.035 4237
1703398298.372 4237
1703398298.689 4237
1703398298.974 4237
1703398299.261 4237
1703398299.557 4237
1703398299.848 4237
1703398300.137 4237
1703398300.413 4237
1703398300.689 4237
1703398300.974 4237
1703398301.271 4237
1703398301.543 4237
1703398301.827 4237
1703398302.155 4240
1703398302.440 4240
1703398302.765 4240
1703398303.094 4240
1703398303.388 4240
1703398303.668 4240
1703398303.952 4240
1703398304.239 4240
1703398304.528 4240
1703398304.821 4240
1703398305.129 4244
1703398305.427 4250
1703398305.709 4250
1703398305.996 4250
1703398306.283 4250
1703398306.572 4250
1703398306.855 4254
1703398307.144 4254
1703398307.444 4264
1703398307.731 4268
1703398308.090 4295
1703398308.404 4301
1703398308.714 4313
1703398309.023 4317
1703398309.327 4322
1703398309.651 4344
1703398309.937 4371
1703398310.232 4399
1703398310.528 4421
1703398310.824 4424
1703398311.117 4424
1703398311.438 4424
1703398311.728 4424
1703398312.007 4424
1703398312.295 4424
1703398312.581 4424
1703398312.867 4424
1703398313.156 4424
1703398313.457 4424
1703398313.765 4424
1703398314.051 4424
1703398314.354 4424
1703398314.678 4424
1703398314.995 4424
1703398315.267 4424
1703398315.560 4431
1703398315.842 4432
1703398316.134 4434
1703398316.423 4441
1703398316.712 4443
1703398317.026 4443
1703398317.334 4443
1703398317.614 4449
1703398317.910 4452
1703398318.209 4455
1703398318.509 4456
1703398318.801 4457
1703398319.095 4459
1703398319.394 4460
1703398319.704 4460
1703398320.039 4460
1703398320.349 4460
1703398320.650 4462
1703398320.948 4470
1703398321.307 4471
1703398321.627 4471
1703398321.914 4473
1703398322.211 4473
1703398322.556 4474
1703398322.851 4474
1703398323.138 4474
1703398323.431 4474
1703398323.717 4474
1703398324.005 4474
1703398324.334 4474
1703398324.650 4474
1703398324.933 4474
1703398325.220 4474
1703398325.578 4474
1703398325.883 4474
1703398326.152 4474
1703398326.461 4474
1703398326.733 4474
1703398327.004 4474
1703398327.348 4474
1703398327.654 4474
1703398327.932 4474
1703398328.212 4474
1703398328.480 4474
1703398328.780 4474
1703398329.081 4474
1703398329.350 4474
1703398329.631 4474
1703398329.908 4479
1703398330.182 4482
1703398330.469 4489
1703398330.753 4491
1703398331.039 4498
1703398331.337 4499
1703398331.626 4500
1703398331.930 4511
1703398332.220 4516
1703398332.503 4531
1703398332.770 4552
1703398333.097 4575
1703398333.431 4596
1703398333.736 4622
1703398334.027 4625
1703398334.318 4625
1703398334.640 4628
1703398334.936 4633
1703398335.257 4635
1703398335.550 4635
1703398335.871 4635
1703398336.172 4635
1703398336.450 4635
1703398336.746 4636
1703398337.031 4636
1703398337.322 4637
1703398337.659 4639
1703398337.983 4642
1703398338.264 4642
1703398338.570 4642
1703398338.924 4642
1703398339.223 4642
1703398339.515 4644
1703398339.799 4644
1703398340.093 4652
1703398340.401 4666
1703398340.655 4674
1703398340.942 4711
1703398341.269 4741
1703398341.586 4790
1703398341.889 4839
1703398342.172 4880
1703398342.477 4913
1703398342.748 4942
1703398343.037 4968
1703398343.319 4968
1703398343.605 4968
1703398343.921 4970
1703398344.218 4973
1703398344.503 4973
1703398344.789 4973
1703398345.072 4981
1703398345.366 4983
1703398345.675 4988
1703398345.967 4992
1703398346.275 4993
1703398346.549 4995
1703398346.843 4995
1703398347.170 5000
1703398347.479 5000
1703398347.801 5000
1703398348.094 5013
1703398348.377 5022
1703398348.669 5029
1703398349.001 5032
1703398349.336 5037
1703398349.628 5037
1703398349.911 5037
1703398350.200 5037
1703398350.474 5038
1703398350.773 5038
1703398351.097 5038
1703398351.386 5038
1703398351.686 5038
1703398351.972 5038
1703398352.252 5038
1703398352.539 5038
1703398352.806 5038
1703398353.136 5038
1703398353.404 5038
1703398353.699 5038
1703398353.979 5038
1703398354.283 5038
1703398354.569 5038
1703398354.860 5038
1703398355.157 5038
1703398355.438 5038
1703398355.729 5038
1703398356.012 5038
1703398356.305 5038
1703398356.597 5038
1703398356.885 5038
1703398357.178 5039
1703398357.459 5039
1703398357.750 5039
1703398358.040 5045
1703398358.330 5057
1703398358.616 5071
1703398358.906 5090
1703398359.194 5109
1703398359.497 5112
1703398359.761 5118
1703398360.036 5126
1703398360.331 5132
1703398360.623 5132
1703398360.927 5140
1703398361.218 5140
1703398361.521 5141
1703398361.866 5141
1703398362.173 5141
1703398362.471 5141
1703398362.746 5141
1703398363.033 5141
1703398363.324 5141
1703398363.612 5141
1703398363.904 5141
1703398364.205 5141
1703398364.486 5141
1703398364.792 5141
1703398365.106 5141
1703398365.407 5141
1703398365.717 5141
1703398365.989 5141
1703398366.256 5141
1703398366.540 5141
1703398366.829 5141
1703398367.152 5141
1703398367.412 5141
1703398367.706 5141
1703398367.989 5141
1703398368.283 5141
1703398368.573 5141
1703398368.868 5141
1703398369.168 5141
1703398369.455 5142
1703398369.750 5142
1703398370.061 5146
1703398370.369 5146
1703398370.676 5147
1703398370.963 5148
1703398371.261 5148
1703398371.555 5148
1703398371.847 5148
1703398372.167 5148
1703398372.470 5148
1703398372.764 5148
1703398373.052 5148
1703398373.365 5148
1703398373.651 5148
1703398373.955 5148
1703398374.224 5148
1703398374.536 5148
1703398374.809 5148
1703398375.086 5148
1703398375.361 5148
1703398375.659 5148
1703398375.944 5148
1703398376.238 5148
1703398376.540 5148
1703398376.807 5148
1703398377.114 5148
1703398377.376 5148
1703398377.733 5148
1703398378.023 5148
1703398378.313 5148
1703398378.598 5148
1703398378.900 5148
1703398379.218 5148
1703398379.506 5148
1703398379.788 5148
1703398380.075 5148
1703398380.373 5148
1703398380.658 5148
1703398380.934 5148
1703398381.206 5148
1703398381.547 5148
1703398381.816 5148
1703398382.146 5148
1703398382.424 5148
1703398382.662 5148
1703398382.951 5148
1703398383.223 5148
1703398383.516 5148
1703398383.831 5148
1703398384.153 5148
1703398384.433 5151
1703398384.719 5154
1703398384.976 5154
1703398385.265 5157
1703398385.568 5163
1703398385.854 5163
1703398386.141 5163
1703398386.425 5164
1703398386.746 5174
1703398387.042 5229
1703398387.338 5303
1703398387.616 5377
1703398387.905 5419
1703398388.186 5468
1703398388.466 5497
1703398388.766 5539
1703398389.049 5584
1703398389.338 5636
1703398389.633 5736
1703398389.904 5741
1703398390.184 5751
1703398390.462 5751
1703398390.763 5756
1703398391.048 5756
1703398391.324 5756
1703398391.612 5768
1703398391.920 5768
1703398392.214 5768
1703398392.510 5768
1703398392.839 5768
1703398393.145 5768
1703398393.426 5772
1703398393.716 5787
1703398394.003 5788
1703398394.284 5788
1703398394.562 5788
1703398394.848 5795
1703398395.132 5804
1703398395.411 5815
1703398395.717 5815
1703398395.982 5817
1703398396.309 5830
1703398396.601 5832
1703398396.894 5836
1703398397.188 5836
1703398397.468 5836
1703398397.748 5836
1703398398.044 5839
1703398398.304 5839
1703398398.591 5839
1703398398.878 5839
1703398399.183 5839
1703398399.469 5840
1703398399.762 5853
1703398400.047 5857
1703398400.361 5865
1703398400.651 5879
1703398400.939 5882
1703398401.240 5883
1703398401.538 5883
1703398401.809 5883
1703398402.098 5883
1703398402.367 5883
1703398402.657 5883
1703398402.952 5883
1703398403.237 5883
1703398403.529 5883
1703398403.805 5886
1703398404.078 5886
1703398404.360 5887
1703398404.637 5888
1703398404.886 5894
1703398405.181 5897
1703398405.461 5899
1703398405.729 5902
1703398406.008 5909
1703398406.278 5911
1703398406.556 5922
1703398406.833 5926
1703398407.105 5934
1703398407.393 5942
1703398407.680 5950
1703398407.977 5960
1703398408.245 5974
1703398408.528 5981
1703398408.818 5992
1703398409.165 5996
1703398409.454 6001
1703398409.746 6009
1703398410.028 6011
1703398410.316 6011
1703398410.610 6013
1703398410.889 6013
1703398411.164 6013
1703398411.443 6015
1703398411.717 6018
1703398411.991 6022
1703398412.261 6022
1703398412.534 6027
1703398412.832 6027
1703398413.114 6027
1703398413.387 6027
1703398413.733 6027
1703398414.017 6027
1703398414.307 6027
1703398414.575 6027
1703398414.860 6038
1703398415.183 6038
1703398415.476 6039
1703398415.820 6039
1703398416.091 6039
1703398416.375 6039
1703398416.660 6039
1703398416.939 6046
1703398417.230 6048
1703398417.515 6049
1703398417.847 6049
1703398418.179 6060
1703398418.471 6061
1703398418.785 6062
1703398419.067 6062
1703398419.363 6062
1703398419.668 6067
1703398419.946 6080
1703398420.235 6100
1703398420.528 6123
1703398420.814 6153
1703398421.097 6184
1703398421.380 6190
1703398421.722 6192
1703398422.043 6196
1703398422.346 6198
1703398422.669 6198
1703398422.976 6201
1703398423.274 6201
1703398423.577 6201
1703398423.862 6202
1703398424.170 6202
1703398424.475 6202
1703398424.773 6203
1703398425.081 6203
1703398425.391 6203
1703398425.641 6205
1703398425.916 6205
1703398426.196 6205
1703398426.468 6205
1703398426.751 6205
1703398427.050 6205
1703398427.315 6205
1703398427.586 6205
1703398427.864 6205
1703398428.130 6207
1703398428.405 6212
1703398428.672 6212
1703398428.978 6212
1703398429.246 6212
1703398429.532 6212
1703398429.814 6212
1703398430.103 6212
1703398430.397 6212
1703398430.712 6212
1703398430.998 6212
1703398431.292 6212
1703398431.597 6212
1703398431.892 6212
1703398432.180 6212
1703398432.470 6212
1703398432.757 6212
1703398433.031 6212
1703398433.312 6212
1703398433.586 6212
1703398433.874 6212
1703398434.165 6218
1703398434.446 6229
1703398434.749 6238
1703398435.021 6248
1703398435.329 6248
1703398435.629 6248
1703398435.959 6249
1703398436.259 6249
1703398436.551 6249
1703398436.828 6249
1703398437.110 6249
1703398437.394 6249
1703398437.682 6249
1703398437.961 6249
1703398438.249 6249
1703398438.539 6249
1703398438.840 6249
1703398439.120 6249
1703398439.401 6249
1703398439.684 6249
1703398439.985 6249
1703398440.303 6249
1703398440.574 6249
1703398440.863 6249
1703398441.155 6249
1703398441.428 6249
1703398441.713 6249
1703398441.993 6249
1703398442.281 6249
1703398442.578 6249
1703398442.849 6249
1703398443.117 6249
1703398443.404 6249
1703398443.650 6249
1703398443.934 6249
1703398444.258 6252
1703398444.591 6255
1703398444.872 6258
1703398445.157 6260
1703398445.445 6265
1703398445.723 6271
1703398446.013 6273
1703398446.321 6282
1703398446.605 6296
1703398446.936 6314
1703398447.225 6336
1703398447.518 6359
1703398447.816 6374
1703398448.105 6376
1703398448.398 6387
1703398448.673 6388
1703398448.974 6388
1703398449.270 6388
1703398449.606 6388
1703398449.907 6395
1703398450.205 6407
1703398450.478 6418
1703398450.762 6428
1703398451.060 6436
1703398451.332 6439
1703398451.612 6440
1703398451.877 6440
1703398452.186 6440
1703398452.534 6440
1703398452.834 6440
1703398453.116 6441
1703398453.392 6442
1703398453.689 6442
1703398453.987 6442
1703398454.282 6442
1703398454.650 6442
1703398454.949 6443
1703398455.252 6443
1703398455.567 6443
1703398455.869 6443
1703398456.178 6443
1703398456.464 6443
1703398456.756 6443
1703398457.039 6443
1703398457.320 6443
1703398457.614 6443
1703398457.878 6443
1703398458.148 6443
1703398458.471 6443
1703398458.754 6443
1703398459.027 6443
1703398459.263 6443
1703398459.527 6443
1703398459.810 6443
1703398460.080 6443
1703398460.377 6443
1703398460.642 6443
1703398460.922 6443
1703398461.204 6443
1703398461.464 6443
1703398461.740 6443
1703398462.008 6443
1703398462.278 6443
1703398462.567 6447
1703398462.845 6447
1703398463.129 6447
1703398463.411 6447
1703398463.696 6447
1703398464.001 6447
1703398464.307 6447
1703398464.578 6447
1703398464.865 6447
1703398465.161 6447
1703398465.444 6447
1703398465.734 6447
1703398466.022 6448
1703398466.308 6448
1703398466.573 6448
1703398466.841 6448
1703398467.113 6448
1703398467.395 6448
1703398467.672 6448
1703398467.951 6448
1703398468.237 6448
1703398468.484 6448
1703398468.763 6448
1703398469.030 6448
1703398469.307 6448
1703398469.598 6448
1703398469.876 6448
1703398470.167 6448
1703398470.470 6448
1703398470.760 6448
1703398471.046 6448
1703398471.350 6448
1703398471.613 6449
1703398471.923 6449
1703398472.214 6449
1703398472.498 6449
1703398472.775 6449
1703398473.070 6449
1703398473.361 6449
1703398473.649 6449
1703398473.941 6450
1703398474.224 6450
1703398474.502 6450
1703398474.828 6450
1703398475.136 6451
1703398475.433 6451
1703398475.753 6453
1703398476.047 6455
1703398476.328 6455
1703398476.614 6456
1703398476.890 6464
1703398477.178 6464
1703398477.464 6465
1703398477.751 6465
1703398478.039 6465
1703398478.322 6465
1703398478.616 6465
1703398478.915 6465
1703398479.190 6465
1703398479.479 6468
1703398479.769 6471
1703398480.063 6471
1703398480.349 6471
1703398480.635 6471
1703398480.923 6471
1703398481.217 6474
1703398481.497 6476
1703398481.789 6485
1703398482.124 6492
1703398482.427 6496
1703398482.721 6503
1703398483.023 6517
1703398483.305 6517
1703398483.596 6521
1703398483.871 6521
1703398484.165 6521
1703398484.441 6521
1703398484.707 6521
