1703398631.414 55
1703398631.723 171
1703398632.360 178
1703398632.672 178
1703398632.936 178
1703398633.197 178
1703398633.467 179
1703398633.747 181
1703398634.010 181
1703398634.271 183
1703398634.558 185
1703398634.826 192
1703398635.082 200
1703398635.375 217
1703398635.642 230
1703398635.901 231
1703398636.180 244
1703398636.455 313
1703398636.710 317
1703398636.987 328
1703398637.254 343
1703398637.522 361
1703398637.784 371
1703398638.051 402
1703398638.319 462
1703398638.585 503
1703398638.860 586
1703398639.117 609
1703398639.394 624
1703398639.668 629
1703398639.938 632
1703398640.217 642
1703398640.475 650
1703398640.762 653
1703398641.068 658
1703398641.339 659
1703398641.607 670
1703398641.887 704
1703398642.216 752
1703398642.500 773
1703398642.792 779
1703398643.067 786
1703398643.338 800
1703398643.609 830
1703398643.886 851
1703398644.185 897
1703398644.469 928
1703398644.753 955
1703398645.050 1005
1703398645.326 1049
1703398645.603 1065
1703398645.895 1076
1703398646.165 1082
1703398646.448 1091
1703398646.744 1095
1703398647.017 1099
1703398647.324 1107
1703398647.601 1121
1703398647.881 1138
1703398648.169 1151
1703398648.444 1173
1703398648.726 1219
1703398648.997 1230
1703398649.281 1234
1703398649.554 1236
1703398649.823 1238
1703398650.107 1244
1703398650.386 1252
1703398650.665 1263
1703398650.937 1276
1703398651.226 1298
1703398651.549 1319
1703398651.846 1367
1703398652.132 1402
1703398652.428 1419
1703398652.708 1433
1703398652.979 1452
1703398653.259 1477
1703398653.533 1493
1703398653.849 1518
1703398654.153 1537
1703398654.509 1543
1703398654.797 1560
1703398655.093 1566
1703398655.358 1573
1703398655.684 1580
1703398656.018 1584
1703398656.323 1584
1703398656.595 1584
1703398656.886 1584
1703398657.162 1584
1703398657.450 1584
1703398657.722 1584
1703398658.021 1584
1703398658.294 1584
1703398658.592 1584
1703398658.951 1584
1703398659.236 1584
1703398659.530 1584
1703398659.810 1584
1703398660.088 1584
1703398660.408 1596
1703398660.688 1596
1703398660.990 1598
1703398661.307 1598
1703398661.595 1598
1703398661.909 1598
1703398662.193 1598
1703398662.491 1600
1703398662.797 1604
1703398663.144 1615
1703398663.426 1626
1703398663.735 1641
1703398664.023 1659
1703398664.305 1677
1703398664.614 1688
1703398664.913 1705
1703398665.196 1729
1703398665.505 1755
1703398665.785 1768
1703398666.076 1780
1703398666.364 1794
1703398666.654 1797
1703398666.954 1799
1703398667.226 1800
1703398667.515 1801
1703398667.799 1802
1703398668.088 1802
1703398668.362 1802
1703398668.646 1802
1703398668.931 1804
1703398669.220 1804
1703398669.511 1804
1703398669.818 1804
1703398670.102 1804
1703398670.409 1804
1703398670.683 1804
1703398670.985 1804
1703398671.255 1804
1703398671.543 1805
1703398671.823 1805
1703398672.113 1805
1703398672.400 1805
1703398672.685 1805
1703398672.968 1808
1703398673.263 1814
1703398673.583 1839
1703398673.873 1860
1703398674.162 1876
1703398674.475 1893
1703398674.742 1893
1703398675.020 1895
1703398675.316 1900
1703398675.599 1909
1703398675.896 1926
1703398676.198 1941
1703398676.494 1951
1703398676.780 1969
1703398677.068 1983
1703398677.363 1985
1703398677.636 1992
1703398677.931 2001
1703398678.228 2002
1703398678.518 2002
1703398678.797 2002
1703398679.113 2002
1703398679.402 2002
1703398679.690 2002
1703398679.973 2002
1703398680.258 2002
1703398680.536 2002
1703398680.807 2002
1703398681.097 2002
1703398681.369 2002
1703398681.662 2002
1703398682.013 2002
1703398682.344 2002
1703398682.627 2002
1703398682.914 2004
1703398683.220 2018
1703398683.491 2046
1703398683.763 2077
1703398684.054 2086
1703398684.328 2097
1703398684.598 2103
1703398684.884 2107
1703398685.178 2116
1703398685.466 2124
1703398685.750 2136
1703398686.042 2163
1703398686.323 2185
1703398686.613 2204
1703398686.923 2225
1703398687.192 2253
1703398687.478 2288
1703398687.768 2302
1703398688.050 2391
1703398688.335 2428
1703398688.615 2450
1703398688.888 2471
1703398689.185 2543
1703398689.440 2544
1703398689.722 2548
1703398690.020 2548
1703398690.372 2549
1703398690.664 2551
1703398690.951 2551
1703398691.241 2551
1703398691.541 2554
1703398691.850 2575
1703398692.143 2579
1703398692.432 2580
1703398692.724 2583
1703398693.056 2595
1703398693.341 2607
1703398693.618 2629
1703398693.904 2642
1703398694.210 2648
1703398694.494 2665
1703398694.821 2698
1703398695.133 2698
1703398695.437 2699
1703398695.720 2733
1703398696.005 2741
1703398696.293 2755
1703398696.590 2762
1703398696.865 2773
1703398697.148 2794
1703398697.452 2814
1703398697.728 2814
1703398698.007 2816
1703398698.319 2816
1703398698.596 2816
1703398698.894 2816
1703398699.180 2816
1703398699.483 2817
1703398699.794 2818
1703398700.056 2819
1703398700.340 2823
1703398700.643 2827
1703398700.948 2836
1703398701.232 2846
1703398701.519 2855
1703398701.801 2858
1703398702.087 2863
1703398702.370 2876
1703398702.646 2888
1703398702.941 2909
1703398703.233 2981
1703398703.517 2993
1703398703.809 2993
1703398704.102 2993
1703398704.398 2995
1703398704.693 3002
1703398705.013 3005
1703398705.311 3046
1703398705.623 3138
1703398705.920 3147
1703398706.206 3149
1703398706.510 3167
1703398706.813 3169
1703398707.105 3171
1703398707.417 3171
1703398707.773 3171
1703398708.123 3172
1703398708.426 3175
1703398708.758 3175
1703398709.047 3188
1703398709.332 3200
1703398709.641 3203
1703398709.914 3203
1703398710.219 3203
1703398710.490 3203
1703398710.774 3203
1703398711.051 3203
1703398711.399 3204
1703398711.702 3205
1703398711.993 3206
1703398712.289 3208
1703398712.599 3220
1703398712.903 3228
1703398713.189 3236
1703398713.480 3247
1703398713.815 3247
1703398714.098 3247
1703398714.387 3248
1703398714.685 3248
1703398714.957 3248
1703398715.251 3248
1703398715.552 3248
1703398715.848 3248
1703398716.156 3250
1703398716.470 3250
1703398716.749 3251
1703398717.033 3251
1703398717.313 3251
1703398717.630 3251
1703398717.895 3251
1703398718.169 3251
1703398718.496 3251
1703398718.769 3251
1703398719.039 3251
1703398719.299 3251
1703398719.571 3251
1703398719.868 3251
1703398720.194 3251
1703398720.485 3251
1703398720.770 3252
1703398721.067 3252
1703398721.348 3252
1703398721.641 3252
1703398721.976 3252
1703398722.289 3252
1703398722.571 3252
1703398722.852 3252
1703398723.144 3252
1703398723.425 3252
1703398723.737 3254
1703398724.013 3261
1703398724.296 3271
1703398724.592 3273
1703398724.861 3277
1703398725.179 3281
1703398725.489 3283
1703398725.763 3287
1703398726.039 3290
1703398726.315 3293
1703398726.624 3301
1703398726.919 3311
1703398727.222 3323
1703398727.514 3338
1703398727.836 3354
1703398728.138 3362
1703398728.427 3378
1703398728.708 3399
1703398729.018 3477
1703398729.293 3543
1703398729.587 3647
1703398729.873 3683
1703398730.157 3715
1703398730.449 3732
1703398730.787 3766
1703398731.097 3779
1703398731.389 3784
1703398731.680 3788
1703398731.980 3794
1703398732.291 3796
1703398732.582 3797
1703398732.893 3797
1703398733.176 3797
1703398733.470 3797
1703398733.769 3797
1703398734.067 3797
1703398734.349 3797
1703398734.636 3797
1703398734.933 3805
1703398735.217 3805
1703398735.504 3828
1703398735.798 3839
1703398736.111 3857
1703398736.402 3862
1703398736.728 3870
1703398737.028 3873
1703398737.304 3875
1703398737.632 3875
1703398737.938 3875
1703398738.213 3876
1703398738.522 3876
1703398738.806 3876
1703398739.088 3876
1703398739.408 3877
1703398739.698 3877
1703398739.985 3877
1703398740.276 3877
1703398740.576 3877
1703398740.849 3877
1703398741.133 3877
1703398741.411 3877
1703398741.685 3877
1703398742.008 3877
1703398742.287 3877
1703398742.582 3880
1703398742.870 3883
1703398743.149 3887
1703398743.444 3900
1703398743.721 3927
1703398744.002 3953
1703398744.327 3962
1703398744.609 3967
1703398744.893 3975
1703398745.153 3979
1703398745.434 3987
1703398745.721 3993
1703398745.975 4005
1703398746.302 4017
1703398746.588 4032
1703398746.853 4037
1703398747.134 4043
1703398747.439 4052
1703398747.713 4055
1703398748.090 4056
1703398748.405 4056
1703398748.713 4056
1703398749.027 4056
1703398749.317 4060
1703398749.612 4069
1703398749.898 4072
1703398750.187 4073
1703398750.468 4079
1703398750.766 4090
1703398751.061 4142
1703398751.340 4146
1703398751.628 4157
1703398751.913 4164
1703398752.201 4167
1703398752.490 4178
1703398752.772 4215
1703398753.062 4255
1703398753.366 4365
1703398753.638 4467
1703398753.923 4503
1703398754.232 4512
1703398754.513 4518
1703398754.795 4519
1703398755.089 4519
1703398755.443 4519
1703398755.745 4519
1703398756.036 4519
1703398756.314 4519
1703398756.600 4519
1703398756.876 4519
1703398757.156 4520
1703398757.431 4520
1703398757.706 4520
1703398757.979 4520
1703398758.251 4520
1703398758.521 4520
1703398758.791 4520
1703398759.072 4520
1703398759.345 4522
1703398759.646 4522
1703398759.932 4522
1703398760.187 4522
1703398760.501 4523
1703398760.844 4523
1703398761.126 4524
1703398761.421 4524
1703398761.730 4524
1703398762.023 4526
1703398762.325 4535
1703398762.604 4552
1703398762.926 4570
1703398763.178 4618
1703398763.494 4638
1703398763.764 4644
1703398764.074 4663
1703398764.353 4679
1703398764.640 4711
1703398764.966 4738
1703398765.274 4761
1703398765.560 4779
1703398765.847 4786
1703398766.148 4790
1703398766.456 4797
1703398766.742 4797
1703398767.024 4797
1703398767.314 4797
1703398767.617 4797
1703398767.884 4802
1703398768.171 4808
1703398768.464 4816
1703398768.763 4827
1703398769.064 4827
1703398769.343 4827
1703398769.634 4827
1703398769.950 4827
1703398770.207 4827
1703398770.540 4830
1703398770.833 4857
1703398771.128 4906
1703398771.453 4926
1703398771.741 4945
1703398772.030 4962
1703398772.331 4965
1703398772.612 4979
1703398772.892 4997
1703398773.177 5020
1703398773.457 5034
1703398773.742 5062
1703398774.021 5073
1703398774.305 5076
1703398774.593 5079
1703398774.877 5080
1703398775.159 5081
1703398775.449 5082
1703398775.738 5085
1703398776.092 5087
1703398776.376 5087
1703398776.693 5094
1703398776.962 5094
1703398777.264 5116
1703398777.551 5116
1703398777.811 5116
1703398778.103 5119
1703398778.400 5119
1703398778.690 5167
1703398778.986 5221
1703398779.262 5243
1703398779.546 5257
1703398779.844 5257
1703398780.142 5257
1703398780.449 5259
1703398780.760 5262
1703398781.073 5272
1703398781.363 5279
1703398781.660 5284
1703398781.940 5295
1703398782.247 5299
1703398782.513 5299
1703398782.801 5311
1703398783.087 5318
1703398783.375 5324
1703398783.677 5324
1703398783.970 5331
1703398784.272 5373
1703398784.572 5383
1703398784.855 5392
1703398785.145 5395
1703398785.441 5399
1703398785.716 5400
1703398785.978 5401
1703398786.227 5401
1703398786.507 5401
1703398786.783 5401
1703398787.139 5402
1703398787.436 5402
1703398787.716 5402
1703398787.975 5402
1703398788.262 5403
1703398788.552 5403
1703398788.842 5403
1703398789.123 5403
1703398789.411 5403
1703398789.693 5403
1703398790.009 5403
1703398790.295 5403
1703398790.600 5403
1703398790.899 5403
1703398791.200 5403
1703398791.503 5404
1703398791.799 5404
1703398792.092 5404
1703398792.428 5404
1703398792.719 5404
1703398793.006 5408
1703398793.280 5408
1703398793.559 5408
1703398793.846 5408
1703398794.136 5408
1703398794.423 5408
1703398794.718 5408
1703398795.005 5408
1703398795.288 5408
1703398795.589 5408
1703398795.859 5409
1703398796.155 5411
1703398796.441 5420
1703398796.744 5429
1703398797.028 5440
1703398797.335 5450
1703398797.618 5454
1703398797.914 5454
1703398798.226 5454
1703398798.505 5454
1703398798.815 5454
1703398799.103 5456
1703398799.373 5456
1703398799.661 5457
1703398800.001 5457
1703398800.291 5458
1703398800.574 5458
1703398800.868 5459
1703398801.152 5462
1703398801.471 5473
1703398801.787 5481
1703398802.084 5503
1703398802.336 5525
1703398802.640 5542
1703398802.903 5558
1703398803.203 5577
1703398803.529 5593
1703398803.827 5608
1703398804.118 5622
1703398804.415 5623
1703398804.701 5629
1703398804.987 5632
1703398805.264 5632
1703398805.541 5632
1703398805.816 5632
1703398806.081 5632
1703398806.360 5633
1703398806.640 5633
1703398806.927 5633
1703398807.239 5633
1703398807.515 5633
1703398807.820 5633
1703398808.115 5633
1703398808.408 5633
1703398808.705 5633
1703398809.005 5637
1703398809.283 5638
1703398809.573 5638
1703398809.876 5638
1703398810.167 5638
1703398810.440 5638
1703398810.716 5638
1703398810.985 5641
1703398811.254 5641
1703398811.528 5641
1703398811.798 5641
1703398812.076 5641
1703398812.403 5641
1703398812.688 5641
1703398812.970 5641
1703398813.257 5641
1703398813.543 5641
1703398813.839 5641
1703398814.112 5641
1703398814.381 5641
1703398814.697 5641
1703398814.996 5644
1703398815.321 5647
1703398815.593 5650
1703398815.863 5652
1703398816.149 5662
1703398816.434 5672
1703398816.726 5678
1703398817.009 5681
1703398817.300 5686
1703398817.593 5691
1703398817.865 5691
1703398818.147 5691
1703398818.430 5691
1703398818.720 5691
1703398819.002 5693
1703398819.283 5693
1703398819.581 5693
1703398819.872 5723
1703398820.182 5746
1703398820.458 5751
1703398820.736 5759
1703398821.028 5770
1703398821.314 5770
1703398821.607 5771
1703398821.896 5771
1703398822.184 5771
1703398822.469 5772
1703398822.758 5772
1703398823.053 5790
1703398823.333 5790
1703398823.624 5790
1703398823.927 5790
1703398824.216 5790
1703398824.501 5790
1703398824.798 5790
1703398825.070 5790
1703398825.360 5790
1703398825.673 5790
1703398825.973 5790
1703398826.234 5790
1703398826.515 5790
1703398826.804 5790
1703398827.083 5790
1703398827.370 5790
1703398827.638 5791
1703398827.916 5791
1703398828.197 5791
1703398828.475 5791
1703398828.800 5791
1703398829.072 5803
1703398829.344 5803
1703398829.637 5803
1703398829.910 5803
1703398830.198 5803
1703398830.483 5803
1703398830.750 5803
1703398831.032 5803
1703398831.316 5803
1703398831.593 5803
1703398831.868 5803
1703398832.147 5803
1703398832.432 5803
1703398832.727 5803
1703398832.991 5803
1703398833.281 5803
1703398833.559 5803
1703398833.856 5803
1703398834.134 5803
1703398834.474 5803
1703398834.794 5803
1703398835.117 5803
1703398835.429 5803
1703398835.744 5803
1703398836.027 5805
1703398836.324 5805
1703398836.606 5805
1703398836.947 5809
1703398837.217 5814
1703398837.511 5820
1703398837.801 5838
1703398838.077 5850
1703398838.361 5869
1703398838.644 5878
1703398838.969 5897
1703398839.260 5941
1703398839.634 5963
1703398839.927 5986
1703398840.216 6000
1703398840.505 6031
1703398840.791 6036
1703398841.082 6042
1703398841.387 6047
1703398841.665 6047
1703398841.964 6049
1703398842.259 6060
1703398842.552 6063
1703398842.834 6064
1703398843.125 6064
1703398843.416 6064
1703398843.703 6070
1703398843.992 6079
1703398844.280 6094
1703398844.580 6101
1703398844.852 6103
1703398845.141 6103
1703398845.432 6103
1703398845.724 6103
1703398846.023 6103
1703398846.281 6104
1703398846.584 6104
1703398846.866 6104
1703398847.150 6104
1703398847.432 6104
1703398847.730 6104
1703398848.061 6104
1703398848.337 6104
1703398848.627 6104
1703398848.909 6104
1703398849.192 6104
1703398849.481 6104
1703398849.788 6110
1703398850.057 6123
1703398850.347 6157
1703398850.632 6166
1703398850.921 6167
1703398851.210 6168
1703398851.501 6172
1703398851.796 6176
1703398852.089 6176
1703398852.381 6177
1703398852.658 6178
1703398852.950 6178
1703398853.241 6179
1703398853.526 6180
1703398853.816 6180
1703398854.109 6182
1703398854.401 6182
1703398854.713 6182
1703398854.985 6182
1703398855.270 6182
1703398855.583 6182
1703398855.869 6182
1703398856.160 6182
1703398856.443 6182
1703398856.727 6182
1703398857.022 6182
1703398857.311 6182
1703398857.595 6182
1703398857.875 6182
1703398858.152 6182
1703398858.439 6182
1703398858.716 6182
1703398858.995 6182
1703398859.276 6182
1703398859.550 6182
1703398859.832 6183
1703398860.140 6183
1703398860.434 6184
1703398860.720 6184
1703398861.007 6184
1703398861.297 6184
1703398861.583 6184
1703398861.872 6184
1703398862.164 6184
1703398862.479 6184
1703398862.773 6184
1703398863.074 6184
1703398863.366 6184
1703398863.667 6186
1703398863.974 6186
1703398864.237 6186
1703398864.527 6186
1703398864.856 6186
1703398865.146 6186
1703398865.423 6186
1703398865.710 6186
1703398866.010 6186
1703398866.286 6186
1703398866.575 6186
1703398866.856 6186
1703398867.139 6186
1703398867.424 6186
1703398867.714 6186
1703398868.000 6186
1703398868.273 6186
1703398868.546 6186
1703398868.811 6186
1703398869.113 6186
1703398869.365 6186
1703398869.639 6186
1703398869.907 6186
1703398870.165 6186
1703398870.449 6186
1703398870.756 6186
1703398871.033 6186
1703398871.326 6188
1703398871.600 6188
1703398871.889 6188
1703398872.166 6188
1703398872.461 6188
1703398872.738 6188
1703398873.025 6188
1703398873.298 6188
1703398873.594 6188
1703398873.885 6188
1703398874.172 6188
1703398874.459 6188
1703398874.764 6198
1703398875.053 6204
1703398875.342 6210
1703398875.633 6223
1703398875.931 6236
1703398876.219 6278
1703398876.516 6296
1703398876.778 6308
1703398877.077 6314
1703398877.333 6315
1703398877.618 6316
1703398877.898 6316
1703398878.189 6318
1703398878.478 6318
1703398878.765 6318
1703398879.064 6318
1703398879.339 6318
1703398879.630 6318
1703398879.937 6318
1703398880.215 6318
1703398880.503 6318
1703398880.792 6318
1703398881.073 6318
1703398881.393 6318
1703398881.722 6328
1703398882.013 6328
1703398882.302 6328
1703398882.566 6328
1703398882.839 6328
1703398883.111 6328
1703398883.391 6328
1703398883.680 6328
1703398883.986 6328
1703398884.389 6328
1703398884.682 6328
1703398884.961 6328
1703398885.235 6328
1703398885.519 6328
1703398885.800 6328
1703398886.092 6328
1703398886.372 6328
1703398886.646 6328
1703398886.929 6328
1703398887.219 6328
1703398887.511 6328
1703398887.796 6328
1703398888.092 6328
1703398888.391 6328
1703398888.678 6331
1703398889.035 6331
1703398889.339 6331
1703398889.695 6333
1703398889.985 6335
1703398890.290 6339
1703398890.558 6339
1703398890.862 6339
1703398891.146 6339
1703398891.439 6339
1703398891.706 6340
1703398891.997 6340
1703398892.282 6340
1703398892.564 6340
1703398892.844 6346
1703398893.116 6357
1703398893.373 6357
1703398893.690 6357
1703398893.952 6357
1703398894.214 6357
1703398894.499 6357
1703398894.773 6357
1703398895.040 6357
1703398895.318 6357
1703398895.591 6357
1703398895.857 6357
1703398896.134 6357
1703398896.427 6357
1703398896.743 6357
1703398897.033 6357
1703398897.326 6357
1703398897.633 6357
1703398897.917 6357
1703398898.196 6357
1703398898.473 6357
1703398898.755 6357
1703398899.062 6357
1703398899.352 6357
1703398899.690 6357
1703398899.974 6366
1703398900.301 6366
1703398900.573 6366
1703398900.846 6366
1703398901.126 6369
1703398901.435 6370
1703398901.731 6370
1703398902.014 6370
1703398902.300 6370
1703398902.640 6370
1703398902.925 6370
1703398903.215 6370
1703398903.499 6370
1703398903.776 6370
1703398904.090 6370
1703398904.364 6371
1703398904.642 6371
1703398904.919 6371
1703398905.197 6371
1703398905.484 6371
1703398905.787 6371
1703398906.084 6371
1703398906.349 6371
1703398906.629 6372
1703398906.969 6372
1703398907.250 6372
1703398907.580 6372
1703398907.895 6372
1703398908.212 6372
1703398908.510 6372
1703398908.785 6372
1703398909.077 6372
1703398909.395 6373
1703398909.691 6373
1703398909.978 6375
1703398910.276 6375
1703398910.554 6375
1703398910.837 6377
1703398911.119 6377
1703398911.451 6377
1703398911.756 6377
1703398912.061 6377
1703398912.358 6377
1703398912.629 6377
1703398912.933 6377
1703398913.233 6377
1703398913.539 6377
1703398913.850 6393
1703398914.162 6404
1703398914.455 6404
1703398914.744 6404
1703398915.036 6404
1703398915.325 6404
1703398915.609 6404
1703398915.905 6404
1703398916.207 6404
1703398916.500 6404
1703398916.796 6404
1703398917.088 6404
1703398917.377 6404
1703398917.675 6404
1703398917.998 6404
1703398918.298 6404
1703398918.584 6404
1703398918.876 6404
1703398919.151 6404
1703398919.426 6404
1703398919.740 6404
1703398920.011 6404
1703398920.275 6405
1703398920.545 6407
1703398920.828 6407
1703398921.075 6407
1703398921.340 6407
1703398921.605 6409
1703398921.874 6409
1703398922.151 6416
1703398922.432 6421
1703398922.712 6423
1703398922.995 6437
1703398923.272 6438
1703398923.554 6439
1703398923.838 6440
1703398924.127 6459
1703398924.407 6475
1703398924.706 6536
1703398924.998 6548
1703398925.273 6549
1703398925.561 6550
1703398925.859 6550
1703398926.140 6550
1703398926.432 6553
1703398926.771 6553
1703398927.092 6553
1703398927.456 6553
1703398927.742 6553
1703398928.072 6559
1703398928.347 6559
1703398928.636 6559
1703398928.930 6559
1703398929.223 6559
1703398929.514 6559
1703398929.829 6559
1703398930.166 6559
1703398930.466 6559
1703398930.752 6559
1703398931.046 6559
1703398931.342 6559
1703398931.628 6559
1703398931.902 6559
1703398932.166 6559
1703398932.439 6559
1703398932.708 6559
1703398932.978 6573
1703398933.249 6573
1703398933.573 6573
1703398933.844 6573
1703398934.114 6573
1703398934.386 6573
1703398934.651 6573
1703398934.914 6573
1703398935.190 6573
1703398935.457 6573
1703398935.723 6573
1703398935.990 6573
1703398936.280 6573
1703398936.558 6573
1703398936.824 6573
1703398937.097 6573
1703398937.381 6573
1703398937.650 6573
1703398937.923 6573
1703398938.192 6573
1703398938.491 6573
1703398938.749 6573
1703398939.008 6573
1703398939.275 6573
1703398939.556 6573
1703398939.841 6573
1703398940.123 6573
1703398940.395 6573
1703398940.687 6573
1703398940.965 6573
1703398941.250 6573
1703398941.551 6573
1703398941.843 6573
1703398942.141 6576
1703398942.408 6576
1703398942.712 6584
1703398943.016 6588
1703398943.299 6591
1703398943.576 6591
1703398943.865 6591
1703398944.153 6591
1703398944.455 6591
1703398944.743 6591
1703398945.031 6591
1703398945.323 6591
1703398945.614 6591
1703398945.958 6591
1703398946.264 6591
1703398946.560 6591
1703398946.848 6591
1703398947.133 6595
1703398947.424 6595
1703398947.706 6597
1703398947.990 6597
1703398948.275 6597
1703398948.558 6598
1703398948.851 6598
1703398949.141 6598
1703398949.461 6598
1703398949.751 6598
1703398950.046 6598
1703398950.330 6598
1703398950.615 6598
1703398950.906 6598
1703398951.207 6598
1703398951.477 6616
1703398951.772 6623
1703398952.061 6625
1703398952.326 6625
1703398952.603 6628
1703398952.907 6628
1703398953.194 6633
1703398953.483 6633
1703398953.784 6633
1703398954.069 6633
1703398954.350 6633
1703398954.624 6633
