1703397748.634 58
1703397748.951 169
1703397749.412 174
1703397749.768 178
1703397750.074 178
1703397750.342 178
1703397750.605 178
1703397750.868 179
1703397751.121 179
1703397751.375 179
1703397751.642 180
1703397751.909 181
1703397752.197 186
1703397752.479 215
1703397752.752 264
1703397753.055 413
1703397753.323 431
1703397753.606 449
1703397753.903 470
1703397754.213 517
1703397754.505 591
1703397754.765 595
1703397755.060 742
1703397755.327 761
1703397755.613 767
1703397755.907 771
1703397756.188 779
1703397756.475 785
1703397756.750 788
1703397757.015 795
1703397757.284 809
1703397757.568 845
1703397757.844 887
1703397758.126 979
1703397758.387 995
1703397758.661 1056
1703397758.938 1073
1703397759.216 1078
1703397759.480 1083
1703397759.763 1112
1703397760.051 1149
1703397760.325 1166
1703397760.608 1172
1703397760.947 1176
1703397761.239 1191
1703397761.507 1214
1703397761.771 1237
1703397762.038 1250
1703397762.320 1254
1703397762.590 1273
1703397762.886 1281
1703397763.161 1311
1703397763.463 1361
1703397763.736 1385
1703397764.001 1403
1703397764.290 1409
1703397764.571 1433
1703397764.868 1451
1703397765.174 1472
1703397765.497 1481
1703397765.771 1488
1703397766.073 1505
1703397766.349 1523
1703397766.656 1544
1703397766.972 1561
1703397767.245 1574
1703397767.535 1610
1703397767.831 1650
1703397768.125 1685
1703397768.405 1699
1703397768.692 1721
1703397768.976 1722
1703397769.263 1725
1703397769.573 1725
1703397769.869 1733
1703397770.152 1741
1703397770.457 1742
1703397770.736 1744
1703397771.038 1745
1703397771.326 1747
1703397771.619 1749
1703397771.920 1752
1703397772.215 1756
1703397772.518 1763
1703397772.812 1829
1703397773.137 1853
1703397773.428 1873
1703397773.711 1898
1703397774.074 1914
1703397774.365 1914
1703397774.648 1915
1703397774.938 1915
1703397775.222 1915
1703397775.508 1916
1703397775.802 1943
1703397776.090 1992
1703397776.387 1995
1703397776.669 2000
1703397776.997 2006
1703397777.306 2008
1703397777.641 2008
1703397777.933 2009
1703397778.248 2009
1703397778.584 2009
1703397778.889 2011
1703397779.190 2011
1703397779.474 2011
1703397779.781 2011
1703397780.066 2011
1703397780.378 2011
1703397780.646 2014
1703397780.937 2017
1703397781.227 2025
1703397781.514 2060
1703397781.807 2069
1703397782.101 2088
1703397782.391 2090
1703397782.678 2090
1703397782.962 2090
1703397783.262 2098
1703397783.541 2102
1703397783.819 2108
1703397784.109 2116
1703397784.401 2124
1703397784.725 2128
1703397785.043 2136
1703397785.330 2146
1703397785.652 2162
1703397786.003 2165
1703397786.342 2167
1703397786.696 2169
1703397786.987 2176
1703397787.271 2182
1703397787.559 2192
1703397787.859 2196
1703397788.184 2207
1703397788.471 2214
1703397788.789 2218
1703397789.110 2223
1703397789.418 2229
1703397789.722 2239
1703397789.992 2254
1703397790.275 2275
1703397790.550 2290
1703397790.841 2302
1703397791.146 2311
1703397791.453 2313
1703397791.735 2315
1703397792.024 2317
1703397792.317 2326
1703397792.599 2336
1703397792.908 2349
1703397793.200 2374
1703397793.510 2380
1703397793.830 2407
1703397794.117 2429
1703397794.400 2458
1703397794.702 2476
1703397795.000 2486
1703397795.291 2492
1703397795.602 2507
1703397795.894 2521
1703397796.181 2542
1703397796.506 2577
1703397796.829 2601
1703397797.121 2616
1703397797.461 2626
1703397797.754 2627
1703397798.038 2627
1703397798.346 2628
1703397798.651 2630
1703397798.950 2630
1703397799.223 2632
1703397799.510 2632
1703397799.798 2633
1703397800.104 2635
1703397800.407 2639
1703397800.697 2641
1703397800.988 2643
1703397801.308 2644
1703397801.603 2645
1703397801.909 2647
1703397802.185 2647
1703397802.468 2647
1703397802.756 2647
1703397803.045 2647
1703397803.351 2647
1703397803.663 2647
1703397803.945 2647
1703397804.235 2647
1703397804.520 2647
1703397804.807 2647
1703397805.103 2647
1703397805.391 2647
1703397805.684 2655
1703397805.992 2659
1703397806.280 2659
1703397806.559 2659
1703397806.851 2661
1703397807.151 2661
1703397807.474 2661
1703397807.776 2661
1703397808.061 2661
1703397808.355 2661
1703397808.659 2661
1703397808.946 2661
1703397809.241 2661
1703397809.532 2661
1703397809.824 2661
1703397810.114 2661
1703397810.430 2661
1703397810.708 2661
1703397810.998 2661
1703397811.263 2661
1703397811.542 2661
1703397811.862 2662
1703397812.178 2667
1703397812.469 2672
1703397812.759 2685
1703397813.129 2697
1703397813.416 2707
1703397813.703 2730
1703397813.992 2753
1703397814.283 2767
1703397814.578 2791
1703397814.899 2809
1703397815.186 2831
1703397815.464 2846
1703397815.747 2861
1703397816.026 2872
1703397816.311 2888
1703397816.604 2895
1703397816.896 2900
1703397817.185 2907
1703397817.477 2910
1703397817.781 2917
1703397818.070 2928
1703397818.376 2939
1703397818.717 2944
1703397819.031 2945
1703397819.323 2945
1703397819.609 2945
1703397819.894 2948
1703397820.180 2949
1703397820.481 2950
1703397820.758 2950
1703397821.048 2950
1703397821.340 2950
1703397821.654 2952
1703397821.939 2952
1703397822.236 2952
1703397822.514 2953
1703397822.818 2958
1703397823.135 2962
1703397823.451 2976
1703397823.747 2988
1703397824.074 3007
1703397824.350 3032
1703397824.643 3051
1703397824.926 3061
1703397825.227 3065
1703397825.555 3073
1703397825.843 3076
1703397826.126 3076
1703397826.418 3076
1703397826.703 3076
1703397826.988 3076
1703397827.280 3076
1703397827.572 3076
1703397827.859 3076
1703397828.155 3076
1703397828.460 3077
1703397828.736 3096
1703397829.013 3145
1703397829.316 3156
1703397829.659 3182
1703397829.930 3193
1703397830.190 3210
1703397830.468 3213
1703397830.749 3228
1703397831.022 3246
1703397831.302 3266
1703397831.575 3289
1703397831.858 3307
1703397832.173 3323
1703397832.484 3332
1703397832.767 3343
1703397833.049 3369
1703397833.344 3375
1703397833.633 3393
1703397833.922 3393
1703397834.210 3394
1703397834.524 3395
1703397834.824 3396
1703397835.129 3398
1703397835.443 3402
1703397835.765 3402
1703397836.045 3408
1703397836.325 3419
1703397836.610 3430
1703397836.917 3446
1703397837.231 3457
1703397837.519 3466
1703397837.815 3480
1703397838.098 3507
1703397838.386 3549
1703397838.684 3579
1703397838.980 3634
1703397839.251 3687
1703397839.535 3731
1703397839.822 3771
1703397840.101 3771
1703397840.409 3776
1703397840.700 3776
1703397841.044 3776
1703397841.323 3776
1703397841.611 3776
1703397841.897 3776
1703397842.189 3776
1703397842.494 3776
1703397842.769 3776
1703397843.058 3776
1703397843.347 3776
1703397843.635 3776
1703397843.930 3776
1703397844.234 3776
1703397844.534 3776
1703397844.837 3776
1703397845.139 3776
1703397845.397 3776
1703397845.692 3776
1703397846.009 3776
1703397846.297 3776
1703397846.580 3776
1703397846.879 3776
1703397847.185 3776
1703397847.520 3776
1703397847.807 3776
1703397848.125 3776
1703397848.439 3776
1703397848.706 3776
1703397848.997 3776
1703397849.319 3776
1703397849.657 3776
1703397849.954 3776
1703397850.233 3776
1703397850.521 3776
1703397850.808 3776
1703397851.096 3776
1703397851.390 3776
1703397851.671 3776
1703397851.964 3777
1703397852.278 3778
1703397852.584 3778
1703397852.877 3782
1703397853.201 3784
1703397853.494 3785
1703397853.772 3786
1703397854.065 3791
1703397854.351 3795
1703397854.653 3799
1703397854.954 3802
1703397855.246 3805
1703397855.564 3808
1703397855.841 3811
1703397856.128 3816
1703397856.422 3819
1703397856.714 3824
1703397857.004 3830
1703397857.288 3838
1703397857.628 3844
1703397857.983 3858
1703397858.262 3867
1703397858.555 3880
1703397858.853 3889
1703397859.181 3904
1703397859.467 3924
1703397859.754 3924
1703397860.036 3942
1703397860.328 3954
1703397860.617 3955
1703397860.903 3956
1703397861.189 3956
1703397861.462 3957
1703397861.762 3958
1703397862.086 3959
1703397862.397 3959
1703397862.711 3959
1703397862.991 3959
1703397863.278 3959
1703397863.561 3961
1703397863.866 3964
1703397864.145 3966
1703397864.429 3969
1703397864.721 3969
1703397865.014 3971
1703397865.298 3972
1703397865.606 3973
1703397865.893 3975
1703397866.217 3975
1703397866.520 3975
1703397866.853 3977
1703397867.145 3978
1703397867.431 3980
1703397867.726 3980
1703397868.018 3982
1703397868.361 3988
1703397868.707 3991
1703397868.999 3991
1703397869.285 3991
1703397869.568 3992
1703397869.876 4005
1703397870.167 4012
1703397870.451 4055
1703397870.731 4072
1703397870.998 4080
1703397871.269 4081
1703397871.546 4082
1703397871.807 4082
1703397872.108 4083
1703397872.462 4083
1703397872.799 4085
1703397873.093 4088
1703397873.367 4088
1703397873.657 4090
1703397873.941 4092
1703397874.225 4093
1703397874.508 4093
1703397874.805 4093
1703397875.092 4093
1703397875.382 4093
1703397875.676 4093
1703397875.972 4094
1703397876.252 4094
1703397876.548 4094
1703397876.836 4094
1703397877.125 4094
1703397877.412 4094
1703397877.696 4094
1703397877.993 4094
1703397878.337 4094
1703397878.644 4094
1703397878.917 4094
1703397879.222 4094
1703397879.519 4094
1703397879.810 4094
1703397880.129 4094
1703397880.423 4095
1703397880.705 4095
1703397881.007 4095
1703397881.289 4095
1703397881.610 4095
1703397881.940 4095
1703397882.233 4095
1703397882.518 4095
1703397882.800 4095
1703397883.082 4095
1703397883.377 4095
1703397883.652 4095
1703397883.930 4095
1703397884.189 4097
1703397884.440 4097
1703397884.716 4102
1703397885.078 4103
1703397885.434 4114
1703397885.755 4135
1703397886.027 4138
1703397886.314 4160
1703397886.602 4162
1703397886.939 4179
1703397887.280 4202
1703397887.579 4211
1703397887.891 4212
1703397888.166 4212
1703397888.444 4212
1703397888.751 4214
1703397889.033 4216
1703397889.340 4220
1703397889.661 4232
1703397889.959 4238
1703397890.287 4241
1703397890.582 4245
1703397890.871 4246
1703397891.167 4261
1703397891.451 4271
1703397891.751 4276
1703397892.075 4281
1703397892.371 4294
1703397892.669 4314
1703397893.016 4334
1703397893.307 4346
1703397893.606 4353
1703397893.895 4358
1703397894.185 4366
1703397894.473 4383
1703397894.768 4388
1703397895.070 4392
1703397895.364 4392
1703397895.647 4392
1703397895.938 4394
1703397896.227 4394
1703397896.519 4398
1703397896.815 4435
1703397897.092 4460
1703397897.385 4485
1703397897.661 4492
1703397897.923 4495
1703397898.207 4510
1703397898.525 4517
1703397898.846 4527
1703397899.126 4531
1703397899.418 4531
1703397899.707 4531
1703397899.996 4531
1703397900.292 4531
1703397900.590 4531
1703397900.899 4531
1703397901.193 4531
1703397901.503 4531
1703397901.797 4531
1703397902.091 4535
1703397902.375 4536
1703397902.656 4538
1703397903.012 4547
1703397903.284 4568
1703397903.574 4568
1703397903.896 4568
1703397904.167 4568
1703397904.458 4569
1703397904.739 4569
1703397905.067 4569
1703397905.364 4569
1703397905.657 4569
1703397905.960 4569
1703397906.247 4570
1703397906.550 4573
1703397906.833 4573
1703397907.124 4573
1703397907.439 4573
1703397907.729 4573
1703397908.023 4573
1703397908.309 4573
1703397908.631 4578
1703397908.911 4579
1703397909.201 4588
1703397909.499 4608
1703397909.791 4642
1703397910.083 4671
1703397910.409 4688
1703397910.687 4724
1703397911.011 4759
1703397911.302 4792
1703397911.571 4823
1703397911.861 4843
1703397912.161 4872
1703397912.472 4903
1703397912.777 4930
1703397913.074 4946
1703397913.365 4956
1703397913.693 4961
1703397914.007 4961
1703397914.302 4961
1703397914.599 4961
1703397914.880 4961
1703397915.194 4961
1703397915.576 4961
1703397915.906 4961
1703397916.203 4961
1703397916.496 4963
1703397916.763 4963
1703397917.049 4963
1703397917.343 4963
1703397917.635 4968
1703397917.928 4969
1703397918.226 4989
1703397918.518 4997
1703397918.812 5013
1703397919.123 5020
1703397919.432 5026
1703397919.720 5031
1703397920.011 5032
1703397920.289 5032
1703397920.580 5033
1703397920.879 5034
1703397921.176 5034
1703397921.450 5034
1703397921.760 5034
1703397922.038 5035
1703397922.321 5038
1703397922.593 5039
1703397922.870 5041
1703397923.200 5042
1703397923.492 5043
1703397923.773 5043
1703397924.071 5060
1703397924.375 5078
1703397924.677 5106
1703397924.968 5145
1703397925.266 5161
1703397925.584 5202
1703397925.868 5232
1703397926.157 5243
1703397926.459 5246
1703397926.770 5253
1703397927.068 5262
1703397927.353 5274
1703397927.643 5279
1703397927.924 5282
1703397928.266 5282
1703397928.556 5282
1703397928.839 5284
1703397929.118 5285
1703397929.396 5292
1703397929.667 5292
1703397929.953 5294
1703397930.233 5294
1703397930.526 5294
1703397930.854 5294
1703397931.148 5294
1703397931.437 5294
1703397931.716 5294
1703397931.991 5294
1703397932.285 5302
1703397932.580 5325
1703397932.875 5338
1703397933.160 5345
1703397933.457 5345
1703397933.745 5345
1703397934.075 5345
1703397934.429 5345
1703397934.720 5345
1703397935.013 5354
1703397935.292 5356
1703397935.573 5356
1703397935.905 5356
1703397936.199 5356
1703397936.491 5356
1703397936.838 5356
1703397937.119 5356
1703397937.408 5357
1703397937.693 5357
1703397938.002 5357
1703397938.304 5357
1703397938.590 5357
1703397938.878 5357
1703397939.165 5357
1703397939.459 5357
1703397939.755 5357
1703397940.025 5357
1703397940.319 5357
1703397940.609 5357
1703397940.915 5357
1703397941.204 5357
1703397941.493 5357
1703397941.784 5357
1703397942.092 5357
1703397942.365 5357
1703397942.659 5359
1703397942.993 5376
1703397943.287 5386
1703397943.569 5408
1703397943.884 5410
1703397944.172 5412
1703397944.449 5434
1703397944.734 5456
1703397945.023 5458
1703397945.303 5459
1703397945.606 5462
1703397945.915 5471
1703397946.221 5481
1703397946.503 5490
1703397946.784 5492
1703397947.075 5493
1703397947.373 5493
1703397947.656 5493
1703397947.937 5493
1703397948.230 5493
1703397948.566 5493
1703397948.863 5493
1703397949.146 5493
1703397949.489 5493
1703397949.840 5493
1703397950.119 5493
1703397950.403 5493
1703397950.694 5493
1703397950.991 5493
1703397951.277 5493
1703397951.569 5493
1703397951.860 5493
1703397952.137 5493
1703397952.429 5493
1703397952.710 5493
1703397953.009 5493
1703397953.291 5493
1703397953.576 5493
1703397953.873 5493
1703397954.217 5493
1703397954.501 5493
1703397954.823 5511
1703397955.097 5511
1703397955.385 5511
1703397955.670 5511
1703397955.959 5514
1703397956.272 5518
1703397956.617 5524
1703397956.897 5540
1703397957.186 5558
1703397957.496 5580
1703397957.788 5599
1703397958.095 5608
1703397958.364 5612
1703397958.691 5627
1703397959.009 5628
1703397959.304 5628
1703397959.581 5628
1703397959.878 5628
1703397960.172 5628
1703397960.472 5630
1703397960.769 5637
1703397961.056 5652
1703397961.355 5656
1703397961.688 5669
1703397961.978 5669
1703397962.258 5671
1703397962.545 5671
1703397962.822 5671
1703397963.105 5671
1703397963.458 5671
1703397963.749 5671
1703397964.056 5671
1703397964.360 5671
1703397964.625 5671
1703397964.930 5671
1703397965.217 5671
1703397965.517 5671
1703397965.813 5671
1703397966.185 5671
1703397966.491 5671
1703397966.761 5672
1703397967.032 5672
1703397967.333 5672
1703397967.620 5672
1703397967.921 5672
1703397968.208 5672
1703397968.520 5672
1703397968.805 5672
1703397969.088 5672
1703397969.345 5672
1703397969.643 5672
1703397969.946 5672
1703397970.222 5672
1703397970.555 5672
1703397970.843 5672
1703397971.128 5672
1703397971.411 5672
1703397971.701 5672
1703397972.007 5672
1703397972.305 5672
1703397972.606 5672
1703397972.920 5672
1703397973.217 5672
1703397973.519 5672
1703397973.801 5672
1703397974.081 5672
1703397974.382 5672
1703397974.677 5673
1703397974.989 5673
1703397975.277 5675
1703397975.562 5678
1703397975.849 5678
1703397976.138 5678
1703397976.433 5679
1703397976.732 5680
1703397977.019 5680
1703397977.338 5680
1703397977.609 5680
1703397977.935 5680
1703397978.223 5680
1703397978.512 5680
1703397978.831 5680
1703397979.125 5680
1703397979.413 5680
1703397979.705 5680
1703397980.005 5680
1703397980.290 5680
1703397980.609 5680
1703397980.886 5681
1703397981.192 5681
1703397981.493 5681
1703397981.781 5681
1703397982.074 5681
1703397982.366 5681
1703397982.632 5682
1703397982.903 5682
1703397983.175 5682
1703397983.443 5682
1703397983.709 5683
1703397983.980 5683
1703397984.271 5683
1703397984.547 5683
1703397984.840 5683
1703397985.131 5707
1703397985.427 5707
1703397985.706 5711
1703397985.995 5711
1703397986.293 5717
1703397986.579 5743
1703397986.868 5760
1703397987.169 5767
1703397987.527 5779
1703397987.893 5794
1703397988.192 5802
1703397988.474 5802
1703397988.762 5802
1703397989.068 5802
1703397989.349 5807
1703397989.656 5807
1703397989.970 5810
1703397990.285 5821
1703397990.575 5838
1703397990.872 5866
1703397991.153 5882
1703397991.460 5888
1703397991.764 5890
1703397992.039 5890
1703397992.339 5890
1703397992.624 5890
1703397992.910 5890
1703397993.234 5890
1703397993.546 5890
1703397993.843 5896
1703397994.107 5896
1703397994.409 5896
1703397994.706 5897
1703397995.052 5900
1703397995.347 5900
1703397995.649 5900
1703397995.959 5900
1703397996.260 5900
1703397996.553 5900
1703397996.840 5900
1703397997.137 5900
1703397997.473 5900
1703397997.810 5900
1703397998.111 5900
1703397998.395 5900
1703397998.677 5900
1703397998.948 5900
1703397999.219 5900
1703397999.491 5900
1703397999.771 5900
1703398000.089 5900
1703398000.359 5900
1703398000.628 5900
1703398000.931 5900
1703398001.219 5900
1703398001.507 5900
1703398001.787 5900
1703398002.055 5900
1703398002.323 5902
1703398002.595 5904
1703398002.879 5904
1703398003.146 5904
1703398003.416 5904
1703398003.695 5904
1703398003.977 5904
1703398004.266 5904
1703398004.564 5904
1703398004.875 5904
1703398005.145 5904
1703398005.408 5904
1703398005.708 5904
1703398005.993 5904
1703398006.273 5904
1703398006.560 5904
1703398006.837 5904
1703398007.159 5904
1703398007.444 5904
1703398007.722 5904
1703398008.005 5904
1703398008.293 5904
1703398008.574 5904
1703398008.869 5904
1703398009.154 5904
1703398009.444 5904
1703398009.736 5904
1703398010.021 5904
1703398010.323 5904
1703398010.646 5954
1703398010.944 5954
1703398011.212 5954
1703398011.497 5958
1703398011.784 5958
1703398012.064 5958
1703398012.348 5960
1703398012.632 5964
1703398012.912 5964
1703398013.206 5964
1703398013.482 5969
1703398013.766 5971
1703398014.072 5971
1703398014.338 5971
1703398014.636 5973
1703398014.922 5973
1703398015.211 5974
1703398015.526 5980
1703398015.864 5985
1703398016.149 5990
1703398016.444 6013
1703398016.725 6027
1703398017.021 6071
1703398017.320 6103
1703398017.615 6146
1703398017.906 6213
1703398018.197 6242
1703398018.503 6244
1703398018.793 6244
1703398019.083 6244
1703398019.386 6244
1703398019.688 6244
1703398019.969 6245
1703398020.275 6245
1703398020.556 6245
1703398020.853 6245
1703398021.143 6245
1703398021.461 6245
1703398021.731 6246
1703398022.011 6247
1703398022.296 6247
1703398022.616 6247
1703398022.897 6249
1703398023.183 6252
1703398023.478 6256
1703398023.756 6257
1703398024.043 6257
1703398024.327 6257
1703398024.618 6257
1703398024.922 6257
1703398025.295 6257
1703398025.580 6257
1703398025.876 6257
1703398026.177 6257
1703398026.484 6257
1703398026.787 6257
1703398027.084 6257
1703398027.379 6257
1703398027.668 6257
1703398027.948 6257
1703398028.234 6257
1703398028.533 6257
1703398028.800 6257
1703398029.094 6257
1703398029.378 6257
1703398029.671 6257
1703398029.952 6257
1703398030.242 6257
1703398030.586 6257
1703398030.877 6257
1703398031.160 6257
1703398031.457 6257
1703398031.748 6257
1703398032.036 6257
1703398032.337 6257
1703398032.633 6257
1703398032.906 6257
1703398033.168 6257
1703398033.446 6257
1703398033.735 6257
1703398034.034 6257
1703398034.329 6257
1703398034.618 6257
1703398034.918 6257
1703398035.204 6258
1703398035.496 6266
1703398035.792 6285
1703398036.108 6292
1703398036.398 6305
1703398036.690 6324
1703398036.980 6341
1703398037.258 6352
1703398037.556 6370
1703398037.836 6383
1703398038.118 6393
1703398038.406 6396
1703398038.694 6398
1703398038.979 6400
1703398039.269 6400
1703398039.571 6400
1703398039.878 6400
1703398040.215 6400
1703398040.513 6400
1703398040.799 6400
1703398041.135 6400
1703398041.427 6403
1703398041.718 6406
1703398042.002 6406
1703398042.287 6415
1703398042.566 6416
1703398042.861 6420
1703398043.148 6420
1703398043.433 6420
1703398043.743 6420
1703398044.117 6420
1703398044.410 6420
1703398044.693 6420
1703398044.974 6420
1703398045.302 6420
1703398045.580 6420
1703398045.893 6420
1703398046.169 6420
1703398046.461 6420
1703398046.748 6420
1703398047.026 6420
1703398047.321 6420
1703398047.678 6420
1703398047.960 6420
1703398048.306 6421
1703398048.599 6421
1703398048.897 6440
1703398049.188 6440
1703398049.500 6454
1703398049.787 6476
1703398050.078 6489
1703398050.370 6498
1703398050.657 6507
1703398050.946 6510
1703398051.229 6510
1703398051.515 6510
1703398051.822 6510
1703398052.092 6510
1703398052.391 6511
1703398052.676 6513
1703398052.950 6513
1703398053.241 6513
1703398053.566 6529
1703398053.840 6539
1703398054.163 6539
1703398054.427 6539
1703398054.709 6545
1703398054.986 6545
1703398055.273 6545
1703398055.561 6545
1703398055.857 6545
1703398056.146 6545
1703398056.455 6545
1703398056.763 6545
1703398057.111 6545
1703398057.439 6545
1703398057.732 6545
1703398058.023 6545
1703398058.315 6545
1703398058.619 6545
1703398058.908 6545
1703398059.197 6545
1703398059.475 6545
1703398059.752 6545
1703398060.035 6545
1703398060.377 6545
1703398060.650 6545
1703398060.937 6545
1703398061.226 6545
1703398061.515 6545
1703398061.811 6545
1703398062.097 6545
1703398062.415 6545
1703398062.715 6545
1703398063.000 6545
1703398063.297 6545
1703398063.614 6548
1703398063.891 6548
1703398064.193 6548
1703398064.480 6548
1703398064.764 6548
1703398065.064 6548
1703398065.347 6548
1703398065.665 6548
1703398065.948 6548
1703398066.234 6548
1703398066.543 6548
1703398066.827 6548
1703398067.127 6548
1703398067.416 6548
1703398067.724 6548
1703398067.997 6548
1703398068.268 6548
1703398068.564 6548
1703398068.840 6548
1703398069.118 6548
1703398069.394 6548
1703398069.671 6548
1703398069.977 6548
1703398070.276 6548
1703398070.556 6548
1703398070.843 6548
1703398071.166 6548
1703398071.453 6548
1703398071.752 6548
1703398072.019 6548
1703398072.297 6548
1703398072.588 6549
1703398072.875 6549
1703398073.160 6549
1703398073.452 6549
1703398073.736 6549
1703398074.025 6549
1703398074.348 6549
1703398074.638 6549
1703398074.919 6549
1703398075.202 6549
1703398075.496 6549
1703398075.780 6549
1703398076.068 6549
1703398076.387 6549
1703398076.666 6549
1703398076.979 6549
1703398077.262 6549
1703398077.561 6549
1703398077.841 6549
1703398078.138 6549
1703398078.474 6549
1703398078.781 6549
1703398079.081 6549
1703398079.370 6549
1703398079.662 6549
1703398079.950 6549
1703398080.246 6550
1703398080.546 6550
1703398080.832 6550
1703398081.125 6550
1703398081.412 6550
1703398081.698 6550
1703398081.991 6550
1703398082.286 6550
1703398082.606 6550
1703398082.890 6550
1703398083.186 6550
1703398083.473 6550
1703398083.761 6560
1703398084.060 6560
1703398084.360 6561
1703398084.657 6562
1703398084.966 6562
1703398085.262 6563
1703398085.571 6565
1703398085.857 6565
1703398086.143 6565
1703398086.433 6565
1703398086.722 6565
1703398087.007 6565
1703398087.323 6565
1703398087.608 6565
1703398087.907 6565
1703398088.195 6565
1703398088.482 6565
1703398088.791 6565
1703398089.090 6565
1703398089.391 6565
1703398089.678 6565
1703398089.972 6565
1703398090.252 6565
1703398090.529 6565
1703398090.809 6565
1703398091.069 6565
1703398091.336 6565
