1703396877.840 69
1703396878.383 167
1703396878.806 195
1703396879.063 197
1703396879.328 199
1703396879.598 201
1703396879.868 203
1703396880.142 211
1703396880.405 214
1703396880.675 219
1703396880.954 219
1703396881.243 220
1703396881.503 222
1703396881.768 225
1703396882.032 230
1703396882.305 239
1703396882.568 253
1703396882.847 256
1703396883.124 257
1703396883.409 271
1703396883.676 289
1703396883.966 455
1703396884.218 456
1703396884.492 467
1703396884.767 469
1703396885.056 488
1703396885.331 497
1703396885.615 503
1703396885.890 522
1703396886.162 522
1703396886.432 523
1703396886.705 524
1703396886.986 531
1703396887.270 536
1703396887.541 540
1703396887.799 542
1703396888.076 544
1703396888.353 548
1703396888.657 553
1703396888.946 555
1703396889.236 557
1703396889.510 575
1703396889.778 587
1703396890.054 609
1703396890.324 641
1703396890.610 683
1703396890.886 707
1703396891.153 738
1703396891.424 740
1703396891.694 750
1703396891.972 757
1703396892.241 766
1703396892.519 781
1703396892.791 812
1703396893.065 843
1703396893.329 862
1703396893.575 888
1703396893.834 895
1703396894.092 896
1703396894.382 903
1703396894.639 923
1703396894.911 934
1703396895.197 952
1703396895.518 1028
1703396895.782 1082
1703396896.040 1109
1703396896.323 1139
1703396896.671 1180
1703396896.943 1191
1703396897.213 1201
1703396897.489 1206
1703396897.770 1208
1703396898.039 1214
1703396898.349 1215
1703396898.641 1215
1703396898.926 1222
1703396899.204 1228
1703396899.479 1233
1703396899.767 1233
1703396900.057 1234
1703396900.339 1239
1703396900.677 1245
1703396900.998 1269
1703396901.304 1337
1703396901.582 1349
1703396901.875 1372
1703396902.215 1382
1703396902.504 1401
1703396902.784 1405
1703396903.069 1410
1703396903.359 1411
1703396903.638 1412
1703396903.914 1414
1703396904.189 1417
1703396904.499 1422
1703396904.832 1425
1703396905.158 1433
1703396905.419 1440
1703396905.717 1449
1703396905.996 1462
1703396906.291 1474
1703396906.552 1485
1703396906.841 1504
1703396907.122 1518
1703396907.405 1536
1703396907.713 1546
1703396908.050 1561
1703396908.332 1569
1703396908.617 1569
1703396908.919 1569
1703396909.214 1569
1703396909.486 1569
1703396909.778 1569
1703396910.067 1569
1703396910.347 1569
1703396910.639 1569
1703396910.923 1569
1703396911.206 1569
1703396911.513 1570
1703396911.773 1573
1703396912.056 1574
1703396912.336 1576
1703396912.624 1585
1703396912.922 1592
1703396913.196 1611
1703396913.472 1659
1703396913.758 1693
1703396914.023 1740
1703396914.365 1801
1703396914.663 1815
1703396915.010 1837
1703396915.293 1853
1703396915.583 1870
1703396915.867 1883
1703396916.144 1889
1703396916.426 1912
1703396916.732 1932
1703396917.061 1960
1703396917.375 1964
1703396917.648 1968
1703396917.937 1981
1703396918.229 1987
1703396918.539 1991
1703396918.841 2010
1703396919.111 2019
1703396919.407 2027
1703396919.705 2043
1703396919.992 2066
1703396920.322 2097
1703396920.615 2118
1703396920.911 2137
1703396921.206 2156
1703396921.488 2162
1703396921.778 2188
1703396922.062 2189
1703396922.342 2195
1703396922.648 2198
1703396922.935 2247
1703396923.198 2304
1703396923.481 2383
1703396923.774 2406
1703396924.044 2427
1703396924.316 2439
1703396924.608 2444
1703396924.855 2447
1703396925.134 2447
1703396925.489 2457
1703396925.780 2458
1703396926.063 2465
1703396926.353 2467
1703396926.716 2471
1703396927.016 2471
1703396927.311 2471
1703396927.594 2471
1703396927.881 2472
1703396928.166 2477
1703396928.457 2482
1703396928.773 2489
1703396929.054 2494
1703396929.327 2501
1703396929.635 2511
1703396929.968 2519
1703396930.240 2530
1703396930.532 2541
1703396930.820 2563
1703396931.109 2598
1703396931.385 2624
1703396931.682 2655
1703396931.970 2708
1703396932.258 2774
1703396932.537 2806
1703396932.834 2806
1703396933.161 2810
1703396933.472 2810
1703396933.763 2810
1703396934.050 2810
1703396934.367 2811
1703396934.661 2818
1703396934.958 2822
1703396935.243 2822
1703396935.540 2822
1703396935.844 2822
1703396936.177 2822
1703396936.470 2822
1703396936.754 2822
1703396937.044 2822
1703396937.332 2822
1703396937.611 2822
1703396937.939 2822
1703396938.232 2822
1703396938.522 2822
1703396938.805 2822
1703396939.090 2822
1703396939.382 2822
1703396939.707 2822
1703396939.995 2822
1703396940.309 2822
1703396940.602 2822
1703396940.886 2822
1703396941.182 2822
1703396941.477 2822
1703396941.788 2822
1703396942.076 2824
1703396942.406 2828
1703396942.684 2846
1703396942.967 2859
1703396943.257 2881
1703396943.598 2910
1703396943.898 2947
1703396944.185 2962
1703396944.490 2989
1703396944.800 3012
1703396945.113 3029
1703396945.416 3059
1703396945.690 3079
1703396945.979 3107
1703396946.272 3120
1703396946.580 3133
1703396946.861 3147
1703396947.155 3147
1703396947.456 3152
1703396947.746 3158
1703396948.022 3164
1703396948.310 3170
1703396948.593 3174
1703396948.890 3176
1703396949.193 3181
1703396949.501 3184
1703396949.789 3185
1703396950.080 3190
1703396950.366 3193
1703396950.655 3194
1703396950.945 3195
1703396951.224 3195
1703396951.502 3195
1703396951.794 3195
1703396952.095 3195
1703396952.405 3195
1703396952.681 3195
1703396952.989 3195
1703396953.301 3195
1703396953.596 3197
1703396953.864 3197
1703396954.218 3197
1703396954.556 3197
1703396954.860 3197
1703396955.152 3197
1703396955.468 3197
1703396955.732 3197
1703396956.028 3197
1703396956.306 3201
1703396956.595 3201
1703396956.888 3201
1703396957.193 3201
1703396957.479 3201
1703396957.767 3201
1703396958.050 3201
1703396958.308 3201
1703396958.611 3201
1703396958.932 3201
1703396959.211 3201
1703396959.509 3201
1703396959.808 3201
1703396960.131 3214
1703396960.430 3223
1703396960.709 3231
1703396961.020 3242
1703396961.306 3252
1703396961.597 3265
1703396961.888 3294
1703396962.175 3328
1703396962.481 3341
1703396962.778 3347
1703396963.059 3351
1703396963.368 3369
1703396963.656 3371
1703396963.995 3373
1703396964.264 3374
1703396964.555 3376
1703396964.836 3376
1703396965.126 3376
1703396965.413 3376
1703396965.691 3376
1703396965.988 3380
1703396966.291 3380
1703396966.567 3380
1703396966.857 3381
1703396967.141 3381
1703396967.428 3383
1703396967.715 3383
1703396967.995 3383
1703396968.308 3383
1703396968.587 3383
1703396968.901 3383
1703396969.202 3383
1703396969.493 3383
1703396969.789 3383
1703396970.137 3383
1703396970.436 3383
1703396970.728 3383
1703396971.018 3383
1703396971.318 3383
1703396971.608 3383
1703396971.901 3383
1703396972.219 3383
1703396972.532 3383
1703396972.850 3383
1703396973.154 3383
1703396973.451 3383
1703396973.745 3383
1703396974.041 3383
1703396974.336 3383
1703396974.631 3383
1703396974.939 3383
1703396975.249 3383
1703396975.557 3383
1703396975.844 3383
1703396976.132 3383
1703396976.439 3385
1703396976.728 3386
1703396977.010 3388
1703396977.346 3392
1703396977.621 3395
1703396977.910 3400
1703396978.214 3403
1703396978.488 3410
1703396978.773 3417
1703396979.064 3422
1703396979.366 3426
1703396979.636 3439
1703396979.939 3450
1703396980.253 3457
1703396980.539 3462
1703396980.857 3462
1703396981.152 3467
1703396981.457 3474
1703396981.740 3476
1703396982.022 3476
1703396982.313 3476
1703396982.604 3476
1703396982.910 3486
1703396983.202 3493
1703396983.490 3494
1703396983.787 3500
1703396984.093 3510
1703396984.404 3516
1703396984.680 3529
1703396984.993 3532
1703396985.303 3542
1703396985.591 3554
1703396985.893 3563
1703396986.190 3569
1703396986.490 3570
1703396986.808 3580
1703396987.107 3598
1703396987.411 3615
1703396987.696 3615
1703396987.995 3615
1703396988.281 3615
1703396988.586 3616
1703396988.934 3616
1703396989.239 3616
1703396989.529 3617
1703396989.818 3617
1703396990.102 3618
1703396990.402 3618
1703396990.672 3618
1703396990.992 3618
1703396991.279 3618
1703396991.567 3618
1703396991.865 3618
1703396992.173 3618
1703396992.477 3618
1703396992.766 3618
1703396993.054 3618
1703396993.344 3618
1703396993.650 3618
1703396993.955 3618
1703396994.248 3618
1703396994.539 3618
1703396994.821 3618
1703396995.108 3618
1703396995.394 3618
1703396995.696 3618
1703396995.994 3618
1703396996.269 3618
1703396996.558 3620
1703396996.885 3620
1703396997.192 3620
1703396997.470 3620
1703396997.734 3620
1703396997.988 3620
1703396998.277 3620
1703396998.616 3620
1703396998.887 3620
1703396999.165 3620
1703396999.487 3620
1703396999.776 3620
1703397000.037 3620
1703397000.336 3620
1703397000.619 3620
1703397000.910 3621
1703397001.191 3621
1703397001.519 3621
1703397001.815 3621
1703397002.101 3621
1703397002.369 3621
1703397002.655 3622
1703397002.939 3630
1703397003.237 3653
1703397003.524 3671
1703397003.828 3688
1703397004.119 3705
1703397004.426 3716
1703397004.721 3717
1703397005.005 3718
1703397005.294 3725
1703397005.577 3733
1703397005.865 3733
1703397006.152 3733
1703397006.445 3733
1703397006.731 3734
1703397007.028 3734
1703397007.321 3734
1703397007.605 3734
1703397007.928 3734
1703397008.232 3734
1703397008.530 3734
1703397008.825 3734
1703397009.109 3734
1703397009.400 3734
1703397009.693 3734
1703397009.978 3734
1703397010.284 3734
1703397010.574 3734
1703397010.861 3734
1703397011.161 3735
1703397011.467 3736
1703397011.780 3740
1703397012.074 3751
1703397012.367 3751
1703397012.670 3751
1703397012.967 3754
1703397013.316 3754
1703397013.634 3757
1703397013.900 3761
1703397014.196 3768
1703397014.480 3768
1703397014.772 3773
1703397015.053 3779
1703397015.339 3780
1703397015.624 3786
1703397015.909 3786
1703397016.208 3789
1703397016.494 3789
1703397016.781 3789
1703397017.073 3789
1703397017.382 3789
1703397017.676 3789
1703397018.009 3793
1703397018.297 3793
1703397018.610 3793
1703397018.900 3793
1703397019.199 3793
1703397019.505 3793
1703397019.846 3798
1703397020.133 3798
1703397020.427 3798
1703397020.709 3798
1703397021.004 3798
1703397021.279 3798
1703397021.573 3798
1703397021.858 3798
1703397022.143 3803
1703397022.449 3803
1703397022.724 3803
1703397023.025 3803
1703397023.344 3803
1703397023.666 3803
1703397023.944 3803
1703397024.224 3803
1703397024.504 3803
1703397024.788 3803
1703397025.061 3803
1703397025.351 3803
1703397025.636 3803
1703397025.941 3803
1703397026.233 3803
1703397026.538 3803
1703397026.861 3803
1703397027.141 3803
1703397027.432 3803
1703397027.725 3803
1703397028.001 3803
1703397028.278 3803
1703397028.563 3803
1703397028.840 3803
1703397029.144 3803
1703397029.403 3803
1703397029.705 3803
1703397030.000 3803
1703397030.271 3803
1703397030.547 3803
1703397030.864 3804
1703397031.189 3814
1703397031.472 3819
1703397031.745 3822
1703397032.039 3826
1703397032.316 3833
1703397032.605 3840
1703397032.912 3852
1703397033.189 3857
1703397033.483 3902
1703397033.760 3917
1703397034.039 3939
1703397034.312 3974
1703397034.591 3992
1703397034.884 4015
1703397035.157 4015
1703397035.485 4015
1703397035.785 4015
1703397036.069 4018
1703397036.339 4042
1703397036.631 4063
1703397036.928 4084
1703397037.201 4092
1703397037.486 4092
1703397037.787 4092
1703397038.091 4092
1703397038.385 4092
1703397038.682 4092
1703397038.975 4092
1703397039.263 4096
1703397039.574 4108
1703397039.889 4161
1703397040.128 4168
1703397040.415 4172
1703397040.714 4176
1703397040.997 4181
1703397041.284 4186
1703397041.579 4197
1703397041.864 4211
1703397042.152 4219
1703397042.462 4226
1703397042.756 4229
1703397043.046 4234
1703397043.343 4234
1703397043.641 4247
1703397043.977 4251
1703397044.268 4255
1703397044.555 4257
1703397044.838 4261
1703397045.117 4262
1703397045.413 4299
1703397045.694 4324
1703397045.961 4329
1703397046.237 4332
1703397046.552 4342
1703397046.808 4363
1703397047.087 4368
1703397047.375 4372
1703397047.665 4372
1703397047.958 4385
1703397048.240 4387
1703397048.533 4387
1703397048.817 4387
1703397049.122 4387
1703397049.412 4387
1703397049.709 4387
1703397050.023 4387
1703397050.313 4387
1703397050.604 4387
1703397050.890 4387
1703397051.213 4387
1703397051.523 4389
1703397051.813 4389
1703397052.120 4389
1703397052.408 4390
1703397052.723 4390
1703397052.999 4390
1703397053.282 4390
1703397053.589 4390
1703397053.884 4390
1703397054.164 4390
1703397054.468 4391
1703397054.753 4392
1703397055.043 4392
1703397055.330 4392
1703397055.615 4392
1703397055.905 4393
1703397056.216 4402
1703397056.536 4402
1703397056.856 4404
1703397057.155 4412
1703397057.436 4417
1703397057.727 4432
1703397058.031 4453
1703397058.306 4466
1703397058.608 4490
1703397058.897 4519
1703397059.219 4554
1703397059.544 4600
1703397059.823 4624
1703397060.112 4658
1703397060.399 4685
1703397060.689 4713
1703397060.961 4740
1703397061.249 4761
1703397061.532 4776
1703397061.853 4783
1703397062.182 4792
1703397062.479 4793
1703397062.789 4793
1703397063.084 4798
1703397063.395 4807
1703397063.682 4815
1703397063.968 4825
1703397064.258 4836
1703397064.536 4842
1703397064.836 4853
1703397065.167 4857
1703397065.457 4860
1703397065.743 4860
1703397065.985 4860
1703397066.268 4860
1703397066.552 4860
1703397066.837 4860
1703397067.102 4860
1703397067.391 4862
1703397067.669 4862
1703397067.942 4863
1703397068.211 4863
1703397068.487 4863
1703397068.784 4863
1703397069.058 4863
1703397069.340 4863
1703397069.644 4871
1703397069.922 4876
1703397070.216 4890
1703397070.500 4904
1703397070.781 4913
1703397071.049 4915
1703397071.351 4921
1703397071.629 4927
1703397071.911 4933
1703397072.187 4940
1703397072.488 4947
1703397072.765 4956
1703397073.049 4964
1703397073.341 4989
1703397073.628 4998
1703397073.940 5024
1703397074.230 5043
1703397074.536 5064
1703397074.819 5097
1703397075.111 5110
1703397075.392 5122
1703397075.682 5144
1703397075.972 5145
1703397076.275 5151
1703397076.554 5155
1703397076.841 5157
1703397077.172 5159
1703397077.433 5160
1703397077.734 5160
1703397078.053 5160
1703397078.329 5161
1703397078.633 5172
1703397078.901 5175
1703397079.195 5175
1703397079.471 5175
1703397079.747 5176
1703397080.033 5176
1703397080.361 5176
1703397080.647 5176
1703397080.925 5176
1703397081.202 5176
1703397081.511 5177
1703397081.792 5182
1703397082.075 5192
1703397082.362 5201
1703397082.643 5209
1703397082.930 5221
1703397083.207 5231
1703397083.488 5231
1703397083.774 5233
1703397084.095 5233
1703397084.386 5233
1703397084.703 5233
1703397085.025 5233
1703397085.320 5233
1703397085.622 5233
1703397085.922 5233
1703397086.206 5233
1703397086.470 5233
1703397086.738 5233
1703397087.004 5233
1703397087.273 5233
1703397087.535 5233
1703397087.807 5233
1703397088.077 5233
1703397088.350 5233
1703397088.622 5233
1703397088.916 5233
1703397089.183 5233
1703397089.488 5233
1703397089.747 5233
1703397090.028 5233
1703397090.317 5233
1703397090.609 5233
1703397090.892 5233
1703397091.192 5233
1703397091.483 5233
1703397091.763 5233
1703397092.063 5233
1703397092.357 5233
1703397092.639 5233
1703397092.925 5233
1703397093.207 5233
1703397093.500 5233
1703397093.784 5233
1703397094.075 5234
1703397094.378 5236
1703397094.671 5244
1703397094.955 5246
1703397095.245 5247
1703397095.564 5250
1703397095.866 5254
1703397096.137 5305
1703397096.423 5331
1703397096.730 5338
1703397097.009 5342
1703397097.282 5342
1703397097.565 5342
1703397097.845 5343
1703397098.130 5353
1703397098.433 5398
1703397098.732 5441
1703397099.012 5465
1703397099.299 5484
1703397099.603 5512
1703397099.891 5524
1703397100.216 5524
1703397100.506 5550
1703397100.793 5556
1703397101.105 5556
1703397101.411 5556
1703397101.689 5557
1703397101.967 5557
1703397102.244 5557
1703397102.518 5557
1703397102.795 5557
1703397103.073 5557
1703397103.355 5557
1703397103.654 5557
1703397103.931 5557
1703397104.213 5557
1703397104.494 5557
1703397104.769 5557
1703397105.034 5557
1703397105.318 5557
1703397105.601 5557
1703397105.878 5557
1703397106.149 5557
1703397106.422 5557
1703397106.682 5557
1703397106.945 5557
1703397107.210 5557
1703397107.480 5557
1703397107.746 5557
1703397108.047 5557
1703397108.347 5557
1703397108.664 5557
1703397108.967 5558
1703397109.251 5558
1703397109.535 5558
1703397109.837 5561
1703397110.109 5562
1703397110.424 5563
1703397110.719 5563
1703397111.020 5563
1703397111.401 5563
1703397111.698 5563
1703397112.003 5563
1703397112.307 5563
1703397112.596 5564
1703397112.898 5564
1703397113.175 5564
1703397113.480 5565
1703397113.768 5565
1703397114.053 5565
1703397114.333 5565
1703397114.626 5565
1703397114.937 5565
1703397115.237 5565
1703397115.546 5565
1703397115.817 5565
1703397116.128 5565
1703397116.459 5565
1703397116.745 5565
1703397117.027 5565
1703397117.310 5565
1703397117.608 5565
1703397117.899 5567
1703397118.189 5574
1703397118.484 5578
1703397118.771 5579
1703397119.059 5579
1703397119.338 5579
1703397119.627 5579
1703397119.939 5579
1703397120.302 5579
1703397120.638 5579
1703397120.936 5579
1703397121.213 5579
1703397121.513 5579
1703397121.777 5579
1703397122.070 5579
1703397122.362 5579
1703397122.646 5579
1703397122.939 5579
1703397123.239 5579
1703397123.505 5579
1703397123.815 5579
1703397124.111 5579
1703397124.395 5579
1703397124.683 5579
1703397124.970 5579
1703397125.280 5579
1703397125.583 5579
1703397125.850 5579
1703397126.164 5579
1703397126.478 5579
1703397126.739 5581
1703397127.028 5581
1703397127.313 5589
1703397127.591 5589
1703397127.900 5600
1703397128.215 5610
1703397128.504 5625
1703397128.808 5650
1703397129.093 5683
1703397129.383 5698
1703397129.704 5710
1703397129.998 5715
1703397130.295 5716
1703397130.598 5717
1703397130.882 5717
1703397131.176 5717
1703397131.476 5717
1703397131.789 5717
1703397132.080 5717
1703397132.372 5717
1703397132.679 5717
1703397132.973 5717
1703397133.261 5718
1703397133.555 5719
1703397133.845 5719
1703397134.124 5719
1703397134.410 5719
1703397134.695 5719
1703397135.007 5719
1703397135.275 5719
1703397135.565 5720
1703397135.861 5720
1703397136.140 5720
1703397136.418 5720
1703397136.701 5720
1703397136.967 5720
1703397137.239 5720
1703397137.527 5720
1703397137.792 5720
1703397138.057 5720
1703397138.339 5720
1703397138.645 5720
1703397138.931 5720
1703397139.213 5731
1703397139.541 5731
1703397139.826 5731
1703397140.111 5731
1703397140.397 5731
1703397140.684 5731
1703397140.957 5731
1703397141.242 5731
1703397141.538 5731
1703397141.821 5731
1703397142.119 5731
1703397142.399 5731
1703397142.689 5731
1703397142.973 5731
1703397143.262 5731
1703397143.550 5731
1703397143.865 5731
1703397144.148 5731
1703397144.433 5731
1703397144.708 5731
1703397144.998 5731
1703397145.275 5731
1703397145.558 5731
1703397145.860 5731
1703397146.182 5731
1703397146.467 5731
1703397146.744 5731
1703397147.031 5731
1703397147.321 5731
1703397147.601 5731
1703397147.911 5731
1703397148.196 5732
1703397148.484 5737
1703397148.766 5745
1703397149.045 5748
1703397149.328 5750
1703397149.646 5750
1703397149.925 5750
1703397150.203 5753
1703397150.485 5753
1703397150.784 5753
1703397151.081 5753
1703397151.398 5753
1703397151.699 5758
1703397151.991 5788
1703397152.277 5791
1703397152.577 5791
1703397152.863 5811
1703397153.150 5812
1703397153.477 5815
1703397153.776 5815
1703397154.133 5815
1703397154.455 5815
1703397154.737 5815
1703397155.025 5815
1703397155.325 5815
1703397155.603 5815
1703397155.887 5822
1703397156.171 5832
1703397156.467 5873
1703397156.741 5886
1703397157.027 5907
1703397157.338 5913
1703397157.627 5916
1703397157.920 5916
1703397158.224 5916
1703397158.511 5916
1703397158.792 5916
1703397159.086 5916
1703397159.342 5916
1703397159.611 5916
1703397159.874 5916
1703397160.151 5917
1703397160.453 5918
1703397160.709 5919
1703397160.975 5919
1703397161.250 5920
1703397161.514 5920
1703397161.781 5920
1703397162.051 5920
1703397162.325 5924
1703397162.597 5924
1703397162.871 5924
1703397163.141 5928
1703397163.427 5928
1703397163.687 5928
1703397163.958 5928
1703397164.249 5928
1703397164.551 5928
1703397164.836 5928
1703397165.117 5930
1703397165.402 5932
1703397165.694 5932
1703397165.977 5933
1703397166.328 5933
1703397166.641 5933
1703397166.923 5935
1703397167.245 5938
1703397167.532 5943
1703397167.816 5945
1703397168.102 5945
1703397168.388 5945
1703397168.700 5945
1703397168.991 5945
1703397169.295 5945
1703397169.589 5945
1703397169.866 5945
1703397170.185 5945
1703397170.469 5945
1703397170.750 5945
1703397171.061 5945
1703397171.349 5945
1703397171.635 5945
1703397171.923 5945
1703397172.220 5945
1703397172.557 5945
1703397172.850 5945
1703397173.118 5945
1703397173.404 5945
1703397173.694 5945
1703397173.974 5945
1703397174.255 5945
1703397174.533 5945
1703397174.804 5945
1703397175.073 5945
1703397175.358 5945
1703397175.644 5945
1703397175.893 5945
1703397176.176 5945
1703397176.445 5945
1703397176.722 5945
1703397177.053 5945
1703397177.341 5945
1703397177.641 5945
1703397177.906 5945
1703397178.185 5945
1703397178.465 5945
1703397178.744 5945
1703397179.036 5945
1703397179.359 5945
1703397179.645 5945
1703397179.927 5945
1703397180.215 5945
1703397180.499 5945
1703397180.781 5945
1703397181.075 5945
1703397181.370 5945
1703397181.657 5946
1703397181.946 5946
1703397182.248 5946
1703397182.559 5946
1703397182.836 5946
1703397183.127 5946
1703397183.412 5951
1703397183.696 5963
1703397183.990 5975
1703397184.295 5979
1703397184.589 5980
1703397184.910 5985
1703397185.193 5986
1703397185.493 5986
1703397185.780 5987
1703397186.063 5987
1703397186.354 5987
1703397186.659 5987
1703397186.959 5987
1703397187.248 5987
1703397187.539 5987
1703397187.817 5988
1703397188.110 5990
1703397188.391 5992
1703397188.669 5995
1703397188.957 6000
1703397189.242 6000
1703397189.537 6000
1703397189.833 6004
1703397190.119 6005
1703397190.400 6006
1703397190.716 6008
1703397190.991 6009
1703397191.293 6009
1703397191.574 6009
1703397191.860 6009
1703397192.148 6009
1703397192.446 6009
1703397192.714 6009
1703397193.003 6009
1703397193.327 6009
1703397193.680 6009
1703397193.993 6009
1703397194.324 6009
1703397194.611 6009
1703397194.895 6009
1703397195.191 6017
1703397195.509 6017
1703397195.782 6017
1703397196.092 6017
1703397196.367 6017
1703397196.634 6017
1703397196.922 6017
1703397197.186 6017
1703397197.485 6017
1703397197.747 6017
1703397198.022 6017
1703397198.288 6017
1703397198.580 6017
1703397198.856 6017
1703397199.144 6017
1703397199.411 6017
1703397199.701 6017
1703397199.989 6017
1703397200.287 6017
1703397200.550 6017
1703397200.828 6017
1703397201.117 6017
1703397201.414 6017
1703397201.683 6017
1703397201.940 6017
1703397202.217 6017
1703397202.485 6017
1703397202.744 6017
1703397203.014 6017
1703397203.284 6017
1703397203.594 6017
1703397203.847 6017
1703397204.120 6017
1703397204.387 6017
1703397204.708 6017
1703397204.982 6017
1703397205.267 6017
1703397205.547 6017
1703397205.843 6017
1703397206.113 6017
1703397206.427 6017
1703397206.793 6017
1703397207.101 6017
1703397207.375 6018
1703397207.679 6018
1703397207.972 6018
1703397208.249 6018
1703397208.576 6020
1703397208.889 6020
1703397209.175 6020
1703397209.478 6020
1703397209.764 6020
1703397210.049 6020
1703397210.327 6020
1703397210.653 6020
1703397210.937 6020
1703397211.227 6021
1703397211.516 6021
1703397211.805 6021
1703397212.082 6021
1703397212.367 6022
1703397212.645 6030
1703397212.932 6042
1703397213.218 6050
1703397213.507 6064
1703397213.797 6088
1703397214.089 6103
1703397214.370 6121
1703397214.661 6125
1703397214.972 6134
1703397215.261 6144
1703397215.546 6147
1703397215.834 6148
1703397216.144 6150
1703397216.472 6150
1703397216.765 6150
1703397217.072 6150
1703397217.337 6150
1703397217.632 6150
1703397217.921 6150
1703397218.206 6150
1703397218.539 6150
1703397218.835 6150
1703397219.119 6150
1703397219.458 6150
1703397219.726 6150
1703397220.024 6150
1703397220.315 6150
1703397220.603 6150
1703397220.934 6150
1703397221.213 6150
1703397221.506 6150
1703397221.802 6150
1703397222.092 6150
1703397222.382 6150
1703397222.660 6150
1703397222.948 6150
1703397223.247 6153
1703397223.538 6159
1703397223.819 6183
1703397224.105 6212
1703397224.386 6233
1703397224.689 6236
1703397225.018 6236
1703397225.296 6236
1703397225.604 6237
1703397225.881 6258
1703397226.170 6301
1703397226.455 6335
1703397226.743 6361
1703397227.039 6367
1703397227.366 6371
1703397227.669 6374
1703397227.950 6375
1703397228.263 6379
1703397228.570 6379
1703397228.871 6379
1703397229.173 6379
1703397229.485 6379
1703397229.787 6379
1703397230.089 6379
1703397230.398 6387
1703397230.688 6387
1703397230.975 6387
1703397231.254 6387
1703397231.543 6388
1703397231.838 6389
1703397232.160 6393
1703397232.457 6393
1703397232.735 6393
1703397233.034 6393
1703397233.294 6393
1703397233.583 6393
1703397233.879 6393
1703397234.155 6393
1703397234.415 6393
