1703397348.334 61
1703397348.632 154
1703397349.113 175
1703397349.532 178
1703397349.817 179
1703397350.077 179
1703397350.344 184
1703397350.604 187
1703397350.877 190
1703397351.146 194
1703397351.452 195
1703397351.729 197
1703397351.988 200
1703397352.254 205
1703397352.526 207
1703397352.795 225
1703397353.059 276
1703397353.321 277
1703397353.615 329
1703397353.899 348
1703397354.174 371
1703397354.438 405
1703397354.715 460
1703397354.978 488
1703397355.253 545
1703397355.538 567
1703397355.816 584
1703397356.095 613
1703397356.368 635
1703397356.655 649
1703397356.927 673
1703397357.202 697
1703397357.513 730
1703397357.790 761
1703397358.083 782
1703397358.380 795
1703397358.695 817
1703397358.981 877
1703397359.250 878
1703397359.541 947
1703397359.831 1020
1703397360.114 1098
1703397360.396 1144
1703397360.700 1162
1703397360.989 1190
1703397361.270 1209
1703397361.553 1214
1703397361.849 1215
1703397362.140 1219
1703397362.444 1220
1703397362.749 1223
1703397363.030 1224
1703397363.355 1227
1703397363.644 1234
1703397363.938 1235
1703397364.222 1235
1703397364.521 1236
1703397364.815 1236
1703397365.124 1266
1703397365.415 1272
1703397365.731 1277
1703397366.035 1277
1703397366.369 1277
1703397366.651 1277
1703397366.929 1277
1703397367.229 1279
1703397367.524 1280
1703397367.853 1282
1703397368.171 1351
1703397368.489 1351
1703397368.788 1351
1703397369.081 1358
1703397369.381 1382
1703397369.668 1404
1703397370.018 1418
1703397370.328 1450
1703397370.625 1505
1703397370.909 1522
1703397371.201 1524
1703397371.492 1531
1703397371.795 1538
1703397372.085 1543
1703397372.375 1544
1703397372.670 1548
1703397372.964 1550
1703397373.256 1565
1703397373.538 1569
1703397373.848 1569
1703397374.132 1571
1703397374.423 1571
1703397374.738 1573
1703397375.057 1573
1703397375.336 1573
1703397375.620 1573
1703397375.915 1573
1703397376.218 1575
1703397376.528 1576
1703397376.796 1582
1703397377.077 1608
1703397377.355 1628
1703397377.618 1661
1703397377.889 1707
1703397378.167 1768
1703397378.434 1793
1703397378.702 1823
1703397378.977 1860
1703397379.264 1891
1703397379.529 1918
1703397379.805 1947
1703397380.062 1953
1703397380.339 1966
1703397380.698 1992
1703397381.001 2018
1703397381.289 2053
1703397381.598 2083
1703397381.928 2083
1703397382.228 2086
1703397382.508 2087
1703397382.796 2088
1703397383.082 2089
1703397383.382 2110
1703397383.667 2111
1703397383.960 2111
1703397384.246 2111
1703397384.536 2111
1703397384.822 2111
1703397385.107 2111
1703397385.409 2111
1703397385.704 2116
1703397385.993 2116
1703397386.281 2120
1703397386.581 2120
1703397386.880 2163
1703397387.165 2192
1703397387.475 2206
1703397387.762 2220
1703397388.067 2237
1703397388.337 2250
1703397388.622 2256
1703397388.926 2268
1703397389.214 2275
1703397389.524 2281
1703397389.806 2282
1703397390.098 2282
1703397390.385 2282
1703397390.673 2282
1703397390.974 2293
1703397391.250 2295
1703397391.577 2301
1703397391.872 2301
1703397392.162 2309
1703397392.447 2317
1703397392.749 2318
1703397393.022 2323
1703397393.312 2328
1703397393.602 2356
1703397393.905 2375
1703397394.191 2390
1703397394.490 2410
1703397394.790 2428
1703397395.074 2437
1703397395.363 2464
1703397395.662 2487
1703397395.955 2491
1703397396.241 2514
1703397396.533 2515
1703397396.858 2522
1703397397.155 2530
1703397397.441 2531
1703397397.740 2531
1703397398.006 2531
1703397398.303 2531
1703397398.590 2531
1703397398.877 2531
1703397399.165 2531
1703397399.453 2532
1703397399.743 2532
1703397400.032 2532
1703397400.349 2532
1703397400.662 2532
1703397400.953 2532
1703397401.247 2532
1703397401.529 2532
1703397401.827 2532
1703397402.128 2532
1703397402.428 2532
1703397402.731 2532
1703397403.019 2532
1703397403.325 2532
1703397403.626 2532
1703397403.949 2532
1703397404.249 2532
1703397404.546 2532
1703397404.827 2533
1703397405.148 2533
1703397405.444 2533
1703397405.750 2540
1703397406.046 2541
1703397406.352 2542
1703397406.651 2544
1703397406.936 2548
1703397407.230 2554
1703397407.518 2563
1703397407.839 2583
1703397408.133 2595
1703397408.443 2599
1703397408.735 2609
1703397409.021 2633
1703397409.323 2653
1703397409.607 2673
1703397409.902 2682
1703397410.190 2708
1703397410.485 2735
1703397410.747 2749
1703397411.040 2770
1703397411.339 2797
1703397411.671 2800
1703397411.966 2822
1703397412.245 2822
1703397412.546 2822
1703397412.847 2822
1703397413.156 2822
1703397413.463 2822
1703397413.808 2823
1703397414.130 2823
1703397414.439 2823
1703397414.728 2823
1703397415.021 2823
1703397415.377 2823
1703397415.676 2823
1703397415.966 2823
1703397416.266 2823
1703397416.559 2823
1703397416.843 2823
1703397417.144 2823
1703397417.451 2823
1703397417.746 2823
1703397418.020 2823
1703397418.299 2825
1703397418.574 2825
1703397418.860 2831
1703397419.137 2840
1703397419.421 2844
1703397419.727 2855
1703397420.019 2864
1703397420.316 2884
1703397420.585 2891
1703397420.871 2915
1703397421.185 2939
1703397421.484 2966
1703397421.770 2986
1703397422.054 2997
1703397422.359 3009
1703397422.646 3028
1703397422.923 3030
1703397423.216 3051
1703397423.508 3066
1703397423.812 3076
1703397424.122 3086
1703397424.411 3086
1703397424.724 3086
1703397425.011 3086
1703397425.298 3091
1703397425.594 3099
1703397425.883 3099
1703397426.174 3099
1703397426.466 3099
1703397426.742 3099
1703397427.038 3099
1703397427.319 3099
1703397427.600 3099
1703397427.911 3099
1703397428.194 3099
1703397428.478 3099
1703397428.776 3099
1703397429.040 3099
1703397429.348 3099
1703397429.624 3099
1703397429.910 3099
1703397430.200 3099
1703397430.486 3099
1703397430.780 3099
1703397431.094 3100
1703397431.443 3100
1703397431.737 3100
1703397432.017 3100
1703397432.308 3100
1703397432.591 3100
1703397432.886 3100
1703397433.174 3100
1703397433.479 3100
1703397433.769 3100
1703397434.056 3100
1703397434.351 3100
1703397434.632 3100
1703397434.935 3100
1703397435.222 3100
1703397435.540 3103
1703397435.812 3103
1703397436.113 3103
1703397436.401 3103
1703397436.695 3103
1703397437.076 3103
1703397437.383 3128
1703397437.668 3162
1703397437.966 3175
1703397438.287 3207
1703397438.609 3211
1703397438.893 3224
1703397439.177 3224
1703397439.463 3224
1703397439.751 3234
1703397440.049 3241
1703397440.347 3247
1703397440.621 3247
1703397440.910 3249
1703397441.185 3250
1703397441.478 3259
1703397441.771 3273
1703397442.063 3282
1703397442.364 3282
1703397442.650 3285
1703397442.938 3285
1703397443.239 3292
1703397443.541 3292
1703397443.835 3293
1703397444.161 3295
1703397444.469 3302
1703397444.762 3302
1703397445.044 3302
1703397445.363 3303
1703397445.653 3303
1703397445.932 3304
1703397446.233 3304
1703397446.495 3304
1703397446.783 3304
1703397447.084 3304
1703397447.388 3304
1703397447.697 3304
1703397447.989 3304
1703397448.278 3304
1703397448.597 3304
1703397448.883 3304
1703397449.179 3304
1703397449.466 3304
1703397449.748 3304
1703397450.068 3312
1703397450.343 3312
1703397450.641 3316
1703397450.923 3316
1703397451.215 3316
1703397451.500 3316
1703397451.806 3316
1703397452.123 3316
1703397452.424 3316
1703397452.743 3316
1703397453.053 3316
1703397453.334 3316
1703397453.625 3316
1703397453.905 3323
1703397454.196 3340
1703397454.484 3364
1703397454.773 3396
1703397455.069 3396
1703397455.418 3414
1703397455.710 3424
1703397455.999 3434
1703397456.294 3451
1703397456.581 3470
1703397456.884 3499
1703397457.168 3527
1703397457.457 3542
1703397457.748 3563
1703397458.037 3580
1703397458.331 3612
1703397458.631 3638
1703397458.988 3661
1703397459.253 3666
1703397459.542 3666
1703397459.854 3666
1703397460.136 3666
1703397460.430 3667
1703397460.757 3668
1703397461.032 3668
1703397461.312 3668
1703397461.602 3668
1703397461.880 3668
1703397462.208 3668
1703397462.502 3669
1703397462.781 3669
1703397463.067 3674
1703397463.350 3679
1703397463.645 3679
1703397463.928 3679
1703397464.218 3679
1703397464.503 3679
1703397464.796 3679
1703397465.079 3679
1703397465.418 3679
1703397465.727 3679
1703397466.046 3679
1703397466.360 3679
1703397466.649 3679
1703397466.962 3679
1703397467.235 3679
1703397467.530 3679
1703397467.818 3679
1703397468.115 3681
1703397468.409 3681
1703397468.699 3681
1703397469.000 3682
1703397469.319 3686
1703397469.613 3699
1703397469.904 3708
1703397470.200 3718
1703397470.486 3728
1703397470.860 3737
1703397471.149 3740
1703397471.436 3740
1703397471.726 3740
1703397472.035 3743
1703397472.328 3744
1703397472.631 3745
1703397472.925 3745
1703397473.213 3746
1703397473.503 3746
1703397473.820 3749
1703397474.110 3749
1703397474.394 3749
1703397474.687 3749
1703397474.971 3749
1703397475.267 3749
1703397475.562 3751
1703397475.872 3755
1703397476.174 3766
1703397476.467 3768
1703397476.753 3772
1703397477.065 3772
1703397477.349 3773
1703397477.624 3773
1703397477.950 3773
1703397478.253 3773
1703397478.539 3773
1703397478.842 3773
1703397479.133 3773
1703397479.426 3773
1703397479.725 3773
1703397480.022 3773
1703397480.315 3773
1703397480.619 3773
1703397480.920 3774
1703397481.209 3774
1703397481.555 3774
1703397481.848 3774
1703397482.166 3774
1703397482.429 3774
1703397482.707 3774
1703397482.980 3774
1703397483.262 3774
1703397483.529 3774
1703397483.802 3774
1703397484.080 3778
1703397484.354 3778
1703397484.637 3778
1703397484.915 3778
1703397485.207 3778
1703397485.478 3778
1703397485.767 3778
1703397486.018 3778
1703397486.298 3778
1703397486.565 3778
1703397486.855 3778
1703397487.151 3778
1703397487.421 3778
1703397487.720 3778
1703397488.080 3778
1703397488.372 3778
1703397488.657 3778
1703397488.948 3778
1703397489.237 3778
1703397489.538 3778
1703397489.820 3778
1703397490.104 3779
1703397490.377 3782
1703397490.644 3784
1703397490.926 3785
1703397491.222 3785
1703397491.511 3785
1703397491.771 3785
1703397492.077 3785
1703397492.366 3801
1703397492.659 3804
1703397492.951 3811
1703397493.268 3832
1703397493.603 3843
1703397493.893 3856
1703397494.184 3866
1703397494.469 3867
1703397494.758 3873
1703397495.069 3875
1703397495.372 3876
1703397495.757 3881
1703397496.050 3894
1703397496.414 3904
1703397496.704 3904
1703397497.007 3912
1703397497.285 3912
1703397497.585 3918
1703397497.890 3918
1703397498.183 3919
1703397498.480 3919
1703397498.777 3919
1703397499.084 3934
1703397499.378 3946
1703397499.662 3960
1703397499.957 3969
1703397500.253 3994
1703397500.541 4012
1703397500.829 4050
1703397501.113 4099
1703397501.400 4130
1703397501.684 4135
1703397501.984 4152
1703397502.313 4154
1703397502.603 4166
1703397502.899 4184
1703397503.192 4194
1703397503.508 4199
1703397503.843 4199
1703397504.121 4199
1703397504.419 4200
1703397504.721 4200
1703397504.993 4200
1703397505.292 4201
1703397505.580 4201
1703397505.872 4201
1703397506.143 4201
1703397506.418 4201
1703397506.710 4201
1703397507.005 4201
1703397507.280 4203
1703397507.568 4203
1703397507.877 4203
1703397508.171 4204
1703397508.459 4206
1703397508.775 4207
1703397509.127 4207
1703397509.416 4207
1703397509.711 4207
1703397509.998 4207
1703397510.287 4208
1703397510.567 4208
1703397510.902 4208
1703397511.213 4208
1703397511.500 4208
1703397511.782 4208
1703397512.089 4208
1703397512.375 4208
1703397512.684 4208
1703397512.984 4218
1703397513.274 4251
1703397513.652 4323
1703397513.964 4370
1703397514.250 4431
1703397514.536 4476
1703397514.819 4505
1703397515.111 4550
1703397515.398 4571
1703397515.670 4577
1703397515.995 4580
1703397516.333 4583
1703397516.626 4603
1703397516.909 4632
1703397517.220 4635
1703397517.508 4673
1703397517.772 4679
1703397518.060 4686
1703397518.348 4686
1703397518.644 4686
1703397518.940 4686
1703397519.239 4686
1703397519.522 4692
1703397519.809 4692
1703397520.093 4692
1703397520.387 4692
1703397520.678 4692
1703397520.972 4697
1703397521.256 4698
1703397521.565 4698
1703397521.841 4698
1703397522.138 4698
1703397522.447 4698
1703397522.752 4698
1703397523.026 4699
1703397523.330 4699
1703397523.626 4699
1703397523.941 4699
1703397524.237 4699
1703397524.518 4699
1703397524.804 4699
1703397525.095 4699
1703397525.398 4699
1703397525.737 4699
1703397526.031 4699
1703397526.381 4699
1703397526.662 4699
1703397526.942 4699
1703397527.234 4699
1703397527.523 4699
1703397527.808 4699
1703397528.098 4699
1703397528.385 4699
1703397528.699 4699
1703397528.983 4699
1703397529.270 4701
1703397529.572 4703
1703397529.886 4703
1703397530.178 4703
1703397530.490 4703
1703397530.765 4704
1703397531.061 4704
1703397531.357 4704
1703397531.645 4704
1703397531.935 4707
1703397532.227 4711
1703397532.523 4715
1703397532.814 4724
1703397533.104 4735
1703397533.415 4749
1703397533.718 4762
1703397534.026 4774
1703397534.311 4780
1703397534.601 4789
1703397534.914 4806
1703397535.215 4808
1703397535.537 4814
1703397535.859 4821
1703397536.153 4823
1703397536.441 4826
1703397536.722 4833
1703397537.027 4843
1703397537.317 4861
1703397537.625 4867
1703397537.897 4876
1703397538.217 4876
1703397538.483 4878
1703397538.788 4879
1703397539.119 4882
1703397539.419 4889
1703397539.716 4895
1703397540.004 4895
1703397540.299 4900
1703397540.594 4915
1703397540.873 4921
1703397541.170 4922
1703397541.458 4922
1703397541.763 4923
1703397542.038 4923
1703397542.325 4923
1703397542.617 4924
1703397542.916 4924
1703397543.188 4946
1703397543.509 4949
1703397543.794 4949
1703397544.090 4949
1703397544.399 4977
1703397544.668 4980
1703397544.960 5000
1703397545.279 5035
1703397545.557 5053
1703397545.832 5066
1703397546.122 5076
1703397546.424 5091
1703397546.735 5099
1703397547.040 5109
1703397547.312 5110
1703397547.586 5110
1703397547.915 5110
1703397548.221 5110
1703397548.519 5110
1703397548.806 5110
1703397549.110 5110
1703397549.380 5110
1703397549.686 5110
1703397549.979 5111
1703397550.278 5112
1703397550.571 5122
1703397550.877 5127
1703397551.165 5139
1703397551.476 5151
1703397551.803 5174
1703397552.095 5184
1703397552.394 5184
1703397552.681 5184
1703397552.956 5185
1703397553.250 5185
1703397553.519 5185
1703397553.819 5185
1703397554.146 5186
1703397554.454 5186
1703397554.745 5186
1703397555.015 5186
1703397555.288 5186
1703397555.591 5186
1703397555.876 5186
1703397556.158 5186
1703397556.469 5186
1703397556.757 5186
1703397557.038 5187
1703397557.330 5187
1703397557.622 5189
1703397557.907 5189
1703397558.196 5189
1703397558.481 5191
1703397558.762 5191
1703397559.068 5191
1703397559.363 5191
1703397559.664 5191
1703397559.955 5191
1703397560.248 5191
1703397560.546 5191
1703397560.872 5191
1703397561.159 5191
1703397561.443 5191
1703397561.728 5191
1703397562.019 5191
1703397562.312 5191
1703397562.605 5191
1703397562.893 5191
1703397563.173 5191
1703397563.452 5191
1703397563.736 5191
1703397564.044 5194
1703397564.312 5197
1703397564.621 5198
1703397564.906 5204
1703397565.200 5208
1703397565.486 5216
1703397565.772 5220
1703397566.046 5221
1703397566.348 5229
1703397566.631 5236
1703397566.920 5237
1703397567.209 5239
1703397567.497 5240
1703397567.806 5243
1703397568.093 5245
1703397568.383 5245
1703397568.699 5245
1703397568.999 5245
1703397569.288 5246
1703397569.575 5246
1703397569.857 5246
1703397570.157 5247
1703397570.482 5247
1703397570.776 5247
1703397571.056 5247
1703397571.356 5247
1703397571.682 5247
1703397571.969 5247
1703397572.258 5247
1703397572.540 5247
1703397572.809 5247
1703397573.111 5247
1703397573.399 5247
1703397573.727 5247
1703397574.021 5247
1703397574.349 5247
1703397574.615 5247
1703397574.896 5247
1703397575.198 5247
1703397575.528 5247
1703397575.833 5247
1703397576.124 5247
1703397576.443 5247
1703397576.748 5247
1703397577.041 5247
1703397577.350 5247
1703397577.609 5247
1703397577.899 5247
1703397578.188 5247
1703397578.472 5247
1703397578.737 5247
1703397579.036 5247
1703397579.359 5247
1703397579.654 5247
1703397579.954 5247
1703397580.234 5247
1703397580.503 5247
1703397580.776 5247
1703397581.041 5249
1703397581.312 5249
1703397581.591 5250
1703397581.908 5256
1703397582.174 5261
1703397582.450 5267
1703397582.738 5276
1703397583.013 5284
1703397583.301 5313
1703397583.588 5334
1703397583.885 5356
1703397584.163 5366
1703397584.459 5374
1703397584.743 5377
1703397585.026 5377
1703397585.339 5381
1703397585.657 5403
1703397585.946 5403
1703397586.241 5414
1703397586.543 5424
1703397586.828 5426
1703397587.130 5435
1703397587.471 5437
1703397587.839 5437
1703397588.123 5437
1703397588.412 5438
1703397588.704 5454
1703397588.986 5454
1703397589.300 5454
1703397589.589 5455
1703397589.880 5466
1703397590.175 5474
1703397590.462 5488
1703397590.750 5505
1703397591.048 5524
1703397591.395 5568
1703397591.702 5631
1703397592.007 5664
1703397592.298 5670
1703397592.629 5674
1703397592.914 5678
1703397593.194 5680
1703397593.479 5687
1703397593.794 5694
1703397594.096 5695
1703397594.386 5695
1703397594.669 5695
1703397594.953 5696
1703397595.243 5696
1703397595.529 5699
1703397595.822 5704
1703397596.136 5729
1703397596.439 5757
1703397596.752 5779
1703397597.023 5803
1703397597.340 5828
1703397597.613 5851
1703397597.884 5875
1703397598.167 5904
1703397598.457 5927
1703397598.748 5939
1703397599.058 5939
1703397599.345 5961
1703397599.610 5961
1703397599.893 5962
1703397600.256 5962
1703397600.565 5962
1703397600.844 5962
1703397601.143 5962
1703397601.418 5962
1703397601.709 5962
1703397601.987 5962
1703397602.274 5962
1703397602.589 5962
1703397602.866 5963
1703397603.192 5969
1703397603.492 5976
1703397603.795 5983
1703397604.087 5984
1703397604.378 5984
1703397604.663 5984
1703397604.990 5990
1703397605.259 5991
1703397605.550 6011
1703397605.841 6029
1703397606.127 6032
1703397606.413 6041
1703397606.701 6042
1703397606.989 6042
1703397607.297 6042
1703397607.597 6042
1703397607.866 6042
1703397608.181 6042
1703397608.513 6042
1703397608.805 6042
1703397609.096 6042
1703397609.380 6042
1703397609.672 6042
1703397609.966 6044
1703397610.267 6044
1703397610.604 6046
1703397610.885 6050
1703397611.173 6052
1703397611.464 6052
1703397611.756 6052
1703397612.054 6053
1703397612.340 6057
1703397612.622 6057
1703397612.927 6058
1703397613.215 6058
1703397613.509 6058
1703397613.805 6058
1703397614.093 6059
1703397614.375 6061
1703397614.666 6061
1703397614.940 6061
1703397615.221 6061
1703397615.494 6061
1703397615.786 6061
1703397616.084 6061
1703397616.376 6061
1703397616.664 6061
1703397616.969 6061
1703397617.273 6061
1703397617.565 6061
1703397617.843 6062
1703397618.150 6063
1703397618.477 6063
1703397618.755 6063
1703397619.061 6063
1703397619.334 6064
1703397619.626 6064
1703397619.917 6075
1703397620.203 6086
1703397620.491 6091
1703397620.798 6113
1703397621.081 6113
1703397621.387 6113
1703397621.658 6113
1703397621.945 6113
1703397622.244 6113
1703397622.528 6113
1703397622.865 6113
1703397623.181 6113
1703397623.455 6113
1703397623.767 6113
1703397624.085 6113
1703397624.367 6113
1703397624.663 6113
1703397624.955 6113
1703397625.250 6113
1703397625.529 6113
1703397625.816 6113
1703397626.111 6113
1703397626.413 6113
1703397626.735 6113
1703397627.074 6113
1703397627.414 6113
1703397627.702 6113
1703397627.993 6113
1703397628.279 6113
1703397628.568 6113
1703397628.851 6113
1703397629.142 6113
1703397629.439 6113
1703397629.732 6113
1703397630.023 6113
1703397630.319 6113
1703397630.609 6113
1703397630.890 6113
1703397631.172 6113
1703397631.475 6113
1703397631.784 6113
1703397632.069 6113
1703397632.381 6113
1703397632.676 6113
1703397632.947 6113
1703397633.225 6113
1703397633.523 6115
1703397633.829 6115
1703397634.111 6115
1703397634.404 6115
1703397634.696 6115
1703397634.980 6115
1703397635.272 6115
1703397635.551 6116
1703397635.834 6116
1703397636.121 6116
1703397636.413 6116
1703397636.679 6116
1703397636.948 6116
1703397637.241 6116
1703397637.514 6116
1703397637.792 6116
1703397638.073 6116
1703397638.353 6116
1703397638.645 6116
1703397638.967 6116
1703397639.244 6116
1703397639.559 6116
1703397639.825 6116
1703397640.113 6116
1703397640.394 6117
1703397640.684 6118
1703397640.958 6118
1703397641.242 6118
1703397641.534 6118
1703397641.845 6118
1703397642.131 6118
1703397642.413 6118
1703397642.699 6118
1703397643.013 6120
1703397643.327 6120
1703397643.615 6120
1703397643.930 6121
1703397644.232 6126
1703397644.529 6152
1703397644.834 6176
1703397645.126 6186
1703397645.410 6199
1703397645.699 6201
1703397645.978 6201
1703397646.267 6203
1703397646.551 6210
1703397646.894 6216
1703397647.266 6216
1703397647.600 6216
1703397647.894 6218
1703397648.168 6218
1703397648.452 6220
1703397648.733 6221
1703397649.008 6221
1703397649.281 6223
1703397649.585 6223
1703397649.866 6223
1703397650.149 6223
1703397650.442 6223
1703397650.722 6223
1703397651.017 6227
1703397651.389 6234
1703397651.706 6249
1703397651.998 6263
1703397652.280 6271
1703397652.571 6276
1703397652.920 6276
1703397653.184 6276
1703397653.467 6276
1703397653.756 6276
1703397654.041 6276
1703397654.320 6276
1703397654.593 6276
1703397654.848 6276
1703397655.185 6278
1703397655.444 6278
1703397655.715 6280
1703397655.989 6280
1703397656.258 6295
1703397656.537 6295
1703397656.843 6295
1703397657.131 6295
1703397657.404 6296
1703397657.705 6296
1703397657.956 6303
1703397658.248 6306
1703397658.526 6320
1703397658.817 6330
1703397659.102 6347
1703397659.392 6376
1703397659.684 6380
1703397659.972 6391
1703397660.288 6397
1703397660.553 6397
1703397660.893 6397
1703397661.202 6397
1703397661.527 6411
1703397661.816 6432
1703397662.133 6445
1703397662.473 6446
1703397662.764 6446
1703397663.043 6446
1703397663.339 6446
1703397663.647 6448
1703397663.952 6450
1703397664.244 6453
1703397664.515 6457
1703397664.776 6458
1703397665.042 6458
1703397665.310 6458
1703397665.612 6458
1703397665.882 6458
1703397666.168 6458
1703397666.443 6458
1703397666.693 6458
1703397666.959 6461
1703397667.233 6461
1703397667.500 6461
1703397667.768 6461
1703397668.035 6461
1703397668.325 6461
1703397668.570 6461
1703397668.848 6461
1703397669.128 6461
1703397669.409 6461
1703397669.673 6461
1703397669.950 6461
1703397670.219 6461
1703397670.484 6461
1703397670.769 6461
1703397671.006 6461
1703397671.288 6461
1703397671.566 6461
1703397671.860 6462
1703397672.159 6463
1703397672.458 6463
1703397672.749 6463
1703397673.033 6463
1703397673.312 6463
1703397673.602 6463
1703397673.863 6463
1703397674.150 6463
1703397674.428 6463
1703397674.708 6463
1703397674.999 6465
1703397675.283 6470
1703397675.570 6476
1703397675.854 6478
1703397676.156 6478
1703397676.436 6480
1703397676.730 6481
1703397677.014 6482
1703397677.304 6483
1703397677.602 6483
1703397677.877 6483
1703397678.166 6483
