1703396883.695 3.412 2.192 
1703396883.696 3.412 2.192 
1703396883.797 3.439 2.135 
1703396883.898 3.485 2.001 
1703396884.699 3.503 1.719 
1703396884.800 3.466 1.737 
1703396884.900 3.372 1.767 
1703396885.000 3.316 1.804 
1703396885.100 3.338 1.790 
1703396885.200 3.431 1.691 
1703396885.300 3.517 1.563 
1703396885.404 3.624 1.457 
1703396885.502 3.725 1.350 
1703396885.601 3.825 1.219 
1703396890.108 3.917 0.644 
1703396890.209 3.928 0.682 
1703396890.308 3.946 0.787 
1703396890.408 3.974 0.899 
1703396890.508 3.996 1.002 
1703396890.608 3.995 1.091 
1703396894.917 4.011 1.379 
1703396894.918 4.011 1.379 
1703396895.019 3.982 1.347 
1703396895.120 3.898 1.335 
1703396895.219 3.747 1.343 
1703396895.320 3.619 1.337 
1703396895.436 3.496 1.320 
1703396895.535 3.390 1.317 
1703396895.632 3.296 1.352 
1703396895.733 3.195 1.439 
1703396895.832 3.098 1.512 
1703396895.931 3.013 1.580 
1703396896.032 2.937 1.669 
1703396896.131 2.872 1.770 
1703396896.232 2.809 1.864 
1703396896.332 2.752 1.951 
1703396896.432 2.705 2.064 
1703396896.533 2.664 2.150 
1703396896.632 2.630 2.220 
1703396896.733 2.597 2.293 
1703396896.832 2.563 2.366 
1703396896.933 2.533 2.459 
1703396897.033 2.505 2.552 
1703396897.133 2.481 2.640 
1703396897.233 2.455 2.721 
1703396897.333 2.429 2.791 
1703396897.434 2.410 2.870 
1703396897.534 2.407 2.982 
1703396897.634 2.399 3.072 
1703396897.734 2.389 3.149 
1703396897.834 2.384 3.225 
1703396897.934 2.383 3.292 
1703396898.033 2.399 3.366 
1703396898.134 2.403 3.433 
1703396898.235 2.400 3.483 
1703396898.334 2.399 3.529 
1703396898.435 2.431 3.597 
1703396898.535 2.493 3.692 
1703396898.635 2.518 3.751 
1703396898.735 2.540 3.790 
1703396898.835 2.570 3.835 
1703396898.935 2.609 3.905 
1703396899.035 2.654 3.982 
1703396899.135 2.702 4.047 
1703396899.236 2.751 4.099 
1703396899.336 2.802 4.140 
1703396899.436 2.834 4.169 
1703396899.536 2.846 4.195 
1703396899.636 2.909 4.198 
1703396899.736 3.015 4.213 
1703396899.836 3.095 4.205 
1703396899.936 3.167 4.204 
1703396900.036 3.258 4.221 
1703396900.136 3.353 4.242 
1703396900.236 3.424 4.261 
1703396900.337 3.472 4.280 
1703396900.437 3.478 4.312 
1703396900.537 3.496 4.340 
1703396900.637 3.579 4.311 
1703396900.738 3.688 4.249 
1703396900.837 3.748 4.224 
1703396900.938 3.804 4.206 
1703396901.038 3.879 4.185 
1703396901.138 3.969 4.164 
1703396901.238 4.052 4.129 
1703396901.338 4.120 4.077 
1703396901.438 4.189 4.010 
1703396901.539 4.264 3.940 
1703396901.638 4.331 3.889 
1703396901.738 4.373 3.855 
1703396901.839 4.413 3.815 
1703396901.939 4.460 3.768 
1703396902.039 4.520 3.703 
1703396902.139 4.584 3.639 
1703396902.239 4.643 3.581 
1703396902.339 4.701 3.519 
1703396902.439 4.758 3.456 
1703396902.539 4.817 3.392 
1703396902.639 4.873 3.323 
1703396902.740 4.926 3.254 
1703396902.840 4.982 3.191 
1703396902.940 5.034 3.124 
1703396903.041 5.086 3.060 
1703396903.140 5.137 2.986 
1703396903.240 5.187 2.901 
1703396903.340 5.237 2.836 
1703396903.441 5.281 2.767 
1703396903.540 5.322 2.693 
1703396903.640 5.360 2.613 
1703396903.741 5.400 2.537 
1703396903.840 5.445 2.460 
1703396903.941 5.488 2.380 
1703396904.041 5.512 2.306 
1703396904.141 5.543 2.224 
1703396904.241 5.578 2.143 
1703396904.341 5.616 2.061 
1703396904.441 5.654 1.976 
1703396904.542 5.688 1.886 
1703396904.642 5.718 1.815 
1703396904.743 5.748 1.725 
1703396904.843 5.780 1.633 
1703396904.942 5.816 1.544 
1703396905.043 5.853 1.451 
1703396905.143 5.888 1.360 
1703396905.243 5.923 1.271 
1703396905.342 5.956 1.180 
1703396905.443 5.991 1.091 
1703396905.543 6.025 1.001 
1703396905.644 6.057 0.913 
1703396905.744 6.087 0.828 
1703396905.844 6.118 0.743 
1703396905.945 6.150 0.659 
1703396906.044 6.180 0.577 
1703396906.145 6.211 0.495 
1703396906.245 6.240 0.414 
1703396906.345 6.263 0.338 
1703396906.446 6.286 0.260 
1703396906.545 6.304 0.185 
1703396906.645 6.323 0.112 
1703396906.745 6.340 0.043 
1703396906.846 6.364 -0.050 
1703396906.946 6.392 -0.153 
1703396907.046 6.433 -0.228 
1703396907.146 6.455 -0.302 
1703396907.246 6.451 -0.375 
1703396907.346 6.433 -0.447 
1703396907.446 6.420 -0.515 
1703396907.546 6.403 -0.582 
1703396907.646 6.389 -0.648 
1703396907.747 6.354 -0.733 
1703396907.847 6.308 -0.812 
1703396907.947 6.274 -0.880 
1703396908.047 6.255 -0.930 
1703396908.147 6.246 -0.968 
1703396908.247 6.259 -0.991 
1703396908.348 6.216 -1.024 
1703396909.952 6.087 -1.068 
1703396910.053 6.095 -1.082 
1703396910.153 6.060 -1.046 
1703396910.253 6.004 -0.981 
1703396910.353 5.936 -0.930 
1703396910.454 5.882 -0.871 
1703396910.553 5.831 -0.812 
1703396910.653 5.782 -0.751 
1703396910.754 5.727 -0.689 
1703396910.853 5.666 -0.618 
1703396910.954 5.598 -0.538 
1703396911.054 5.545 -0.480 
1703396911.155 5.492 -0.435 
1703396911.254 5.439 -0.384 
1703396911.355 5.381 -0.332 
1703396911.454 5.315 -0.285 
1703396911.555 5.249 -0.232 
1703396911.654 5.187 -0.182 
1703396911.755 5.120 -0.137 
1703396911.855 5.053 -0.093 
1703396911.955 4.986 -0.053 
1703396912.054 4.911 -0.026 
1703396912.155 4.828 -0.016 
1703396912.255 4.751 -0.010 
1703396912.356 4.686 0.007 
1703396912.456 4.615 0.023 
1703396912.556 4.537 0.038 
1703396912.655 4.455 0.053 
1703396912.756 4.373 0.056 
1703396912.856 4.298 0.050 
1703396912.955 4.221 0.044 
1703396913.056 4.127 0.029 
1703396913.156 4.050 0.030 
1703396913.257 3.981 0.029 
1703396913.356 3.905 0.003 
1703396913.456 3.835 -0.033 
1703396913.557 3.775 -0.062 
1703396913.657 3.709 -0.118 
1703396913.757 3.645 -0.190 
1703396913.857 3.575 -0.263 
1703396913.958 3.505 -0.340 
1703396914.057 3.446 -0.417 
1703396914.157 3.407 -0.499 
1703396914.257 3.376 -0.584 
1703396914.358 3.349 -0.671 
1703396914.458 3.323 -0.762 
1703396914.561 3.306 -0.839 
1703396914.659 3.297 -0.891 
1703396914.758 3.289 -0.945 
1703396914.859 3.283 -1.011 
1703396914.959 3.270 -1.092 
1703396915.058 3.252 -1.171 
1703396915.159 3.245 -1.248 
1703396915.259 3.237 -1.324 
1703396915.360 3.227 -1.399 
1703396915.459 3.218 -1.475 
1703396915.559 3.212 -1.555 
1703396915.659 3.201 -1.634 
1703396915.760 3.193 -1.716 
1703396915.860 3.185 -1.798 
1703396915.960 3.175 -1.878 
1703396916.060 3.165 -1.957 
1703396916.160 3.151 -2.045 
1703396916.260 3.129 -2.144 
1703396916.361 3.095 -2.256 
1703396916.461 3.049 -2.370 
1703396916.560 2.996 -2.475 
1703396916.661 2.950 -2.572 
1703396918.772 2.959 -2.707 
1703396918.773 2.959 -2.707 
1703396918.873 2.918 -2.715 
1703396918.973 2.856 -2.726 
1703396919.073 2.773 -2.796 
1703396919.173 2.687 -2.891 
1703396919.273 2.619 -2.997 
1703396919.374 2.566 -3.103 
1703396919.473 2.513 -3.207 
1703396919.576 2.449 -3.299 
1703396919.674 2.391 -3.395 
1703396919.775 2.338 -3.498 
1703396919.874 2.305 -3.612 
1703396919.974 2.270 -3.728 
1703396920.074 2.249 -3.845 
1703396920.175 2.229 -3.933 
1703396920.274 2.225 -3.996 
1703396920.375 2.223 -4.069 
1703396920.474 2.223 -4.145 
1703396920.575 2.220 -4.225 
1703396920.675 2.218 -4.302 
1703396920.775 2.227 -4.389 
1703396920.875 2.236 -4.477 
1703396920.975 2.231 -4.565 
1703396921.076 2.209 -4.649 
1703396921.176 2.181 -4.720 
1703396921.276 2.141 -4.803 
1703396921.376 2.081 -4.898 
1703396921.476 2.031 -4.981 
1703396921.576 1.994 -5.063 
1703396921.677 1.960 -5.139 
1703396921.777 1.888 -5.216 
1703396921.877 1.801 -5.290 
1703396921.977 1.710 -5.356 
1703396922.077 1.611 -5.411 
1703396922.177 1.509 -5.450 
1703396922.278 1.394 -5.462 
1703396922.378 1.274 -5.446 
1703396922.493 1.174 -5.418 
1703396922.589 1.096 -5.398 
1703396922.687 1.011 -5.324 
1703396922.785 0.931 -5.255 
1703396922.887 0.855 -5.205 
1703396922.986 0.789 -5.136 
1703396923.087 0.741 -5.037 
1703396923.186 0.703 -4.940 
1703396923.286 0.667 -4.851 
1703396923.386 0.638 -4.795 
1703396923.488 0.615 -4.735 
1703396923.587 0.591 -4.649 
1703396923.687 0.569 -4.567 
1703396923.787 0.545 -4.499 
1703396923.887 0.520 -4.426 
1703396923.987 0.493 -4.346 
1703396924.087 0.469 -4.266 
1703396924.187 0.447 -4.187 
1703396924.288 0.424 -4.111 
1703396924.388 0.401 -4.037 
1703396924.487 0.382 -3.960 
1703396924.588 0.372 -3.864 
1703396924.688 0.367 -3.776 
1703396924.788 0.361 -3.696 
1703396924.889 0.349 -3.622 
1703396924.988 0.336 -3.557 
1703396925.092 0.328 -3.481 
1703396925.192 0.342 -3.377 
1703396925.290 0.366 -3.262 
1703396925.390 0.384 -3.172 
1703396925.492 0.383 -3.109 
1703396925.592 0.382 -3.052 
1703396925.692 0.383 -2.980 
1703396925.793 0.393 -2.893 
1703396925.892 0.410 -2.800 
1703396925.992 0.425 -2.712 
1703396926.092 0.441 -2.622 
1703396926.192 0.455 -2.547 
1703396926.293 0.469 -2.484 
1703396926.393 0.470 -2.405 
1703396926.492 0.468 -2.303 
1703396926.593 0.466 -2.204 
1703396926.693 0.470 -2.110 
1703396926.793 0.475 -2.030 
1703396926.893 0.476 -1.951 
1703396926.993 0.474 -1.870 
1703396927.094 0.464 -1.775 
1703396927.194 0.441 -1.678 
1703396927.294 0.424 -1.587 
1703396927.394 0.400 -1.495 
1703396927.494 0.373 -1.403 
1703396927.594 0.356 -1.319 
1703396927.694 0.328 -1.231 
1703396927.794 0.302 -1.139 
1703396927.894 0.278 -1.051 
1703396927.995 0.258 -0.967 
1703396928.094 0.239 -0.874 
1703396928.194 0.220 -0.788 
1703396928.294 0.201 -0.699 
1703396928.395 0.180 -0.610 
1703396928.495 0.161 -0.521 
1703396928.595 0.144 -0.437 
1703396928.696 0.128 -0.351 
1703396928.796 0.112 -0.263 
1703396928.896 0.094 -0.175 
1703396928.996 0.078 -0.082 
1703396929.096 0.054 0.011 
1703396929.196 0.034 0.100 
1703396929.296 0.016 0.185 
1703396929.397 -0.004 0.271 
1703396929.496 -0.027 0.371 
1703396929.597 -0.051 0.469 
1703396929.696 -0.072 0.559 
1703396929.796 -0.092 0.651 
1703396929.896 -0.124 0.740 
1703396929.997 -0.155 0.830 
1703396930.097 -0.183 0.916 
1703396930.197 -0.211 1.001 
1703396930.297 -0.237 1.083 
1703396930.397 -0.266 1.167 
1703396930.497 -0.306 1.253 
1703396930.598 -0.343 1.336 
1703396930.697 -0.378 1.416 
1703396930.798 -0.415 1.494 
1703396930.898 -0.458 1.570 
1703396930.998 -0.500 1.643 
1703396931.098 -0.539 1.709 
1703396931.199 -0.580 1.772 
1703396931.298 -0.622 1.833 
1703396931.399 -0.664 1.894 
1703396931.499 -0.699 1.945 
1703396931.599 -0.728 2.028 
1703396931.699 -0.754 2.097 
1703396931.798 -0.769 2.160 
1703396931.899 -0.772 2.234 
1703396931.999 -0.766 2.296 
1703396932.100 -0.750 2.351 
1703396932.199 -0.740 2.399 
1703396932.301 -0.735 2.447 
1703396932.401 -0.713 2.514 
1703396932.501 -0.692 2.584 
1703396932.602 -0.678 2.645 
1703396932.701 -0.671 2.688 
1703396932.801 -0.646 2.734 
1703396932.901 -0.618 2.784 
1703396933.001 -0.595 2.848 
1703396933.102 -0.579 2.908 
1703396933.202 -0.559 2.970 
1703396933.302 -0.512 3.043 
1703396933.402 -0.470 3.100 
1703396933.502 -0.429 3.139 
1703396933.602 -0.385 3.168 
1703396933.702 -0.340 3.199 
1703396933.802 -0.300 3.242 
1703396933.903 -0.258 3.296 
1703396934.002 -0.210 3.354 
1703396934.102 -0.155 3.406 
1703396934.202 -0.114 3.451 
1703396934.303 -0.110 3.481 
1703396934.403 -0.142 3.497 
1703396934.503 -0.128 3.506 
1703396934.603 0.010 3.497 
1703396934.703 0.117 3.507 
1703396934.803 0.163 3.532 
1703396934.903 0.230 3.532 
1703396935.004 0.310 3.534 
1703396935.104 0.409 3.543 
1703396935.204 0.500 3.549 
1703396935.304 0.578 3.546 
1703396935.404 0.625 3.535 
1703396935.504 0.686 3.517 
1703396935.606 0.766 3.490 
1703396935.705 0.841 3.462 
1703396935.804 0.909 3.428 
1703396935.904 0.980 3.390 
1703396936.005 1.063 3.354 
1703396936.105 1.146 3.314 
1703396936.205 1.225 3.273 
1703396936.305 1.298 3.228 
1703396936.405 1.376 3.174 
1703396936.507 1.458 3.118 
1703396936.606 1.537 3.065 
1703396936.706 1.620 3.007 
1703396936.806 1.699 2.953 
1703396936.906 1.779 2.893 
1703396937.009 1.863 2.832 
1703396937.107 1.944 2.772 
1703396937.206 2.028 2.707 
1703396937.307 2.110 2.646 
1703396937.406 2.193 2.582 
1703396937.507 2.277 2.518 
1703396937.606 2.361 2.454 
1703396937.707 2.446 2.388 
1703396937.807 2.529 2.323 
1703396937.907 2.611 2.255 
1703396938.007 2.694 2.189 
1703396938.107 2.778 2.123 
1703396938.208 2.862 2.056 
1703396938.308 2.945 1.989 
1703396938.408 3.025 1.916 
1703396938.507 3.104 1.845 
1703396938.608 3.184 1.773 
1703396938.708 3.265 1.698 
1703396938.808 3.342 1.626 
1703396938.908 3.421 1.551 
1703396939.008 3.498 1.483 
1703396939.108 3.581 1.408 
1703396939.209 3.660 1.331 
1703396939.309 3.737 1.260 
1703396939.409 3.818 1.187 
1703396939.509 3.903 1.112 
1703396939.609 3.986 1.035 
1703396939.711 4.067 0.964 
1703396939.810 4.148 0.896 
1703396939.909 4.234 0.820 
1703396940.010 4.317 0.744 
1703396940.110 4.398 0.673 
1703396940.210 4.483 0.600 
1703396940.311 4.566 0.524 
1703396940.411 4.649 0.450 
1703396940.510 4.731 0.380 
1703396940.611 4.813 0.306 
1703396940.711 4.893 0.231 
1703396940.811 4.970 0.156 
1703396940.911 5.047 0.079 
1703396941.011 5.124 0.002 
1703396941.111 5.201 -0.072 
1703396941.211 5.278 -0.144 
1703396941.312 5.352 -0.218 
1703396941.411 5.420 -0.296 
1703396941.511 5.485 -0.374 
1703396941.612 5.548 -0.452 
1703396941.711 5.611 -0.526 
1703396941.812 5.672 -0.601 
1703396941.912 5.727 -0.677 
1703396942.012 5.772 -0.757 
1703396942.113 5.813 -0.840 
1703396942.213 5.850 -0.925 
1703396942.312 5.889 -0.997 
1703396942.414 5.921 -1.077 
1703396942.513 5.944 -1.157 
1703396942.612 5.964 -1.237 
1703396942.714 5.981 -1.319 
1703396942.813 6.004 -1.396 
1703396942.913 6.030 -1.469 
1703396943.013 6.051 -1.542 
1703396943.113 6.065 -1.619 
1703396943.213 6.078 -1.697 
1703396943.313 6.090 -1.770 
1703396943.416 6.103 -1.846 
1703396943.514 6.117 -1.915 
1703396943.614 6.139 -2.022 
1703396943.714 6.157 -2.127 
1703396943.814 6.172 -2.220 
1703396943.915 6.186 -2.312 
1703396944.015 6.203 -2.400 
1703396944.115 6.219 -2.488 
1703396944.215 6.234 -2.573 
1703396944.314 6.249 -2.659 
1703396944.415 6.264 -2.741 
1703396944.515 6.280 -2.822 
1703396944.615 6.296 -2.900 
1703396944.715 6.314 -2.977 
1703396944.816 6.332 -3.051 
1703396944.916 6.358 -3.124 
1703396945.025 6.429 -3.205 
1703396945.120 6.512 -3.281 
1703396945.220 6.570 -3.346 
1703396945.319 6.639 -3.398 
1703396945.419 6.739 -3.426 
1703396945.520 6.836 -3.441 
1703396945.619 6.925 -3.450 
1703396945.720 7.024 -3.437 
1703396945.820 7.137 -3.397 
1703396945.920 7.230 -3.358 
1703396946.020 7.309 -3.313 
1703396946.120 7.386 -3.263 
1703396946.220 7.461 -3.219 
1703396946.324 7.516 -3.173 
1703396946.420 7.564 -3.121 
1703396946.521 7.604 -3.041 
1703396946.621 7.627 -2.926 
1703396946.722 7.647 -2.845 
1703396946.821 7.672 -2.790 
1703396946.922 7.698 -2.695 
1703396947.021 7.728 -2.579 
1703396947.122 7.750 -2.481 
1703396947.221 7.763 -2.399 
1703396947.322 7.780 -2.331 
1703396947.422 7.800 -2.245 
1703396947.522 7.824 -2.142 
1703396947.622 7.844 -2.045 
1703396947.723 7.862 -1.955 
1703396947.822 7.881 -1.858 
1703396947.923 7.899 -1.757 
1703396948.023 7.915 -1.665 
1703396948.122 7.928 -1.562 
1703396948.222 7.940 -1.461 
1703396948.323 7.951 -1.359 
1703396948.423 7.958 -1.288 
1703396948.523 7.964 -1.227 
1703396948.623 7.972 -1.152 
1703396948.723 7.982 -1.073 
1703396948.824 7.990 -0.995 
1703396948.923 7.998 -0.919 
1703396949.024 8.005 -0.835 
1703396949.124 8.011 -0.757 
1703396949.223 8.018 -0.679 
1703396949.324 8.025 -0.591 
1703396949.424 8.034 -0.515 
1703396949.524 8.044 -0.433 
1703396949.625 8.055 -0.352 
1703396949.724 8.064 -0.276 
1703396949.825 8.073 -0.198 
1703396949.924 8.078 -0.110 
1703396950.025 8.090 -0.025 
1703396950.124 8.101 0.051 
1703396950.225 8.116 0.134 
1703396950.325 8.129 0.213 
1703396950.425 8.143 0.294 
1703396950.525 8.157 0.377 
1703396950.626 8.173 0.457 
1703396950.725 8.189 0.534 
1703396950.826 8.204 0.616 
1703396950.926 8.215 0.696 
1703396951.026 8.228 0.774 
1703396951.126 8.243 0.854 
1703396951.227 8.256 0.934 
1703396951.326 8.269 1.008 
1703396951.426 8.282 1.085 
1703396951.526 8.293 1.167 
1703396951.626 8.305 1.244 
1703396951.727 8.317 1.321 
1703396951.827 8.329 1.398 
1703396951.928 8.340 1.474 
1703396952.027 8.353 1.551 
1703396952.128 8.367 1.627 
1703396952.227 8.380 1.701 
1703396952.328 8.394 1.777 
1703396952.428 8.407 1.857 
1703396952.528 8.421 1.933 
1703396952.628 8.436 2.011 
1703396952.728 8.449 2.086 
1703396952.828 8.463 2.163 
1703396952.928 8.477 2.240 
1703396953.028 8.492 2.318 
1703396953.128 8.508 2.396 
1703396953.228 8.528 2.475 
1703396953.329 8.546 2.555 
1703396953.429 8.561 2.630 
1703396953.529 8.578 2.714 
1703396956.036 8.402 2.710 
1703396956.037 8.402 2.710 
1703396956.137 8.311 2.705 
1703396956.238 8.170 2.721 
1703396956.338 8.070 2.717 
1703396956.438 7.982 2.725 
1703396956.538 7.887 2.770 
1703396956.637 7.779 2.816 
1703396956.739 7.671 2.848 
1703396956.839 7.560 2.878 
1703396956.939 7.453 2.913 
1703396957.039 7.344 2.943 
1703396957.141 7.231 2.966 
1703396957.240 7.111 2.992 
1703396957.339 6.994 3.018 
1703396957.439 6.881 3.035 
1703396957.540 6.763 3.046 
1703396957.640 6.644 3.060 
1703396957.740 6.523 3.072 
1703396957.840 6.403 3.083 
1703396957.940 6.284 3.094 
1703396958.040 6.170 3.105 
1703396958.141 6.071 3.112 
1703396958.240 5.990 3.126 
1703396958.340 5.910 3.139 
1703396958.440 5.823 3.151 
1703396958.540 5.741 3.158 
1703396958.641 5.659 3.170 
1703396958.742 5.581 3.182 
1703396958.841 5.508 3.197 
1703396958.941 5.433 3.211 
1703396959.041 5.339 3.225 
1703396959.142 5.223 3.252 
1703396959.242 5.115 3.273 
1703396959.345 5.020 3.307 
1703396959.443 4.933 3.339 
1703396959.543 4.826 3.370 
1703396959.642 4.708 3.411 
1703396959.743 4.602 3.455 
1703396959.843 4.511 3.499 
1703396959.944 4.428 3.543 
1703396960.044 4.351 3.584 
1703396960.145 4.286 3.642 
1703396960.245 4.230 3.733 
1703396960.344 4.168 3.841 
1703396960.445 4.095 3.953 
1703396960.544 4.038 4.059 
1703396960.645 3.993 4.145 
1703396960.745 3.969 4.242 
1703396960.845 3.952 4.349 
1703396960.944 3.937 4.449 
1703396961.045 3.916 4.558 
1703396961.145 3.903 4.631 
1703396961.245 3.898 4.691 
1703396961.345 3.884 4.770 
1703396961.446 3.868 4.851 
1703396961.546 3.853 4.928 
1703396961.647 3.840 4.996 
1703396961.746 3.826 5.061 
1703396961.846 3.809 5.123 
1703396961.946 3.784 5.211 
1703396962.047 3.728 5.320 
1703396962.146 3.681 5.408 
1703396962.248 3.655 5.480 
1703396962.346 3.626 5.550 
1703396962.447 3.572 5.626 
1703396962.547 3.518 5.699 
1703396962.647 3.476 5.767 
1703396962.747 3.434 5.832 
1703396962.847 3.375 5.907 
1703396962.948 3.335 5.979 
1703396963.048 3.300 6.034 
1703396963.149 3.257 6.081 
1703396963.248 3.216 6.122 
1703396963.350 3.174 6.166 
1703396963.450 3.110 6.230 
1703396963.551 3.042 6.287 
1703396963.652 2.967 6.347 
1703396963.751 2.898 6.407 
1703396963.854 2.841 6.459 
1703396963.955 2.765 6.496 
1703396964.054 2.680 6.527 
1703396964.154 2.609 6.555 
1703396964.254 2.549 6.577 
1703396964.354 2.482 6.595 
1703396964.454 2.411 6.607 
1703396964.554 2.352 6.614 
1703396964.659 2.294 6.619 
1703396964.758 2.249 6.632 
1703396964.858 2.200 6.645 
1703396964.959 2.145 6.656 
1703396965.059 2.099 6.667 
1703396965.161 2.014 6.651 
1703396965.261 1.935 6.644 
1703396965.362 1.898 6.674 
1703396965.461 1.867 6.714 
1703396965.561 1.834 6.748 
1703396965.662 1.809 6.748 
1703396965.762 1.792 6.702 
1703396965.862 1.767 6.645 
1703396965.962 1.742 6.582 
1703396966.063 1.749 6.473 
1703396966.163 1.769 6.356 
1703396966.262 1.779 6.267 
1703396966.363 1.815 6.205 
1703396966.464 1.877 6.137 
1703396966.564 1.947 6.058 
1703396966.663 2.019 5.981 
1703396966.764 2.071 5.933 
1703396966.864 2.109 5.883 
1703396966.966 2.175 5.814 
1703396967.065 2.244 5.744 
1703396967.164 2.296 5.684 
1703396967.265 2.355 5.624 
1703396967.364 2.426 5.560 
1703396967.465 2.499 5.495 
1703396967.565 2.562 5.437 
1703396967.666 2.629 5.374 
1703396967.765 2.701 5.312 
1703396967.865 2.774 5.251 
1703396967.965 2.847 5.190 
1703396968.065 2.921 5.127 
1703396968.165 2.996 5.061 
1703396968.266 3.072 4.993 
1703396968.366 3.146 4.927 
1703396968.466 3.228 4.858 
1703396968.566 3.310 4.785 
1703396968.666 3.391 4.708 
1703396968.767 3.474 4.630 
1703396968.866 3.555 4.565 
1703396968.966 3.638 4.493 
1703396969.067 3.717 4.415 
1703396969.167 3.795 4.332 
1703396969.267 3.877 4.249 
1703396969.367 3.956 4.166 
1703396969.467 4.031 4.086 
1703396969.568 4.108 4.006 
1703396969.667 4.186 3.925 
1703396969.768 4.266 3.842 
1703396969.868 4.344 3.759 
1703396969.968 4.425 3.674 
1703396970.068 4.506 3.590 
1703396970.168 4.583 3.508 
1703396970.269 4.665 3.422 
1703396970.368 4.746 3.342 
1703396970.469 4.829 3.260 
1703396970.569 4.910 3.178 
1703396970.668 4.990 3.101 
1703396970.768 5.074 3.020 
1703396970.869 5.156 2.939 
1703396970.969 5.240 2.861 
1703396971.069 5.321 2.782 
1703396971.169 5.404 2.703 
1703396971.270 5.489 2.623 
1703396971.369 5.573 2.547 
1703396971.470 5.657 2.471 
1703396971.569 5.741 2.395 
1703396971.670 5.827 2.315 
1703396971.770 5.908 2.238 
1703396971.870 5.988 2.161 
1703396971.970 6.071 2.080 
1703396972.070 6.147 2.005 
1703396972.171 6.226 1.926 
1703396972.271 6.302 1.850 
1703396972.370 6.378 1.773 
1703396972.482 6.454 1.698 
1703396972.576 6.530 1.624 
1703396972.673 6.606 1.549 
1703396972.772 6.679 1.476 
1703396972.873 6.753 1.402 
1703396972.972 6.826 1.326 
1703396973.074 6.898 1.249 
1703396973.173 6.966 1.180 
1703396973.273 7.040 1.109 
1703396973.373 7.110 1.035 
1703396973.474 7.182 0.962 
1703396973.575 7.250 0.892 
1703396973.674 7.320 0.822 
1703396973.775 7.389 0.752 
1703396973.876 7.458 0.684 
1703396973.975 7.526 0.618 
1703396974.074 7.589 0.554 
1703396974.175 7.654 0.487 
1703396974.275 7.715 0.421 
1703396974.375 7.771 0.355 
1703396974.476 7.825 0.287 
1703396974.575 7.881 0.218 
1703396974.676 7.935 0.163 
1703396974.775 7.982 0.102 
1703396974.875 8.021 0.027 
1703396974.976 8.054 -0.038 
1703396975.075 8.086 -0.111 
1703396975.176 8.116 -0.185 
1703396975.276 8.145 -0.258 
1703396975.376 8.179 -0.325 
1703396975.477 8.196 -0.388 
1703396975.577 8.210 -0.464 
1703396975.676 8.226 -0.545 
1703396975.777 8.239 -0.620 
1703396975.876 8.251 -0.695 
1703396975.976 8.262 -0.771 
1703396976.077 8.271 -0.848 
1703396976.177 8.276 -0.924 
1703396976.278 8.281 -0.999 
1703396976.377 8.286 -1.074 
1703396976.478 8.289 -1.149 
1703396976.577 8.292 -1.225 
1703396976.677 8.294 -1.299 
1703396976.778 8.296 -1.373 
1703396976.877 8.298 -1.447 
1703396976.978 8.303 -1.522 
1703396977.078 8.305 -1.595 
1703396977.179 8.306 -1.669 
1703396977.278 8.305 -1.778 
1703396977.379 8.303 -1.890 
1703396977.479 8.302 -1.993 
1703396977.578 8.310 -2.080 
1703396977.678 8.311 -2.173 
1703396977.779 8.312 -2.268 
1703396977.878 8.313 -2.362 
1703396977.979 8.314 -2.458 
1703396978.081 8.315 -2.556 
1703396978.178 8.316 -2.652 
1703396978.279 8.316 -2.754 
1703396978.379 8.315 -2.824 
1703396978.480 8.308 -2.880 
1703396978.580 8.307 -2.952 
1703396978.680 8.303 -3.030 
1703396978.780 8.301 -3.106 
1703396978.879 8.299 -3.182 
1703396978.980 8.297 -3.261 
1703396979.080 8.306 -3.369 
1703396979.181 8.302 -3.487 
1703396979.280 8.303 -3.584 
1703396979.380 8.309 -3.668 
1703396979.481 8.316 -3.753 
1703396979.581 8.315 -3.834 
1703396979.681 8.297 -3.906 
1703396979.781 8.273 -3.966 
1703396979.881 8.241 -4.021 
1703396979.982 8.204 -4.063 
1703396980.081 8.166 -4.098 
1703396980.181 8.125 -4.129 
1703396980.282 8.076 -4.158 
1703396980.382 8.029 -4.186 
1703396980.483 7.989 -4.218 
1703396980.582 7.951 -4.260 
1703396982.688 7.755 -4.357 
1703396982.689 7.755 -4.357 
1703396982.789 7.766 -4.382 
1703396982.890 7.801 -4.469 
1703396982.989 7.857 -4.583 
1703396983.089 7.907 -4.691 
1703396983.190 7.955 -4.793 
1703396983.290 7.994 -4.912 
1703396983.389 8.037 -5.020 
1703396983.490 8.076 -5.132 
1703396983.590 8.113 -5.246 
1703396983.690 8.148 -5.361 
1703396983.792 8.181 -5.474 
1703396983.892 8.215 -5.591 
1703396983.991 8.248 -5.706 
1703396984.091 8.276 -5.820 
1703396984.191 8.302 -5.928 
1703396984.291 8.322 -6.036 
1703396984.390 8.333 -6.154 
1703396984.491 8.333 -6.270 
1703396984.592 8.331 -6.388 
1703396984.692 8.344 -6.503 
1703396984.792 8.354 -6.602 
1703396984.892 8.357 -6.678 
1703396984.991 8.351 -6.735 
1703396985.092 8.334 -6.786 
1703396985.192 8.313 -6.844 
1703396985.292 8.298 -6.899 
1703396985.393 8.250 -6.986 
1703396985.492 8.239 -7.028 
1703396985.592 8.268 -7.037 
1703396985.692 8.230 -7.039 
1703396985.793 8.170 -7.052 
1703396985.893 8.102 -7.051 
1703396985.993 8.033 -7.030 
1703396986.095 7.974 -7.021 
1703396986.193 7.934 -7.022 
1703396986.295 7.887 -7.004 
1703396986.394 7.831 -6.985 
1703396986.494 7.794 -6.980 
1703396986.594 7.759 -6.978 
1703396986.694 7.712 -6.975 
1703396986.794 7.648 -6.966 
1703396986.894 7.561 -6.952 
1703396986.994 7.464 -6.937 
1703396987.094 7.392 -6.940 
1703396987.195 7.326 -6.937 
1703396987.296 7.242 -6.908 
1703396987.396 7.156 -6.877 
1703396987.497 7.081 -6.853 
1703396987.597 7.009 -6.828 
1703396987.697 6.941 -6.789 
1703396987.796 6.871 -6.750 
1703396987.897 6.802 -6.728 
1703396987.997 6.732 -6.701 
1703396988.098 6.665 -6.672 
1703396988.198 6.604 -6.637 
1703396988.299 6.552 -6.602 
1703396988.402 6.495 -6.567 
1703396988.503 6.440 -6.510 
1703396988.603 6.398 -6.446 
1703396988.702 6.359 -6.376 
1703396988.804 6.320 -6.302 
1703396988.904 6.283 -6.226 
1703396989.004 6.245 -6.150 
1703396989.104 6.210 -6.081 
1703396989.203 6.177 -6.021 
1703396989.304 6.149 -5.971 
1703396989.405 6.105 -5.955 
1703396989.504 6.064 -5.911 
1703396989.605 6.055 -5.821 
1703396989.704 6.051 -5.691 
1703396989.804 6.044 -5.560 
1703396989.905 6.033 -5.504 
1703396990.004 6.037 -5.439 
1703396990.105 6.036 -5.328 
1703396990.206 6.036 -5.222 
1703396990.305 6.038 -5.130 
1703396990.406 6.038 -5.033 
1703396990.510 6.039 -4.932 
1703396990.606 6.040 -4.841 
1703396990.705 6.041 -4.735 
1703396990.806 6.040 -4.644 
1703396990.905 6.040 -4.576 
1703396991.006 6.039 -4.517 
1703396991.106 6.037 -4.457 
1703396991.206 6.036 -4.380 
1703396991.306 6.033 -4.292 
1703396991.408 6.032 -4.200 
1703396991.507 6.033 -4.117 
1703396991.608 6.035 -4.032 
1703396991.707 6.036 -3.946 
1703396991.807 6.038 -3.859 
1703396991.907 6.038 -3.770 
1703396992.008 6.040 -3.680 
1703396992.108 6.041 -3.587 
1703396992.208 6.040 -3.494 
1703396992.308 6.039 -3.401 
1703396992.408 6.038 -3.306 
1703396992.509 6.037 -3.208 
1703396992.608 6.037 -3.110 
1703396992.709 6.036 -3.010 
1703396992.808 6.034 -2.912 
1703396992.909 6.033 -2.809 
1703396993.009 6.032 -2.708 
1703396993.109 6.031 -2.606 
1703396993.210 6.030 -2.503 
1703396993.309 6.029 -2.401 
1703396993.410 6.029 -2.296 
1703396993.510 6.031 -2.193 
1703396993.609 6.032 -2.091 
1703396993.711 6.033 -1.987 
1703396993.810 6.035 -1.885 
1703396993.910 6.039 -1.784 
1703396994.010 6.044 -1.680 
1703396994.110 6.036 -1.576 
1703396994.211 6.024 -1.475 
1703396994.310 6.011 -1.378 
1703396994.411 6.011 -1.288 
1703396994.512 6.001 -1.187 
1703396994.611 5.990 -1.091 
1703396994.710 5.963 -1.004 
1703396994.811 5.916 -0.920 
1703396994.911 5.871 -0.833 
1703396995.011 5.832 -0.743 
1703396995.112 5.795 -0.658 
1703396995.212 5.747 -0.575 
1703396995.312 5.691 -0.493 
1703396995.412 5.624 -0.417 
1703396995.512 5.551 -0.346 
1703396995.612 5.473 -0.285 
1703396995.714 5.391 -0.219 
1703396995.812 5.315 -0.156 
1703396995.912 5.233 -0.098 
1703396996.013 5.151 -0.042 
1703396996.113 5.064 0.009 
1703396996.213 4.963 0.039 
1703396996.313 4.855 0.052 
1703396996.413 4.778 0.078 
1703396996.513 4.697 0.102 
1703396996.614 4.581 0.105 
1703396996.713 4.473 0.110 
1703396996.814 4.375 0.114 
1703396996.914 4.278 0.106 
1703396997.014 4.168 0.066 
1703396997.115 4.067 0.047 
1703396997.213 3.989 0.015 
1703396997.315 3.909 -0.032 
1703396997.415 3.826 -0.085 
1703396997.516 3.737 -0.157 
1703396997.615 3.654 -0.241 
1703396997.714 3.563 -0.317 
1703396997.815 3.488 -0.383 
1703396997.915 3.427 -0.459 
1703396998.015 3.365 -0.545 
1703396998.115 3.304 -0.631 
1703396998.215 3.238 -0.708 
1703396998.315 3.181 -0.780 
1703396998.416 3.148 -0.833 
1703396998.515 3.127 -0.911 
1703396998.616 3.104 -1.013 
1703396998.716 3.081 -1.103 
1703396998.816 3.059 -1.179 
1703396998.916 3.045 -1.260 
1703396999.016 3.049 -1.363 
1703396999.117 3.050 -1.458 
1703396999.217 3.047 -1.548 
1703396999.316 3.044 -1.635 
1703396999.421 3.041 -1.730 
1703396999.519 3.047 -1.841 
1703396999.618 3.049 -1.947 
1703396999.717 3.053 -2.042 
1703396999.818 3.057 -2.138 
1703396999.917 3.053 -2.240 
1703397000.017 3.054 -2.350 
1703397000.118 3.053 -2.454 
1703397000.218 3.052 -2.555 
1703397000.318 3.050 -2.655 
1703397000.418 3.047 -2.759 
1703397000.519 3.044 -2.862 
1703397000.619 3.041 -2.962 
1703397000.719 3.039 -3.062 
1703397000.820 3.036 -3.161 
1703397000.919 3.033 -3.259 
1703397001.019 3.030 -3.357 
1703397001.119 3.027 -3.452 
1703397001.219 3.025 -3.545 
1703397001.319 3.024 -3.641 
1703397001.420 3.019 -3.735 
1703397001.519 3.016 -3.823 
1703397001.620 3.013 -3.914 
1703397001.721 3.010 -4.000 
1703397001.821 3.009 -4.087 
1703397001.922 3.007 -4.173 
1703397002.021 3.003 -4.257 
1703397002.121 2.999 -4.341 
1703397002.225 2.997 -4.423 
1703397002.322 2.996 -4.498 
1703397002.422 2.995 -4.577 
1703397002.524 2.993 -4.653 
1703397002.624 2.990 -4.725 
1703397002.725 2.992 -4.800 
1703397002.825 2.999 -4.917 
1703397002.924 3.005 -5.025 
1703397003.025 3.007 -5.115 
1703397003.125 3.010 -5.200 
1703397003.226 3.014 -5.285 
1703397003.325 3.034 -5.385 
1703397003.426 3.054 -5.481 
1703397003.526 3.070 -5.560 
1703397003.636 3.083 -5.635 
1703397003.733 3.099 -5.722 
1703397003.831 3.114 -5.806 
1703397003.931 3.132 -5.891 
1703397004.031 3.149 -5.977 
1703397004.131 3.162 -6.062 
1703397004.231 3.173 -6.151 
1703397004.331 3.176 -6.241 
1703397004.431 3.177 -6.331 
1703397004.531 3.173 -6.415 
1703397004.631 3.158 -6.485 
1703397004.731 3.145 -6.556 
1703397004.832 3.096 -6.662 
1703397004.932 3.053 -6.754 
1703397005.031 3.030 -6.827 
1703397005.132 2.979 -6.905 
1703397005.232 2.923 -6.982 
1703397005.331 2.855 -7.047 
1703397005.432 2.788 -7.105 
1703397005.532 2.717 -7.168 
1703397005.632 2.647 -7.243 
1703397005.732 2.574 -7.305 
1703397005.833 2.497 -7.361 
1703397005.933 2.416 -7.416 
1703397006.033 2.329 -7.474 
1703397006.133 2.244 -7.534 
1703397006.233 2.193 -7.581 
1703397006.334 2.144 -7.610 
1703397006.434 2.087 -7.650 
1703397006.534 2.020 -7.693 
1703397006.635 1.946 -7.735 
1703397006.735 1.875 -7.777 
1703397006.834 1.809 -7.819 
1703397006.935 1.742 -7.859 
1703397007.035 1.670 -7.899 
1703397007.135 1.602 -7.939 
1703397007.235 1.529 -7.979 
1703397007.334 1.454 -8.018 
1703397007.435 1.379 -8.057 
1703397007.536 1.303 -8.098 
1703397007.636 1.231 -8.136 
1703397007.735 1.154 -8.179 
1703397007.836 1.063 -8.225 
1703397012.851 1.152 -8.037 
1703397012.852 1.152 -8.037 
1703397012.952 1.203 -8.041 
1703397013.052 1.320 -8.077 
1703397013.153 1.415 -8.102 
1703397013.252 1.508 -8.113 
1703397013.352 1.598 -8.121 
1703397013.453 1.683 -8.131 
1703397013.552 1.768 -8.142 
1703397013.653 1.856 -8.153 
1703397013.753 1.941 -8.162 
1703397013.853 2.027 -8.172 
1703397013.953 2.113 -8.181 
1703397014.053 2.198 -8.191 
1703397014.153 2.284 -8.200 
1703397014.253 2.373 -8.209 
1703397014.353 2.458 -8.216 
1703397014.454 2.544 -8.223 
1703397014.554 2.628 -8.230 
1703397014.654 2.712 -8.237 
1703397014.754 2.796 -8.245 
1703397014.854 2.886 -8.253 
1703397014.955 2.973 -8.257 
1703397015.055 3.062 -8.259 
1703397015.154 3.141 -8.265 
1703397015.255 3.228 -8.269 
1703397015.355 3.315 -8.274 
1703397015.455 3.401 -8.278 
1703397015.555 3.486 -8.281 
1703397015.655 3.569 -8.281 
1703397015.756 3.656 -8.283 
1703397015.855 3.737 -8.285 
1703397015.955 3.821 -8.287 
1703397016.056 3.906 -8.290 
1703397016.156 3.991 -8.291 
1703397016.256 4.073 -8.289 
1703397016.356 4.156 -8.288 
1703397016.456 4.238 -8.288 
1703397016.557 4.322 -8.288 
1703397016.656 4.404 -8.288 
1703397016.757 4.488 -8.288 
1703397016.856 4.566 -8.285 
1703397016.957 4.648 -8.281 
1703397017.056 4.725 -8.278 
1703397017.157 4.806 -8.278 
1703397017.257 4.887 -8.279 
1703397017.357 4.967 -8.279 
1703397017.457 5.048 -8.279 
1703397017.557 5.123 -8.277 
1703397017.658 5.199 -8.277 
1703397017.757 5.273 -8.276 
1703397017.858 5.349 -8.274 
1703397017.958 5.463 -8.278 
1703397018.058 5.570 -8.278 
1703397018.158 5.656 -8.279 
1703397018.258 5.743 -8.276 
1703397018.358 5.828 -8.272 
1703397018.458 5.919 -8.261 
1703397018.558 6.005 -8.254 
1703397018.658 6.085 -8.246 
1703397018.759 6.156 -8.239 
1703397018.859 6.232 -8.230 
1703397018.959 6.305 -8.222 
1703397019.059 6.374 -8.213 
1703397019.159 6.439 -8.204 
1703397019.259 6.531 -8.194 
1703397019.359 6.613 -8.177 
1703397019.460 6.662 -8.177 
1703397019.560 6.709 -8.170 
1703397019.660 6.763 -8.161 
1703397019.760 6.815 -8.140 
1703397019.860 6.869 -8.081 
1703397019.960 6.886 -8.057 
1703397021.964 6.865 -7.903 
1703397022.064 6.923 -7.966 
1703397023.270 7.018 -7.904 
1703397023.371 7.025 -7.875 
1703397023.472 6.985 -7.847 
1703397023.572 6.929 -7.827 
1703397023.671 6.877 -7.823 
1703397023.771 6.770 -7.782 
1703397023.874 6.661 -7.746 
1703397023.972 6.592 -7.728 
1703397024.072 6.515 -7.706 
1703397024.173 6.454 -7.709 
1703397024.273 6.385 -7.700 
1703397024.372 6.300 -7.685 
1703397024.473 6.216 -7.671 
1703397024.573 6.132 -7.658 
1703397024.674 6.043 -7.643 
1703397024.773 5.952 -7.626 
1703397024.873 5.857 -7.610 
1703397024.973 5.762 -7.592 
1703397025.073 5.697 -7.583 
1703397025.174 5.643 -7.570 
1703397025.274 5.567 -7.549 
1703397025.374 5.491 -7.530 
1703397025.473 5.415 -7.511 
1703397025.574 5.336 -7.491 
1703397025.674 5.259 -7.470 
1703397025.774 5.181 -7.450 
1703397025.875 5.101 -7.429 
1703397025.975 5.020 -7.406 
1703397026.075 4.940 -7.382 
1703397026.175 4.859 -7.358 
1703397026.276 4.778 -7.335 
1703397026.376 4.697 -7.308 
1703397026.487 4.614 -7.282 
1703397026.582 4.532 -7.255 
1703397026.679 4.450 -7.227 
1703397026.778 4.367 -7.197 
1703397026.878 4.284 -7.168 
1703397026.978 4.201 -7.139 
1703397027.077 4.111 -7.104 
1703397027.178 4.021 -7.071 
1703397027.279 3.939 -7.039 
1703397027.379 3.856 -7.003 
1703397027.487 3.771 -6.969 
1703397027.582 3.685 -6.930 
1703397027.680 3.595 -6.883 
1703397027.779 3.508 -6.841 
1703397027.880 3.426 -6.793 
1703397027.979 3.346 -6.752 
1703397028.080 3.262 -6.706 
1703397028.179 3.181 -6.660 
1703397028.280 3.098 -6.612 
1703397028.380 3.018 -6.561 
1703397028.482 2.938 -6.508 
1703397028.582 2.858 -6.459 
1703397028.682 2.782 -6.406 
1703397028.781 2.702 -6.354 
1703397028.880 2.624 -6.301 
1703397028.980 2.551 -6.246 
1703397029.080 2.478 -6.191 
1703397029.181 2.403 -6.135 
1703397029.280 2.331 -6.077 
1703397029.381 2.259 -6.020 
1703397029.481 2.190 -5.965 
1703397029.584 2.118 -5.900 
1703397029.683 2.047 -5.840 
1703397029.782 1.980 -5.782 
1703397029.882 1.914 -5.720 
1703397029.981 1.846 -5.660 
1703397030.081 1.777 -5.596 
1703397030.181 1.713 -5.532 
1703397030.281 1.646 -5.469 
1703397030.382 1.581 -5.404 
1703397030.482 1.517 -5.340 
1703397030.583 1.456 -5.279 
1703397030.682 1.394 -5.211 
1703397030.782 1.334 -5.145 
1703397030.883 1.272 -5.079 
1703397030.983 1.207 -5.012 
1703397031.084 1.143 -4.949 
1703397031.183 1.081 -4.888 
1703397031.284 1.019 -4.823 
1703397031.383 0.962 -4.762 
1703397031.484 0.901 -4.700 
1703397031.584 0.838 -4.637 
1703397031.683 0.779 -4.575 
1703397031.784 0.719 -4.513 
1703397031.883 0.660 -4.453 
1703397031.984 0.600 -4.394 
1703397032.084 0.538 -4.332 
1703397032.185 0.471 -4.277 
1703397032.285 0.407 -4.226 
1703397032.384 0.342 -4.174 
1703397032.485 0.281 -4.123 
1703397032.585 0.223 -4.072 
1703397032.684 0.155 -4.018 
1703397032.785 0.078 -3.967 
1703397032.886 0.013 -3.923 
1703397032.986 -0.046 -3.886 
1703397033.085 -0.100 -3.850 
1703397033.185 -0.163 -3.813 
1703397033.286 -0.267 -3.783 
1703397033.385 -0.374 -3.757 
1703397033.486 -0.441 -3.736 
1703397033.588 -0.503 -3.706 
1703397033.686 -0.576 -3.669 
1703397033.786 -0.658 -3.632 
1703397033.886 -0.738 -3.599 
1703397033.986 -0.812 -3.564 
1703397034.087 -0.888 -3.531 
1703397034.187 -0.967 -3.499 
1703397034.287 -1.043 -3.468 
1703397034.387 -1.121 -3.441 
1703397034.487 -1.207 -3.409 
1703397034.586 -1.288 -3.371 
1703397034.687 -1.362 -3.334 
1703397034.787 -1.436 -3.299 
1703397034.888 -1.516 -3.261 
1703397034.987 -1.596 -3.228 
1703397035.087 -1.677 -3.192 
1703397035.192 -1.763 -3.157 
1703397035.288 -1.829 -3.123 
1703397035.388 -1.899 -3.085 
1703397035.488 -1.971 -3.050 
1703397035.588 -2.042 -3.011 
1703397035.689 -2.114 -2.976 
1703397035.788 -2.181 -2.939 
1703397035.893 -2.247 -2.894 
1703397035.988 -2.307 -2.854 
1703397036.089 -2.371 -2.817 
1703397036.189 -2.447 -2.768 
1703397036.291 -2.543 -2.709 
1703397036.389 -2.628 -2.653 
1703397036.489 -2.706 -2.600 
1703397036.589 -2.773 -2.546 
1703397036.689 -2.838 -2.500 
1703397036.790 -2.909 -2.451 
1703397036.889 -2.974 -2.397 
1703397036.990 -3.034 -2.339 
1703397037.090 -3.077 -2.288 
1703397037.191 -3.118 -2.235 
1703397037.289 -3.175 -2.174 
1703397037.390 -3.239 -2.102 
1703397037.491 -3.294 -2.039 
1703397037.591 -3.312 -2.009 
1703397037.690 -3.335 -1.950 
1703397037.791 -3.374 -1.845 
1703397037.892 -3.410 -1.733 
1703397037.992 -3.451 -1.662 
1703397039.697 -3.388 -1.562 
1703397039.698 -3.388 -1.562 
1703397039.798 -3.471 -1.543 
1703397039.899 -3.593 -1.539 
1703397039.998 -3.753 -1.517 
1703397040.099 -3.901 -1.498 
1703397040.199 -4.011 -1.468 
1703397040.299 -4.122 -1.441 
1703397040.399 -4.242 -1.414 
1703397040.500 -4.370 -1.379 
1703397040.600 -4.488 -1.364 
1703397040.700 -4.607 -1.356 
1703397040.801 -4.704 -1.349 
1703397040.900 -4.814 -1.341 
1703397041.005 -4.939 -1.347 
1703397041.106 -5.025 -1.339 
1703397041.201 -5.113 -1.343 
1703397041.303 -5.217 -1.347 
1703397041.402 -5.322 -1.353 
1703397041.504 -5.422 -1.366 
1703397041.603 -5.514 -1.382 
1703397041.702 -5.603 -1.391 
1703397041.802 -5.689 -1.409 
1703397041.903 -5.779 -1.426 
1703397042.003 -5.866 -1.447 
1703397042.102 -5.950 -1.466 
1703397042.203 -6.033 -1.482 
1703397042.302 -6.116 -1.499 
1703397042.403 -6.195 -1.516 
1703397042.504 -6.272 -1.532 
1703397042.603 -6.349 -1.547 
1703397042.703 -6.423 -1.563 
1703397042.804 -6.495 -1.583 
1703397042.904 -6.576 -1.610 
1703397043.004 -6.673 -1.636 
1703397043.103 -6.759 -1.662 
1703397043.204 -6.834 -1.688 
1703397043.305 -6.887 -1.725 
1703397043.404 -6.918 -1.775 
1703397043.507 -6.927 -1.838 
1703397043.607 -6.920 -1.905 
1703397043.707 -6.915 -1.972 
1703397043.808 -6.926 -2.033 
1703397043.907 -6.937 -2.101 
1703397044.008 -6.946 -2.188 
1703397044.111 -6.961 -2.277 
1703397044.208 -6.966 -2.347 
1703397044.308 -6.955 -2.423 
1703397044.409 -6.946 -2.510 
1703397044.508 -6.940 -2.596 
1703397044.609 -6.944 -2.673 
1703397044.708 -6.940 -2.749 
1703397044.809 -6.918 -2.822 
1703397044.909 -6.875 -2.899 
1703397045.009 -6.828 -2.981 
1703397045.109 -6.802 -3.047 
1703397045.209 -6.766 -3.102 
1703397045.310 -6.727 -3.159 
1703397045.409 -6.684 -3.238 
1703397045.510 -6.641 -3.321 
1703397045.610 -6.590 -3.389 
1703397045.711 -6.531 -3.434 
1703397045.810 -6.466 -3.464 
1703397045.910 -6.393 -3.491 
1703397046.010 -6.320 -3.516 
1703397046.111 -6.248 -3.532 
1703397046.211 -6.185 -3.539 
1703397046.310 -6.119 -3.546 
1703397046.410 -6.050 -3.566 
1703397046.511 -5.982 -3.588 
1703397046.611 -5.913 -3.606 
1703397046.711 -5.838 -3.615 
1703397046.811 -5.756 -3.623 
1703397046.912 -5.668 -3.630 
1703397047.012 -5.557 -3.625 
1703397047.111 -5.449 -3.627 
1703397047.212 -5.376 -3.638 
1703397047.313 -5.324 -3.639 
1703397047.411 -5.263 -3.625 
1703397047.512 -5.162 -3.643 
1703397047.613 -5.064 -3.667 
1703397047.713 -4.991 -3.678 
1703397047.814 -4.919 -3.687 
1703397047.915 -4.836 -3.697 
1703397048.015 -4.746 -3.718 
1703397048.114 -4.665 -3.741 
1703397048.215 -4.591 -3.757 
1703397048.314 -4.514 -3.772 
1703397048.415 -4.436 -3.786 
1703397048.515 -4.353 -3.804 
1703397048.615 -4.275 -3.823 
1703397048.715 -4.199 -3.842 
1703397048.816 -4.123 -3.859 
1703397048.916 -4.052 -3.869 
1703397049.015 -3.977 -3.878 
1703397049.116 -3.900 -3.885 
1703397049.217 -3.794 -3.888 
1703397049.316 -3.688 -3.900 
1703397049.416 -3.587 -3.909 
1703397049.517 -3.491 -3.913 
1703397049.617 -3.398 -3.912 
1703397049.718 -3.322 -3.923 
1703397049.818 -3.241 -3.934 
1703397049.917 -3.146 -3.930 
1703397050.017 -3.046 -3.925 
1703397050.118 -2.951 -3.923 
1703397050.218 -2.862 -3.919 
1703397050.317 -2.772 -3.915 
1703397050.418 -2.674 -3.907 
1703397050.518 -2.581 -3.897 
1703397050.618 -2.488 -3.886 
1703397050.719 -2.396 -3.872 
1703397050.819 -2.306 -3.859 
1703397050.919 -2.213 -3.848 
1703397051.019 -2.122 -3.834 
1703397051.119 -2.032 -3.817 
1703397051.219 -1.945 -3.799 
1703397051.319 -1.863 -3.780 
1703397051.429 -1.772 -3.760 
1703397051.526 -1.676 -3.749 
1703397051.621 -1.589 -3.730 
1703397051.720 -1.507 -3.701 
1703397051.821 -1.429 -3.680 
1703397051.926 -1.353 -3.661 
1703397052.020 -1.279 -3.635 
1703397052.120 -1.198 -3.579 
1703397052.220 -1.122 -3.520 
1703397052.321 -1.059 -3.473 
1703397052.420 -1.019 -3.456 
1703397052.520 -0.977 -3.421 
1703397052.620 -0.926 -3.350 
1703397052.721 -0.862 -3.287 
1703397052.820 -0.792 -3.233 
1703397052.921 -0.730 -3.191 
1703397053.021 -0.684 -3.131 
1703397053.121 -0.645 -3.052 
1703397053.221 -0.604 -2.961 
1703397053.321 -0.558 -2.865 
1703397053.423 -0.504 -2.777 
1703397053.523 -0.457 -2.683 
1703397053.623 -0.412 -2.589 
1703397053.721 -0.376 -2.507 
1703397053.822 -0.338 -2.423 
1703397053.922 -0.296 -2.359 
1703397054.022 -0.247 -2.320 
1703397054.123 -0.211 -2.242 
1703397054.223 -0.202 -2.107 
1703397054.323 -0.199 -1.965 
1703397054.422 -0.205 -1.856 
1703397054.523 -0.215 -1.745 
1703397054.623 -0.215 -1.651 
1703397054.723 -0.215 -1.589 
1703397054.823 -0.226 -1.535 
1703397054.923 -0.241 -1.481 
1703397055.023 -0.225 -1.454 
1703397055.123 -0.192 -1.425 
1703397055.224 -0.174 -1.358 
1703397055.323 -0.178 -1.212 
1703397055.424 -0.169 -1.065 
1703397055.524 -0.164 -0.952 
1703397055.623 -0.168 -0.856 
1703397055.724 -0.173 -0.756 
1703397055.824 -0.176 -0.653 
1703397055.924 -0.183 -0.549 
1703397056.025 -0.197 -0.450 
1703397056.125 -0.203 -0.351 
1703397056.225 -0.214 -0.247 
1703397056.325 -0.233 -0.178 
1703397056.425 -0.247 -0.119 
1703397056.524 -0.260 -0.050 
1703397056.625 -0.292 0.045 
1703397056.725 -0.304 0.131 
1703397056.825 -0.313 0.203 
1703397056.927 -0.321 0.276 
1703397057.025 -0.347 0.365 
1703397057.125 -0.396 0.473 
1703397057.225 -0.459 0.578 
1703397057.326 -0.517 0.682 
1703397057.427 -0.571 0.788 
1703397057.526 -0.624 0.889 
1703397057.626 -0.677 0.980 
1703397057.725 -0.733 1.067 
1703397057.826 -0.802 1.150 
1703397057.926 -0.882 1.222 
1703397058.027 -0.925 1.284 
1703397058.126 -0.972 1.335 
1703397058.227 -1.023 1.385 
1703397058.326 -1.074 1.434 
1703397058.427 -1.135 1.488 
1703397058.528 -1.206 1.544 
1703397058.627 -1.268 1.602 
1703397058.727 -1.328 1.662 
1703397058.827 -1.387 1.717 
1703397058.928 -1.445 1.765 
1703397059.027 -1.506 1.815 
1703397059.128 -1.571 1.864 
1703397059.227 -1.639 1.923 
1703397059.328 -1.701 1.984 
1703397059.428 -1.758 2.031 
1703397059.528 -1.815 2.076 
1703397059.629 -1.876 2.137 
1703397059.732 -1.934 2.191 
1703397059.832 -1.990 2.247 
1703397059.932 -2.046 2.305 
1703397060.032 -2.099 2.365 
1703397060.133 -2.151 2.427 
1703397060.232 -2.205 2.487 
1703397060.333 -2.256 2.551 
1703397060.433 -2.305 2.612 
1703397060.534 -2.355 2.669 
1703397060.632 -2.402 2.729 
1703397060.733 -2.455 2.812 
1703397060.833 -2.505 2.886 
1703397060.933 -2.551 2.952 
1703397061.033 -2.601 3.020 
1703397061.134 -2.653 3.088 
1703397061.234 -2.706 3.162 
1703397061.334 -2.761 3.235 
1703397061.434 -2.812 3.304 
1703397061.536 -2.867 3.380 
1703397061.634 -2.920 3.450 
1703397061.735 -2.976 3.521 
1703397061.835 -3.031 3.593 
1703397061.936 -3.088 3.662 
1703397062.036 -3.145 3.731 
1703397062.136 -3.205 3.804 
1703397062.236 -3.269 3.882 
1703397067.153 -3.075 4.372 
1703397067.154 -3.074 4.372 
1703397067.254 -3.029 4.356 
1703397067.355 -2.966 4.279 
1703397067.455 -2.888 4.176 
1703397067.555 -2.806 4.098 
1703397067.656 -2.758 4.005 
1703397067.756 -2.737 3.898 
1703397067.856 -2.709 3.793 
1703397067.956 -2.669 3.682 
1703397068.056 -2.622 3.578 
1703397068.156 -2.574 3.465 
1703397068.256 -2.526 3.353 
1703397068.356 -2.474 3.243 
1703397068.457 -2.425 3.130 
1703397068.556 -2.388 3.014 
1703397068.656 -2.356 2.891 
1703397068.757 -2.311 2.778 
1703397068.857 -2.277 2.663 
1703397068.958 -2.249 2.547 
1703397069.057 -2.226 2.430 
1703397069.157 -2.203 2.319 
1703397069.257 -2.191 2.193 
1703397069.357 -2.188 2.052 
1703397069.459 -2.194 1.941 
1703397069.558 -2.226 1.847 
1703397069.659 -2.302 1.761 
1703397069.758 -2.415 1.679 
1703397069.858 -2.513 1.595 
1703397069.959 -2.624 1.498 
1703397070.059 -2.754 1.429 
1703397070.159 -2.876 1.394 
1703397070.259 -2.999 1.352 
1703397070.360 -3.097 1.318 
1703397070.460 -3.137 1.327 
1703397070.559 -3.175 1.338 
1703397070.659 -3.249 1.329 
1703397070.760 -3.383 1.343 
1703397070.859 -3.504 1.337 
1703397070.960 -3.574 1.344 
1703397071.060 -3.625 1.353 
1703397071.160 -3.708 1.371 
1703397071.260 -3.830 1.398 
1703397071.360 -3.943 1.424 
1703397071.460 -3.986 1.447 
1703397071.561 -4.001 1.454 
1703397071.661 -4.041 1.473 
1703397071.761 -4.142 1.518 
1703397071.860 -4.267 1.558 
1703397071.961 -4.358 1.588 
1703397072.061 -4.429 1.613 
1703397072.162 -4.498 1.629 
1703397072.261 -4.580 1.660 
1703397072.362 -4.665 1.693 
1703397072.461 -4.744 1.721 
1703397072.561 -4.819 1.746 
1703397072.662 -4.900 1.780 
1703397072.762 -4.986 1.822 
1703397072.862 -5.062 1.849 
1703397072.961 -5.138 1.882 
1703397073.062 -5.213 1.919 
1703397073.163 -5.285 1.958 
1703397073.263 -5.367 2.001 
1703397073.363 -5.449 2.043 
1703397073.463 -5.521 2.082 
1703397073.563 -5.586 2.125 
1703397073.663 -5.652 2.168 
1703397073.763 -5.721 2.217 
1703397073.863 -5.797 2.268 
1703397073.964 -5.871 2.323 
1703397074.064 -5.940 2.374 
1703397074.163 -6.004 2.423 
1703397074.263 -6.062 2.481 
1703397074.363 -6.124 2.535 
1703397074.464 -6.187 2.589 
1703397074.564 -6.248 2.644 
1703397074.664 -6.302 2.702 
1703397074.765 -6.359 2.761 
1703397074.865 -6.419 2.820 
1703397074.966 -6.474 2.866 
1703397075.067 -6.528 2.918 
1703397075.168 -6.574 2.980 
1703397075.267 -6.612 3.047 
1703397075.367 -6.647 3.112 
1703397075.468 -6.685 3.175 
1703397075.568 -6.728 3.238 
1703397075.667 -6.774 3.341 
1703397075.768 -6.821 3.408 
1703397075.868 -6.866 3.470 
1703397075.968 -6.900 3.551 
1703397076.068 -6.935 3.624 
1703397076.169 -6.965 3.697 
1703397076.269 -6.982 3.768 
1703397076.368 -6.985 3.843 
1703397076.468 -6.975 3.937 
1703397076.569 -6.960 4.030 
1703397076.669 -6.951 4.114 
1703397076.769 -6.935 4.202 
1703397076.870 -6.917 4.282 
1703397076.974 -6.902 4.352 
1703397077.076 -6.888 4.423 
1703397077.176 -6.875 4.492 
1703397077.275 -6.893 4.545 
1703397077.375 -6.917 4.601 
1703397077.476 -6.889 4.685 
1703397077.576 -6.779 4.784 
1703397077.677 -6.688 4.877 
1703397077.776 -6.585 4.931 
1703397077.876 -6.461 4.955 
1703397077.976 -6.348 4.984 
1703397078.077 -6.238 5.019 
1703397078.176 -6.126 5.037 
1703397078.277 -5.996 5.031 
1703397078.375 -5.871 5.020 
1703397078.494 -5.811 4.993 
1703397078.592 -5.755 4.981 
1703397078.692 -5.647 4.966 
1703397078.792 -5.514 4.963 
1703397078.892 -5.391 4.955 
1703397078.993 -5.346 4.918 
1703397079.092 -5.294 4.887 
1703397079.192 -5.204 4.912 
1703397079.292 -5.111 4.966 
1703397079.392 -5.029 4.995 
1703397079.493 -4.971 5.031 
1703397079.593 -4.915 5.084 
1703397079.693 -4.862 5.130 
1703397079.793 -4.805 5.176 
1703397079.895 -4.747 5.235 
1703397079.993 -4.694 5.305 
1703397080.093 -4.665 5.368 
1703397080.194 -4.625 5.404 
1703397080.294 -4.581 5.474 
1703397080.404 -4.529 5.550 
1703397080.494 -4.488 5.611 
1703397080.596 -4.449 5.690 
1703397080.694 -4.415 5.766 
1703397080.794 -4.378 5.853 
1703397080.895 -4.336 5.932 
1703397080.995 -4.300 6.010 
1703397081.095 -4.266 6.096 
1703397081.195 -4.230 6.179 
1703397081.295 -4.190 6.268 
1703397081.396 -4.155 6.353 
1703397081.495 -4.125 6.435 
1703397081.596 -4.093 6.522 
1703397081.696 -4.061 6.611 
1703397081.795 -4.028 6.697 
1703397081.897 -3.991 6.786 
1703397081.996 -3.957 6.872 
1703397082.096 -3.923 6.958 
1703397082.196 -3.892 7.042 
1703397082.296 -3.862 7.123 
1703397082.396 -3.826 7.201 
1703397082.497 -3.790 7.278 
1703397082.597 -3.758 7.352 
1703397082.696 -3.717 7.428 
1703397082.797 -3.679 7.502 
1703397082.898 -3.649 7.571 
1703397082.997 -3.616 7.632 
1703397083.097 -3.561 7.711 
1703397083.198 -3.496 7.797 
1703397083.298 -3.424 7.872 
1703397083.397 -3.360 7.930 
1703397083.498 -3.313 7.979 
1703397083.599 -3.284 8.021 
1703397083.699 -3.249 8.063 
1703397083.798 -3.139 8.096 
1703397083.898 -3.045 8.112 
1703397083.998 -2.990 8.133 
1703397084.099 -2.936 8.143 
1703397084.202 -2.882 8.140 
1703397084.299 -2.834 8.140 
1703397084.399 -2.779 8.143 
1703397084.500 -2.713 8.119 
1703397084.599 -2.644 8.063 
1703397084.700 -2.580 8.010 
1703397084.799 -2.541 7.972 
1703397084.899 -2.510 7.911 
1703397084.999 -2.485 7.831 
1703397085.099 -2.459 7.751 
1703397085.199 -2.435 7.668 
1703397085.299 -2.409 7.586 
1703397085.400 -2.380 7.498 
1703397085.500 -2.360 7.400 
1703397085.600 -2.337 7.324 
1703397085.700 -2.319 7.264 
1703397085.800 -2.308 7.200 
1703397085.901 -2.299 7.128 
1703397086.000 -2.292 7.042 
1703397086.101 -2.287 6.951 
1703397086.201 -2.280 6.862 
1703397086.303 -2.270 6.772 
1703397086.402 -2.258 6.681 
1703397086.501 -2.255 6.588 
1703397086.600 -2.254 6.504 
1703397086.701 -2.255 6.409 
1703397086.802 -2.252 6.303 
1703397086.902 -2.245 6.202 
1703397087.001 -2.235 6.104 
1703397087.102 -2.225 6.002 
1703397087.202 -2.215 5.903 
1703397087.303 -2.214 5.796 
1703397087.405 -2.208 5.699 
1703397087.505 -2.194 5.606 
1703397087.605 -2.179 5.518 
1703397087.706 -2.165 5.430 
1703397087.807 -2.132 5.305 
1703397087.907 -2.080 5.177 
1703397088.006 -2.072 5.093 
1703397088.107 -2.046 5.012 
1703397088.206 -2.003 4.924 
1703397088.306 -1.945 4.842 
1703397088.407 -1.885 4.766 
1703397088.506 -1.801 4.684 
1703397088.608 -1.720 4.608 
1703397088.707 -1.657 4.543 
1703397088.807 -1.599 4.481 
1703397088.906 -1.540 4.417 
1703397089.007 -1.441 4.352 
1703397089.108 -1.328 4.295 
1703397089.207 -1.241 4.249 
1703397089.308 -1.161 4.203 
1703397089.407 -1.082 4.159 
1703397089.508 -0.999 4.113 
1703397089.608 -0.913 4.067 
1703397089.708 -0.826 4.030 
1703397089.808 -0.736 4.001 
1703397089.911 -0.638 3.975 
1703397090.008 -0.549 3.959 
1703397090.108 -0.447 3.950 
1703397090.209 -0.348 3.944 
1703397090.309 -0.252 3.951 
1703397090.409 -0.149 3.968 
1703397090.508 -0.048 3.981 
1703397090.609 0.056 4.008 
1703397090.709 0.154 4.042 
1703397090.809 0.248 4.088 
1703397090.910 0.331 4.152 
1703397091.009 0.413 4.222 
1703397091.110 0.503 4.285 
1703397091.210 0.586 4.342 
1703397091.311 0.671 4.407 
1703397091.410 0.749 4.474 
1703397091.511 0.827 4.545 
1703397091.611 0.901 4.616 
1703397091.712 0.967 4.691 
1703397091.812 1.033 4.767 
1703397091.911 1.099 4.849 
1703397092.011 1.159 4.932 
1703397092.112 1.207 5.014 
1703397092.211 1.238 5.096 
1703397092.311 1.276 5.185 
1703397092.412 1.324 5.302 
1703397092.513 1.368 5.406 
1703397092.612 1.389 5.489 
1703397092.712 1.400 5.583 
1703397092.813 1.409 5.691 
1703397092.912 1.422 5.788 
1703397093.013 1.424 5.883 
1703397093.113 1.432 5.982 
1703397093.213 1.441 6.078 
1703397093.314 1.439 6.176 
1703397093.412 1.431 6.268 
1703397093.514 1.424 6.362 
1703397093.613 1.416 6.459 
1703397093.713 1.412 6.550 
1703397093.814 1.403 6.643 
1703397093.914 1.395 6.734 
1703397094.014 1.388 6.822 
1703397094.114 1.381 6.911 
1703397094.215 1.373 7.005 
1703397094.314 1.363 7.092 
1703397094.416 1.354 7.180 
1703397094.515 1.349 7.263 
1703397094.615 1.344 7.347 
1703397094.715 1.339 7.425 
1703397094.816 1.336 7.502 
1703397094.917 1.332 7.572 
1703397095.016 1.329 7.640 
1703397095.116 1.329 7.730 
1703397095.217 1.326 7.849 
1703397095.316 1.329 7.943 
1703397095.417 1.324 7.990 
1703397095.516 1.365 8.074 
1703397095.617 1.439 8.165 
1703397095.717 1.510 8.244 
1703397095.817 1.546 8.303 
1703397095.917 1.558 8.354 
1703397096.018 1.615 8.388 
1703397096.118 1.682 8.429 
1703397096.218 1.748 8.467 
1703397096.318 1.806 8.493 
1703397096.419 1.874 8.499 
1703397096.519 1.924 8.487 
1703397096.620 1.971 8.473 
1703397096.720 2.039 8.466 
1703397096.819 2.102 8.462 
1703397096.920 2.167 8.462 
1703397097.021 2.238 8.457 
1703397097.121 2.321 8.453 
1703397097.221 2.410 8.455 
1703397097.321 2.492 8.459 
1703397097.423 2.594 8.463 
1703397097.521 2.689 8.466 
1703397097.621 2.782 8.466 
1703397097.721 2.878 8.470 
1703397097.822 2.968 8.475 
1703397097.921 3.064 8.477 
1703397098.022 3.153 8.479 
1703397098.121 3.234 8.477 
1703397098.222 3.323 8.473 
1703397098.322 3.404 8.476 
1703397098.423 3.480 8.477 
1703397098.521 3.557 8.465 
1703397098.622 3.629 8.444 
1703397098.724 3.696 8.420 
1703397098.823 3.757 8.386 
1703397098.922 3.816 8.346 
1703397099.024 3.877 8.306 
1703397099.123 3.936 8.273 
1703397099.223 3.985 8.247 
1703397099.322 4.022 8.219 
1703397099.423 4.032 8.218 
1703397099.523 4.025 8.257 
1703397099.624 4.031 8.252 
1703397099.723 4.067 8.173 
1703397099.824 4.131 8.073 
1703397099.924 4.195 7.982 
1703397100.024 4.248 7.904 
1703397100.124 4.297 7.830 
1703397100.224 4.345 7.750 
1703397100.324 4.387 7.675 
1703397100.424 4.425 7.611 
1703397100.524 4.464 7.568 
1703397100.625 4.508 7.537 
1703397100.725 4.533 7.466 
1703397100.828 4.531 7.357 
1703397100.928 4.528 7.274 
1703397101.026 4.536 7.183 
1703397101.126 4.554 7.071 
1703397101.226 4.596 7.017 
1703397101.328 4.629 6.965 
1703397101.425 4.626 6.905 
1703397101.526 4.603 6.800 
1703397101.626 4.585 6.665 
1703397101.726 4.567 6.540 
1703397101.826 4.546 6.430 
1703397101.926 4.531 6.377 
1703397102.026 4.508 6.319 
1703397102.128 4.476 6.246 
1703397102.227 4.440 6.171 
1703397102.327 4.403 6.088 
1703397102.428 4.386 6.013 
1703397102.527 4.365 5.949 
1703397102.628 4.329 5.877 
1703397102.728 4.288 5.799 
1703397102.828 4.248 5.721 
1703397102.928 4.206 5.645 
1703397103.029 4.161 5.566 
1703397103.129 4.113 5.485 
1703397103.229 4.063 5.408 
1703397103.329 4.011 5.330 
1703397103.429 3.955 5.250 
1703397103.529 3.897 5.169 
1703397103.629 3.838 5.087 
1703397103.729 3.778 5.007 
1703397103.829 3.718 4.926 
1703397103.930 3.656 4.847 
1703397104.030 3.593 4.765 
1703397104.129 3.527 4.682 
1703397104.229 3.462 4.597 
1703397104.330 3.394 4.513 
1703397104.430 3.328 4.429 
1703397104.530 3.261 4.347 
1703397104.631 3.191 4.267 
1703397104.730 3.120 4.186 
1703397104.830 3.045 4.100 
1703397104.931 2.974 4.014 
1703397105.030 2.902 3.930 
1703397105.131 2.829 3.845 
1703397105.230 2.757 3.759 
1703397105.331 2.682 3.674 
1703397105.431 2.608 3.589 
1703397105.531 2.536 3.505 
1703397105.633 2.462 3.419 
1703397105.733 2.391 3.331 
1703397105.831 2.324 3.249 
1703397105.934 2.252 3.160 
1703397106.033 2.181 3.074 
1703397106.133 2.110 2.987 
1703397106.233 2.039 2.901 
1703397106.332 1.970 2.817 
1703397106.433 1.899 2.731 
1703397106.532 1.829 2.646 
1703397106.633 1.758 2.562 
1703397106.733 1.688 2.477 
1703397106.834 1.616 2.390 
1703397106.933 1.546 2.305 
1703397107.033 1.475 2.219 
1703397107.133 1.404 2.133 
1703397107.233 1.332 2.047 
1703397107.335 1.259 1.960 
1703397107.435 1.188 1.876 
1703397107.534 1.114 1.789 
1703397107.634 1.042 1.704 
1703397107.735 0.967 1.615 
1703397107.835 0.892 1.528 
1703397107.935 0.819 1.440 
1703397108.035 0.747 1.353 
1703397108.136 0.673 1.269 
1703397108.235 0.601 1.180 
1703397108.337 0.527 1.089 
1703397108.436 0.456 0.999 
1703397108.537 0.385 0.909 
1703397108.636 0.315 0.822 
1703397108.737 0.245 0.736 
1703397108.836 0.175 0.652 
1703397108.936 0.102 0.567 
1703397109.036 0.028 0.474 
1703397109.138 -0.040 0.389 
1703397109.237 -0.107 0.306 
1703397109.337 -0.177 0.220 
1703397109.437 -0.247 0.133 
1703397109.538 -0.313 0.049 
1703397109.643 -0.377 -0.034 
1703397109.737 -0.432 -0.107 
1703397109.837 -0.496 -0.193 
1703397109.938 -0.561 -0.279 
1703397110.037 -0.622 -0.359 
1703397110.138 -0.682 -0.436 
1703397110.238 -0.737 -0.505 
1703397110.338 -0.789 -0.575 
1703397110.450 -0.848 -0.661 
1703397110.542 -0.899 -0.731 
1703397110.640 -0.942 -0.799 
1703397110.739 -0.978 -0.861 
1703397110.839 -1.022 -0.922 
1703397110.939 -1.087 -0.987 
1703397111.040 -1.190 -1.053 
1703397111.139 -1.286 -1.112 
1703397111.239 -1.348 -1.176 
1703397111.340 -1.407 -1.237 
1703397111.440 -1.499 -1.269 
1703397111.539 -1.587 -1.294 
1703397111.640 -1.684 -1.307 
1703397111.739 -1.787 -1.315 
1703397111.840 -1.888 -1.319 
1703397111.940 -1.957 -1.318 
1703397112.040 -2.023 -1.324 
1703397112.140 -2.102 -1.327 
1703397112.240 -2.188 -1.332 
1703397112.341 -2.273 -1.340 
1703397112.440 -2.359 -1.346 
1703397112.541 -2.447 -1.348 
1703397112.642 -2.539 -1.355 
1703397112.742 -2.635 -1.378 
1703397112.843 -2.722 -1.394 
1703397112.943 -2.802 -1.408 
1703397113.043 -2.900 -1.429 
1703397113.143 -2.996 -1.452 
1703397113.242 -3.081 -1.469 
1703397113.343 -3.168 -1.482 
1703397113.443 -3.264 -1.500 
1703397113.543 -3.359 -1.522 
1703397113.643 -3.449 -1.536 
1703397113.743 -3.539 -1.551 
1703397113.844 -3.633 -1.568 
1703397113.943 -3.719 -1.585 
1703397114.044 -3.807 -1.593 
1703397114.144 -3.901 -1.596 
1703397114.244 -3.993 -1.603 
1703397114.344 -4.080 -1.606 
1703397114.444 -4.168 -1.606 
1703397114.544 -4.253 -1.607 
1703397114.644 -4.337 -1.606 
1703397114.745 -4.422 -1.605 
1703397114.845 -4.509 -1.605 
1703397114.945 -4.592 -1.606 
1703397115.045 -4.675 -1.609 
1703397115.145 -4.758 -1.613 
1703397115.245 -4.840 -1.618 
1703397115.345 -4.923 -1.624 
1703397115.445 -5.011 -1.627 
1703397115.547 -5.103 -1.632 
1703397115.647 -5.175 -1.638 
1703397115.746 -5.223 -1.639 
1703397115.846 -5.298 -1.657 
1703397115.947 -5.395 -1.688 
1703397116.046 -5.486 -1.728 
1703397116.146 -5.565 -1.759 
1703397116.247 -5.632 -1.782 
1703397116.346 -5.708 -1.808 
1703397116.447 -5.784 -1.843 
1703397116.547 -5.860 -1.873 
1703397116.648 -5.938 -1.903 
1703397116.747 -6.015 -1.935 
1703397116.852 -6.096 -1.969 
1703397116.948 -6.168 -2.002 
1703397117.047 -6.247 -2.040 
1703397117.148 -6.325 -2.077 
1703397117.248 -6.400 -2.115 
1703397117.350 -6.480 -2.155 
1703397117.448 -6.554 -2.194 
1703397117.548 -6.635 -2.237 
1703397117.649 -6.714 -2.279 
1703397117.748 -6.792 -2.322 
1703397117.848 -6.872 -2.363 
1703397117.949 -6.953 -2.405 
1703397118.048 -7.032 -2.448 
1703397118.149 -7.114 -2.493 
1703397118.249 -7.195 -2.537 
1703397118.349 -7.276 -2.582 
1703397118.449 -7.358 -2.626 
1703397118.549 -7.439 -2.669 
1703397118.649 -7.518 -2.710 
1703397118.750 -7.598 -2.751 
1703397118.849 -7.677 -2.793 
1703397118.950 -7.755 -2.836 
1703397119.050 -7.832 -2.877 
1703397119.150 -7.910 -2.916 
1703397119.249 -7.984 -2.952 
1703397119.350 -8.059 -2.989 
1703397119.450 -8.137 -3.026 
1703397119.550 -8.219 -3.066 
1703397123.865 -8.061 -2.992 
1703397123.866 -8.061 -2.992 
1703397123.968 -7.996 -3.027 
1703397124.066 -7.890 -3.076 
1703397124.166 -7.773 -3.124 
1703397124.267 -7.651 -3.153 
1703397124.367 -7.533 -3.169 
1703397124.466 -7.413 -3.193 
1703397124.569 -7.292 -3.222 
1703397124.669 -7.176 -3.240 
1703397124.770 -7.058 -3.248 
1703397124.870 -6.938 -3.257 
1703397124.971 -6.832 -3.267 
1703397125.070 -6.747 -3.279 
1703397125.170 -6.664 -3.282 
1703397125.271 -6.581 -3.286 
1703397125.371 -6.495 -3.290 
1703397125.471 -6.410 -3.295 
1703397125.572 -6.326 -3.301 
1703397125.672 -6.242 -3.306 
1703397125.772 -6.158 -3.312 
1703397125.871 -6.075 -3.318 
1703397125.972 -5.992 -3.325 
1703397126.071 -5.912 -3.331 
1703397126.172 -5.832 -3.337 
1703397126.272 -5.755 -3.346 
1703397126.372 -5.675 -3.350 
1703397126.472 -5.572 -3.353 
1703397126.572 -5.448 -3.361 
1703397126.672 -5.330 -3.377 
1703397126.773 -5.217 -3.402 
1703397126.873 -5.118 -3.450 
1703397126.972 -5.035 -3.515 
1703397127.072 -4.953 -3.584 
1703397127.173 -4.867 -3.639 
1703397127.273 -4.785 -3.715 
1703397127.373 -4.705 -3.796 
1703397127.474 -4.633 -3.873 
1703397127.573 -4.573 -3.956 
1703397127.674 -4.520 -4.043 
1703397127.775 -4.465 -4.123 
1703397127.874 -4.413 -4.206 
1703397127.975 -4.367 -4.286 
1703397128.075 -4.321 -4.364 
1703397128.175 -4.276 -4.441 
1703397128.274 -4.231 -4.519 
1703397128.375 -4.186 -4.596 
1703397128.474 -4.141 -4.675 
1703397128.575 -4.093 -4.760 
1703397128.675 -4.045 -4.839 
1703397128.775 -3.995 -4.916 
1703397128.876 -3.945 -4.992 
1703397128.975 -3.896 -5.073 
1703397129.075 -3.853 -5.154 
1703397129.176 -3.808 -5.229 
1703397129.275 -3.747 -5.290 
1703397129.375 -3.674 -5.344 
1703397129.476 -3.596 -5.393 
1703397129.576 -3.524 -5.442 
1703397129.677 -3.457 -5.499 
1703397129.776 -3.392 -5.548 
1703397129.877 -3.319 -5.585 
1703397129.976 -3.235 -5.618 
1703397130.077 -3.150 -5.648 
1703397130.176 -3.077 -5.668 
1703397130.277 -3.008 -5.680 
1703397130.376 -2.938 -5.683 
1703397130.477 -2.871 -5.687 
1703397130.577 -2.811 -5.701 
1703397130.677 -2.742 -5.732 
1703397130.777 -2.662 -5.747 
1703397130.878 -2.604 -5.749 
1703397130.977 -2.563 -5.741 
1703397131.079 -2.555 -5.750 
1703397132.982 -2.421 -5.787 
1703397133.082 -2.392 -5.816 
1703397133.183 -2.361 -5.826 
1703397133.284 -2.366 -5.738 
1703397133.384 -2.411 -5.625 
1703397133.485 -2.456 -5.509 
1703397133.584 -2.513 -5.400 
1703397133.685 -2.584 -5.321 
1703397133.786 -2.662 -5.234 
1703397133.889 -2.748 -5.158 
1703397133.988 -2.834 -5.090 
1703397134.088 -2.894 -5.035 
1703397134.188 -2.925 -5.009 
1703397134.289 -2.962 -4.952 
1703397134.389 -3.024 -4.878 
1703397134.488 -3.092 -4.802 
1703397134.589 -3.157 -4.738 
1703397134.689 -3.224 -4.671 
1703397134.789 -3.283 -4.633 
1703397134.889 -3.337 -4.584 
1703397134.989 -3.393 -4.526 
1703397135.089 -3.447 -4.472 
1703397135.190 -3.502 -4.417 
1703397135.290 -3.550 -4.361 
1703397135.390 -3.585 -4.300 
1703397135.490 -3.602 -4.190 
1703397135.590 -3.615 -4.088 
1703397135.690 -3.623 -3.982 
1703397135.792 -3.630 -3.890 
1703397135.891 -3.640 -3.818 
1703397135.991 -3.655 -3.765 
1703397136.091 -3.683 -3.751 
1703397136.191 -3.702 -3.730 
1703397136.292 -3.638 -3.623 
1703397136.391 -3.563 -3.517 
1703397136.493 -3.523 -3.428 
1703397136.592 -3.472 -3.352 
1703397136.693 -3.402 -3.270 
1703397136.793 -3.331 -3.196 
1703397136.892 -3.259 -3.120 
1703397136.993 -3.173 -3.034 
1703397137.097 -3.094 -2.949 
1703397137.198 -3.013 -2.863 
1703397137.298 -2.929 -2.777 
1703397137.397 -2.844 -2.692 
1703397137.503 -2.759 -2.607 
1703397137.600 -2.675 -2.523 
1703397137.699 -2.588 -2.437 
1703397137.799 -2.501 -2.352 
1703397137.899 -2.414 -2.268 
1703397137.999 -2.326 -2.184 
1703397138.100 -2.239 -2.098 
1703397138.199 -2.155 -2.015 
1703397138.299 -2.068 -1.930 
1703397138.400 -1.982 -1.844 
1703397138.511 -1.895 -1.758 
1703397138.605 -1.809 -1.674 
1703397138.704 -1.722 -1.589 
1703397138.802 -1.636 -1.503 
1703397138.903 -1.550 -1.417 
1703397139.002 -1.466 -1.337 
1703397139.103 -1.375 -1.251 
1703397139.203 -1.284 -1.156 
1703397139.308 -1.194 -1.069 
1703397139.406 -1.123 -1.010 
1703397139.504 -1.056 -0.939 
1703397139.603 -0.987 -0.857 
1703397139.704 -0.914 -0.770 
1703397139.804 -0.858 -0.689 
1703397139.904 -0.807 -0.603 
1703397140.004 -0.756 -0.510 
1703397140.104 -0.708 -0.417 
1703397140.203 -0.667 -0.323 
1703397140.304 -0.639 -0.231 
1703397140.408 -0.610 -0.134 
1703397140.505 -0.582 -0.029 
1703397140.604 -0.555 0.077 
1703397140.704 -0.531 0.174 
1703397140.804 -0.518 0.269 
1703397140.905 -0.519 0.373 
1703397141.004 -0.523 0.474 
1703397141.104 -0.536 0.576 
1703397141.205 -0.547 0.681 
1703397141.305 -0.560 0.777 
1703397141.406 -0.587 0.873 
1703397141.506 -0.626 0.964 
1703397141.607 -0.664 1.047 
1703397141.707 -0.697 1.139 
1703397141.808 -0.734 1.241 
1703397141.907 -0.764 1.329 
1703397142.006 -0.799 1.409 
1703397142.107 -0.841 1.481 
1703397142.207 -0.903 1.556 
1703397142.307 -0.985 1.623 
1703397142.408 -1.098 1.683 
1703397142.508 -1.204 1.740 
1703397142.608 -1.304 1.782 
1703397142.707 -1.399 1.821 
1703397142.807 -1.496 1.853 
1703397142.907 -1.608 1.867 
1703397143.008 -1.711 1.873 
1703397143.108 -1.785 1.873 
1703397143.208 -1.846 1.869 
1703397143.309 -1.898 1.866 
1703397143.411 -1.963 1.863 
1703397143.510 -2.073 1.858 
1703397143.610 -2.189 1.855 
1703397143.711 -2.298 1.853 
1703397143.810 -2.389 1.856 
1703397143.910 -2.482 1.857 
1703397144.010 -2.590 1.859 
1703397144.110 -2.692 1.861 
1703397144.210 -2.784 1.863 
1703397144.312 -2.878 1.869 
1703397144.410 -2.988 1.872 
1703397144.511 -3.092 1.873 
1703397144.611 -3.198 1.874 
1703397144.712 -3.303 1.877 
1703397144.812 -3.404 1.879 
1703397144.910 -3.502 1.880 
1703397145.011 -3.609 1.884 
1703397145.111 -3.711 1.887 
1703397145.211 -3.811 1.888 
1703397145.311 -3.913 1.890 
1703397145.415 -4.015 1.890 
1703397145.511 -4.105 1.891 
1703397145.612 -4.201 1.892 
1703397145.712 -4.295 1.895 
1703397145.812 -4.387 1.897 
1703397145.912 -4.477 1.897 
1703397146.012 -4.565 1.896 
1703397146.112 -4.653 1.898 
1703397146.213 -4.735 1.902 
1703397146.313 -4.822 1.904 
1703397146.413 -4.905 1.907 
1703397146.513 -4.984 1.904 
1703397146.613 -5.065 1.903 
1703397146.713 -5.144 1.902 
1703397146.813 -5.222 1.904 
1703397146.913 -5.298 1.905 
1703397147.013 -5.375 1.905 
1703397147.114 -5.451 1.906 
1703397147.214 -5.524 1.907 
1703397147.313 -5.599 1.907 
1703397147.414 -5.679 1.913 
1703397147.513 -5.755 1.917 
1703397147.614 -5.833 1.920 
1703397147.714 -5.906 1.923 
1703397147.814 -5.978 1.924 
1703397147.914 -6.054 1.928 
1703397148.015 -6.136 1.939 
1703397148.115 -6.218 1.957 
1703397148.215 -6.301 1.974 
1703397148.322 -6.383 1.989 
1703397148.415 -6.456 2.001 
1703397148.516 -6.539 2.013 
1703397148.615 -6.624 2.026 
1703397148.716 -6.709 2.037 
1703397148.816 -6.793 2.047 
1703397148.915 -6.875 2.057 
1703397149.016 -6.960 2.068 
1703397149.116 -7.042 2.079 
1703397149.216 -7.125 2.091 
1703397149.316 -7.214 2.096 
1703397149.417 -7.298 2.102 
1703397149.517 -7.381 2.107 
1703397149.618 -7.463 2.115 
1703397149.717 -7.542 2.123 
1703397149.817 -7.623 2.131 
1703397149.917 -7.704 2.135 
1703397150.017 -7.779 2.139 
1703397150.118 -7.853 2.143 
1703397150.218 -7.957 2.140 
1703397150.318 -8.056 2.152 
1703397150.418 -8.162 2.179 
1703397150.518 -8.263 2.197 
1703397152.523 -8.519 2.087 
1703397152.524 -8.519 2.087 
1703397152.624 -8.538 2.168 
1703397152.724 -8.553 2.277 
1703397152.824 -8.581 2.389 
1703397152.925 -8.596 2.512 
1703397153.025 -8.613 2.632 
1703397153.128 -8.628 2.757 
1703397153.229 -8.645 2.879 
1703397153.328 -8.658 3.000 
1703397153.429 -8.669 3.120 
1703397153.531 -8.680 3.241 
1703397153.632 -8.688 3.347 
1703397153.731 -8.695 3.434 
1703397153.832 -8.702 3.516 
1703397153.931 -8.708 3.600 
1703397154.032 -8.713 3.685 
1703397154.131 -8.718 3.768 
1703397154.232 -8.725 3.854 
1703397154.332 -8.730 3.938 
1703397154.432 -8.736 4.020 
1703397154.532 -8.740 4.103 
1703397154.632 -8.744 4.186 
1703397154.732 -8.748 4.268 
1703397154.833 -8.752 4.349 
1703397154.932 -8.756 4.431 
1703397155.033 -8.760 4.511 
1703397155.133 -8.762 4.591 
1703397155.234 -8.761 4.672 
1703397155.334 -8.763 4.752 
1703397155.434 -8.764 4.832 
1703397155.533 -8.768 4.907 
1703397155.634 -8.770 4.982 
1703397155.734 -8.770 5.055 
1703397155.834 -8.767 5.128 
1703397155.934 -8.769 5.231 
1703397156.035 -8.769 5.359 
1703397156.135 -8.770 5.468 
1703397156.246 -8.773 5.555 
1703397156.335 -8.764 5.615 
1703397156.434 -8.754 5.708 
1703397156.535 -8.743 5.814 
1703397156.635 -8.727 5.912 
1703397156.736 -8.715 6.003 
1703397156.835 -8.712 6.079 
1703397156.935 -8.700 6.148 
1703397157.036 -8.675 6.198 
1703397157.136 -8.643 6.270 
1703397157.235 -8.619 6.349 
1703397157.336 -8.601 6.416 
1703397157.436 -8.579 6.471 
1703397157.536 -8.555 6.546 
1703397157.636 -8.532 6.641 
1703397157.736 -8.507 6.743 
1703397157.836 -8.516 6.807 
1703397157.937 -8.526 6.851 
1703397158.037 -8.518 6.895 
1703397158.137 -8.461 6.959 
1703397158.237 -8.357 7.047 
1703397158.337 -8.234 7.136 
1703397158.437 -8.150 7.198 
1703397158.537 -8.082 7.255 
1703397159.841 -8.110 7.468 
1703397159.941 -8.084 7.469 
1703397160.041 -8.006 7.446 
1703397160.142 -7.925 7.402 
1703397160.243 -7.864 7.345 
1703397160.343 -7.781 7.246 
1703397160.443 -7.701 7.176 
1703397160.543 -7.611 7.104 
1703397160.644 -7.534 6.974 
1703397160.744 -7.490 6.870 
1703397160.843 -7.464 6.762 
1703397160.943 -7.438 6.644 
1703397161.045 -7.413 6.527 
1703397161.144 -7.389 6.411 
1703397161.244 -7.347 6.298 
1703397161.343 -7.310 6.186 
1703397161.444 -7.281 6.097 
1703397161.545 -7.260 6.018 
1703397161.645 -7.242 5.938 
1703397161.744 -7.221 5.863 
1703397161.845 -7.196 5.788 
1703397161.946 -7.171 5.704 
1703397162.046 -7.140 5.621 
1703397162.146 -7.105 5.540 
1703397162.246 -7.113 5.491 
1703397162.346 -7.107 5.443 
1703397162.447 -7.073 5.383 
1703397162.547 -7.002 5.309 
1703397162.646 -6.912 5.222 
1703397162.747 -6.816 5.135 
1703397162.847 -6.778 5.078 
1703397162.947 -6.736 5.022 
1703397163.047 -6.637 4.988 
1703397163.147 -6.531 4.949 
1703397163.248 -6.458 4.921 
1703397163.347 -6.377 4.902 
1703397163.448 -6.276 4.881 
1703397163.548 -6.187 4.853 
1703397163.647 -6.132 4.817 
1703397163.748 -6.057 4.796 
1703397163.848 -5.961 4.791 
1703397163.949 -5.852 4.795 
1703397164.049 -5.737 4.797 
1703397164.148 -5.624 4.805 
1703397164.249 -5.513 4.818 
1703397164.349 -5.411 4.826 
1703397164.453 -5.319 4.833 
1703397164.551 -5.229 4.843 
1703397164.650 -5.162 4.865 
1703397164.750 -5.132 4.902 
1703397164.850 -5.088 4.961 
1703397164.951 -5.006 5.077 
1703397165.051 -4.937 5.171 
1703397165.151 -4.887 5.230 
1703397165.251 -4.825 5.279 
1703397165.351 -4.722 5.364 
1703397165.451 -4.618 5.465 
1703397165.551 -4.554 5.536 
1703397165.651 -4.511 5.576 
1703397165.751 -4.470 5.577 
1703397165.852 -4.421 5.586 
1703397165.953 -4.368 5.691 
1703397166.052 -4.310 5.768 
1703397166.153 -4.282 5.828 
1703397166.252 -4.262 5.918 
1703397166.353 -4.238 6.021 
1703397166.453 -4.214 6.126 
1703397166.553 -4.180 6.193 
1703397166.653 -4.153 6.263 
1703397166.753 -4.147 6.355 
1703397166.854 -4.144 6.459 
1703397166.953 -4.136 6.562 
1703397167.054 -4.132 6.662 
1703397167.154 -4.131 6.772 
1703397167.254 -4.127 6.869 
1703397167.354 -4.131 6.972 
1703397167.454 -4.133 7.076 
1703397167.554 -4.136 7.181 
1703397167.654 -4.144 7.292 
1703397167.754 -4.152 7.398 
1703397167.855 -4.160 7.502 
1703397167.955 -4.169 7.613 
1703397173.765 -4.058 7.258 
1703397173.765 -4.058 7.258 
1703397173.867 -4.025 7.206 
1703397173.966 -3.980 7.110 
1703397174.067 -3.933 7.000 
1703397174.166 -3.868 6.901 
1703397174.267 -3.795 6.804 
1703397174.366 -3.726 6.716 
1703397174.466 -3.658 6.623 
1703397174.566 -3.589 6.532 
1703397174.667 -3.521 6.442 
1703397174.767 -3.452 6.351 
1703397174.867 -3.385 6.259 
1703397174.967 -3.318 6.167 
1703397175.068 -3.246 6.075 
1703397175.167 -3.176 5.988 
1703397175.267 -3.103 5.893 
1703397175.368 -3.026 5.802 
1703397175.468 -2.952 5.711 
1703397175.567 -2.879 5.625 
1703397175.668 -2.802 5.535 
1703397175.768 -2.728 5.446 
1703397175.868 -2.654 5.359 
1703397175.968 -2.584 5.282 
1703397176.068 -2.511 5.202 
1703397176.169 -2.425 5.116 
1703397176.269 -2.337 5.027 
1703397176.370 -2.261 4.948 
1703397176.468 -2.181 4.872 
1703397176.569 -2.097 4.797 
1703397176.668 -2.016 4.722 
1703397176.770 -1.934 4.644 
1703397176.869 -1.855 4.569 
1703397176.970 -1.777 4.497 
1703397177.072 -1.679 4.428 
1703397177.170 -1.585 4.369 
1703397177.270 -1.491 4.311 
1703397177.372 -1.407 4.248 
1703397177.472 -1.317 4.186 
1703397177.571 -1.225 4.132 
1703397177.670 -1.135 4.081 
1703397177.770 -1.038 4.034 
1703397177.871 -0.931 4.002 
1703397177.971 -0.841 3.956 
1703397178.071 -0.747 3.918 
1703397178.171 -0.649 3.907 
1703397178.274 -0.541 3.907 
1703397178.371 -0.438 3.903 
1703397178.471 -0.328 3.904 
1703397178.571 -0.222 3.912 
1703397178.671 -0.123 3.917 
1703397178.772 -0.016 3.937 
1703397178.872 0.084 3.976 
1703397178.972 0.174 4.030 
1703397179.072 0.279 4.088 
1703397179.177 0.387 4.145 
1703397179.276 0.486 4.192 
1703397179.375 0.573 4.255 
1703397179.475 0.665 4.329 
1703397179.575 0.761 4.401 
1703397179.675 0.852 4.474 
1703397179.775 0.935 4.551 
1703397179.875 1.017 4.631 
1703397179.975 1.102 4.710 
1703397180.076 1.187 4.789 
1703397180.176 1.272 4.865 
1703397180.276 1.355 4.941 
1703397180.376 1.437 5.019 
1703397180.476 1.518 5.097 
1703397180.575 1.595 5.173 
1703397180.676 1.674 5.248 
1703397180.777 1.758 5.319 
1703397180.875 1.835 5.388 
1703397180.977 1.915 5.456 
1703397181.078 1.995 5.517 
1703397181.176 2.071 5.579 
1703397181.278 2.147 5.637 
1703397181.377 2.220 5.692 
1703397181.477 2.295 5.749 
1703397181.577 2.370 5.799 
1703397181.676 2.446 5.849 
1703397181.778 2.525 5.898 
1703397181.877 2.598 5.936 
1703397181.977 2.674 5.975 
1703397182.078 2.748 6.011 
1703397182.178 2.824 6.044 
1703397182.277 2.898 6.076 
1703397182.378 2.967 6.116 
1703397182.477 3.032 6.155 
1703397182.579 3.101 6.187 
1703397182.678 3.172 6.210 
1703397182.779 3.238 6.236 
1703397182.878 3.301 6.260 
1703397182.978 3.379 6.276 
1703397183.079 3.459 6.284 
1703397183.179 3.533 6.290 
1703397183.280 3.614 6.304 
1703397183.379 3.717 6.330 
1703397183.479 3.821 6.356 
1703397183.580 3.924 6.370 
1703397183.679 4.012 6.379 
1703397183.780 4.091 6.382 
1703397183.879 4.176 6.390 
1703397183.979 4.271 6.405 
1703397184.080 4.381 6.405 
1703397184.180 4.480 6.406 
1703397184.280 4.567 6.408 
1703397184.381 4.654 6.409 
1703397184.480 4.743 6.416 
1703397184.581 4.838 6.419 
1703397184.681 4.944 6.411 
1703397184.780 5.050 6.406 
1703397184.881 5.129 6.407 
1703397184.981 5.215 6.407 
1703397185.082 5.321 6.408 
1703397185.182 5.420 6.409 
1703397185.282 5.515 6.406 
1703397185.382 5.607 6.405 
1703397185.483 5.697 6.412 
1703397185.583 5.790 6.422 
1703397185.682 5.896 6.437 
1703397185.783 5.995 6.449 
1703397185.887 6.086 6.461 
1703397185.983 6.174 6.470 
1703397186.084 6.258 6.488 
1703397186.183 6.350 6.515 
1703397186.283 6.441 6.537 
1703397186.383 6.524 6.559 
1703397186.483 6.607 6.578 
1703397186.583 6.698 6.593 
1703397186.684 6.781 6.614 
1703397186.785 6.862 6.641 
1703397186.884 6.933 6.667 
1703397186.984 7.004 6.694 
1703397187.084 7.075 6.721 
1703397187.185 7.163 6.744 
1703397187.284 7.248 6.770 
1703397187.384 7.323 6.798 
1703397187.486 7.379 6.828 
1703397187.585 7.433 6.857 
1703397187.685 7.485 6.890 
1703397187.785 7.543 6.923 
1703397187.887 7.626 6.963 
1703397187.986 7.719 7.014 
1703397188.087 7.788 7.066 
1703397188.187 7.853 7.102 
1703397188.286 7.917 7.144 
1703397188.388 7.979 7.193 
1703397188.487 8.037 7.244 
1703397188.587 8.090 7.299 
1703397188.688 8.141 7.361 
1703397188.788 8.174 7.434 
1703397188.888 8.186 7.512 
1703397188.988 8.197 7.582 
1703397189.090 8.200 7.661 
1703397189.189 8.191 7.736 
1703397189.289 8.174 7.804 
1703397189.389 8.165 7.881 
1703397189.488 8.158 7.951 
1703397189.589 8.151 8.020 
1703397189.689 8.139 8.096 
1703397189.789 8.133 8.176 
1703397189.889 8.124 8.243 
1703397189.989 8.117 8.302 
1703397190.090 8.105 8.365 
1703397190.190 8.115 8.457 
1703397194.999 8.611 8.192 
1703397195.001 8.611 8.192 
1703397195.101 8.627 8.154 
1703397195.201 8.575 8.038 
1703397195.301 8.507 7.920 
1703397195.401 8.459 7.799 
1703397195.504 8.423 7.709 
1703397195.602 8.368 7.626 
1703397195.702 8.267 7.545 
1703397195.802 8.174 7.458 
1703397195.902 8.084 7.386 
1703397196.002 7.984 7.322 
1703397196.103 7.878 7.265 
1703397196.203 7.776 7.215 
1703397196.303 7.670 7.171 
1703397196.403 7.558 7.138 
1703397196.503 7.453 7.120 
1703397196.603 7.364 7.105 
1703397196.703 7.274 7.087 
1703397196.804 7.175 7.069 
1703397196.904 7.075 7.055 
1703397197.004 6.971 7.049 
1703397197.105 6.865 7.044 
1703397197.204 6.761 7.037 
1703397197.304 6.653 7.030 
1703397197.404 6.544 7.025 
1703397197.505 6.436 7.018 
1703397197.604 6.328 7.012 
1703397197.705 6.222 7.006 
1703397197.805 6.118 6.999 
1703397197.905 6.015 6.994 
1703397198.005 5.912 6.985 
1703397198.105 5.812 6.978 
1703397198.205 5.709 6.955 
1703397198.306 5.614 6.937 
1703397198.405 5.517 6.920 
1703397198.506 5.400 6.867 
1703397198.606 5.277 6.815 
1703397198.706 5.204 6.794 
1703397198.806 5.126 6.769 
1703397198.907 5.028 6.711 
1703397199.007 4.939 6.654 
1703397199.107 4.867 6.589 
1703397199.207 4.798 6.514 
1703397199.307 4.716 6.441 
1703397199.409 4.637 6.371 
1703397199.507 4.571 6.296 
1703397199.608 4.502 6.207 
1703397199.708 4.429 6.121 
1703397199.810 4.355 6.031 
1703397199.909 4.294 5.933 
1703397200.009 4.229 5.845 
1703397200.110 4.162 5.754 
1703397200.210 4.092 5.659 
1703397200.310 4.021 5.562 
1703397200.410 3.953 5.465 
1703397200.510 3.885 5.373 
1703397200.610 3.817 5.280 
1703397200.710 3.749 5.188 
1703397200.811 3.682 5.094 
1703397200.911 3.616 4.999 
1703397201.011 3.550 4.903 
1703397201.111 3.481 4.809 
1703397201.212 3.412 4.712 
1703397201.311 3.343 4.616 
1703397201.411 3.275 4.521 
1703397201.512 3.205 4.428 
1703397201.613 3.136 4.337 
1703397201.713 3.065 4.244 
1703397201.812 2.996 4.151 
1703397201.912 2.926 4.058 
1703397202.012 2.855 3.968 
1703397202.112 2.785 3.876 
1703397202.213 2.714 3.783 
1703397202.313 2.637 3.693 
1703397202.413 2.560 3.602 
1703397202.513 2.483 3.511 
1703397202.613 2.407 3.419 
1703397202.713 2.330 3.328 
1703397202.813 2.255 3.235 
1703397202.913 2.180 3.144 
1703397203.012 2.104 3.053 
1703397203.113 2.029 2.958 
1703397203.213 1.954 2.864 
1703397203.314 1.878 2.769 
1703397203.414 1.805 2.675 
1703397203.514 1.734 2.578 
1703397203.615 1.664 2.485 
1703397203.715 1.601 2.402 
1703397203.815 1.539 2.326 
1703397203.915 1.481 2.245 
1703397204.015 1.422 2.162 
1703397204.115 1.363 2.077 
1703397204.216 1.303 1.993 
1703397204.315 1.244 1.912 
1703397204.415 1.184 1.827 
1703397204.515 1.123 1.740 
1703397204.615 1.062 1.654 
1703397204.716 0.999 1.566 
1703397204.817 0.936 1.478 
1703397204.916 0.873 1.385 
1703397205.016 0.811 1.303 
1703397205.116 0.745 1.212 
1703397205.217 0.681 1.120 
1703397205.316 0.618 1.032 
1703397205.416 0.553 0.942 
1703397205.517 0.488 0.851 
1703397205.617 0.421 0.762 
1703397205.718 0.353 0.674 
1703397205.819 0.283 0.584 
1703397205.920 0.212 0.490 
1703397206.019 0.143 0.400 
1703397206.122 0.073 0.309 
1703397206.223 0.003 0.219 
1703397206.322 -0.066 0.130 
1703397206.423 -0.139 0.042 
1703397206.522 -0.209 -0.041 
1703397206.623 -0.274 -0.127 
1703397206.723 -0.335 -0.217 
1703397206.822 -0.407 -0.307 
1703397206.923 -0.489 -0.396 
1703397207.023 -0.569 -0.480 
1703397207.123 -0.640 -0.561 
1703397207.224 -0.713 -0.641 
1703397207.323 -0.786 -0.718 
1703397207.424 -0.865 -0.796 
1703397207.524 -0.940 -0.865 
1703397207.624 -1.014 -0.938 
1703397207.724 -1.084 -1.012 
1703397207.824 -1.156 -1.082 
1703397207.924 -1.233 -1.149 
1703397208.024 -1.309 -1.213 
1703397208.125 -1.384 -1.279 
1703397208.225 -1.457 -1.345 
1703397208.324 -1.533 -1.409 
1703397208.425 -1.613 -1.474 
1703397208.525 -1.697 -1.536 
1703397208.626 -1.772 -1.597 
1703397208.725 -1.848 -1.664 
1703397208.826 -1.924 -1.731 
1703397208.925 -2.000 -1.800 
1703397209.025 -2.076 -1.868 
1703397209.126 -2.151 -1.936 
1703397209.225 -2.224 -2.005 
1703397209.327 -2.298 -2.076 
1703397209.443 -2.374 -2.149 
1703397209.533 -2.443 -2.213 
1703397209.628 -2.516 -2.280 
1703397209.727 -2.586 -2.351 
1703397209.827 -2.654 -2.418 
1703397209.928 -2.722 -2.485 
1703397210.028 -2.789 -2.555 
1703397210.128 -2.853 -2.620 
1703397210.227 -2.916 -2.685 
1703397210.328 -2.979 -2.751 
1703397210.428 -3.043 -2.816 
1703397210.529 -3.104 -2.884 
1703397210.628 -3.163 -2.951 
1703397210.730 -3.222 -3.011 
1703397210.829 -3.277 -3.073 
1703397210.930 -3.333 -3.137 
1703397211.029 -3.386 -3.198 
1703397211.130 -3.439 -3.262 
1703397211.230 -3.485 -3.328 
1703397211.330 -3.531 -3.396 
1703397211.433 -3.579 -3.453 
1703397211.531 -3.625 -3.513 
1703397211.630 -3.673 -3.576 
1703397211.731 -3.723 -3.640 
1703397211.831 -3.766 -3.706 
1703397211.931 -3.796 -3.783 
1703397212.030 -3.824 -3.862 
1703397212.132 -3.856 -3.928 
1703397212.231 -3.892 -3.980 
1703397212.331 -3.924 -4.049 
1703397212.432 -3.944 -4.125 
1703397212.531 -3.960 -4.201 
1703397212.632 -3.971 -4.277 
1703397212.731 -3.981 -4.355 
1703397212.832 -3.992 -4.436 
1703397212.932 -4.005 -4.516 
1703397213.031 -4.016 -4.594 
1703397213.132 -4.023 -4.670 
1703397213.232 -4.025 -4.744 
1703397213.332 -4.027 -4.820 
1703397213.432 -4.023 -4.904 
1703397213.532 -4.025 -4.990 
1703397213.633 -4.026 -5.069 
1703397213.732 -4.027 -5.144 
1703397213.833 -4.027 -5.219 
1703397213.932 -4.024 -5.303 
1703397214.033 -4.016 -5.391 
1703397214.133 -4.010 -5.478 
1703397214.234 -4.005 -5.559 
1703397214.333 -4.001 -5.633 
1703397214.434 -4.000 -5.709 
1703397214.533 -3.995 -5.794 
1703397214.634 -3.990 -5.877 
1703397214.734 -3.986 -5.955 
1703397214.834 -3.983 -6.033 
1703397214.934 -3.979 -6.107 
1703397215.035 -3.973 -6.181 
1703397215.135 -3.970 -6.270 
1703397215.236 -3.958 -6.382 
1703397215.335 -3.939 -6.501 
1703397215.434 -3.923 -6.608 
1703397215.535 -3.915 -6.692 
1703397215.635 -3.902 -6.778 
1703397215.735 -3.879 -6.876 
1703397215.836 -3.860 -6.969 
1703397215.936 -3.843 -7.055 
1703397216.035 -3.826 -7.139 
1703397216.136 -3.808 -7.224 
1703397216.236 -3.778 -7.315 
1703397216.337 -3.750 -7.399 
1703397216.436 -3.724 -7.476 
1703397216.536 -3.704 -7.546 
1703397216.636 -3.673 -7.621 
1703397216.737 -3.644 -7.707 
1703397216.837 -3.617 -7.785 
1703397216.937 -3.593 -7.857 
1703397217.036 -3.568 -7.920 
1703397217.137 -3.537 -7.984 
1703397217.237 -3.469 -8.055 
1703397217.340 -3.402 -8.118 
1703397217.438 -3.355 -8.168 
1703397217.537 -3.310 -8.212 
1703397217.638 -3.254 -8.255 
1703397217.738 -3.168 -8.297 
1703397217.837 -3.091 -8.343 
1703397217.938 -3.032 -8.387 
1703397218.039 -2.967 -8.424 
1703397218.138 -2.883 -8.467 
1703397218.238 -2.801 -8.513 
1703397218.338 -2.719 -8.561 
1703397218.439 -2.638 -8.593 
1703397218.540 -2.548 -8.623 
1703397218.640 -2.492 -8.648 
1703397218.739 -2.422 -8.677 
1703397223.954 -2.009 -8.709 
1703397223.954 -2.010 -8.710 
1703397224.055 -2.028 -8.700 
1703397224.155 -2.081 -8.650 
1703397224.255 -2.189 -8.597 
1703397224.355 -2.291 -8.527 
1703397224.455 -2.389 -8.456 
1703397224.554 -2.477 -8.377 
1703397224.655 -2.572 -8.301 
1703397224.756 -2.666 -8.226 
1703397224.856 -2.760 -8.149 
1703397224.956 -2.862 -8.074 
1703397225.056 -2.963 -7.999 
1703397225.156 -3.056 -7.932 
1703397225.255 -3.161 -7.860 
1703397225.356 -3.255 -7.783 
1703397225.456 -3.352 -7.715 
1703397225.557 -3.454 -7.656 
1703397225.656 -3.553 -7.602 
1703397225.757 -3.667 -7.557 
1703397225.857 -3.776 -7.509 
1703397225.957 -3.884 -7.458 
1703397226.057 -3.996 -7.425 
1703397226.157 -4.112 -7.397 
1703397226.258 -4.228 -7.380 
1703397226.357 -4.344 -7.368 
1703397226.458 -4.461 -7.363 
1703397226.558 -4.560 -7.370 
1703397226.658 -4.634 -7.387 
1703397226.758 -4.697 -7.414 
1703397226.859 -4.775 -7.455 
1703397226.958 -4.859 -7.491 
1703397227.058 -4.938 -7.521 
1703397227.158 -5.008 -7.556 
1703397227.259 -5.081 -7.598 
1703397227.365 -5.155 -7.645 
1703397227.461 -5.227 -7.701 
1703397227.561 -5.294 -7.764 
1703397227.660 -5.361 -7.823 
1703397227.759 -5.428 -7.889 
1703397227.861 -5.495 -7.965 
1703397227.968 -5.559 -8.040 
1703397228.065 -5.623 -8.112 
1703397228.161 -5.688 -8.186 
1703397228.261 -5.739 -8.239 
1703397228.360 -5.772 -8.288 
1703397228.460 -5.819 -8.351 
1703397228.561 -5.870 -8.414 
1703397228.661 -5.919 -8.477 
1703397230.264 -5.928 -8.557 
1703397230.265 -5.928 -8.557 
1703397230.366 -5.970 -8.545 
1703397230.466 -6.091 -8.548 
1703397230.566 -6.210 -8.545 
1703397230.667 -6.331 -8.535 
1703397230.766 -6.449 -8.527 
1703397230.867 -6.571 -8.516 
1703397230.966 -6.692 -8.503 
1703397231.067 -6.809 -8.491 
1703397231.168 -6.925 -8.482 
1703397231.268 -7.043 -8.465 
1703397231.367 -7.160 -8.440 
1703397231.467 -7.246 -8.437 
1703397231.568 -7.316 -8.426 
1703397231.668 -7.368 -8.412 
1703397231.768 -7.421 -8.399 
1703397231.868 -7.482 -8.381 
1703397231.969 -7.558 -8.330 
1703397232.068 -7.613 -8.279 
1703397232.168 -7.652 -8.251 
1703397232.268 -7.682 -8.233 
1703397232.368 -7.710 -8.210 
1703397232.468 -7.746 -8.162 
1703397232.569 -7.787 -8.083 
1703397232.668 -7.817 -8.014 
1703397232.769 -7.837 -7.984 
1703397232.869 -7.857 -7.957 
1703397232.969 -7.884 -7.917 
1703397233.069 -7.917 -7.849 
1703397233.169 -7.954 -7.781 
1703397233.269 -7.992 -7.723 
1703397233.369 -8.029 -7.665 
1703397233.470 -8.069 -7.603 
1703397233.569 -8.111 -7.538 
1703397233.670 -8.162 -7.471 
1703397233.770 -8.219 -7.399 
1703397233.870 -8.281 -7.329 
1703397233.971 -8.348 -7.261 
1703397234.071 -8.412 -7.191 
1703397234.171 -8.474 -7.116 
1703397234.271 -8.547 -7.040 
1703397234.370 -8.609 -6.978 
