1703397352.693 3.170 2.012 
1703397352.694 3.170 2.012 
1703397352.796 3.190 2.015 
1703397352.894 3.240 1.976 
1703397352.994 3.315 1.905 
1703397353.095 3.388 1.808 
1703397353.194 3.462 1.700 
1703397353.295 3.543 1.592 
1703397353.395 3.620 1.516 
1703397353.496 3.679 1.440 
1703397353.595 3.736 1.346 
1703397353.696 3.765 1.214 
1703397353.796 3.785 1.099 
1703397353.896 3.800 0.978 
1703397353.996 3.815 0.868 
1703397354.096 3.863 0.754 
1703397354.197 3.939 0.646 
1703397354.297 4.015 0.545 
1703397354.397 4.114 0.462 
1703397354.497 4.224 0.406 
1703397354.596 4.320 0.381 
1703397354.697 4.440 0.385 
1703397354.796 4.552 0.395 
1703397354.896 4.641 0.397 
1703397354.997 4.732 0.406 
1703397355.097 4.856 0.439 
1703397356.903 5.410 0.396 
1703397357.003 5.395 0.469 
1703397357.102 5.351 0.589 
1703397357.203 5.330 0.700 
1703397357.302 5.308 0.798 
1703397357.403 5.272 0.952 
1703397357.503 5.241 1.114 
1703397357.604 5.202 1.234 
1703397357.703 5.177 1.347 
1703397357.803 5.162 1.462 
1703397357.904 5.154 1.554 
1703397358.004 5.154 1.615 
1703397358.104 5.147 1.662 
1703397358.205 5.136 1.708 
1703397358.304 5.075 1.803 
1703397358.404 4.999 1.896 
1703397358.505 4.893 1.982 
1703397358.604 4.782 2.052 
1703397358.705 4.691 2.116 
1703397358.804 4.637 2.172 
1703397358.904 4.564 2.244 
1703397359.005 4.475 2.349 
1703397359.105 4.395 2.439 
1703397359.205 4.308 2.517 
1703397359.305 4.221 2.592 
1703397359.406 4.112 2.666 
1703397359.505 3.966 2.737 
1703397359.606 3.835 2.807 
1703397359.706 3.754 2.890 
1703397359.806 3.658 2.954 
1703397359.906 3.567 2.981 
1703397360.006 3.473 2.973 
1703397360.105 3.323 2.974 
1703397364.618 3.700 2.983 
1703397364.717 3.647 2.984 
1703397364.817 3.484 2.990 
1703397364.918 3.357 2.970 
1703397368.027 3.438 2.774 
1703397368.028 3.438 2.774 
1703397368.129 3.476 2.851 
1703397368.229 3.514 2.968 
1703397368.329 3.547 3.096 
1703397368.429 3.586 3.228 
1703397368.529 3.638 3.338 
1703397368.630 3.695 3.444 
1703397368.729 3.754 3.546 
1703397368.830 3.805 3.648 
1703397368.929 3.850 3.755 
1703397369.030 3.883 3.869 
1703397369.130 3.925 3.986 
1703397369.230 3.969 4.098 
1703397369.330 4.004 4.207 
1703397369.430 4.018 4.322 
1703397369.529 4.031 4.434 
1703397369.630 4.030 4.544 
1703397369.730 4.032 4.626 
1703397369.831 4.028 4.700 
1703397369.931 4.007 4.759 
1703397370.030 4.004 4.838 
1703397370.131 4.006 4.935 
1703397370.231 4.006 5.031 
1703397370.331 4.005 5.121 
1703397370.431 4.011 5.218 
1703397370.531 4.019 5.312 
1703397370.631 4.023 5.403 
1703397370.731 4.030 5.492 
1703397370.832 4.034 5.577 
1703397370.932 4.033 5.660 
1703397371.031 4.029 5.735 
1703397371.131 4.030 5.826 
1703397371.238 4.019 5.936 
1703397371.334 3.997 6.041 
1703397371.433 3.970 6.127 
1703397371.533 3.949 6.193 
1703397371.633 3.917 6.256 
1703397371.733 3.877 6.311 
1703397371.833 3.835 6.347 
1703397371.933 3.795 6.376 
1703397372.033 3.756 6.417 
1703397372.133 3.713 6.477 
1703397372.233 3.666 6.540 
1703397372.334 3.601 6.605 
1703397372.434 3.534 6.669 
1703397372.534 3.476 6.735 
1703397372.634 3.426 6.802 
1703397372.736 3.362 6.867 
1703397372.835 3.284 6.922 
1703397372.935 3.207 6.968 
1703397373.035 3.133 7.006 
1703397373.134 3.066 7.039 
1703397373.235 3.001 7.081 
1703397373.335 2.941 7.125 
1703397373.435 2.880 7.165 
1703397373.535 2.823 7.197 
1703397373.636 2.759 7.230 
1703397373.735 2.693 7.266 
1703397373.836 2.624 7.286 
1703397373.935 2.542 7.274 
1703397374.036 2.443 7.256 
1703397374.136 2.349 7.231 
1703397374.236 2.265 7.206 
1703397374.336 2.187 7.167 
1703397374.437 2.114 7.123 
1703397374.536 2.046 7.078 
1703397374.636 1.982 7.045 
1703397374.736 1.914 7.004 
1703397374.837 1.848 6.969 
1703397374.937 1.782 6.938 
1703397375.036 1.717 6.902 
1703397375.137 1.653 6.860 
1703397375.237 1.594 6.795 
1703397375.338 1.548 6.724 
1703397375.437 1.508 6.647 
1703397375.537 1.470 6.565 
1703397375.639 1.435 6.471 
1703397375.741 1.406 6.377 
1703397375.840 1.379 6.285 
1703397375.940 1.357 6.194 
1703397376.041 1.338 6.101 
1703397376.141 1.325 6.029 
1703397376.241 1.306 5.971 
1703397376.342 1.284 5.910 
1703397376.442 1.273 5.848 
1703397376.542 1.258 5.765 
1703397376.641 1.253 5.691 
1703397376.742 1.245 5.615 
1703397376.842 1.239 5.539 
1703397376.943 1.232 5.466 
1703397377.043 1.186 5.366 
1703397377.144 1.142 5.269 
1703397377.242 1.111 5.188 
1703397377.343 1.078 5.107 
1703397377.443 1.062 5.040 
1703397377.543 1.038 4.964 
1703397377.642 0.997 4.888 
1703397377.743 0.936 4.825 
1703397377.843 0.874 4.768 
1703397377.943 0.795 4.713 
1703397378.044 0.727 4.665 
1703397378.144 0.662 4.618 
1703397378.244 0.596 4.564 
1703397378.344 0.532 4.505 
1703397378.462 0.466 4.444 
1703397378.561 0.395 4.396 
1703397378.661 0.327 4.356 
1703397378.761 0.264 4.317 
1703397378.862 0.211 4.277 
1703397378.961 0.162 4.225 
1703397379.061 0.105 4.113 
1703397379.162 0.057 4.027 
1703397379.262 0.018 3.956 
1703397379.362 -0.023 3.876 
1703397379.462 -0.076 3.794 
1703397379.562 -0.117 3.714 
1703397379.663 -0.150 3.647 
1703397379.763 -0.171 3.587 
1703397379.862 -0.185 3.494 
1703397379.963 -0.218 3.386 
1703397380.063 -0.249 3.285 
1703397380.164 -0.259 3.222 
1703397380.263 -0.269 3.176 
1703397380.364 -0.274 3.113 
1703397380.463 -0.270 3.018 
1703397380.564 -0.265 2.925 
1703397380.663 -0.269 2.846 
1703397380.765 -0.275 2.753 
1703397380.864 -0.276 2.667 
1703397380.963 -0.273 2.582 
1703397381.064 -0.276 2.487 
1703397381.164 -0.280 2.392 
1703397381.265 -0.272 2.334 
1703397381.365 -0.258 2.264 
1703397381.465 -0.229 2.181 
1703397381.565 -0.187 2.096 
1703397381.667 -0.147 2.023 
1703397381.765 -0.109 1.952 
1703397381.865 -0.074 1.884 
1703397381.965 -0.035 1.812 
1703397382.065 0.002 1.742 
1703397382.166 0.044 1.672 
1703397382.265 0.090 1.602 
1703397382.365 0.127 1.530 
1703397382.466 0.160 1.457 
1703397382.566 0.208 1.389 
1703397382.665 0.268 1.324 
1703397382.766 0.332 1.257 
1703397382.866 0.398 1.189 
1703397382.966 0.451 1.133 
1703397383.067 0.489 1.089 
1703397383.166 0.505 1.049 
1703397383.267 0.477 1.014 
1703397383.367 0.536 0.988 
1703397383.467 0.630 0.956 
1703397383.567 0.696 0.896 
1703397383.667 0.771 0.864 
1703397383.767 0.866 0.871 
1703397383.866 1.004 0.888 
1703397383.967 1.096 0.900 
1703397384.067 1.150 0.909 
1703397384.168 1.211 0.920 
1703397384.268 1.311 0.927 
1703397384.368 1.406 0.944 
1703397384.467 1.488 0.957 
1703397384.568 1.564 0.967 
1703397384.667 1.655 0.969 
1703397384.768 1.755 0.971 
1703397384.868 1.854 0.976 
1703397384.969 1.952 0.981 
1703397385.068 2.030 0.984 
1703397385.169 2.094 0.992 
1703397385.269 2.144 1.014 
1703397385.368 2.192 1.042 
1703397385.468 2.282 1.010 
1703397385.569 2.362 0.978 
1703397385.669 2.413 0.943 
1703397385.769 2.484 0.894 
1703397385.869 2.560 0.842 
1703397385.970 2.634 0.788 
1703397386.069 2.714 0.733 
1703397386.170 2.800 0.674 
1703397386.271 2.887 0.625 
1703397386.370 2.948 0.581 
1703397386.470 2.998 0.539 
1703397386.570 3.048 0.500 
1703397386.671 3.078 0.508 
1703397386.771 3.107 0.499 
1703397386.871 3.142 0.402 
1703397386.971 3.158 0.259 
1703397387.071 3.194 0.160 
1703397387.171 3.212 0.098 
1703397387.271 3.230 0.039 
1703397387.371 3.246 -0.044 
1703397387.472 3.279 -0.116 
1703397387.571 3.310 -0.184 
1703397387.673 3.324 -0.263 
1703397387.772 3.326 -0.340 
1703397387.871 3.311 -0.439 
1703397387.971 3.300 -0.539 
1703397388.072 3.290 -0.635 
1703397388.172 3.284 -0.728 
1703397388.272 3.288 -0.783 
1703397390.679 3.550 -0.759 
1703397390.778 3.491 -0.771 
1703397390.879 3.359 -0.819 
1703397390.978 3.291 -0.850 
1703397391.082 3.302 -0.852 
1703397391.180 3.401 -0.796 
1703397391.279 3.529 -0.710 
1703397391.379 3.680 -0.637 
1703397391.479 3.796 -0.601 
1703397391.579 3.905 -0.571 
1703397391.680 3.992 -0.540 
1703397391.780 4.009 -0.535 
1703397391.880 3.970 -0.545 
1703397391.981 3.992 -0.536 
1703397392.080 4.118 -0.517 
1703397392.182 4.215 -0.495 
1703397392.281 4.249 -0.450 
1703397392.380 4.293 -0.429 
1703397392.481 4.385 -0.436 
1703397392.581 4.506 -0.426 
1703397392.682 4.624 -0.422 
1703397392.782 4.753 -0.414 
1703397392.882 4.871 -0.412 
1703397392.982 4.971 -0.408 
1703397393.082 5.042 -0.399 
1703397393.181 5.083 -0.406 
1703397393.282 5.105 -0.433 
1703397393.383 5.170 -0.482 
1703397393.482 5.262 -0.558 
1703397393.582 5.325 -0.596 
1703397393.682 5.385 -0.638 
1703397393.782 5.451 -0.687 
1703397393.883 5.517 -0.742 
1703397393.984 5.583 -0.794 
1703397394.086 5.650 -0.844 
1703397394.183 5.715 -0.897 
1703397394.283 5.785 -0.954 
1703397394.383 5.858 -1.011 
1703397394.484 5.927 -1.056 
1703397394.584 5.997 -1.100 
1703397394.684 6.101 -1.149 
1703397394.784 6.215 -1.195 
1703397394.884 6.302 -1.227 
1703397394.985 6.368 -1.235 
1703397395.084 6.459 -1.214 
1703397395.185 6.600 -1.196 
1703397395.285 6.691 -1.183 
1703397395.387 6.781 -1.161 
1703397395.486 6.876 -1.104 
1703397395.585 6.966 -1.033 
1703397395.686 7.064 -0.961 
1703397395.784 7.165 -0.899 
1703397395.885 7.247 -0.821 
1703397395.986 7.313 -0.744 
1703397396.085 7.372 -0.652 
1703397396.186 7.433 -0.549 
1703397396.285 7.491 -0.448 
1703397396.386 7.548 -0.346 
1703397396.486 7.592 -0.258 
1703397396.586 7.628 -0.177 
1703397396.686 7.659 -0.082 
1703397396.787 7.688 0.008 
1703397396.886 7.721 0.099 
1703397396.986 7.758 0.191 
1703397397.087 7.789 0.285 
1703397397.187 7.809 0.344 
1703397397.287 7.829 0.402 
1703397397.386 7.850 0.479 
1703397397.489 7.873 0.564 
1703397397.588 7.896 0.646 
1703397397.687 7.919 0.723 
1703397397.788 7.941 0.803 
1703397397.887 7.963 0.883 
1703397397.988 7.984 0.965 
1703397398.088 8.001 1.057 
1703397398.188 8.020 1.142 
1703397398.287 8.037 1.222 
1703397398.387 8.054 1.298 
1703397398.487 8.072 1.374 
1703397398.589 8.084 1.460 
1703397398.689 8.095 1.549 
1703397398.789 8.106 1.629 
1703397398.889 8.113 1.708 
1703397398.988 8.119 1.784 
1703397399.089 8.124 1.865 
1703397399.188 8.129 1.942 
1703397399.289 8.132 2.020 
1703397399.389 8.135 2.096 
1703397399.489 8.139 2.172 
1703397405.415 8.009 1.730 
1703397405.416 8.009 1.730 
1703397405.516 8.027 1.700 
1703397405.630 8.058 1.601 
1703397405.723 8.090 1.493 
1703397405.818 8.119 1.426 
1703397405.918 8.149 1.342 
1703397406.017 8.176 1.241 
1703397406.118 8.196 1.153 
1703397406.217 8.209 1.073 
1703397406.317 8.221 0.986 
1703397406.417 8.232 0.901 
1703397406.517 8.240 0.819 
1703397406.617 8.246 0.734 
1703397406.719 8.250 0.649 
1703397406.820 8.255 0.566 
1703397406.920 8.259 0.485 
1703397407.020 8.267 0.403 
1703397407.121 8.276 0.326 
1703397407.221 8.279 0.249 
1703397407.321 8.279 0.172 
1703397407.421 8.280 0.099 
1703397407.522 8.278 0.026 
1703397407.625 8.283 -0.085 
1703397407.722 8.284 -0.186 
1703397407.822 8.285 -0.284 
1703397407.922 8.283 -0.394 
1703397408.021 8.267 -0.470 
1703397408.122 8.257 -0.534 
1703397408.221 8.243 -0.599 
1703397408.322 8.238 -0.680 
1703397408.422 8.233 -0.753 
1703397408.523 8.234 -0.830 
1703397408.622 8.235 -0.910 
1703397408.722 8.233 -0.985 
1703397408.823 8.251 -1.096 
1703397408.923 8.260 -1.217 
1703397409.023 8.273 -1.306 
1703397409.123 8.283 -1.398 
1703397409.222 8.292 -1.480 
1703397409.323 8.298 -1.556 
1703397409.423 8.301 -1.632 
1703397409.524 8.304 -1.709 
1703397409.624 8.311 -1.793 
1703397409.724 8.316 -1.887 
1703397409.824 8.310 -1.967 
1703397409.924 8.298 -2.028 
1703397410.023 8.272 -2.073 
1703397410.124 8.247 -2.089 
1703397410.223 8.195 -2.098 
1703397410.325 8.130 -2.116 
1703397410.424 8.047 -2.187 
1703397410.524 7.961 -2.277 
1703397410.625 7.887 -2.360 
1703397410.726 7.833 -2.434 
1703397410.825 7.780 -2.497 
1703397410.925 7.721 -2.555 
1703397411.025 7.661 -2.603 
1703397411.124 7.636 -2.625 
1703397411.225 7.580 -2.689 
1703397411.326 7.553 -2.731 
1703397411.425 7.572 -2.751 
1703397411.526 7.559 -2.762 
1703397411.625 7.526 -2.761 
1703397411.726 7.515 -2.756 
1703397411.826 7.556 -2.749 
1703397411.927 7.606 -2.743 
1703397412.026 7.556 -2.698 
1703397412.127 7.504 -2.657 
1703397412.227 7.494 -2.651 
1703397412.333 7.525 -2.654 
1703397412.430 7.585 -2.638 
1703397412.528 7.614 -2.623 
1703397412.628 7.591 -2.597 
1703397412.728 7.524 -2.517 
1703397412.829 7.451 -2.442 
1703397412.928 7.425 -2.401 
1703397413.032 7.417 -2.374 
1703397413.129 7.397 -2.363 
1703397413.229 7.363 -2.338 
1703397413.328 7.304 -2.308 
1703397413.430 7.236 -2.256 
1703397413.529 7.174 -2.185 
1703397413.629 7.136 -2.120 
1703397413.730 7.104 -2.071 
1703397413.831 7.057 -2.007 
1703397413.930 7.003 -1.928 
1703397414.029 6.953 -1.852 
1703397414.130 6.903 -1.779 
1703397414.230 6.851 -1.705 
1703397414.331 6.799 -1.632 
1703397414.430 6.746 -1.557 
1703397414.530 6.693 -1.481 
1703397414.631 6.639 -1.403 
1703397414.732 6.587 -1.325 
1703397414.832 6.536 -1.247 
1703397414.933 6.485 -1.169 
1703397415.031 6.437 -1.095 
1703397415.132 6.388 -1.016 
1703397415.231 6.341 -0.938 
1703397415.331 6.293 -0.858 
1703397415.432 6.241 -0.789 
1703397415.532 6.195 -0.719 
1703397415.632 6.129 -0.647 
1703397415.734 6.040 -0.578 
1703397415.832 5.962 -0.516 
1703397415.931 5.882 -0.455 
1703397416.033 5.819 -0.391 
1703397416.134 5.747 -0.334 
1703397416.233 5.679 -0.279 
1703397416.333 5.610 -0.225 
1703397416.433 5.537 -0.175 
1703397416.534 5.456 -0.140 
1703397416.634 5.339 -0.115 
1703397416.733 5.225 -0.091 
1703397416.834 5.113 -0.056 
1703397416.934 5.004 -0.028 
1703397417.039 4.896 -0.010 
1703397417.135 4.802 0.000 
1703397417.234 4.702 0.008 
1703397417.334 4.599 0.022 
1703397417.434 4.489 0.027 
1703397417.535 4.380 0.028 
1703397417.634 4.279 0.021 
1703397417.734 4.168 -0.011 
1703397417.835 4.081 -0.028 
1703397417.938 4.030 -0.032 
1703397418.038 3.979 -0.049 
1703397418.138 3.902 -0.075 
1703397418.238 3.815 -0.109 
1703397418.338 3.708 -0.165 
1703397418.438 3.625 -0.212 
1703397418.539 3.541 -0.259 
1703397418.639 3.468 -0.305 
1703397418.738 3.397 -0.355 
1703397418.839 3.332 -0.415 
1703397418.939 3.271 -0.481 
1703397419.039 3.212 -0.560 
1703397419.139 3.150 -0.642 
1703397419.240 3.096 -0.712 
1703397419.340 3.048 -0.781 
1703397419.439 2.998 -0.850 
1703397419.539 2.950 -0.934 
1703397419.639 2.905 -1.024 
1703397419.740 2.857 -1.110 
1703397419.840 2.813 -1.189 
1703397419.940 2.768 -1.270 
1703397420.041 2.717 -1.354 
1703397420.140 2.668 -1.437 
1703397420.241 2.618 -1.522 
1703397420.340 2.569 -1.606 
1703397420.441 2.521 -1.688 
1703397420.541 2.470 -1.772 
1703397420.641 2.421 -1.855 
1703397420.741 2.373 -1.935 
1703397420.841 2.325 -2.014 
1703397420.940 2.279 -2.092 
1703397421.040 2.235 -2.171 
1703397421.142 2.192 -2.250 
1703397421.241 2.153 -2.324 
1703397421.342 2.114 -2.399 
1703397421.442 2.076 -2.475 
1703397421.541 2.037 -2.549 
1703397421.642 2.001 -2.625 
1703397421.742 1.968 -2.699 
1703397421.842 1.938 -2.774 
1703397421.942 1.909 -2.845 
1703397422.043 1.880 -2.919 
1703397422.143 1.852 -2.993 
1703397422.243 1.821 -3.062 
1703397422.343 1.793 -3.130 
1703397422.443 1.757 -3.224 
1703397422.543 1.723 -3.332 
1703397422.643 1.697 -3.411 
1703397422.744 1.675 -3.485 
1703397422.843 1.652 -3.553 
1703397422.944 1.637 -3.618 
1703397423.045 1.628 -3.687 
1703397423.144 1.598 -3.769 
1703397423.245 1.551 -3.848 
1703397423.345 1.509 -3.923 
1703397423.445 1.459 -3.997 
1703397423.545 1.363 -4.056 
1703397425.248 1.401 -4.081 
1703397425.349 1.386 -3.993 
1703397425.448 1.368 -3.862 
1703397425.549 1.353 -3.716 
1703397425.649 1.318 -3.612 
1703397425.749 1.285 -3.549 
1703397425.849 1.277 -3.489 
1703397425.950 1.298 -3.419 
1703397426.050 1.320 -3.359 
1703397426.150 1.364 -3.288 
1703397426.250 1.413 -3.224 
1703397426.350 1.463 -3.165 
1703397426.450 1.513 -3.108 
1703397426.550 1.564 -3.044 
1703397426.650 1.622 -2.963 
1703397426.750 1.680 -2.875 
1703397426.850 1.723 -2.816 
1703397426.954 1.762 -2.771 
1703397427.054 1.809 -2.709 
1703397427.153 1.854 -2.645 
1703397427.254 1.906 -2.575 
1703397427.354 1.953 -2.504 
1703397427.454 2.001 -2.429 
1703397427.554 2.049 -2.354 
1703397427.654 2.099 -2.283 
1703397427.754 2.151 -2.209 
1703397427.854 2.204 -2.130 
1703397427.955 2.257 -2.051 
1703397428.056 2.312 -1.970 
1703397428.155 2.367 -1.890 
1703397428.256 2.424 -1.808 
1703397428.355 2.481 -1.725 
1703397428.455 2.539 -1.644 
1703397428.555 2.598 -1.561 
1703397428.657 2.655 -1.479 
1703397428.758 2.715 -1.395 
1703397428.857 2.780 -1.314 
1703397428.958 2.842 -1.235 
1703397429.057 2.903 -1.155 
1703397429.159 2.970 -1.069 
1703397429.258 3.035 -0.983 
1703397429.359 3.094 -0.896 
1703397429.459 3.156 -0.811 
1703397429.559 3.224 -0.726 
1703397429.659 3.295 -0.646 
1703397429.758 3.368 -0.567 
1703397429.859 3.441 -0.487 
1703397429.959 3.516 -0.402 
1703397430.060 3.591 -0.316 
1703397430.165 3.662 -0.235 
1703397430.261 3.736 -0.154 
1703397430.360 3.809 -0.073 
1703397430.460 3.884 0.008 
1703397430.559 3.959 0.086 
1703397430.659 4.036 0.165 
1703397430.760 4.111 0.245 
1703397430.859 4.183 0.325 
1703397430.963 4.254 0.404 
1703397431.063 4.320 0.473 
1703397431.163 4.385 0.540 
1703397431.262 4.456 0.618 
1703397431.363 4.522 0.693 
1703397431.463 4.586 0.769 
1703397431.563 4.644 0.845 
1703397431.663 4.698 0.919 
1703397431.763 4.753 0.986 
1703397431.863 4.804 1.059 
1703397431.964 4.855 1.139 
1703397432.064 4.900 1.213 
1703397432.163 4.941 1.284 
1703397432.264 4.982 1.349 
1703397432.364 5.019 1.416 
1703397432.464 5.046 1.512 
1703397432.564 5.072 1.593 
1703397432.664 5.095 1.654 
1703397432.765 5.115 1.711 
1703397432.864 5.136 1.765 
1703397432.964 5.152 1.829 
1703397433.065 5.149 1.957 
1703397433.168 5.154 2.046 
1703397433.267 5.154 2.103 
1703397433.366 5.164 2.161 
1703397433.466 5.172 2.218 
1703397433.568 5.147 2.317 
1703397433.666 5.131 2.406 
1703397433.767 5.115 2.461 
1703397433.867 5.109 2.513 
1703397433.967 5.102 2.576 
1703397434.067 5.063 2.687 
1703397434.167 5.018 2.794 
1703397434.267 4.992 2.834 
1703397434.366 4.976 2.847 
1703397434.468 4.969 2.874 
1703397434.567 4.932 2.945 
1703397434.668 4.860 3.044 
1703397434.767 4.811 3.116 
1703397434.868 4.776 3.169 
1703397434.967 4.735 3.223 
1703397435.067 4.679 3.280 
1703397435.168 4.639 3.323 
1703397435.268 4.615 3.361 
1703397435.368 4.569 3.407 
1703397435.468 4.510 3.463 
1703397435.568 4.451 3.520 
1703397435.670 4.392 3.576 
1703397435.770 4.321 3.635 
1703397435.870 4.248 3.702 
1703397435.970 4.183 3.781 
1703397436.070 4.134 3.863 
1703397436.171 4.089 3.959 
1703397436.271 4.042 4.069 
1703397436.371 4.000 4.181 
1703397436.471 3.949 4.292 
1703397436.572 3.901 4.405 
1703397436.671 3.866 4.514 
1703397436.772 3.851 4.624 
1703397436.871 3.847 4.739 
1703397436.971 3.856 4.863 
1703397437.073 3.851 4.976 
1703397437.172 3.846 5.086 
1703397437.273 3.848 5.203 
1703397437.373 3.869 5.317 
1703397437.476 3.893 5.422 
1703397437.574 3.931 5.529 
1703397437.673 3.989 5.631 
1703397437.773 4.044 5.727 
1703397437.872 4.091 5.813 
1703397437.973 4.159 5.900 
1703397438.074 4.244 5.983 
1703397438.173 4.323 6.061 
1703397438.274 4.397 6.153 
1703397438.374 4.479 6.254 
1703397438.473 4.559 6.349 
1703397438.574 4.627 6.426 
1703397438.674 4.689 6.490 
1703397438.773 4.756 6.569 
1703397438.874 4.825 6.661 
1703397438.974 4.883 6.754 
1703397439.074 4.933 6.829 
1703397439.175 4.986 6.886 
1703397439.274 5.043 6.935 
1703397439.375 5.100 7.012 
1703397439.475 5.154 7.085 
1703397439.575 5.197 7.152 
1703397439.674 5.225 7.216 
1703397439.775 5.253 7.276 
1703397439.876 5.286 7.347 
1703397439.975 5.331 7.416 
1703397440.075 5.379 7.481 
1703397440.176 5.421 7.545 
1703397440.276 5.463 7.604 
1703397440.376 5.507 7.683 
1703397440.476 5.556 7.766 
1703397440.577 5.597 7.871 
1703397440.677 5.645 7.957 
1703397440.776 5.692 8.027 
1703397440.876 5.737 8.093 
1703397440.976 5.753 8.169 
1703397441.077 5.747 8.242 
1703397441.176 5.740 8.303 
1703397441.277 5.727 8.348 
1703397441.379 5.685 8.412 
1703397441.480 5.606 8.503 
1703397441.584 5.589 8.561 
1703397441.680 5.583 8.607 
1703397441.780 5.519 8.632 
1703397441.880 5.432 8.621 
1703397441.981 5.377 8.593 
1703397442.080 5.334 8.558 
1703397442.181 5.310 8.535 
1703397442.281 5.248 8.537 
1703397442.383 5.199 8.513 
1703397442.484 5.121 8.494 
1703397442.584 5.053 8.503 
1703397442.684 4.971 8.498 
1703397442.784 4.873 8.489 
1703397442.885 4.809 8.460 
1703397442.985 4.759 8.424 
1703397443.085 4.705 8.396 
1703397443.184 4.601 8.370 
1703397443.285 4.466 8.339 
1703397443.385 4.368 8.306 
1703397443.485 4.310 8.280 
1703397443.585 4.260 8.253 
1703397443.685 4.202 8.223 
1703397443.786 4.102 8.210 
1703397443.886 3.963 8.200 
1703397443.985 3.819 8.205 
1703397444.087 3.728 8.178 
1703397444.187 3.692 8.180 
1703397444.287 3.627 8.188 
1703397444.387 3.515 8.190 
1703397444.488 3.407 8.200 
1703397444.588 3.316 8.218 
1703397444.689 3.251 8.220 
1703397444.788 3.193 8.218 
1703397444.889 3.123 8.225 
1703397444.989 3.050 8.232 
1703397445.089 2.982 8.235 
1703397445.189 2.905 8.234 
1703397445.289 2.802 8.239 
1703397445.389 2.692 8.244 
1703397445.490 2.594 8.247 
1703397445.589 2.517 8.249 
1703397445.690 2.469 8.262 
1703397445.790 2.402 8.252 
1703397445.889 2.320 8.244 
1703397445.990 2.239 8.239 
1703397446.090 2.163 8.232 
1703397446.190 2.084 8.224 
1703397446.290 2.004 8.214 
1703397446.390 1.919 8.208 
1703397446.490 1.834 8.202 
1703397446.590 1.750 8.198 
1703397446.691 1.659 8.196 
1703397446.790 1.564 8.190 
1703397446.891 1.477 8.182 
1703397449.906 1.175 8.025 
1703397449.907 1.175 8.025 
1703397450.004 1.189 7.946 
1703397450.104 1.228 7.830 
1703397450.204 1.271 7.723 
1703397450.303 1.300 7.602 
1703397450.402 1.311 7.472 
1703397450.502 1.310 7.366 
1703397450.604 1.326 7.258 
1703397450.704 1.346 7.135 
1703397450.804 1.363 7.016 
1703397450.904 1.372 6.899 
1703397451.004 1.382 6.784 
1703397451.104 1.392 6.665 
1703397451.206 1.397 6.543 
1703397451.304 1.400 6.429 
1703397451.404 1.398 6.309 
1703397451.504 1.399 6.192 
1703397451.604 1.404 6.092 
1703397451.705 1.404 6.008 
1703397451.804 1.394 5.938 
1703397451.904 1.380 5.857 
1703397452.007 1.363 5.769 
1703397452.105 1.350 5.692 
1703397452.206 1.339 5.613 
1703397452.306 1.329 5.535 
1703397452.406 1.317 5.455 
1703397452.508 1.295 5.375 
1703397452.607 1.259 5.299 
1703397452.708 1.224 5.224 
1703397452.807 1.211 5.164 
1703397452.908 1.191 5.096 
1703397453.008 1.147 5.019 
1703397453.108 1.105 4.946 
1703397453.207 1.068 4.876 
1703397453.308 1.023 4.813 
1703397453.408 0.979 4.755 
1703397453.508 0.927 4.698 
1703397453.609 0.870 4.641 
1703397453.710 0.796 4.587 
1703397453.810 0.726 4.530 
1703397453.909 0.660 4.476 
1703397454.010 0.586 4.423 
1703397454.113 0.499 4.380 
1703397454.212 0.416 4.342 
1703397454.311 0.342 4.305 
1703397454.410 0.268 4.269 
1703397454.511 0.190 4.236 
1703397454.613 0.082 4.219 
1703397454.712 -0.022 4.207 
1703397454.812 -0.115 4.188 
1703397454.912 -0.203 4.167 
1703397455.011 -0.288 4.151 
1703397455.111 -0.402 4.153 
1703397455.211 -0.513 4.152 
1703397455.312 -0.606 4.147 
1703397455.414 -0.701 4.145 
1703397455.514 -0.804 4.148 
1703397455.614 -0.907 4.148 
1703397455.714 -1.005 4.147 
1703397455.816 -1.106 4.147 
1703397455.914 -1.213 4.148 
1703397456.015 -1.316 4.149 
1703397456.115 -1.418 4.153 
1703397456.215 -1.519 4.156 
1703397456.315 -1.625 4.163 
1703397456.416 -1.728 4.169 
1703397456.516 -1.830 4.175 
1703397456.617 -1.932 4.179 
1703397456.717 -2.030 4.183 
1703397456.818 -2.131 4.187 
1703397456.916 -2.228 4.192 
1703397457.017 -2.323 4.197 
1703397457.116 -2.418 4.202 
1703397457.217 -2.514 4.207 
1703397457.317 -2.605 4.213 
1703397457.418 -2.693 4.218 
1703397457.518 -2.776 4.219 
1703397457.617 -2.860 4.220 
1703397457.717 -2.946 4.215 
1703397457.818 -3.035 4.212 
1703397457.917 -3.111 4.215 
1703397458.018 -3.183 4.213 
1703397458.118 -3.278 4.196 
1703397458.218 -3.380 4.188 
1703397458.319 -3.494 4.165 
1703397458.418 -3.596 4.138 
1703397458.518 -3.682 4.124 
1703397458.619 -3.763 4.110 
1703397458.719 -3.842 4.104 
1703397458.819 -3.929 4.096 
1703397458.919 -4.020 4.043 
1703397459.020 -4.111 3.988 
1703397459.120 -4.177 3.908 
1703397459.219 -4.221 3.814 
1703397459.319 -4.259 3.718 
1703397459.420 -4.273 3.603 
1703397459.520 -4.251 3.472 
1703397459.620 -4.244 3.400 
1703397459.720 -4.233 3.345 
1703397459.820 -4.209 3.272 
1703397459.922 -4.152 3.170 
1703397460.022 -4.093 3.076 
1703397460.122 -4.066 3.011 
1703397460.222 -4.036 2.940 
1703397460.324 -3.991 2.860 
1703397460.423 -3.914 2.768 
1703397460.523 -3.837 2.689 
1703397460.632 -3.790 2.637 
1703397460.723 -3.749 2.581 
1703397460.823 -3.697 2.512 
1703397460.925 -3.598 2.427 
1703397461.026 -3.517 2.359 
1703397461.125 -3.453 2.300 
1703397461.225 -3.387 2.238 
1703397461.325 -3.305 2.190 
1703397461.426 -3.200 2.150 
1703397461.526 -3.123 2.109 
1703397461.626 -3.061 2.071 
1703397461.726 -2.984 2.032 
1703397461.826 -2.870 1.970 
1703397461.926 -2.759 1.913 
1703397462.026 -2.672 1.870 
1703397462.127 -2.596 1.830 
1703397462.226 -2.520 1.792 
1703397462.327 -2.433 1.761 
1703397462.427 -2.394 1.716 
1703397462.527 -2.345 1.674 
1703397462.628 -2.246 1.668 
1703397462.727 -2.122 1.682 
1703397462.827 -2.048 1.691 
1703397462.929 -2.001 1.725 
1703397463.028 -1.916 1.755 
1703397463.128 -1.788 1.801 
1703397463.228 -1.700 1.814 
1703397463.329 -1.635 1.839 
1703397463.428 -1.539 1.903 
1703397463.529 -1.444 1.966 
1703397463.629 -1.349 2.026 
1703397463.729 -1.261 2.088 
1703397463.829 -1.194 2.154 
1703397463.929 -1.133 2.218 
1703397464.031 -1.055 2.284 
1703397464.130 -0.976 2.354 
1703397464.230 -0.891 2.426 
1703397464.329 -0.805 2.492 
1703397464.429 -0.725 2.562 
1703397464.530 -0.645 2.638 
1703397464.631 -0.565 2.714 
1703397464.730 -0.480 2.793 
1703397464.830 -0.400 2.873 
1703397464.930 -0.320 2.951 
1703397465.030 -0.239 3.030 
1703397465.131 -0.162 3.112 
1703397465.231 -0.084 3.195 
1703397465.330 -0.005 3.276 
1703397465.447 0.074 3.360 
1703397465.536 0.145 3.441 
1703397465.633 0.224 3.527 
1703397465.732 0.301 3.611 
1703397465.832 0.377 3.694 
1703397465.932 0.453 3.777 
1703397466.032 0.529 3.862 
1703397466.132 0.605 3.945 
1703397466.231 0.681 4.028 
1703397466.331 0.756 4.114 
1703397466.435 0.833 4.198 
1703397466.533 0.905 4.277 
1703397466.632 0.980 4.359 
1703397466.732 1.055 4.440 
1703397466.833 1.132 4.519 
1703397466.932 1.205 4.599 
1703397467.033 1.278 4.678 
1703397467.133 1.351 4.755 
1703397467.233 1.427 4.831 
1703397467.334 1.503 4.906 
1703397467.433 1.574 4.977 
1703397467.533 1.649 5.046 
1703397467.634 1.726 5.112 
1703397467.734 1.804 5.181 
1703397467.834 1.881 5.249 
1703397467.934 1.956 5.312 
1703397468.034 2.030 5.368 
1703397468.135 2.111 5.424 
1703397468.234 2.192 5.480 
1703397468.335 2.265 5.536 
1703397468.435 2.341 5.595 
1703397468.535 2.416 5.635 
1703397468.635 2.495 5.679 
1703397468.735 2.572 5.727 
1703397468.835 2.647 5.775 
1703397468.936 2.725 5.827 
1703397469.036 2.804 5.875 
1703397469.135 2.877 5.909 
1703397469.236 2.954 5.936 
1703397469.336 3.031 5.971 
1703397469.437 3.111 6.007 
1703397469.537 3.188 6.034 
1703397469.636 3.261 6.062 
1703397469.737 3.338 6.090 
1703397469.836 3.417 6.116 
1703397469.937 3.495 6.140 
1703397470.037 3.575 6.167 
1703397470.137 3.652 6.190 
1703397470.236 3.724 6.209 
1703397470.338 3.799 6.229 
1703397470.437 3.880 6.241 
1703397470.538 3.954 6.254 
1703397470.638 4.030 6.271 
1703397470.738 4.108 6.282 
1703397470.838 4.182 6.297 
1703397470.938 4.252 6.312 
1703397471.039 4.328 6.321 
1703397471.138 4.408 6.323 
1703397471.238 4.479 6.328 
1703397471.339 4.557 6.335 
1703397471.439 4.631 6.343 
1703397471.539 4.701 6.352 
1703397471.639 4.770 6.360 
1703397471.739 4.853 6.358 
1703397471.839 4.929 6.354 
1703397471.939 4.999 6.354 
1703397472.039 5.078 6.350 
1703397472.140 5.150 6.351 
1703397472.240 5.216 6.358 
1703397472.341 5.294 6.361 
1703397472.440 5.379 6.356 
1703397472.540 5.460 6.353 
1703397472.639 5.541 6.351 
1703397472.741 5.614 6.350 
1703397472.840 5.680 6.352 
1703397472.941 5.757 6.357 
1703397473.040 5.835 6.362 
1703397473.141 5.913 6.367 
1703397473.240 5.989 6.373 
1703397473.341 6.067 6.378 
1703397473.441 6.142 6.384 
1703397473.540 6.220 6.392 
1703397473.641 6.297 6.399 
1703397473.741 6.412 6.428 
1703397473.841 6.520 6.451 
1703397473.942 6.620 6.467 
1703397474.042 6.721 6.481 
1703397474.141 6.814 6.499 
1703397474.242 6.888 6.524 
1703397474.343 6.962 6.549 
1703397474.442 7.041 6.573 
1703397474.542 7.142 6.597 
1703397474.642 7.250 6.637 
1703397474.743 7.335 6.669 
1703397474.843 7.421 6.698 
1703397474.943 7.515 6.726 
1703397475.043 7.595 6.754 
1703397475.142 7.668 6.780 
1703397475.243 7.723 6.799 
1703397475.343 7.736 6.823 
1703397475.443 7.741 6.849 
1703397475.543 7.780 6.926 
1703397475.644 7.845 7.054 
1703397475.743 7.909 7.137 
1703397475.843 7.956 7.202 
1703397475.944 8.001 7.282 
1703397476.044 8.054 7.355 
1703397476.144 8.108 7.389 
1703397476.244 8.157 7.438 
1703397476.344 8.190 7.514 
1703397476.444 8.207 7.598 
1703397476.547 8.220 7.671 
1703397476.645 8.234 7.732 
1703397476.745 8.246 7.793 
1703397476.845 8.253 7.864 
1703397476.945 8.252 7.941 
1703397477.045 8.257 8.011 
1703397477.146 8.267 8.084 
1703397477.246 8.277 8.173 
1703397477.346 8.287 8.247 
1703397477.445 8.303 8.315 
1703397477.547 8.310 8.361 
1703397477.646 8.319 8.406 
1703397477.746 8.333 8.453 
1703397477.847 8.394 8.535 
1703397477.947 8.455 8.624 
1703397483.959 8.181 7.768 
1703397483.960 8.181 7.768 
1703397484.059 8.111 7.730 
1703397484.160 7.984 7.692 
1703397484.262 7.855 7.658 
1703397484.360 7.749 7.621 
1703397484.460 7.644 7.576 
1703397484.561 7.541 7.533 
1703397484.660 7.439 7.488 
1703397484.761 7.330 7.448 
1703397484.861 7.219 7.408 
1703397484.961 7.110 7.370 
1703397485.061 7.008 7.334 
1703397485.161 6.910 7.298 
1703397485.262 6.812 7.260 
1703397485.361 6.718 7.218 
1703397485.461 6.625 7.175 
1703397485.562 6.529 7.134 
1703397485.662 6.436 7.096 
1703397485.762 6.338 7.054 
1703397485.862 6.246 7.006 
1703397485.963 6.159 6.958 
1703397486.063 6.070 6.911 
1703397486.163 5.980 6.866 
1703397486.263 5.892 6.820 
1703397486.364 5.805 6.775 
1703397486.464 5.720 6.728 
1703397486.564 5.637 6.680 
1703397486.664 5.559 6.628 
1703397486.767 5.482 6.576 
1703397486.867 5.403 6.523 
1703397486.967 5.324 6.469 
1703397487.067 5.249 6.422 
1703397487.167 5.172 6.371 
1703397487.269 5.094 6.312 
1703397487.371 5.019 6.256 
1703397487.471 4.944 6.206 
1703397487.572 4.868 6.153 
1703397487.671 4.791 6.095 
1703397487.770 4.719 6.046 
1703397487.871 4.649 5.994 
1703397487.974 4.573 5.937 
1703397488.071 4.501 5.886 
1703397488.190 4.429 5.831 
1703397488.285 4.356 5.773 
1703397488.386 4.288 5.724 
1703397488.487 4.220 5.671 
1703397488.586 4.152 5.616 
1703397488.684 4.082 5.560 
1703397488.784 4.013 5.502 
1703397488.886 3.951 5.446 
1703397488.986 3.882 5.393 
1703397489.085 3.813 5.342 
1703397489.186 3.745 5.289 
1703397489.286 3.680 5.237 
1703397489.386 3.615 5.183 
1703397489.487 3.551 5.131 
1703397489.586 3.489 5.081 
1703397489.686 3.424 5.025 
1703397489.787 3.361 4.972 
1703397489.887 3.294 4.924 
1703397489.987 3.225 4.879 
1703397490.086 3.165 4.835 
1703397490.187 3.107 4.782 
1703397490.288 3.039 4.732 
1703397490.390 2.967 4.685 
1703397490.488 2.896 4.646 
1703397490.587 2.824 4.611 
1703397490.687 2.751 4.578 
1703397490.788 2.680 4.538 
1703397490.888 2.611 4.507 
1703397490.989 2.538 4.472 
1703397491.103 2.465 4.435 
1703397491.197 2.398 4.401 
1703397491.293 2.330 4.365 
1703397491.392 2.262 4.331 
1703397491.492 2.192 4.297 
1703397491.592 2.122 4.263 
1703397491.692 2.053 4.227 
1703397491.792 1.983 4.193 
1703397491.893 1.915 4.165 
1703397491.992 1.840 4.129 
1703397492.093 1.752 4.081 
1703397492.193 1.653 4.037 
1703397492.296 1.554 4.003 
1703397492.395 1.439 3.983 
1703397492.495 1.317 3.961 
1703397492.595 1.204 3.940 
1703397492.695 1.108 3.926 
1703397492.796 1.008 3.925 
1703397492.895 0.902 3.930 
1703397492.995 0.799 3.932 
1703397493.096 0.702 3.937 
1703397493.196 0.604 3.945 
1703397493.296 0.498 3.956 
1703397493.395 0.397 3.971 
1703397493.495 0.298 3.986 
1703397493.596 0.198 4.000 
1703397493.696 0.128 4.020 
1703397493.796 0.072 4.023 
1703397493.896 0.007 4.026 
1703397494.000 -0.080 4.043 
1703397494.097 -0.162 4.061 
1703397494.196 -0.237 4.078 
1703397494.297 -0.311 4.092 
1703397494.396 -0.388 4.109 
1703397494.496 -0.465 4.126 
1703397494.599 -0.541 4.141 
1703397494.698 -0.618 4.160 
1703397494.797 -0.704 4.180 
1703397494.897 -0.786 4.195 
1703397494.997 -0.870 4.204 
1703397495.098 -0.950 4.217 
1703397495.198 -1.034 4.229 
1703397495.297 -1.120 4.240 
1703397495.398 -1.203 4.253 
1703397495.499 -1.280 4.268 
1703397495.599 -1.363 4.287 
1703397495.698 -1.458 4.298 
1703397495.799 -1.544 4.312 
1703397495.899 -1.617 4.338 
1703397495.999 -1.685 4.375 
1703397496.100 -1.761 4.428 
1703397496.199 -1.844 4.487 
1703397496.312 -1.916 4.536 
1703397496.405 -1.981 4.584 
1703397496.503 -2.038 4.623 
1703397496.602 -2.092 4.660 
1703397496.701 -2.149 4.704 
1703397496.802 -2.216 4.780 
1703397496.910 -2.286 4.851 
1703397497.006 -2.367 4.926 
1703397497.104 -2.412 4.998 
1703397497.203 -2.472 5.051 
1703397497.304 -2.552 5.105 
1703397497.403 -2.643 5.158 
1703397497.503 -2.741 5.217 
1703397497.603 -2.833 5.280 
1703397497.703 -2.923 5.339 
1703397497.803 -3.017 5.390 
1703397497.903 -3.110 5.438 
1703397498.003 -3.191 5.488 
1703397498.105 -3.246 5.544 
1703397498.205 -3.316 5.600 
1703397498.305 -3.408 5.641 
1703397498.405 -3.518 5.666 
1703397498.507 -3.595 5.665 
1703397498.605 -3.639 5.658 
1703397498.705 -3.708 5.650 
1703397498.806 -3.812 5.632 
1703397498.906 -3.930 5.610 
1703397499.006 -4.042 5.592 
1703397499.105 -4.154 5.571 
1703397499.206 -4.252 5.551 
1703397499.307 -4.343 5.522 
1703397499.407 -4.434 5.483 
1703397499.507 -4.521 5.446 
1703397499.607 -4.610 5.391 
1703397499.706 -4.689 5.350 
1703397499.807 -4.763 5.313 
1703397499.907 -4.827 5.274 
1703397500.007 -4.901 5.230 
1703397500.107 -4.991 5.170 
1703397500.208 -5.087 5.105 
1703397500.307 -5.166 5.051 
1703397500.408 -5.242 5.010 
1703397500.507 -5.301 4.983 
1703397500.608 -5.347 4.974 
1703397500.708 -5.386 4.987 
1703397500.808 -5.417 5.020 
1703397500.909 -5.421 5.050 
1703397501.009 -5.460 5.073 
1703397501.108 -5.535 5.085 
1703397501.208 -5.625 5.097 
1703397501.309 -5.737 5.099 
1703397501.409 -5.846 5.091 
1703397501.509 -5.933 5.092 
1703397501.609 -6.011 5.097 
1703397501.709 -6.093 5.100 
1703397501.809 -6.177 5.099 
1703397501.909 -6.284 5.101 
1703397502.010 -6.389 5.100 
1703397502.110 -6.490 5.096 
1703397502.210 -6.601 5.087 
1703397502.310 -6.722 5.060 
1703397502.410 -6.837 5.030 
1703397502.509 -6.944 4.994 
1703397502.610 -7.051 4.940 
1703397502.710 -7.147 4.872 
1703397502.810 -7.239 4.804 
1703397502.911 -7.322 4.728 
1703397503.011 -7.400 4.626 
1703397503.111 -7.472 4.520 
1703397503.213 -7.538 4.427 
1703397503.312 -7.585 4.340 
1703397503.411 -7.610 4.246 
1703397503.511 -7.626 4.149 
1703397503.611 -7.635 4.057 
1703397503.712 -7.632 3.961 
1703397503.811 -7.593 3.844 
1703397503.911 -7.555 3.743 
1703397504.011 -7.533 3.660 
1703397504.112 -7.511 3.578 
1703397504.213 -7.487 3.497 
1703397504.313 -7.452 3.414 
1703397504.413 -7.413 3.331 
1703397504.513 -7.381 3.250 
1703397504.613 -7.343 3.167 
1703397504.713 -7.293 3.078 
1703397504.813 -7.248 2.992 
1703397504.913 -7.200 2.906 
1703397505.013 -7.156 2.827 
1703397505.114 -7.121 2.761 
1703397505.214 -7.088 2.703 
1703397505.313 -7.061 2.640 
1703397505.414 -7.036 2.574 
1703397505.513 -6.959 2.477 
1703397505.614 -6.917 2.389 
1703397505.715 -6.873 2.319 
1703397505.815 -6.801 2.251 
1703397505.915 -6.713 2.186 
1703397506.015 -6.629 2.127 
1703397506.117 -6.544 2.070 
1703397506.216 -6.444 2.015 
1703397506.315 -6.341 1.961 
1703397506.416 -6.242 1.909 
1703397506.516 -6.174 1.876 
1703397506.616 -6.126 1.849 
1703397506.715 -6.088 1.820 
1703397506.818 -6.038 1.788 
1703397506.916 -5.970 1.755 
1703397507.017 -5.877 1.735 
1703397507.117 -5.767 1.703 
1703397507.216 -5.702 1.678 
1703397507.317 -5.598 1.672 
1703397507.416 -5.491 1.671 
1703397507.519 -5.404 1.676 
1703397507.619 -5.321 1.674 
1703397507.719 -5.219 1.669 
1703397507.820 -5.110 1.666 
1703397507.920 -5.026 1.655 
1703397508.022 -4.947 1.664 
1703397508.119 -4.854 1.677 
1703397508.220 -4.739 1.684 
1703397508.320 -4.627 1.697 
1703397508.420 -4.537 1.715 
1703397508.520 -4.458 1.723 
1703397508.621 -4.359 1.738 
1703397508.721 -4.253 1.755 
1703397508.822 -4.155 1.772 
1703397508.922 -4.059 1.788 
1703397509.022 -3.963 1.806 
1703397509.121 -3.870 1.820 
1703397509.221 -3.774 1.835 
1703397509.321 -3.679 1.852 
1703397509.422 -3.583 1.868 
1703397509.522 -3.487 1.884 
1703397509.622 -3.398 1.902 
1703397509.722 -3.309 1.916 
1703397509.822 -3.217 1.931 
1703397509.922 -3.125 1.945 
1703397510.023 -3.034 1.954 
1703397510.123 -2.938 1.956 
1703397510.226 -2.845 1.965 
1703397510.325 -2.757 1.970 
1703397510.425 -2.668 1.965 
1703397510.525 -2.581 1.952 
1703397510.625 -2.489 1.942 
1703397510.724 -2.393 1.936 
1703397510.825 -2.301 1.921 
1703397510.925 -2.211 1.905 
1703397511.025 -2.123 1.884 
1703397511.125 -2.034 1.860 
1703397511.225 -1.942 1.833 
1703397511.326 -1.851 1.802 
1703397511.425 -1.761 1.768 
1703397511.526 -1.674 1.729 
1703397511.626 -1.588 1.684 
1703397511.725 -1.500 1.638 
1703397511.826 -1.415 1.589 
1703397511.925 -1.336 1.537 
1703397512.028 -1.254 1.479 
1703397512.127 -1.176 1.414 
1703397512.228 -1.099 1.345 
1703397512.328 -1.032 1.277 
1703397512.428 -0.970 1.210 
1703397512.528 -0.901 1.130 
1703397512.628 -0.838 1.036 
1703397512.729 -0.776 0.929 
1703397512.829 -0.717 0.859 
1703397512.928 -0.661 0.807 
1703397513.029 -0.618 0.738 
1703397513.129 -0.598 0.638 
1703397513.229 -0.581 0.519 
1703397513.330 -0.558 0.393 
1703397513.430 -0.550 0.267 
1703397513.529 -0.531 0.155 
1703397513.644 -0.490 0.068 
1703397513.740 -0.468 -0.009 
1703397513.838 -0.483 -0.090 
1703397513.938 -0.515 -0.203 
1703397514.038 -0.546 -0.330 
1703397514.138 -0.577 -0.448 
1703397514.238 -0.610 -0.564 
1703397514.338 -0.649 -0.677 
1703397514.438 -0.711 -0.776 
1703397514.538 -0.775 -0.875 
1703397514.639 -0.839 -0.975 
1703397514.739 -0.914 -1.072 
1703397514.838 -0.989 -1.166 
1703397514.939 -1.064 -1.261 
1703397515.039 -1.139 -1.356 
1703397515.139 -1.208 -1.446 
1703397515.239 -1.280 -1.549 
1703397515.339 -1.349 -1.624 
1703397515.440 -1.411 -1.691 
1703397515.540 -1.456 -1.745 
1703397515.640 -1.490 -1.814 
1703397515.741 -1.516 -1.896 
1703397515.840 -1.538 -1.969 
1703397515.941 -1.544 -2.073 
1703397516.041 -1.554 -2.170 
1703397516.141 -1.577 -2.242 
1703397516.241 -1.602 -2.302 
1703397516.341 -1.626 -2.365 
1703397516.441 -1.631 -2.439 
1703397516.541 -1.639 -2.509 
1703397516.641 -1.647 -2.572 
1703397516.742 -1.647 -2.640 
1703397516.842 -1.645 -2.714 
1703397516.941 -1.628 -2.782 
1703397517.042 -1.602 -2.853 
1703397517.144 -1.573 -2.919 
1703397517.246 -1.533 -2.984 
1703397517.345 -1.477 -3.041 
1703397517.445 -1.383 -3.095 
1703397517.546 -1.287 -3.151 
1703397517.645 -1.228 -3.194 
1703397517.745 -1.167 -3.244 
1703397517.846 -1.087 -3.297 
1703397517.945 -0.985 -3.351 
1703397518.046 -0.886 -3.385 
1703397518.146 -0.782 -3.414 
1703397518.246 -0.675 -3.432 
1703397518.348 -0.583 -3.450 
1703397518.446 -0.517 -3.467 
1703397518.546 -0.486 -3.481 
1703397518.647 -0.491 -3.451 
1703397518.747 -0.473 -3.443 
1703397518.847 -0.401 -3.507 
1703397518.948 -0.285 -3.588 
1703397519.047 -0.164 -3.662 
1703397519.147 -0.126 -3.711 
1703397519.247 -0.109 -3.733 
1703397519.348 -0.078 -3.751 
1703397519.447 0.013 -3.802 
1703397519.548 0.129 -3.868 
1703397519.647 0.249 -3.927 
1703397519.747 0.363 -3.987 
1703397519.848 0.446 -4.029 
1703397519.948 0.514 -4.061 
1703397520.048 0.591 -4.094 
1703397520.150 0.670 -4.130 
1703397520.249 0.728 -4.177 
1703397520.348 0.788 -4.227 
1703397520.448 0.868 -4.245 
1703397520.549 0.987 -4.266 
1703397520.650 1.103 -4.285 
1703397520.750 1.178 -4.304 
1703397520.849 1.263 -4.312 
1703397520.950 1.374 -4.311 
1703397521.049 1.476 -4.310 
1703397521.149 1.570 -4.310 
1703397521.256 1.672 -4.307 
1703397521.351 1.757 -4.311 
1703397521.451 1.832 -4.321 
1703397521.550 1.927 -4.303 
1703397521.650 2.013 -4.292 
1703397521.750 2.084 -4.273 
1703397521.850 2.161 -4.243 
1703397521.950 2.249 -4.222 
1703397522.050 2.329 -4.201 
1703397522.150 2.406 -4.175 
1703397522.251 2.483 -4.138 
1703397522.351 2.556 -4.084 
1703397522.451 2.626 -4.009 
1703397522.555 2.699 -3.934 
1703397522.650 2.759 -3.877 
1703397522.751 2.807 -3.842 
1703397522.851 2.852 -3.838 
1703397522.951 2.902 -3.801 
1703397523.051 2.933 -3.673 
1703397523.151 2.982 -3.583 
1703397523.251 3.003 -3.494 
1703397523.352 3.002 -3.386 
1703397523.452 3.004 -3.278 
1703397523.552 3.013 -3.185 
1703397523.653 3.008 -3.079 
1703397523.753 2.990 -2.969 
1703397523.853 2.975 -2.862 
1703397523.953 2.957 -2.784 
1703397524.054 2.947 -2.728 
1703397524.154 2.939 -2.659 
1703397524.255 2.926 -2.573 
1703397524.355 2.914 -2.488 
1703397524.454 2.904 -2.402 
1703397524.555 2.901 -2.320 
1703397524.654 2.902 -2.238 
1703397524.754 2.899 -2.157 
1703397524.855 2.899 -2.077 
1703397524.955 2.902 -1.994 
1703397525.056 2.902 -1.913 
1703397525.156 2.900 -1.830 
1703397525.257 2.906 -1.751 
1703397525.356 2.918 -1.667 
1703397525.456 2.939 -1.594 
1703397525.559 2.959 -1.520 
1703397525.657 2.980 -1.452 
1703397525.763 3.009 -1.384 
1703397525.859 3.040 -1.319 
1703397525.958 3.071 -1.261 
1703397526.057 3.104 -1.203 
1703397526.158 3.140 -1.144 
1703397526.258 3.177 -1.088 
1703397526.358 3.215 -1.036 
1703397526.458 3.251 -0.985 
1703397526.558 3.280 -0.931 
1703397526.658 3.310 -0.873 
1703397526.759 3.355 -0.808 
1703397526.858 3.412 -0.748 
1703397526.958 3.462 -0.700 
1703397527.058 3.510 -0.660 
1703397527.159 3.566 -0.618 
1703397527.259 3.616 -0.569 
1703397527.359 3.660 -0.518 
1703397527.461 3.710 -0.466 
1703397527.559 3.759 -0.417 
1703397527.660 3.813 -0.369 
1703397527.759 3.869 -0.322 
1703397527.859 3.929 -0.281 
1703397527.960 3.999 -0.252 
1703397528.060 4.075 -0.230 
1703397528.160 4.154 -0.209 
1703397528.260 4.236 -0.186 
1703397528.360 4.314 -0.155 
1703397528.460 4.402 -0.128 
1703397528.561 4.473 -0.105 
1703397528.660 4.529 -0.086 
1703397528.760 4.556 -0.088 
1703397528.860 4.577 -0.108 
1703397528.960 4.644 -0.138 
1703397529.061 4.747 -0.172 
1703397529.161 4.832 -0.208 
1703397529.261 4.890 -0.225 
1703397529.362 4.945 -0.239 
1703397529.462 5.016 -0.263 
1703397529.562 5.110 -0.297 
1703397529.662 5.192 -0.328 
1703397529.762 5.255 -0.369 
1703397529.862 5.323 -0.417 
1703397529.968 5.393 -0.475 
1703397530.064 5.451 -0.546 
1703397530.163 5.502 -0.620 
1703397530.262 5.548 -0.694 
1703397530.363 5.595 -0.769 
1703397530.462 5.641 -0.834 
1703397530.562 5.689 -0.909 
1703397530.663 5.738 -0.980 
1703397530.763 5.785 -1.055 
1703397530.862 5.829 -1.134 
1703397530.962 5.869 -1.216 
1703397531.063 5.903 -1.301 
1703397531.163 5.933 -1.389 
1703397531.263 5.954 -1.483 
1703397531.364 5.966 -1.576 
1703397531.465 5.975 -1.670 
1703397531.565 5.979 -1.766 
1703397531.665 5.979 -1.837 
1703397531.766 5.988 -1.905 
1703397531.866 6.005 -1.982 
1703397531.966 6.022 -2.049 
1703397532.066 6.037 -2.103 
1703397532.167 6.034 -2.178 
1703397532.266 6.031 -2.262 
1703397532.366 6.022 -2.342 
1703397532.466 6.016 -2.421 
1703397532.569 6.011 -2.500 
1703397532.670 6.006 -2.582 
1703397532.769 5.999 -2.664 
1703397532.870 5.992 -2.750 
1703397532.970 5.984 -2.836 
1703397533.070 5.977 -2.923 
1703397533.170 5.971 -3.011 
1703397533.272 5.965 -3.099 
1703397533.372 5.958 -3.188 
1703397533.475 5.952 -3.278 
1703397533.576 5.947 -3.367 
1703397533.675 5.940 -3.454 
1703397533.775 5.936 -3.542 
1703397533.876 5.933 -3.628 
1703397533.975 5.926 -3.715 
1703397534.076 5.918 -3.801 
1703397534.176 5.917 -3.884 
1703397534.277 5.917 -3.969 
1703397534.376 5.918 -4.047 
1703397534.477 5.919 -4.128 
1703397534.577 5.918 -4.217 
1703397535.780 5.832 -4.386 
1703397535.781 5.832 -4.386 
1703397535.880 5.838 -4.420 
1703397535.980 5.871 -4.500 
1703397536.080 5.941 -4.575 
1703397536.180 6.041 -4.652 
1703397536.281 6.119 -4.728 
1703397536.381 6.196 -4.818 
1703397536.481 6.279 -4.913 
1703397536.581 6.361 -4.999 
1703397536.681 6.443 -5.085 
1703397536.781 6.526 -5.171 
1703397536.882 6.611 -5.258 
1703397536.982 6.693 -5.343 
1703397537.082 6.773 -5.426 
1703397537.182 6.856 -5.511 
1703397537.282 6.939 -5.596 
1703397537.382 7.021 -5.683 
1703397537.483 7.090 -5.767 
1703397537.583 7.142 -5.845 
1703397537.683 7.237 -5.912 
1703397537.783 7.334 -5.974 
1703397537.883 7.436 -6.033 
1703397537.983 7.549 -6.061 
1703397538.085 7.621 -6.049 
1703397538.186 7.686 -6.035 
1703397538.284 7.769 -6.022 
1703397538.384 7.879 -6.039 
1703397538.486 7.992 -6.043 
1703397538.587 8.103 -6.044 
1703397538.685 8.212 -6.050 
1703397538.784 8.324 -6.055 
1703397538.885 8.414 -6.061 
1703397538.984 8.494 -6.072 
1703397542.995 8.195 -5.900 
1703397543.095 8.118 -5.957 
1703397543.195 8.021 -6.020 
1703397543.295 7.956 -6.070 
1703397543.395 7.927 -6.066 
1703397543.495 7.901 -6.038 
1703397543.595 7.892 -6.033 
1703397543.698 7.892 -6.038 
1703397543.797 7.943 -6.047 
1703397543.900 7.934 -6.049 
1703397543.998 7.879 -6.055 
1703397544.099 7.811 -6.076 
1703397544.198 7.712 -6.103 
1703397544.299 7.610 -6.140 
1703397544.398 7.518 -6.216 
1703397544.499 7.426 -6.342 
1703397544.599 7.319 -6.462 
1703397544.699 7.230 -6.576 
1703397544.799 7.245 -6.642 
1703397544.899 7.284 -6.681 
1703397545.000 7.286 -6.694 
1703397545.100 7.204 -6.694 
1703397545.201 7.071 -6.718 
1703397545.300 6.946 -6.731 
1703397545.400 6.839 -6.749 
1703397545.503 6.717 -6.764 
1703397545.600 6.600 -6.776 
1703397545.701 6.507 -6.790 
1703397545.801 6.407 -6.801 
1703397545.903 6.300 -6.811 
1703397546.003 6.203 -6.822 
1703397546.103 6.102 -6.833 
1703397546.203 6.003 -6.843 
1703397546.304 5.903 -6.853 
1703397546.403 5.803 -6.863 
1703397546.503 5.703 -6.872 
1703397546.606 5.602 -6.883 
1703397546.705 5.520 -6.887 
1703397546.806 5.482 -6.882 
1703397546.907 5.542 -6.925 
1703397547.007 5.566 -6.893 
1703397547.107 5.514 -6.817 
1703397547.207 5.438 -6.708 
1703397547.307 5.348 -6.581 
1703397547.408 5.250 -6.467 
1703397547.508 5.160 -6.360 
1703397547.610 5.175 -6.354 
1703397550.414 5.215 -6.428 
1703397550.515 5.135 -6.478 
1703397550.614 5.029 -6.550 
1703397550.714 4.913 -6.618 
1703397550.815 4.800 -6.694 
1703397550.915 4.687 -6.757 
1703397551.014 4.613 -6.847 
1703397551.114 4.527 -6.926 
1703397551.215 4.434 -6.997 
1703397551.315 4.354 -7.066 
1703397551.415 4.282 -7.130 
1703397551.515 4.204 -7.193 
1703397551.615 4.076 -7.236 
1703397551.716 3.959 -7.252 
1703397552.818 3.853 -7.083 
1703397552.919 3.901 -7.147 
1703397553.019 3.957 -7.226 
1703397553.119 3.919 -7.211 
1703397553.219 3.843 -7.166 
1703397553.319 3.754 -7.102 
1703397553.420 3.646 -6.995 
1703397553.520 3.559 -6.912 
1703397553.620 3.482 -6.824 
1703397553.721 3.397 -6.743 
1703397553.822 3.314 -6.657 
1703397553.920 3.240 -6.584 
1703397554.021 3.171 -6.474 
1703397554.121 3.110 -6.335 
1703397554.221 3.063 -6.240 
1703397554.321 3.040 -6.177 
1703397556.426 3.176 -5.757 
1703397556.527 3.137 -5.842 
1703397556.629 3.094 -5.954 
1703397556.727 3.045 -6.072 
1703397556.828 2.974 -6.196 
1703397556.928 2.884 -6.306 
1703397557.028 2.814 -6.393 
1703397557.127 2.745 -6.461 
1703397557.228 2.668 -6.547 
1703397557.328 2.583 -6.635 
1703397557.428 2.502 -6.719 
1703397557.528 2.418 -6.802 
1703397557.628 2.334 -6.887 
1703397557.729 2.250 -6.972 
1703397557.830 2.164 -7.057 
1703397557.928 2.080 -7.141 
1703397558.029 1.994 -7.226 
1703397558.129 1.909 -7.310 
1703397558.229 1.829 -7.386 
1703397558.328 1.752 -7.463 
1703397558.429 1.675 -7.536 
1703397558.529 1.572 -7.591 
1703397558.629 1.468 -7.645 
1703397558.729 1.350 -7.681 
1703397558.830 1.255 -7.678 
1703397558.930 1.157 -7.653 
1703397563.939 0.727 -6.935 
1703397563.940 0.727 -6.935 
1703397564.041 0.761 -6.944 
1703397564.141 0.865 -7.009 
1703397564.240 0.993 -7.078 
1703397564.342 1.102 -7.130 
1703397564.441 1.205 -7.183 
1703397564.541 1.311 -7.238 
1703397564.641 1.417 -7.292 
1703397564.742 1.524 -7.342 
1703397564.842 1.634 -7.389 
1703397564.943 1.746 -7.435 
1703397565.043 1.858 -7.484 
1703397565.143 1.965 -7.528 
1703397565.242 2.078 -7.567 
1703397565.343 2.191 -7.608 
1703397565.443 2.304 -7.651 
1703397565.543 2.419 -7.690 
1703397565.644 2.537 -7.721 
1703397565.744 2.656 -7.753 
1703397565.844 2.778 -7.786 
1703397565.944 2.898 -7.811 
1703397566.044 3.016 -7.838 
1703397566.144 3.133 -7.864 
1703397566.245 3.250 -7.888 
1703397566.345 3.367 -7.910 
1703397566.444 3.483 -7.930 
1703397566.544 3.558 -7.949 
1703397566.645 3.632 -7.964 
1703397566.744 3.712 -7.975 
1703397566.845 3.796 -7.977 
1703397566.944 3.864 -7.980 
1703397567.045 3.937 -7.988 
1703397567.145 4.011 -7.996 
1703397567.245 4.083 -8.000 
1703397567.344 4.154 -8.005 
1703397567.446 4.230 -8.010 
1703397567.546 4.302 -8.013 
1703397567.645 4.372 -8.018 
1703397567.745 4.483 -8.040 
1703397567.846 4.588 -8.049 
1703397567.946 4.680 -8.057 
1703397568.046 4.775 -8.066 
1703397568.145 4.869 -8.076 
1703397568.246 4.963 -8.083 
1703397568.347 5.053 -8.092 
1703397568.446 5.141 -8.100 
1703397568.547 5.229 -8.108 
1703397568.648 5.313 -8.116 
1703397568.747 5.394 -8.122 
1703397568.847 5.477 -8.118 
1703397568.951 5.558 -8.119 
1703397569.047 5.630 -8.125 
1703397569.147 5.705 -8.132 
1703397569.248 5.776 -8.140 
1703397569.348 5.842 -8.147 
1703397569.447 5.932 -8.156 
1703397569.548 6.021 -8.159 
1703397569.648 6.057 -8.175 
1703397569.749 6.116 -8.167 
1703397569.849 6.188 -8.152 
1703397569.949 6.237 -8.153 
1703397570.049 6.242 -8.180 
1703397573.962 6.436 -7.825 
1703397574.062 6.510 -7.811 
1703397574.162 6.587 -7.792 
1703397574.262 6.575 -7.766 
1703397574.363 6.525 -7.730 
1703397574.463 6.387 -7.708 
1703397574.563 6.253 -7.674 
1703397574.663 6.148 -7.643 
1703397574.763 6.022 -7.594 
1703397574.863 5.922 -7.560 
1703397574.963 5.861 -7.526 
1703397575.063 5.789 -7.492 
1703397575.163 5.687 -7.467 
1703397575.264 5.581 -7.449 
1703397575.364 5.498 -7.432 
1703397575.470 5.440 -7.410 
1703397575.566 5.383 -7.388 
1703397575.665 5.311 -7.368 
1703397575.764 5.234 -7.349 
1703397575.865 5.159 -7.329 
1703397575.964 5.082 -7.308 
1703397576.065 5.007 -7.287 
1703397576.164 4.931 -7.264 
1703397576.265 4.848 -7.234 
1703397576.365 4.767 -7.208 
1703397576.465 4.688 -7.182 
1703397576.565 4.613 -7.154 
1703397576.665 4.536 -7.126 
1703397576.765 4.461 -7.096 
1703397576.865 4.390 -7.062 
1703397576.966 4.323 -7.026 
1703397577.066 4.259 -6.987 
1703397577.166 4.201 -6.949 
1703397577.267 4.146 -6.914 
1703397577.366 4.092 -6.887 
1703397577.466 4.038 -6.851 
1703397577.566 3.972 -6.783 
1703397577.667 3.907 -6.714 
1703397577.767 3.863 -6.666 
1703397577.866 3.825 -6.615 
1703397577.967 3.772 -6.553 
1703397578.067 3.712 -6.494 
1703397578.166 3.646 -6.435 
1703397578.267 3.579 -6.374 
1703397578.367 3.511 -6.312 
1703397578.467 3.436 -6.245 
1703397578.567 3.361 -6.177 
1703397578.667 3.285 -6.107 
1703397578.768 3.209 -6.038 
1703397578.868 3.132 -5.967 
1703397578.975 3.047 -5.886 
1703397579.068 2.976 -5.821 
1703397579.168 2.898 -5.743 
1703397579.269 2.813 -5.664 
1703397579.369 2.732 -5.588 
1703397579.473 2.649 -5.511 
1703397579.575 2.564 -5.433 
1703397579.675 2.479 -5.353 
1703397579.774 2.395 -5.276 
1703397579.873 2.312 -5.199 
1703397579.978 2.228 -5.118 
1703397580.075 2.141 -5.036 
1703397580.174 2.054 -4.958 
1703397580.274 1.970 -4.882 
1703397580.374 1.882 -4.805 
1703397580.475 1.795 -4.727 
1703397580.575 1.708 -4.647 
1703397580.675 1.623 -4.570 
1703397580.774 1.535 -4.494 
1703397580.875 1.447 -4.415 
1703397580.975 1.365 -4.341 
1703397581.075 1.280 -4.265 
1703397581.176 1.194 -4.189 
1703397581.275 1.109 -4.115 
1703397581.377 1.022 -4.041 
1703397581.478 0.931 -3.965 
1703397581.577 0.847 -3.891 
1703397581.678 0.762 -3.816 
1703397581.778 0.679 -3.741 
1703397581.878 0.594 -3.671 
1703397581.978 0.510 -3.598 
1703397582.078 0.425 -3.528 
1703397582.178 0.343 -3.459 
1703397582.282 0.256 -3.388 
1703397582.379 0.173 -3.321 
1703397582.478 0.090 -3.255 
1703397582.578 0.007 -3.189 
1703397582.679 -0.077 -3.124 
1703397582.779 -0.157 -3.058 
1703397582.878 -0.238 -2.992 
1703397582.979 -0.318 -2.930 
1703397583.078 -0.400 -2.869 
1703397583.179 -0.485 -2.809 
1703397583.279 -0.565 -2.750 
1703397583.380 -0.644 -2.693 
1703397583.480 -0.722 -2.635 
1703397583.580 -0.797 -2.581 
1703397583.680 -0.872 -2.528 
1703397583.779 -0.952 -2.476 
1703397583.880 -1.037 -2.420 
1703397583.981 -1.121 -2.374 
1703397584.081 -1.193 -2.328 
1703397584.185 -1.261 -2.287 
1703397584.283 -1.331 -2.247 
1703397584.383 -1.418 -2.204 
1703397584.482 -1.496 -2.163 
1703397584.584 -1.571 -2.123 
1703397584.682 -1.642 -2.090 
1703397584.783 -1.714 -2.052 
1703397584.883 -1.779 -2.017 
1703397584.984 -1.856 -1.989 
1703397585.083 -1.923 -1.958 
1703397585.184 -2.033 -1.924 
1703397585.284 -2.149 -1.897 
1703397585.384 -2.246 -1.867 
1703397585.484 -2.323 -1.827 
1703397585.584 -2.401 -1.796 
1703397585.684 -2.502 -1.788 
1703397585.785 -2.600 -1.790 
1703397585.884 -2.693 -1.789 
1703397585.984 -2.780 -1.777 
1703397586.085 -2.867 -1.764 
1703397586.185 -2.955 -1.773 
1703397586.285 -3.034 -1.789 
1703397586.385 -3.106 -1.803 
1703397586.485 -3.185 -1.825 
1703397586.585 -3.266 -1.854 
1703397586.684 -3.336 -1.881 
1703397586.786 -3.406 -1.912 
1703397586.885 -3.474 -1.939 
1703397586.985 -3.545 -1.954 
1703397587.086 -3.609 -1.964 
1703397587.190 -3.672 -1.981 
1703397587.287 -3.746 -2.041 
1703397587.387 -3.820 -2.075 
1703397587.487 -3.890 -2.104 
1703397587.586 -3.952 -2.134 
1703397587.687 -4.005 -2.195 
1703397587.786 -4.049 -2.259 
1703397587.886 -4.094 -2.324 
1703397587.987 -4.131 -2.412 
1703397588.086 -4.159 -2.502 
1703397588.187 -4.184 -2.592 
1703397588.288 -4.214 -2.670 
1703397588.387 -4.250 -2.726 
1703397588.489 -4.295 -2.769 
1703397588.588 -4.332 -2.841 
1703397588.687 -4.355 -2.929 
1703397588.791 -4.342 -2.994 
1703397588.890 -4.324 -3.099 
1703397588.991 -4.298 -3.186 
1703397589.093 -4.277 -3.280 
1703397589.191 -4.242 -3.369 
1703397589.291 -4.194 -3.456 
1703397589.391 -4.148 -3.550 
1703397589.491 -4.102 -3.638 
1703397589.592 -4.054 -3.722 
1703397589.691 -4.002 -3.803 
1703397589.791 -3.950 -3.884 
1703397589.892 -3.897 -3.970 
1703397589.992 -3.843 -4.053 
1703397590.091 -3.789 -4.133 
1703397590.192 -3.737 -4.218 
1703397590.292 -3.688 -4.298 
1703397590.392 -3.639 -4.373 
1703397590.491 -3.592 -4.449 
1703397590.592 -3.544 -4.526 
1703397590.693 -3.499 -4.607 
1703397590.793 -3.471 -4.695 
1703397590.892 -3.448 -4.778 
1703397590.993 -3.422 -4.847 
1703397591.094 -3.392 -4.917 
1703397591.193 -3.362 -4.992 
1703397591.294 -3.336 -5.070 
1703397591.395 -3.319 -5.146 
1703397591.494 -3.313 -5.213 
1703397591.594 -3.325 -5.277 
1703397591.694 -3.349 -5.353 
1703397591.795 -3.386 -5.438 
1703397591.895 -3.417 -5.507 
1703397593.299 -3.596 -5.539 
1703397593.300 -3.596 -5.539 
1703397593.400 -3.549 -5.603 
1703397593.501 -3.504 -5.717 
1703397593.602 -3.456 -5.833 
1703397593.700 -3.415 -5.935 
1703397593.802 -3.371 -6.045 
1703397593.900 -3.330 -6.151 
1703397594.001 -3.289 -6.257 
1703397594.101 -3.250 -6.371 
1703397594.201 -3.215 -6.486 
1703397594.301 -3.184 -6.603 
1703397594.401 -3.149 -6.716 
1703397594.501 -3.113 -6.830 
1703397594.602 -3.083 -6.949 
1703397594.701 -3.057 -7.067 
1703397594.803 -3.036 -7.185 
1703397594.902 -3.007 -7.305 
1703397595.002 -2.988 -7.424 
1703397595.103 -2.977 -7.542 
1703397595.202 -2.973 -7.633 
1703397595.303 -2.980 -7.720 
1703397595.403 -2.996 -7.803 
1703397595.503 -3.016 -7.878 
1703397595.603 -3.045 -7.952 
1703397595.702 -3.046 -7.995 
1703397595.803 -3.028 -8.028 
1703397595.903 -3.075 -8.085 
1703397596.003 -3.179 -8.154 
1703397596.104 -3.224 -8.217 
1703397596.204 -3.277 -8.261 
1703397596.304 -3.360 -8.284 
1703397596.403 -3.436 -8.298 
1703397596.504 -3.497 -8.308 
1703397596.604 -3.552 -8.312 
1703397596.705 -3.608 -8.323 
1703397596.805 -3.673 -8.337 
1703397596.905 -3.755 -8.339 
1703397597.004 -3.832 -8.340 
1703397597.105 -3.903 -8.344 
1703397597.205 -3.964 -8.354 
1703397597.306 -4.030 -8.355 
1703397597.406 -4.117 -8.339 
1703397597.505 -4.193 -8.324 
1703397597.606 -4.255 -8.314 
1703397597.707 -4.313 -8.304 
1703397597.806 -4.364 -8.301 
1703397597.906 -4.414 -8.300 
1703397598.007 -4.496 -8.262 
1703397598.106 -4.578 -8.220 
1703397598.207 -4.635 -8.207 
1703397598.306 -4.688 -8.196 
1703397598.409 -4.745 -8.143 
1703397598.510 -4.801 -8.063 
1703397598.610 -4.843 -8.003 
1703397598.710 -4.871 -7.987 
1703397598.810 -4.889 -8.023 
1703397598.910 -4.898 -8.019 
1703397599.010 -4.873 -7.892 
1703397599.110 -4.865 -7.806 
1703397599.211 -4.910 -7.768 
1703397599.311 -4.926 -7.723 
1703397599.410 -4.888 -7.660 
1703397599.511 -4.818 -7.574 
1703397599.611 -4.753 -7.488 
1703397599.711 -4.718 -7.401 
1703397599.811 -4.683 -7.317 
1703397599.912 -4.652 -7.245 
1703397600.012 -4.610 -7.177 
1703397600.111 -4.563 -7.106 
1703397600.211 -4.518 -7.034 
1703397600.312 -4.470 -6.959 
1703397600.412 -4.430 -6.897 
1703397600.511 -4.389 -6.851 
1703397600.612 -4.353 -6.762 
1703397600.712 -4.317 -6.668 
1703397600.813 -4.286 -6.581 
1703397600.913 -4.259 -6.494 
1703397601.013 -4.225 -6.406 
1703397601.112 -4.190 -6.321 
1703397601.213 -4.160 -6.233 
1703397601.313 -4.142 -6.140 
1703397601.413 -4.140 -6.045 
1703397601.513 -4.130 -5.952 
1703397601.614 -4.119 -5.855 
1703397601.714 -4.110 -5.760 
1703397601.813 -4.106 -5.664 
1703397601.914 -4.107 -5.569 
1703397602.014 -4.111 -5.472 
1703397602.114 -4.121 -5.376 
1703397602.214 -4.134 -5.279 
1703397602.314 -4.150 -5.184 
1703397602.431 -4.167 -5.088 
1703397602.529 -4.185 -4.994 
1703397602.629 -4.209 -4.899 
1703397602.728 -4.245 -4.801 
1703397602.827 -4.278 -4.708 
1703397602.927 -4.310 -4.615 
1703397603.028 -4.346 -4.525 
1703397603.128 -4.390 -4.436 
1703397603.228 -4.441 -4.350 
1703397603.328 -4.497 -4.269 
1703397603.429 -4.549 -4.184 
1703397603.528 -4.602 -4.104 
1703397603.628 -4.662 -4.027 
1703397603.729 -4.734 -3.950 
1703397603.828 -4.806 -3.876 
1703397603.928 -4.875 -3.807 
1703397604.029 -4.942 -3.738 
1703397604.129 -5.008 -3.673 
1703397604.229 -5.082 -3.612 
1703397604.330 -5.171 -3.547 
1703397604.430 -5.260 -3.485 
1703397604.529 -5.345 -3.427 
1703397604.630 -5.421 -3.374 
1703397604.730 -5.498 -3.321 
1703397604.830 -5.579 -3.267 
1703397604.929 -5.668 -3.216 
1703397605.030 -5.755 -3.168 
1703397605.130 -5.840 -3.123 
1703397605.230 -5.917 -3.078 
1703397605.331 -5.998 -3.031 
1703397605.430 -6.077 -2.986 
1703397605.530 -6.160 -2.938 
1703397605.631 -6.241 -2.892 
1703397605.731 -6.320 -2.849 
1703397605.831 -6.399 -2.807 
1703397605.931 -6.477 -2.764 
1703397606.032 -6.552 -2.718 
1703397606.132 -6.621 -2.672 
1703397606.234 -6.687 -2.624 
1703397606.332 -6.750 -2.583 
1703397606.431 -6.816 -2.542 
1703397606.532 -6.882 -2.499 
1703397606.631 -6.943 -2.454 
1703397606.731 -6.997 -2.397 
1703397606.834 -7.067 -2.310 
1703397606.936 -7.139 -2.231 
1703397607.037 -7.205 -2.179 
1703397607.137 -7.262 -2.114 
1703397607.237 -7.316 -2.045 
1703397607.337 -7.367 -1.975 
1703397607.438 -7.417 -1.906 
1703397607.538 -7.456 -1.810 
1703397607.638 -7.492 -1.715 
1703397611.748 -7.393 -2.036 
1703397611.749 -7.393 -2.036 
1703397611.850 -7.388 -2.076 
1703397611.950 -7.425 -2.168 
1703397612.050 -7.478 -2.279 
1703397612.150 -7.538 -2.388 
1703397612.250 -7.586 -2.478 
1703397612.350 -7.607 -2.534 
1703397612.451 -7.634 -2.574 
1703397612.551 -7.654 -2.619 
1703397612.651 -7.666 -2.672 
1703397612.751 -7.665 -2.700 
1703397612.851 -7.664 -2.711 
1703397612.951 -7.679 -2.734 
1703397613.051 -7.690 -2.779 
1703397613.151 -7.683 -2.812 
1703397613.251 -7.654 -2.851 
1703397613.352 -7.594 -2.889 
1703397613.451 -7.529 -2.909 
1703397613.552 -7.454 -2.927 
1703397613.651 -7.374 -2.948 
1703397613.752 -7.290 -2.972 
1703397613.853 -7.204 -2.999 
1703397613.952 -7.148 -3.021 
1703397614.052 -7.104 -3.045 
1703397614.153 -7.033 -3.067 
1703397614.253 -6.935 -3.083 
1703397614.353 -6.842 -3.098 
1703397614.452 -6.759 -3.112 
1703397614.553 -6.674 -3.127 
1703397614.653 -6.582 -3.144 
1703397614.753 -6.486 -3.158 
1703397614.853 -6.391 -3.174 
1703397614.953 -6.294 -3.191 
1703397615.053 -6.196 -3.207 
1703397615.153 -6.097 -3.223 
1703397615.254 -5.996 -3.238 
1703397615.356 -5.890 -3.256 
1703397615.454 -5.790 -3.285 
1703397615.556 -5.687 -3.320 
1703397615.655 -5.590 -3.342 
1703397615.756 -5.484 -3.366 
1703397615.856 -5.378 -3.400 
1703397615.957 -5.276 -3.448 
1703397616.056 -5.181 -3.492 
1703397616.157 -5.088 -3.552 
1703397616.257 -4.997 -3.609 
1703397616.358 -4.912 -3.669 
1703397616.456 -4.832 -3.730 
1703397616.557 -4.748 -3.805 
1703397616.660 -4.673 -3.892 
1703397616.757 -4.607 -3.977 
1703397616.858 -4.538 -4.047 
1703397616.957 -4.467 -4.123 
1703397617.057 -4.400 -4.221 
1703397617.158 -4.339 -4.323 
1703397617.258 -4.282 -4.413 
1703397617.359 -4.227 -4.508 
1703397617.458 -4.173 -4.601 
1703397617.559 -4.127 -4.705 
1703397617.658 -4.090 -4.802 
1703397617.758 -4.055 -4.909 
1703397617.859 -4.040 -5.025 
1703397617.958 -4.021 -5.125 
1703397618.058 -4.003 -5.224 
1703397618.159 -3.992 -5.332 
1703397618.259 -3.997 -5.447 
1703397618.359 -4.009 -5.555 
1703397618.458 -4.016 -5.652 
1703397618.559 -4.025 -5.755 
1703397618.661 -4.046 -5.863 
1703397618.759 -4.069 -5.959 
1703397618.860 -4.088 -6.044 
1703397618.960 -4.119 -6.128 
1703397619.060 -4.172 -6.233 
1703397619.160 -4.196 -6.328 
1703397619.260 -4.226 -6.414 
1703397619.360 -4.269 -6.497 
1703397619.460 -4.337 -6.571 
1703397619.561 -4.403 -6.634 
1703397619.661 -4.452 -6.691 
1703397619.761 -4.524 -6.741 
1703397619.862 -4.629 -6.794 
1703397619.961 -4.701 -6.846 
1703397620.061 -4.768 -6.897 
1703397620.162 -4.840 -6.945 
1703397620.261 -4.926 -6.978 
1703397620.362 -5.013 -7.003 
1703397620.461 -5.096 -7.025 
1703397620.561 -5.200 -7.026 
1703397620.663 -5.315 -7.032 
1703397620.762 -5.418 -7.045 
1703397620.863 -5.517 -7.054 
1703397620.963 -5.615 -7.061 
1703397621.062 -5.717 -7.052 
1703397621.163 -5.823 -7.033 
1703397621.262 -5.926 -7.019 
1703397621.362 -6.029 -7.007 
1703397621.466 -6.136 -6.997 
1703397621.566 -6.243 -6.978 
1703397621.666 -6.347 -6.959 
1703397621.766 -6.444 -6.941 
1703397621.866 -6.539 -6.931 
1703397621.966 -6.635 -6.919 
1703397622.066 -6.731 -6.906 
1703397622.168 -6.825 -6.891 
1703397622.266 -6.911 -6.884 
1703397622.366 -7.002 -6.872 
1703397622.466 -7.091 -6.862 
1703397622.567 -7.179 -6.857 
1703397622.668 -7.264 -6.856 
1703397622.767 -7.348 -6.870 
1703397622.867 -7.429 -6.887 
1703397622.968 -7.510 -6.895 
1703397623.067 -7.589 -6.899 
1703397623.168 -7.666 -6.906 
1703397623.267 -7.739 -6.928 
1703397623.367 -7.811 -6.959 
1703397623.468 -7.877 -6.980 
1703397623.568 -7.965 -7.014 
1703397623.668 -8.077 -7.070 
1703397623.770 -8.169 -7.102 
1703397623.873 -8.239 -7.129 
1703397623.970 -8.315 -7.173 
1703397624.069 -8.390 -7.224 
1703397624.168 -8.455 -7.278 
1703397624.269 -8.513 -7.332 
1703397624.369 -8.571 -7.383 
1703397624.469 -8.623 -7.464 
1703397624.570 -8.667 -7.540 
1703397624.669 -8.703 -7.605 
1703397624.769 -8.739 -7.664 
1703397624.869 -8.774 -7.722 
1703397624.970 -8.804 -7.798 
1703397625.070 -8.813 -7.904 
1703397625.170 -8.826 -7.998 
1703397625.270 -8.840 -8.066 
1703397625.370 -8.845 -8.138 
1703397625.471 -8.840 -8.217 
1703397625.571 -8.844 -8.299 
1703397625.671 -8.852 -8.384 
1703397625.771 -8.861 -8.462 
1703397625.871 -8.869 -8.554 
1703397629.982 -8.897 -8.729 
1703397629.983 -8.897 -8.730 
1703397630.083 -8.867 -8.718 
1703397630.183 -8.813 -8.637 
1703397630.283 -8.740 -8.553 
1703397630.386 -8.654 -8.469 
1703397630.486 -8.565 -8.404 
1703397630.586 -8.464 -8.336 
1703397630.686 -8.370 -8.258 
1703397630.786 -8.279 -8.179 
1703397630.886 -8.186 -8.101 
1703397630.986 -8.094 -8.026 
1703397631.086 -8.002 -7.951 
1703397631.186 -7.911 -7.876 
1703397631.287 -7.819 -7.803 
1703397631.387 -7.725 -7.731 
1703397631.486 -7.631 -7.657 
1703397631.587 -7.533 -7.584 
1703397631.687 -7.439 -7.510 
1703397631.788 -7.338 -7.450 
1703397631.891 -7.230 -7.392 
1703397631.987 -7.132 -7.332 
1703397632.088 -7.031 -7.271 
1703397632.188 -6.926 -7.214 
1703397632.288 -6.817 -7.162 
1703397632.389 -6.704 -7.120 
1703397632.488 -6.592 -7.084 
1703397632.588 -6.474 -7.051 
1703397632.689 -6.361 -7.021 
1703397632.788 -6.257 -7.000 
1703397632.889 -6.161 -6.987 
1703397632.989 -6.061 -6.980 
1703397633.089 -5.958 -6.982 
1703397633.190 -5.854 -6.982 
1703397633.291 -5.751 -6.983 
1703397633.390 -5.650 -6.983 
1703397633.490 -5.549 -6.981 
1703397633.590 -5.453 -6.976 
1703397633.689 -5.362 -6.970 
1703397633.790 -5.269 -6.960 
1703397633.890 -5.172 -6.956 
1703397633.989 -5.069 -6.946 
1703397634.090 -5.009 -6.967 
1703397634.190 -4.945 -6.988 
1703397634.293 -4.860 -6.977 
1703397634.393 -4.756 -6.929 
1703397634.493 -4.647 -6.878 
1703397634.592 -4.545 -6.828 
1703397634.693 -4.459 -6.786 
1703397634.793 -4.382 -6.748 
1703397634.893 -4.308 -6.709 
1703397634.994 -4.244 -6.681 
1703397635.094 -4.197 -6.654 
1703397635.194 -4.156 -6.600 
1703397635.293 -4.112 -6.511 
1703397635.395 -4.041 -6.392 
1703397635.494 -3.972 -6.275 
1703397635.594 -3.924 -6.213 
1703397635.694 -3.891 -6.162 
1703397635.794 -3.843 -6.076 
1703397635.894 -3.791 -5.957 
1703397635.994 -3.736 -5.838 
1703397636.095 -3.695 -5.738 
1703397636.195 -3.650 -5.670 
1703397636.295 -3.600 -5.573 
1703397636.395 -3.551 -5.462 
1703397636.496 -3.504 -5.353 
1703397636.596 -3.464 -5.254 
1703397636.696 -3.426 -5.161 
1703397636.797 -3.381 -5.066 
1703397636.898 -3.334 -4.969 
1703397636.999 -3.285 -4.874 
1703397637.098 -3.237 -4.783 
1703397637.199 -3.189 -4.691 
1703397637.300 -3.141 -4.602 
1703397637.402 -3.097 -4.519 
1703397637.500 -3.051 -4.435 
1703397637.600 -3.007 -4.351 
1703397637.700 -2.961 -4.270 
1703397637.800 -2.916 -4.192 
1703397637.899 -2.871 -4.114 
1703397638.002 -2.827 -4.038 
1703397638.100 -2.785 -3.962 
1703397638.201 -2.744 -3.890 
1703397638.301 -2.701 -3.817 
1703397638.401 -2.657 -3.742 
1703397638.500 -2.620 -3.666 
1703397638.600 -2.586 -3.590 
1703397638.701 -2.553 -3.515 
1703397638.801 -2.519 -3.446 
1703397638.901 -2.481 -3.374 
1703397639.001 -2.440 -3.295 
1703397639.101 -2.409 -3.214 
1703397639.202 -2.381 -3.136 
1703397639.301 -2.352 -3.061 
1703397639.402 -2.327 -2.982 
1703397639.502 -2.301 -2.906 
1703397639.602 -2.276 -2.827 
1703397639.702 -2.251 -2.749 
1703397639.802 -2.226 -2.668 
1703397639.902 -2.202 -2.591 
1703397640.003 -2.177 -2.511 
1703397640.102 -2.151 -2.435 
1703397640.202 -2.118 -2.354 
1703397640.303 -2.083 -2.270 
1703397640.402 -2.052 -2.188 
1703397640.503 -2.022 -2.107 
1703397640.603 -1.992 -2.028 
1703397640.704 -1.953 -1.950 
1703397640.803 -1.900 -1.873 
1703397640.904 -1.845 -1.799 
1703397641.004 -1.789 -1.727 
1703397641.104 -1.727 -1.658 
1703397641.204 -1.668 -1.583 
1703397641.304 -1.611 -1.503 
1703397641.404 -1.550 -1.429 
1703397641.504 -1.482 -1.357 
1703397641.604 -1.408 -1.284 
1703397641.705 -1.327 -1.204 
1703397641.804 -1.251 -1.133 
1703397641.905 -1.174 -1.058 
1703397642.005 -1.097 -0.969 
1703397642.105 -1.021 -0.889 
1703397642.205 -0.950 -0.813 
1703397642.306 -0.887 -0.731 
1703397642.405 -0.822 -0.646 
1703397642.505 -0.765 -0.557 
1703397642.606 -0.708 -0.459 
1703397642.705 -0.649 -0.384 
1703397642.806 -0.604 -0.313 
1703397642.905 -0.569 -0.224 
1703397643.006 -0.532 -0.133 
1703397643.106 -0.503 -0.041 
1703397643.207 -0.482 0.051 
1703397643.306 -0.464 0.143 
1703397643.407 -0.451 0.231 
1703397643.506 -0.445 0.326 
1703397643.607 -0.449 0.422 
1703397643.707 -0.464 0.522 
1703397643.807 -0.484 0.621 
1703397643.908 -0.510 0.716 
1703397644.007 -0.542 0.808 
1703397644.107 -0.583 0.903 
1703397644.207 -0.634 0.998 
1703397644.308 -0.690 1.086 
1703397644.408 -0.754 1.172 
1703397644.508 -0.826 1.251 
1703397644.609 -0.906 1.326 
1703397644.708 -0.983 1.398 
1703397644.808 -1.061 1.473 
1703397644.909 -1.138 1.550 
1703397645.008 -1.210 1.629 
1703397645.109 -1.284 1.707 
1703397645.209 -1.356 1.785 
1703397645.309 -1.428 1.862 
1703397645.408 -1.497 1.935 
1703397645.509 -1.560 2.008 
1703397645.609 -1.620 2.084 
1703397645.710 -1.678 2.161 
1703397645.810 -1.735 2.238 
1703397645.910 -1.795 2.310 
1703397646.010 -1.841 2.378 
1703397646.110 -1.881 2.446 
1703397646.210 -1.921 2.503 
1703397646.310 -1.954 2.556 
1703397646.410 -1.979 2.631 
1703397646.510 -2.000 2.722 
1703397646.611 -2.027 2.814 
1703397646.711 -2.062 2.878 
1703397646.811 -2.097 2.939 
1703397646.911 -2.121 3.020 
1703397647.012 -2.144 3.098 
1703397647.112 -2.163 3.174 
1703397647.212 -2.175 3.253 
1703397647.312 -2.175 3.334 
1703397647.412 -2.172 3.420 
1703397647.512 -2.171 3.513 
1703397647.612 -2.170 3.607 
1703397647.713 -2.168 3.702 
1703397647.813 -2.165 3.800 
1703397647.912 -2.163 3.903 
1703397648.012 -2.167 3.992 
1703397648.113 -2.172 4.041 
1703397648.213 -2.163 4.102 
1703397648.312 -2.159 4.190 
1703397648.413 -2.154 4.280 
1703397648.513 -2.154 4.359 
1703397648.614 -2.162 4.439 
1703397648.713 -2.175 4.517 
1703397648.813 -2.185 4.599 
1703397648.914 -2.193 4.679 
1703397649.014 -2.203 4.759 
1703397649.113 -2.214 4.838 
1703397649.214 -2.224 4.911 
1703397649.314 -2.240 4.984 
1703397649.415 -2.262 5.061 
1703397649.515 -2.290 5.170 
1703397649.615 -2.319 5.292 
1703397649.715 -2.341 5.402 
1703397649.815 -2.370 5.470 
1703397649.915 -2.402 5.548 
1703397650.015 -2.430 5.638 
1703397650.117 -2.458 5.733 
1703397650.215 -2.482 5.815 
1703397650.317 -2.502 5.902 
1703397650.416 -2.517 5.992 
1703397650.516 -2.537 6.090 
1703397650.616 -2.563 6.188 
1703397650.716 -2.589 6.283 
1703397650.817 -2.602 6.365 
1703397650.916 -2.617 6.456 
1703397651.017 -2.638 6.554 
1703397651.117 -2.669 6.662 
1703397651.216 -2.701 6.761 
1703397651.320 -2.721 6.849 
1703397651.417 -2.745 6.929 
1703397651.517 -2.770 7.017 
1703397651.617 -2.799 7.101 
1703397651.717 -2.823 7.182 
1703397651.818 -2.842 7.261 
1703397651.917 -2.871 7.344 
1703397652.017 -2.872 7.401 
1703397652.118 -2.880 7.466 
1703397652.218 -2.915 7.554 
1703397652.318 -2.980 7.636 
1703397652.418 -3.053 7.683 
1703397652.520 -3.111 7.726 
1703397652.619 -3.183 7.749 
1703397652.719 -3.257 7.749 
1703397652.819 -3.339 7.722 
1703397652.919 -3.419 7.690 
1703397653.020 -3.495 7.666 
1703397653.120 -3.571 7.634 
1703397653.219 -3.634 7.596 
1703397653.320 -3.685 7.571 
1703397653.420 -3.736 7.571 
1703397653.520 -3.816 7.551 
1703397653.620 -3.894 7.525 
1703397653.720 -3.958 7.482 
1703397653.820 -4.014 7.421 
1703397653.920 -4.067 7.345 
1703397654.021 -4.096 7.261 
1703397654.121 -4.105 7.165 
1703397654.221 -4.113 7.064 
1703397654.322 -4.124 6.979 
1703397654.427 -4.132 6.916 
1703397654.522 -4.137 6.842 
1703397654.622 -4.147 6.744 
1703397654.722 -4.158 6.647 
1703397654.822 -4.171 6.554 
1703397654.922 -4.190 6.457 
1703397655.022 -4.208 6.360 
1703397655.123 -4.219 6.252 
1703397655.224 -4.260 6.137 
1703397655.323 -4.288 6.039 
1703397655.423 -4.318 5.948 
1703397655.523 -4.350 5.853 
1703397655.623 -4.406 5.746 
1703397655.723 -4.443 5.653 
1703397655.824 -4.480 5.570 
1703397655.925 -4.534 5.476 
1703397656.025 -4.602 5.379 
1703397656.124 -4.664 5.307 
1703397656.225 -4.714 5.248 
1703397656.326 -4.771 5.190 
1703397656.426 -4.865 5.121 
1703397656.526 -4.964 5.050 
1703397656.627 -5.023 5.003 
1703397656.726 -5.081 4.972 
1703397656.826 -5.176 4.940 
1703397656.926 -5.265 4.920 
1703397657.025 -5.338 4.902 
1703397657.127 -5.401 4.877 
1703397657.226 -5.453 4.854 
1703397657.327 -5.541 4.852 
1703397657.427 -5.654 4.864 
1703397657.527 -5.726 4.865 
1703397657.627 -5.782 4.872 
1703397657.727 -5.855 4.887 
1703397657.827 -5.932 4.914 
1703397657.927 -5.995 4.943 
1703397658.027 -6.058 4.966 
1703397658.127 -6.124 4.982 
1703397658.228 -6.190 4.997 
1703397658.328 -6.273 5.033 
1703397658.428 -6.376 5.104 
1703397658.529 -6.458 5.159 
1703397658.628 -6.517 5.190 
1703397658.728 -6.586 5.236 
1703397658.828 -6.676 5.301 
1703397658.929 -6.757 5.364 
1703397659.029 -6.836 5.422 
1703397659.129 -6.918 5.484 
1703397659.228 -6.998 5.544 
1703397659.336 -7.081 5.622 
1703397659.429 -7.156 5.682 
1703397659.530 -7.239 5.750 
1703397659.630 -7.319 5.833 
1703397659.729 -7.395 5.911 
1703397659.829 -7.469 5.984 
1703397659.930 -7.542 6.056 
1703397660.030 -7.615 6.132 
1703397660.130 -7.685 6.208 
1703397660.230 -7.759 6.285 
1703397660.331 -7.833 6.361 
1703397660.431 -7.906 6.436 
1703397662.150 -8.018 6.653 
1703397662.151 -8.018 6.653 
1703397662.251 -8.025 6.660 
1703397662.351 -8.019 6.726 
1703397662.452 -8.007 6.846 
1703397662.555 -7.993 6.970 
1703397662.653 -7.985 7.085 
1703397662.754 -7.977 7.207 
1703397662.855 -7.959 7.320 
1703397662.955 -7.939 7.421 
1703397663.055 -7.927 7.493 
1703397663.156 -7.925 7.515 
1703397666.773 -8.156 7.560 
1703397666.872 -8.137 7.499 
1703397666.973 -8.101 7.409 
1703397667.073 -8.066 7.251 
1703397667.175 -8.031 7.128 
1703397667.275 -7.993 7.069 
1703397667.374 -7.953 7.026 
1703397667.474 -7.919 6.955 
1703397667.574 -7.895 6.852 
1703397667.674 -7.872 6.762 
1703397667.774 -7.861 6.721 
1703397667.875 -7.844 6.675 
1703397667.975 -7.813 6.605 
1703397668.075 -7.779 6.516 
1703397668.174 -7.742 6.426 
1703397668.275 -7.709 6.339 
1703397668.375 -7.677 6.253 
1703397668.475 -7.640 6.170 
1703397668.575 -7.597 6.089 
1703397668.676 -7.550 6.003 
1703397668.776 -7.499 5.914 
1703397668.875 -7.452 5.823 
1703397668.976 -7.406 5.737 
1703397669.075 -7.356 5.662 
1703397669.176 -7.301 5.584 
1703397669.276 -7.234 5.502 
1703397669.376 -7.174 5.428 
1703397669.477 -7.114 5.359 
1703397669.576 -7.047 5.284 
1703397669.676 -6.979 5.208 
1703397669.781 -6.908 5.138 
1703397669.876 -6.841 5.088 
1703397669.977 -6.766 5.038 
1703397670.077 -6.681 4.992 
1703397670.177 -6.594 4.943 
1703397670.277 -6.512 4.887 
1703397670.377 -6.447 4.847 
1703397670.477 -6.413 4.812 
1703397670.579 -6.348 4.789 
1703397670.678 -6.232 4.785 
1703397670.780 -6.116 4.785 
1703397670.880 -6.027 4.779 
1703397670.980 -5.931 4.767 
1703397671.079 -5.824 4.754 
1703397671.179 -5.712 4.750 
1703397671.280 -5.614 4.746 
1703397671.380 -5.526 4.741 
1703397671.480 -5.440 4.736 
1703397671.580 -5.355 4.733 
1703397671.680 -5.278 4.740 
1703397671.781 -5.234 4.781 
1703397671.881 -5.194 4.840 
1703397671.980 -5.122 4.945 
1703397672.080 -5.039 5.058 
1703397672.182 -4.991 5.126 
1703397672.281 -4.959 5.189 
1703397672.382 -4.884 5.252 
1703397672.482 -4.777 5.354 
1703397672.582 -4.674 5.447 
1703397672.682 -4.594 5.497 
1703397672.782 -4.532 5.535 
1703397672.882 -4.467 5.581 
1703397672.983 -4.405 5.629 
1703397673.083 -4.348 5.647 
1703397673.183 -4.284 5.664 
1703397673.283 -4.215 5.738 
1703397673.383 -4.151 5.850 
1703397673.483 -4.127 5.941 
1703397673.583 -4.115 6.025 
1703397673.682 -4.080 6.106 
1703397673.784 -4.036 6.182 
1703397673.883 -4.009 6.262 
1703397673.983 -3.989 6.347 
1703397674.084 -3.972 6.429 
1703397674.183 -3.952 6.514 
1703397674.284 -3.929 6.599 
1703397674.384 -3.904 6.684 
1703397674.485 -3.876 6.769 
1703397674.584 -3.851 6.858 
1703397674.684 -3.828 6.942 
1703397674.785 -3.802 7.022 
1703397674.884 -3.774 7.104 
1703397674.984 -3.745 7.187 
1703397675.085 -3.715 7.267 
1703397675.186 -3.685 7.347 
1703397675.286 -3.654 7.424 
1703397675.385 -3.624 7.502 
1703397675.485 -3.593 7.575 
1703397675.585 -3.559 7.651 
1703397675.685 -3.527 7.725 
1703397675.786 -3.494 7.800 
1703397675.885 -3.458 7.866 
1703397675.985 -3.422 7.929 
1703397676.086 -3.392 7.990 
1703397676.186 -3.352 8.068 
1703397676.285 -3.289 8.159 
1703397676.386 -3.210 8.247 
1703397676.486 -3.156 8.313 
1703397676.587 -3.115 8.375 
1703397676.686 -3.080 8.440 
1703397676.787 -3.039 8.497 
1703397676.887 -2.988 8.530 
1703397676.987 -2.936 8.549 
1703397677.089 -2.876 8.561 
1703397677.190 -2.779 8.558 
1703397677.289 -2.696 8.544 
1703397677.389 -2.690 8.547 
1703397677.490 -2.701 8.553 
1703397677.589 -2.683 8.521 
1703397677.690 -2.632 8.441 
1703397677.789 -2.581 8.373 
1703397677.890 -2.546 8.337 
1703397677.990 -2.516 8.303 
1703397678.091 -2.450 8.249 
1703397678.190 -2.377 8.191 
