1703397752.670 3.138 1.808 
1703397752.670 3.138 1.808 
1703397752.771 3.159 1.790 
1703397752.871 3.202 1.799 
1703397752.971 3.250 1.853 
1703397753.072 3.337 1.949 
1703397753.171 3.432 2.049 
1703397753.272 3.511 2.143 
1703397753.372 3.587 2.234 
1703397753.472 3.671 2.314 
1703397753.572 3.735 2.374 
1703397753.672 3.791 2.419 
1703397753.773 3.853 2.450 
1703397753.873 3.911 2.467 
1703397753.972 3.964 2.469 
1703397754.073 3.983 2.464 
1703397754.173 3.945 2.463 
1703397754.272 3.905 2.467 
1703397754.373 3.893 2.466 
1703397754.474 3.964 2.428 
1703397754.573 4.051 2.343 
1703397754.673 4.066 2.326 
1703397754.774 4.080 2.338 
1703397754.874 4.120 2.343 
1703397754.974 4.161 2.289 
1703397755.077 4.194 2.214 
1703397755.176 4.221 2.135 
1703397755.274 4.248 2.090 
1703397755.375 4.270 2.030 
1703397755.474 4.291 1.948 
1703397755.574 4.316 1.877 
1703397755.675 4.334 1.809 
1703397755.774 4.356 1.740 
1703397755.875 4.382 1.677 
1703397755.975 4.409 1.612 
1703397756.075 4.429 1.543 
1703397756.175 4.448 1.473 
1703397756.276 4.465 1.404 
1703397756.375 4.479 1.337 
1703397756.476 4.490 1.268 
1703397756.575 4.487 1.200 
1703397756.676 4.474 1.125 
1703397756.776 4.461 1.052 
1703397756.877 4.444 0.970 
1703397756.976 4.426 0.895 
1703397757.077 4.415 0.836 
1703397757.177 4.421 0.801 
1703397757.277 4.440 0.773 
1703397757.377 4.406 0.725 
1703397757.476 4.385 0.666 
1703397757.578 4.322 0.591 
1703397757.677 4.239 0.517 
1703397757.777 4.143 0.457 
1703397757.877 4.033 0.406 
1703397757.978 3.913 0.388 
1703397758.078 3.841 0.400 
1703397758.177 3.762 0.436 
1703397758.278 3.679 0.474 
1703397758.378 3.604 0.503 
1703397758.479 3.534 0.533 
1703397762.285 3.710 0.388 
1703397762.286 3.710 0.388 
1703397762.386 3.705 0.347 
1703397762.487 3.677 0.281 
1703397762.587 3.618 0.183 
1703397762.687 3.556 0.080 
1703397762.786 3.495 -0.025 
1703397762.887 3.435 -0.128 
1703397762.987 3.376 -0.231 
1703397763.087 3.309 -0.330 
1703397763.188 3.238 -0.426 
1703397763.288 3.167 -0.520 
1703397763.388 3.098 -0.611 
1703397763.488 3.018 -0.699 
1703397763.592 2.941 -0.788 
1703397763.692 2.864 -0.874 
1703397763.792 2.779 -0.968 
1703397763.892 2.674 -1.041 
1703397763.993 2.586 -1.094 
1703397764.093 2.497 -1.137 
1703397764.193 2.340 -1.136 
1703397764.293 2.214 -1.143 
1703397764.392 2.095 -1.139 
1703397764.493 1.990 -1.130 
1703397764.593 1.908 -1.111 
1703397764.699 1.830 -1.077 
1703397764.793 1.757 -1.032 
1703397764.893 1.681 -0.976 
1703397764.993 1.610 -0.930 
1703397765.093 1.541 -0.899 
1703397765.194 1.484 -0.857 
1703397765.295 1.436 -0.806 
1703397765.394 1.391 -0.757 
1703397765.494 1.343 -0.703 
1703397765.594 1.292 -0.659 
1703397765.695 1.246 -0.621 
1703397765.795 1.201 -0.574 
1703397765.895 1.164 -0.477 
1703397765.995 1.125 -0.384 
1703397766.095 1.089 -0.326 
1703397766.195 1.066 -0.268 
1703397766.294 1.049 -0.192 
1703397766.395 1.035 -0.122 
1703397766.495 1.014 -0.055 
1703397766.595 0.989 0.018 
1703397766.695 0.970 0.088 
1703397766.795 0.957 0.164 
1703397766.895 0.945 0.247 
1703397766.996 0.925 0.323 
1703397767.095 0.906 0.393 
1703397767.195 0.903 0.456 
1703397767.298 0.904 0.524 
1703397767.397 0.913 0.609 
1703397767.496 0.927 0.691 
1703397767.597 0.937 0.759 
1703397767.706 0.950 0.826 
1703397767.800 0.970 0.894 
1703397767.898 1.001 0.969 
1703397767.998 1.031 1.038 
1703397768.097 1.061 1.106 
1703397768.197 1.090 1.179 
1703397768.297 1.110 1.244 
1703397768.397 1.131 1.304 
1703397768.498 1.178 1.382 
1703397768.598 1.246 1.466 
1703397768.697 1.295 1.548 
1703397768.798 1.320 1.615 
1703397768.897 1.352 1.682 
1703397768.998 1.391 1.755 
1703397769.098 1.455 1.839 
1703397769.201 1.520 1.925 
1703397769.301 1.571 1.982 
1703397769.401 1.616 2.031 
1703397769.501 1.649 2.091 
1703397769.601 1.711 2.173 
1703397769.703 1.784 2.268 
1703397769.803 1.842 2.335 
1703397769.903 1.903 2.388 
1703397770.004 1.959 2.454 
1703397770.103 2.018 2.525 
1703397770.204 2.076 2.606 
1703397770.303 2.127 2.683 
1703397770.404 2.177 2.751 
1703397770.504 2.227 2.823 
1703397770.604 2.277 2.899 
1703397770.704 2.329 2.974 
1703397770.805 2.390 3.056 
1703397770.907 2.440 3.137 
1703397771.007 2.488 3.220 
1703397771.107 2.528 3.295 
1703397771.207 2.567 3.367 
1703397771.316 2.619 3.473 
1703397771.417 2.672 3.612 
1703397771.517 2.709 3.709 
1703397771.617 2.750 3.808 
1703397771.724 2.790 3.908 
1703397771.822 2.832 4.012 
1703397771.921 2.874 4.111 
1703397772.020 2.910 4.200 
1703397772.120 2.948 4.291 
1703397772.220 2.984 4.382 
1703397772.320 3.020 4.468 
1703397772.420 3.048 4.519 
1703397772.521 3.064 4.535 
1703397772.621 3.068 4.612 
1703397772.721 3.048 4.758 
1703397772.821 3.034 4.890 
1703397772.921 3.027 4.985 
1703397773.021 3.032 5.079 
1703397773.120 3.033 5.175 
1703397773.221 3.034 5.271 
1703397773.321 3.032 5.361 
1703397773.421 3.037 5.452 
1703397773.521 3.043 5.542 
1703397773.621 3.046 5.640 
1703397773.722 3.044 5.736 
1703397773.822 3.045 5.827 
1703397773.923 3.045 5.926 
1703397774.023 3.043 6.032 
1703397774.124 3.042 6.124 
1703397774.224 3.041 6.206 
1703397774.324 3.036 6.288 
1703397774.425 3.030 6.372 
1703397774.524 3.027 6.449 
1703397774.625 3.023 6.524 
1703397774.725 3.020 6.598 
1703397774.824 3.015 6.668 
1703397774.925 3.010 6.738 
1703397775.025 3.012 6.802 
1703397775.125 3.020 6.888 
1703397775.225 3.029 6.969 
1703397775.328 3.048 7.029 
1703397775.425 3.073 7.069 
1703397775.526 3.105 7.102 
1703397775.625 3.157 7.141 
1703397775.726 3.162 7.155 
1703397775.826 3.078 7.151 
1703397776.929 2.981 7.084 
1703397777.030 2.965 7.112 
1703397777.130 2.960 7.105 
1703397777.230 2.968 7.031 
1703397777.331 2.969 7.005 
1703397777.431 2.952 6.966 
1703397777.532 2.931 6.916 
1703397777.631 2.951 6.811 
1703397777.732 2.991 6.662 
1703397777.831 3.014 6.590 
1703397777.931 3.028 6.544 
1703397778.031 3.051 6.493 
1703397778.131 3.101 6.404 
1703397778.231 3.146 6.309 
1703397778.331 3.184 6.216 
1703397778.432 3.218 6.131 
1703397778.531 3.241 6.074 
1703397778.632 3.269 6.013 
1703397778.732 3.306 5.926 
1703397778.832 3.341 5.844 
1703397778.932 3.375 5.766 
1703397779.033 3.407 5.690 
1703397779.133 3.440 5.614 
1703397779.232 3.478 5.533 
1703397779.333 3.513 5.451 
1703397779.434 3.548 5.369 
1703397779.534 3.584 5.286 
1703397779.633 3.620 5.211 
1703397779.734 3.654 5.130 
1703397779.834 3.685 5.050 
1703397779.935 3.715 4.968 
1703397780.034 3.743 4.885 
1703397780.135 3.772 4.804 
1703397780.235 3.798 4.726 
1703397780.335 3.824 4.650 
1703397780.435 3.847 4.575 
1703397780.535 3.874 4.503 
1703397780.636 3.937 4.404 
1703397780.736 3.992 4.306 
1703397780.835 4.013 4.225 
1703397780.936 4.047 4.145 
1703397781.036 4.093 4.069 
1703397781.136 4.145 4.000 
1703397781.242 4.204 3.930 
1703397781.336 4.259 3.873 
1703397781.436 4.339 3.821 
1703397781.537 4.419 3.759 
1703397781.637 4.490 3.708 
1703397781.737 4.568 3.666 
1703397781.837 4.657 3.623 
1703397781.936 4.751 3.580 
1703397782.036 4.845 3.539 
1703397782.137 4.926 3.501 
1703397782.238 4.968 3.481 
1703397782.338 5.021 3.452 
1703397782.438 5.106 3.410 
1703397782.537 5.191 3.362 
1703397782.637 5.272 3.322 
1703397782.739 5.349 3.284 
1703397782.838 5.420 3.247 
1703397782.938 5.495 3.209 
1703397783.038 5.571 3.168 
1703397783.138 5.649 3.133 
1703397783.238 5.723 3.099 
1703397783.339 5.795 3.066 
1703397783.438 5.864 3.036 
1703397783.540 5.949 2.999 
1703397783.639 6.054 2.957 
1703397783.738 6.146 2.918 
1703397783.839 6.229 2.885 
1703397783.939 6.301 2.855 
1703397784.039 6.340 2.840 
1703397784.140 6.385 2.813 
1703397784.240 6.434 2.767 
1703397784.339 6.493 2.674 
1703397784.440 6.542 2.609 
1703397784.540 6.567 2.571 
1703397784.640 6.594 2.545 
1703397784.740 6.630 2.513 
1703397784.840 6.701 2.464 
1703397784.941 6.773 2.409 
1703397785.040 6.813 2.363 
1703397785.141 6.841 2.313 
1703397785.241 6.860 2.250 
1703397785.342 6.876 2.185 
1703397785.442 6.887 2.131 
1703397785.542 6.886 2.080 
1703397785.644 6.881 2.020 
1703397785.742 6.860 1.949 
1703397785.842 6.838 1.887 
1703397785.942 6.831 1.849 
1703397786.042 6.811 1.791 
1703397786.142 6.799 1.726 
1703397786.242 6.788 1.679 
1703397786.343 6.781 1.619 
1703397786.443 6.772 1.546 
1703397786.542 6.761 1.469 
1703397786.642 6.753 1.395 
1703397786.744 6.746 1.315 
1703397786.844 6.737 1.233 
1703397786.944 6.727 1.163 
1703397787.044 6.718 1.087 
1703397787.145 6.722 1.020 
1703397787.245 6.718 0.951 
1703397787.345 6.708 0.883 
1703397787.445 6.690 0.818 
1703397787.545 6.666 0.753 
1703397787.645 6.644 0.689 
1703397787.745 6.625 0.624 
1703397787.847 6.608 0.555 
1703397787.948 6.589 0.481 
1703397788.045 6.581 0.416 
1703397788.146 6.559 0.351 
1703397788.245 6.522 0.285 
1703397788.348 6.484 0.219 
1703397788.447 6.449 0.151 
1703397788.547 6.412 0.082 
1703397788.646 6.377 0.014 
1703397788.748 6.343 -0.054 
1703397788.848 6.308 -0.122 
1703397788.951 6.272 -0.185 
1703397789.049 6.236 -0.249 
1703397789.148 6.201 -0.312 
1703397789.249 6.165 -0.379 
1703397789.349 6.131 -0.448 
1703397789.449 6.101 -0.523 
1703397789.549 6.071 -0.601 
1703397789.650 6.043 -0.682 
1703397789.750 6.021 -0.770 
1703397789.850 5.998 -0.860 
1703397789.950 5.981 -0.951 
1703397790.050 5.966 -1.046 
1703397790.149 5.957 -1.141 
1703397790.250 5.948 -1.232 
1703397790.349 5.938 -1.318 
1703397790.449 5.933 -1.400 
1703397790.550 5.930 -1.477 
1703397790.651 5.926 -1.553 
1703397793.058 5.706 -1.870 
1703397793.059 5.706 -1.870 
1703397793.158 5.737 -1.897 
1703397793.259 5.804 -1.961 
1703397793.359 5.895 -2.046 
1703397793.459 5.988 -2.144 
1703397793.559 6.059 -2.238 
1703397793.659 6.109 -2.333 
1703397793.759 6.122 -2.422 
1703397793.860 6.156 -2.536 
1703397793.960 6.184 -2.655 
1703397794.060 6.212 -2.771 
1703397794.160 6.231 -2.893 
1703397794.260 6.242 -3.013 
1703397794.360 6.263 -3.129 
1703397794.471 6.288 -3.240 
1703397794.565 6.308 -3.357 
1703397794.662 6.327 -3.465 
1703397794.764 6.351 -3.558 
1703397794.861 6.380 -3.628 
1703397794.961 6.415 -3.700 
1703397795.060 6.457 -3.780 
1703397795.161 6.491 -3.857 
1703397795.261 6.526 -3.924 
1703397795.361 6.555 -3.988 
1703397795.461 6.582 -4.053 
1703397795.563 6.629 -4.128 
1703397795.661 6.677 -4.205 
1703397795.761 6.719 -4.275 
1703397795.862 6.751 -4.337 
1703397795.961 6.826 -4.383 
1703397796.062 6.955 -4.389 
1703397796.162 7.041 -4.421 
1703397796.262 7.148 -4.427 
1703397796.363 7.264 -4.391 
1703397796.463 7.366 -4.344 
1703397796.563 7.473 -4.292 
1703397796.662 7.564 -4.228 
1703397796.764 7.629 -4.132 
1703397796.864 7.671 -4.029 
1703397796.963 7.668 -3.912 
1703397797.063 7.658 -3.747 
1703397797.163 7.606 -3.666 
1703397797.263 7.572 -3.628 
1703397797.364 7.578 -3.599 
1703397797.464 7.563 -3.492 
1703397797.564 7.545 -3.350 
1703397797.663 7.540 -3.217 
1703397797.764 7.537 -3.102 
1703397797.866 7.543 -3.005 
1703397797.965 7.550 -2.904 
1703397798.065 7.554 -2.810 
1703397798.165 7.561 -2.713 
1703397798.265 7.567 -2.616 
1703397798.366 7.574 -2.516 
1703397798.466 7.581 -2.441 
1703397798.565 7.590 -2.373 
1703397798.665 7.602 -2.296 
1703397798.765 7.606 -2.228 
1703397798.865 7.593 -2.172 
1703397798.965 7.594 -2.105 
1703397799.066 7.615 -2.023 
1703397799.166 7.638 -1.935 
1703397799.266 7.660 -1.852 
1703397799.367 7.677 -1.780 
1703397799.466 7.691 -1.709 
1703397799.567 7.711 -1.629 
1703397799.668 7.735 -1.552 
1703397799.766 7.760 -1.475 
1703397799.866 7.787 -1.398 
1703397799.966 7.815 -1.323 
1703397800.067 7.845 -1.246 
1703397800.168 7.876 -1.171 
1703397800.268 7.907 -1.095 
1703397800.369 7.938 -1.019 
1703397800.468 7.969 -0.942 
1703397800.569 7.999 -0.865 
1703397800.668 8.027 -0.790 
1703397800.769 8.055 -0.710 
1703397800.869 8.083 -0.639 
1703397800.969 8.113 -0.567 
1703397801.073 8.143 -0.477 
1703397801.170 8.169 -0.403 
1703397801.270 8.194 -0.330 
1703397801.369 8.218 -0.254 
1703397801.470 8.245 -0.181 
1703397801.569 8.274 -0.106 
1703397801.670 8.298 -0.022 
1703397801.770 8.325 0.055 
1703397801.870 8.350 0.128 
1703397801.970 8.370 0.197 
1703397802.070 8.394 0.265 
1703397802.170 8.417 0.337 
1703397802.272 8.435 0.421 
1703397802.370 8.455 0.499 
1703397802.471 8.475 0.571 
1703397802.575 8.489 0.646 
1703397802.671 8.502 0.715 
1703397802.771 8.522 0.792 
1703397802.871 8.540 0.867 
1703397802.971 8.558 0.942 
1703397803.072 8.574 1.017 
1703397803.172 8.587 1.090 
1703397803.273 8.591 1.166 
1703397803.373 8.598 1.244 
1703397803.474 8.610 1.319 
1703397803.574 8.619 1.392 
1703397803.674 8.631 1.507 
1703397803.774 8.644 1.613 
1703397803.873 8.650 1.705 
1703397803.973 8.648 1.793 
1703397804.076 8.648 1.880 
1703397804.174 8.645 1.970 
1703397804.275 8.646 2.048 
1703397804.374 8.644 2.117 
1703397804.476 8.622 2.199 
1703397804.576 8.597 2.275 
1703397804.674 8.571 2.340 
1703397804.775 8.570 2.375 
1703397804.875 8.570 2.403 
1703397804.975 8.543 2.448 
1703397805.075 8.481 2.510 
1703397805.175 8.454 2.566 
1703397805.276 8.457 2.628 
1703397805.375 8.410 2.675 
1703397805.476 8.379 2.740 
1703397805.575 8.329 2.806 
1703397805.676 8.275 2.858 
1703397805.777 8.223 2.881 
1703397805.877 8.161 2.856 
1703397805.978 8.029 2.816 
1703397806.077 7.902 2.758 
1703397806.177 7.799 2.719 
1703397806.278 7.700 2.680 
1703397806.377 7.619 2.632 
1703397806.480 7.549 2.576 
1703397806.580 7.480 2.521 
1703397806.680 7.427 2.471 
1703397806.782 7.360 2.421 
1703397806.880 7.280 2.366 
1703397806.980 7.183 2.290 
1703397807.081 7.087 2.216 
1703397807.181 7.012 2.156 
1703397807.280 6.932 2.093 
1703397807.381 6.844 2.024 
1703397807.481 6.759 1.953 
1703397807.581 6.673 1.881 
1703397807.681 6.592 1.812 
1703397807.782 6.507 1.741 
1703397807.883 6.421 1.669 
1703397807.982 6.339 1.600 
1703397808.081 6.257 1.531 
1703397808.182 6.175 1.461 
1703397808.281 6.094 1.392 
1703397808.382 6.015 1.324 
1703397808.482 5.934 1.257 
1703397808.582 5.852 1.192 
1703397808.683 5.775 1.125 
1703397808.783 5.695 1.064 
1703397808.882 5.615 1.003 
1703397808.983 5.535 0.946 
1703397809.083 5.453 0.891 
1703397809.182 5.373 0.838 
1703397809.283 5.294 0.785 
1703397809.383 5.215 0.737 
1703397809.483 5.134 0.693 
1703397809.584 5.050 0.652 
1703397809.687 4.966 0.608 
1703397809.785 4.888 0.566 
1703397809.884 4.807 0.523 
1703397809.985 4.724 0.483 
1703397810.087 4.640 0.442 
1703397810.189 4.561 0.403 
1703397810.286 4.479 0.362 
1703397810.386 4.396 0.321 
1703397810.486 4.314 0.276 
1703397810.586 4.232 0.231 
1703397810.685 4.151 0.186 
1703397810.786 4.073 0.136 
1703397810.886 3.999 0.087 
1703397810.986 3.924 0.038 
1703397811.086 3.843 -0.015 
1703397811.186 3.760 -0.067 
1703397811.287 3.692 -0.121 
1703397811.386 3.630 -0.176 
1703397811.486 3.560 -0.247 
1703397811.587 3.492 -0.326 
1703397811.687 3.431 -0.402 
1703397811.787 3.374 -0.477 
1703397811.887 3.321 -0.553 
1703397811.989 3.267 -0.631 
1703397812.089 3.213 -0.709 
1703397812.189 3.160 -0.792 
1703397812.290 3.109 -0.876 
1703397812.390 3.056 -0.961 
1703397812.491 3.008 -1.044 
1703397812.590 2.961 -1.128 
1703397812.690 2.910 -1.213 
1703397812.791 2.860 -1.296 
1703397812.891 2.807 -1.383 
1703397812.991 2.756 -1.464 
1703397813.090 2.710 -1.544 
1703397813.191 2.657 -1.635 
1703397813.291 2.606 -1.713 
1703397813.390 2.559 -1.793 
1703397813.492 2.515 -1.875 
1703397813.592 2.470 -1.952 
1703397813.691 2.428 -2.028 
1703397813.792 2.387 -2.103 
1703397813.891 2.350 -2.177 
1703397813.992 2.315 -2.253 
1703397814.092 2.276 -2.326 
1703397814.192 2.238 -2.390 
1703397814.293 2.208 -2.454 
1703397814.392 2.175 -2.534 
1703397814.492 2.144 -2.629 
1703397814.593 2.118 -2.734 
1703397814.692 2.098 -2.817 
1703397814.793 2.095 -2.884 
1703397814.893 2.098 -2.945 
1703397814.993 2.102 -3.000 
1703397815.094 2.114 -3.059 
1703397815.194 2.131 -3.137 
1703397815.294 2.140 -3.212 
1703397815.393 2.145 -3.284 
1703397815.494 2.155 -3.365 
1703397815.594 2.168 -3.449 
1703397815.695 2.181 -3.540 
1703397815.797 2.198 -3.640 
1703397815.900 2.212 -3.734 
1703397816.000 2.229 -3.814 
1703397816.099 2.249 -3.887 
1703397816.201 2.268 -3.916 
1703397816.301 2.264 -3.942 
1703397816.401 2.239 -4.052 
1703397816.501 2.203 -4.149 
1703397816.601 2.154 -4.247 
1703397816.701 2.081 -4.344 
1703397821.443 2.507 -4.484 
1703397821.445 2.507 -4.484 
1703397821.526 2.467 -4.546 
1703397821.619 2.394 -4.627 
1703397821.716 2.359 -4.685 
1703397821.815 2.371 -4.739 
1703397821.915 2.405 -4.776 
1703397822.015 2.463 -4.764 
1703397822.115 2.574 -4.738 
1703397822.215 2.663 -4.700 
1703397822.315 2.716 -4.644 
1703397822.415 2.728 -4.603 
1703397822.517 2.755 -4.573 
1703397822.621 2.800 -4.566 
1703397822.720 2.840 -4.567 
1703397822.820 2.859 -4.554 
1703397822.919 2.871 -4.518 
1703397823.018 2.883 -4.514 
1703397823.119 2.906 -4.529 
1703397823.219 2.937 -4.569 
1703397823.319 2.961 -4.648 
1703397823.419 2.985 -4.738 
1703397823.519 2.991 -4.836 
1703397823.619 2.982 -4.887 
1703397823.720 2.981 -4.916 
1703397823.824 2.979 -4.967 
1703397823.923 2.987 -5.045 
1703397824.022 2.971 -5.160 
1703397824.122 2.955 -5.254 
1703397824.223 2.919 -5.347 
1703397824.323 2.879 -5.450 
1703397824.425 2.841 -5.549 
1703397824.525 2.809 -5.634 
1703397824.624 2.782 -5.717 
1703397824.725 2.729 -5.815 
1703397824.826 2.676 -5.883 
1703397824.925 2.655 -5.928 
1703397825.025 2.633 -5.982 
1703397825.125 2.605 -6.036 
1703397825.225 2.553 -6.106 
1703397825.325 2.481 -6.180 
1703397825.425 2.415 -6.249 
1703397825.525 2.331 -6.329 
1703397825.627 2.254 -6.411 
1703397825.725 2.189 -6.483 
1703397825.826 2.132 -6.547 
1703397825.926 2.074 -6.608 
1703397826.027 1.992 -6.666 
1703397826.127 1.909 -6.713 
1703397826.225 1.834 -6.750 
1703397826.326 1.766 -6.787 
1703397826.427 1.695 -6.813 
1703397826.527 1.596 -6.814 
1703397826.628 1.503 -6.804 
1703397826.728 1.437 -6.796 
1703397826.828 1.386 -6.793 
1703397826.928 1.340 -6.793 
1703397827.029 1.281 -6.767 
1703397827.128 1.201 -6.712 
1703397827.228 1.122 -6.674 
1703397827.329 1.052 -6.644 
1703397827.429 0.989 -6.615 
1703397827.529 0.941 -6.582 
1703397827.629 0.919 -6.534 
1703397827.732 0.908 -6.465 
1703397827.830 0.893 -6.389 
1703397827.930 0.883 -6.319 
1703397828.030 0.889 -6.254 
1703397828.129 0.902 -6.185 
1703397828.230 0.906 -6.111 
1703397828.332 0.911 -6.033 
1703397828.432 0.918 -5.942 
1703397828.533 0.913 -5.834 
1703397828.632 0.910 -5.726 
1703397828.732 0.922 -5.645 
1703397828.833 0.922 -5.552 
1703397828.934 0.903 -5.445 
1703397829.034 0.874 -5.380 
1703397829.135 0.842 -5.351 
1703397829.234 0.829 -5.311 
1703397829.334 0.826 -5.245 
1703397829.435 0.770 -5.135 
1703397829.534 0.741 -5.036 
1703397829.635 0.701 -4.928 
1703397829.734 0.652 -4.817 
1703397829.835 0.609 -4.708 
1703397829.938 0.583 -4.621 
1703397830.036 0.567 -4.548 
1703397830.135 0.527 -4.472 
1703397830.235 0.468 -4.383 
1703397830.336 0.415 -4.293 
1703397830.435 0.364 -4.210 
1703397830.536 0.305 -4.132 
1703397830.636 0.246 -4.057 
1703397830.736 0.187 -3.981 
1703397830.838 0.131 -3.908 
1703397830.938 0.074 -3.837 
1703397831.038 0.016 -3.759 
1703397831.139 -0.042 -3.685 
1703397831.239 -0.102 -3.614 
1703397831.339 -0.160 -3.547 
1703397831.440 -0.217 -3.481 
1703397831.539 -0.272 -3.414 
1703397831.639 -0.332 -3.340 
1703397831.739 -0.394 -3.276 
1703397831.839 -0.454 -3.214 
1703397831.939 -0.511 -3.154 
1703397832.040 -0.566 -3.096 
1703397832.141 -0.622 -3.035 
1703397832.240 -0.677 -2.968 
1703397832.339 -0.735 -2.910 
1703397832.440 -0.793 -2.854 
1703397832.540 -0.848 -2.800 
1703397832.640 -0.903 -2.749 
1703397832.741 -0.960 -2.696 
1703397832.841 -1.051 -2.623 
1703397832.941 -1.145 -2.548 
1703397833.041 -1.207 -2.489 
1703397833.141 -1.265 -2.444 
1703397833.240 -1.327 -2.383 
1703397833.342 -1.392 -2.316 
1703397833.441 -1.447 -2.262 
1703397833.543 -1.498 -2.212 
1703397833.641 -1.548 -2.159 
1703397833.741 -1.603 -2.088 
1703397833.842 -1.651 -2.045 
1703397833.942 -1.688 -1.978 
1703397834.041 -1.725 -1.923 
1703397834.142 -1.748 -1.902 
1703397834.243 -1.749 -1.873 
1703397834.343 -1.747 -1.810 
1703397834.444 -1.729 -1.741 
1703397834.543 -1.704 -1.687 
1703397834.644 -1.680 -1.627 
1703397834.743 -1.651 -1.576 
1703397834.843 -1.603 -1.550 
1703397834.943 -1.537 -1.533 
1703397835.044 -1.452 -1.512 
1703397835.146 -1.340 -1.446 
1703397835.244 -1.218 -1.371 
1703397835.344 -1.140 -1.309 
1703397835.446 -1.093 -1.272 
1703397835.547 -1.053 -1.250 
1703397835.643 -1.014 -1.244 
1703397835.744 -0.956 -1.163 
1703397835.844 -0.889 -1.054 
1703397835.948 -0.831 -0.963 
1703397836.055 -0.778 -0.872 
1703397836.148 -0.726 -0.773 
1703397836.252 -0.648 -0.691 
1703397836.349 -0.570 -0.635 
1703397836.450 -0.523 -0.560 
1703397836.549 -0.499 -0.452 
1703397836.649 -0.485 -0.335 
1703397836.749 -0.473 -0.216 
1703397836.849 -0.445 -0.103 
1703397836.957 -0.421 0.012 
1703397837.053 -0.417 0.135 
1703397837.151 -0.427 0.252 
1703397837.251 -0.440 0.370 
1703397837.351 -0.461 0.486 
1703397837.451 -0.486 0.603 
1703397837.551 -0.529 0.715 
1703397837.651 -0.579 0.825 
1703397837.751 -0.629 0.933 
1703397837.856 -0.688 1.039 
1703397837.952 -0.742 1.135 
1703397838.052 -0.792 1.243 
1703397838.152 -0.845 1.352 
1703397838.253 -0.889 1.449 
1703397838.354 -0.922 1.519 
1703397838.454 -0.953 1.589 
1703397838.554 -0.982 1.669 
1703397838.655 -1.012 1.733 
1703397838.754 -1.033 1.802 
1703397838.854 -1.072 1.895 
1703397838.955 -1.108 1.974 
1703397839.057 -1.131 2.055 
1703397839.155 -1.145 2.125 
1703397839.255 -1.149 2.193 
1703397839.356 -1.152 2.253 
1703397839.459 -1.165 2.300 
1703397839.556 -1.168 2.352 
1703397839.660 -1.147 2.423 
1703397839.758 -1.122 2.496 
1703397839.857 -1.094 2.565 
1703397839.957 -1.067 2.627 
1703397840.057 -1.045 2.683 
1703397840.157 -1.038 2.728 
1703397840.260 -0.998 2.783 
1703397840.356 -0.969 2.828 
1703397840.457 -0.952 2.869 
1703397840.557 -0.922 2.917 
1703397840.656 -0.899 2.970 
1703397840.757 -0.864 3.030 
1703397840.858 -0.826 3.086 
1703397840.958 -0.774 3.134 
1703397841.057 -0.715 3.183 
1703397841.157 -0.655 3.231 
1703397841.258 -0.599 3.283 
1703397841.358 -0.540 3.338 
1703397841.457 -0.479 3.396 
1703397841.557 -0.405 3.457 
1703397841.658 -0.334 3.514 
1703397841.758 -0.260 3.573 
1703397841.858 -0.191 3.630 
1703397841.960 -0.124 3.675 
1703397842.059 -0.042 3.728 
1703397842.158 0.039 3.784 
1703397842.258 0.119 3.841 
1703397842.361 0.197 3.897 
1703397842.459 0.275 3.952 
1703397842.560 0.352 4.007 
1703397842.659 0.432 4.057 
1703397842.758 0.512 4.105 
1703397842.859 0.591 4.157 
1703397842.959 0.674 4.204 
1703397843.060 0.753 4.254 
1703397843.159 0.823 4.301 
1703397843.260 0.901 4.334 
1703397843.360 0.985 4.354 
1703397843.460 1.075 4.371 
1703397843.561 1.168 4.397 
1703397843.660 1.253 4.420 
1703397843.760 1.342 4.443 
1703397843.860 1.414 4.463 
1703397843.961 1.493 4.485 
1703397844.063 1.589 4.484 
1703397844.162 1.687 4.473 
1703397844.261 1.768 4.470 
1703397844.362 1.857 4.448 
1703397844.476 1.960 4.430 
1703397844.567 2.052 4.416 
1703397844.664 2.146 4.401 
1703397844.762 2.218 4.392 
1703397844.862 2.265 4.368 
1703397844.961 2.332 4.341 
1703397845.062 2.412 4.307 
1703397845.162 2.492 4.264 
1703397845.262 2.573 4.223 
1703397845.362 2.643 4.197 
1703397845.462 2.715 4.168 
1703397845.563 2.793 4.122 
1703397845.662 2.870 4.075 
1703397845.763 2.947 4.027 
1703397845.864 3.023 3.977 
1703397845.964 3.097 3.924 
1703397846.063 3.173 3.868 
1703397846.164 3.250 3.810 
1703397846.264 3.326 3.749 
1703397846.364 3.399 3.684 
1703397846.465 3.473 3.616 
1703397846.567 3.552 3.545 
1703397846.665 3.618 3.487 
1703397846.765 3.694 3.421 
1703397846.866 3.769 3.349 
1703397846.965 3.846 3.271 
1703397847.065 3.925 3.194 
1703397847.165 4.000 3.117 
1703397847.273 4.072 3.038 
1703397847.369 4.143 2.961 
1703397847.467 4.215 2.891 
1703397847.566 4.291 2.816 
1703397847.666 4.371 2.737 
1703397847.767 4.449 2.654 
1703397847.868 4.528 2.567 
1703397847.966 4.600 2.494 
1703397848.067 4.678 2.417 
1703397848.167 4.756 2.336 
1703397848.267 4.834 2.258 
1703397848.368 4.911 2.181 
1703397848.467 4.990 2.101 
1703397848.568 5.068 2.022 
1703397848.667 5.146 1.945 
1703397848.768 5.225 1.866 
1703397848.868 5.305 1.789 
1703397848.968 5.383 1.711 
1703397849.068 5.461 1.634 
1703397849.168 5.540 1.556 
1703397849.269 5.619 1.478 
1703397849.369 5.698 1.400 
1703397849.468 5.776 1.323 
1703397849.569 5.854 1.244 
1703397849.669 5.931 1.167 
1703397849.769 6.007 1.090 
1703397849.869 6.084 1.012 
1703397849.969 6.159 0.935 
1703397850.069 6.234 0.857 
1703397850.169 6.309 0.780 
1703397850.270 6.384 0.703 
1703397850.369 6.457 0.628 
1703397850.470 6.531 0.549 
1703397850.570 6.602 0.473 
1703397850.671 6.673 0.395 
1703397850.771 6.742 0.319 
1703397850.871 6.813 0.242 
1703397850.970 6.882 0.165 
1703397851.071 6.949 0.089 
1703397851.171 7.015 0.012 
1703397851.274 7.083 -0.067 
1703397851.370 7.147 -0.139 
1703397851.471 7.211 -0.217 
1703397851.571 7.272 -0.297 
1703397851.672 7.331 -0.375 
1703397851.771 7.389 -0.453 
1703397851.872 7.449 -0.533 
1703397851.973 7.507 -0.608 
1703397852.073 7.562 -0.685 
1703397852.173 7.616 -0.763 
1703397852.273 7.668 -0.842 
1703397852.372 7.718 -0.922 
1703397852.473 7.770 -1.000 
1703397852.573 7.821 -1.072 
1703397852.674 7.865 -1.149 
1703397852.774 7.909 -1.228 
1703397852.873 7.950 -1.310 
1703397852.974 7.987 -1.389 
1703397853.074 8.022 -1.467 
1703397853.174 8.048 -1.546 
1703397853.275 8.076 -1.624 
1703397853.374 8.106 -1.694 
1703397853.474 8.131 -1.785 
1703397853.574 8.154 -1.869 
1703397853.675 8.175 -1.944 
1703397853.774 8.188 -2.018 
1703397853.874 8.197 -2.098 
1703397853.975 8.212 -2.175 
1703397854.076 8.222 -2.251 
1703397854.176 8.231 -2.325 
1703397854.276 8.237 -2.399 
1703397854.376 8.241 -2.475 
1703397854.477 8.245 -2.548 
1703397854.576 8.250 -2.622 
1703397854.677 8.258 -2.697 
1703397854.777 8.259 -2.771 
1703397854.876 8.260 -2.846 
1703397854.977 8.260 -2.924 
1703397855.077 8.261 -3.000 
1703397855.177 8.262 -3.077 
1703397855.277 8.264 -3.156 
1703397855.377 8.267 -3.235 
1703397855.478 8.268 -3.313 
1703397855.578 8.269 -3.393 
1703397855.678 8.271 -3.472 
1703397855.778 8.272 -3.551 
1703397855.878 8.274 -3.630 
1703397855.979 8.276 -3.712 
1703397856.078 8.278 -3.789 
1703397856.179 8.280 -3.870 
1703397856.279 8.281 -3.950 
1703397856.378 8.283 -4.028 
1703397856.478 8.284 -4.107 
1703397856.580 8.285 -4.186 
1703397856.680 8.288 -4.263 
1703397856.780 8.288 -4.340 
1703397856.880 8.287 -4.419 
1703397856.981 8.286 -4.495 
1703397857.080 8.284 -4.571 
1703397857.181 8.281 -4.648 
1703397857.281 8.279 -4.725 
1703397857.381 8.281 -4.797 
1703397857.484 8.275 -4.873 
1703397857.581 8.269 -4.942 
1703397857.684 8.261 -5.039 
1703397857.784 8.244 -5.156 
1703397857.882 8.220 -5.261 
1703397857.983 8.201 -5.347 
1703397858.082 8.187 -5.425 
1703397858.183 8.175 -5.505 
1703397858.282 8.147 -5.593 
1703397858.382 8.110 -5.685 
1703397858.483 8.068 -5.772 
1703397858.582 8.027 -5.839 
1703397858.683 7.997 -5.899 
1703397858.782 7.959 -5.969 
1703397858.884 7.930 -6.038 
1703397858.983 7.895 -6.099 
1703397859.082 7.856 -6.154 
1703397859.183 7.822 -6.207 
1703397859.283 7.774 -6.260 
1703397859.383 7.721 -6.313 
1703397859.484 7.674 -6.362 
1703397859.584 7.630 -6.402 
1703397859.683 7.631 -6.436 
1703397859.783 7.625 -6.467 
1703397859.887 7.585 -6.502 
1703397859.985 7.508 -6.543 
1703397860.084 7.424 -6.584 
1703397860.184 7.385 -6.605 
1703397860.285 7.347 -6.614 
1703397860.385 7.282 -6.601 
1703397860.486 7.214 -6.573 
1703397860.587 7.169 -6.561 
1703397860.687 7.112 -6.532 
1703397860.787 7.060 -6.502 
1703397860.886 7.014 -6.483 
1703397860.988 6.950 -6.450 
1703397861.087 6.885 -6.425 
1703397861.186 6.816 -6.396 
1703397861.287 6.744 -6.363 
1703397861.388 6.670 -6.325 
1703397861.488 6.593 -6.283 
1703397861.590 6.509 -6.234 
1703397861.687 6.426 -6.187 
1703397861.787 6.344 -6.139 
1703397866.801 6.119 -5.933 
1703397866.802 6.119 -5.933 
1703397866.902 6.148 -5.972 
1703397867.002 6.220 -6.043 
1703397867.102 6.307 -6.125 
1703397867.202 6.392 -6.207 
1703397867.305 6.472 -6.292 
1703397867.405 6.552 -6.377 
1703397867.506 6.636 -6.464 
1703397867.606 6.720 -6.552 
1703397867.706 6.802 -6.635 
1703397867.806 6.880 -6.717 
1703397867.908 6.960 -6.803 
1703397868.007 7.038 -6.890 
1703397868.108 7.116 -6.977 
1703397868.208 7.195 -7.063 
1703397868.309 7.275 -7.148 
1703397868.408 7.350 -7.227 
1703397868.509 7.425 -7.299 
1703397868.609 7.496 -7.381 
1703397868.708 7.564 -7.472 
1703397868.809 7.630 -7.571 
1703397868.909 7.700 -7.664 
1703397869.010 7.769 -7.750 
1703397869.109 7.827 -7.838 
1703397869.209 7.878 -7.926 
1703397869.309 7.904 -8.043 
1703397869.409 7.920 -8.160 
1703397869.509 7.935 -8.252 
1703397869.610 7.922 -8.342 
1703397869.710 7.951 -8.382 
1703397869.810 7.979 -8.406 
1703397869.911 7.930 -8.429 
1703397870.011 7.820 -8.450 
1703397870.110 7.777 -8.465 
1703397870.211 7.730 -8.480 
1703397870.310 7.626 -8.442 
1703397870.410 7.513 -8.377 
1703397870.511 7.436 -8.342 
1703397870.611 7.411 -8.309 
1703397870.712 7.417 -8.291 
1703397870.811 7.381 -8.290 
1703397870.911 7.297 -8.291 
1703397871.011 7.178 -8.288 
1703397871.112 7.059 -8.268 
1703397871.212 6.976 -8.254 
1703397871.311 6.890 -8.239 
1703397871.427 6.802 -8.227 
1703397871.517 6.712 -8.215 
1703397871.615 6.617 -8.202 
1703397871.714 6.527 -8.182 
1703397871.813 6.434 -8.170 
1703397871.915 6.332 -8.159 
1703397872.013 6.237 -8.150 
1703397872.114 6.136 -8.138 
1703397872.213 6.036 -8.116 
1703397872.314 5.983 -8.118 
1703397872.414 5.919 -8.111 
1703397872.514 5.834 -8.102 
1703397872.614 5.753 -8.097 
1703397872.714 5.675 -8.095 
1703397872.814 5.596 -8.088 
1703397872.914 5.517 -8.069 
1703397873.015 5.437 -8.062 
1703397873.115 5.358 -8.062 
1703397873.215 5.277 -8.063 
1703397873.315 5.196 -8.064 
1703397873.415 5.115 -8.065 
1703397873.515 5.034 -8.065 
1703397873.614 4.958 -8.066 
1703397873.716 4.873 -8.073 
1703397873.816 4.788 -8.079 
1703397873.915 4.705 -8.085 
1703397874.016 4.622 -8.092 
1703397874.115 4.541 -8.098 
1703397874.216 4.459 -8.103 
1703397874.316 4.375 -8.114 
1703397874.416 4.285 -8.128 
1703397874.516 4.202 -8.140 
1703397874.615 4.122 -8.152 
1703397874.716 4.037 -8.162 
1703397874.816 3.955 -8.170 
1703397874.917 3.872 -8.185 
1703397875.017 3.782 -8.201 
1703397875.117 3.693 -8.220 
1703397875.218 3.610 -8.238 
1703397875.317 3.527 -8.253 
1703397875.417 3.447 -8.265 
1703397875.517 3.362 -8.285 
1703397875.617 3.269 -8.304 
1703397875.717 3.184 -8.325 
1703397875.818 3.100 -8.346 
1703397875.918 3.013 -8.366 
1703397876.018 2.932 -8.385 
1703397876.118 2.844 -8.407 
1703397876.218 2.757 -8.430 
1703397876.318 2.674 -8.452 
1703397876.418 2.590 -8.472 
1703397876.518 2.499 -8.493 
1703397876.619 2.414 -8.516 
1703397876.718 2.328 -8.540 
1703397876.819 2.243 -8.564 
1703397876.918 2.159 -8.589 
1703397877.019 2.072 -8.613 
1703397877.118 1.987 -8.635 
1703397877.219 1.903 -8.660 
1703397877.320 1.813 -8.685 
1703397877.420 1.728 -8.713 
1703397877.520 1.642 -8.736 
1703397877.620 1.542 -8.761 
1703397880.426 1.745 -8.505 
1703397880.427 1.746 -8.505 
1703397880.528 1.750 -8.468 
1703397880.628 1.709 -8.358 
1703397880.728 1.652 -8.216 
1703397880.828 1.600 -8.095 
1703397880.928 1.547 -7.983 
1703397881.028 1.494 -7.873 
1703397881.128 1.438 -7.763 
1703397881.229 1.384 -7.657 
1703397881.328 1.346 -7.552 
1703397881.430 1.314 -7.462 
1703397881.529 1.283 -7.376 
1703397881.628 1.248 -7.293 
1703397881.729 1.213 -7.219 
1703397881.830 1.188 -7.139 
1703397881.929 1.169 -7.049 
1703397882.029 1.152 -6.965 
1703397882.129 1.134 -6.876 
1703397882.230 1.114 -6.787 
1703397882.330 1.093 -6.702 
1703397882.430 1.081 -6.616 
1703397882.530 1.067 -6.529 
1703397882.630 1.056 -6.439 
1703397882.730 1.043 -6.349 
1703397882.831 1.030 -6.258 
1703397882.930 1.019 -6.170 
1703397883.030 1.008 -6.078 
1703397883.132 0.996 -5.988 
1703397883.230 0.985 -5.902 
1703397883.331 0.974 -5.809 
1703397883.431 0.963 -5.717 
1703397883.531 0.956 -5.628 
1703397883.632 0.945 -5.537 
1703397883.731 0.935 -5.448 
1703397883.832 0.920 -5.361 
1703397883.932 0.904 -5.275 
1703397884.031 0.891 -5.188 
1703397884.132 0.880 -5.101 
1703397884.232 0.869 -5.014 
1703397884.332 0.855 -4.925 
1703397884.432 0.841 -4.838 
1703397884.532 0.825 -4.756 
1703397884.633 0.805 -4.678 
1703397884.734 0.779 -4.589 
1703397884.835 0.741 -4.481 
1703397884.934 0.691 -4.367 
1703397885.035 0.632 -4.260 
1703397885.134 0.561 -4.164 
1703397885.235 0.477 -4.071 
1703397885.334 0.414 -3.989 
1703397885.436 0.360 -3.909 
1703397885.539 0.297 -3.839 
1703397885.636 0.219 -3.775 
1703397885.735 0.143 -3.723 
1703397885.836 0.076 -3.675 
1703397885.935 0.002 -3.618 
1703397886.035 -0.093 -3.544 
1703397886.136 -0.177 -3.476 
1703397886.236 -0.242 -3.445 
1703397886.335 -0.333 -3.399 
1703397886.436 -0.440 -3.347 
1703397886.538 -0.533 -3.301 
1703397886.638 -0.614 -3.259 
1703397886.737 -0.701 -3.229 
1703397886.836 -0.807 -3.203 
1703397886.937 -0.917 -3.173 
1703397887.036 -1.014 -3.147 
1703397887.137 -1.108 -3.121 
1703397887.237 -1.174 -3.121 
1703397887.337 -1.239 -3.106 
1703397887.437 -1.321 -3.090 
1703397887.537 -1.410 -3.070 
1703397887.637 -1.496 -3.054 
1703397887.737 -1.579 -3.041 
1703397887.837 -1.662 -3.028 
1703397887.948 -1.747 -3.016 
1703397888.048 -1.833 -3.006 
1703397888.148 -1.919 -2.995 
1703397888.248 -2.005 -2.983 
1703397888.349 -2.095 -2.971 
1703397888.449 -2.182 -2.960 
1703397888.549 -2.272 -2.948 
1703397888.649 -2.363 -2.935 
1703397888.750 -2.455 -2.924 
1703397888.850 -2.548 -2.913 
1703397888.949 -2.644 -2.902 
1703397889.049 -2.737 -2.891 
1703397889.149 -2.831 -2.879 
1703397889.249 -2.927 -2.867 
1703397889.350 -3.022 -2.855 
1703397889.451 -3.120 -2.843 
1703397889.550 -3.216 -2.831 
1703397889.650 -3.315 -2.818 
1703397889.750 -3.413 -2.805 
1703397889.850 -3.513 -2.792 
1703397889.951 -3.613 -2.780 
1703397890.051 -3.716 -2.767 
1703397890.150 -3.828 -2.751 
1703397891.054 -3.948 -2.716 
1703397891.055 -3.948 -2.716 
1703397891.155 -3.987 -2.646 
1703397891.256 -4.061 -2.577 
1703397891.356 -4.158 -2.516 
1703397891.456 -4.260 -2.465 
1703397891.556 -4.366 -2.410 
1703397891.657 -4.475 -2.349 
1703397891.756 -4.582 -2.295 
1703397891.856 -4.688 -2.241 
1703397891.957 -4.795 -2.188 
1703397892.057 -4.903 -2.131 
1703397892.157 -5.012 -2.078 
1703397892.259 -5.122 -2.031 
1703397892.357 -5.229 -1.986 
1703397892.458 -5.339 -1.940 
1703397892.558 -5.450 -1.896 
1703397892.663 -5.569 -1.853 
1703397892.758 -5.676 -1.817 
1703397892.858 -5.789 -1.784 
1703397892.957 -5.903 -1.750 
1703397893.058 -6.017 -1.718 
1703397893.159 -6.124 -1.686 
1703397893.258 -6.218 -1.657 
1703397893.359 -6.294 -1.643 
1703397893.471 -6.396 -1.637 
1703397893.563 -6.486 -1.626 
1703397893.660 -6.569 -1.617 
1703397893.761 -6.635 -1.604 
1703397893.860 -6.708 -1.611 
1703397893.959 -6.767 -1.628 
1703397894.059 -6.837 -1.653 
1703397894.159 -6.892 -1.684 
1703397894.260 -6.941 -1.729 
1703397894.359 -6.991 -1.781 
1703397894.460 -7.014 -1.785 
1703397894.560 -7.014 -1.733 
1703397894.660 -6.992 -1.777 
1703397894.760 -6.965 -1.850 
1703397894.860 -6.954 -1.913 
1703397894.961 -6.940 -1.984 
1703397895.060 -6.927 -2.052 
1703397895.161 -6.915 -2.107 
1703397895.261 -6.903 -2.155 
1703397895.360 -6.876 -2.220 
1703397895.461 -6.814 -2.290 
1703397895.561 -6.754 -2.359 
1703397895.661 -6.692 -2.432 
1703397895.762 -6.633 -2.506 
1703397895.861 -6.574 -2.575 
1703397895.964 -6.503 -2.647 
1703397896.062 -6.439 -2.695 
1703397896.162 -6.382 -2.733 
1703397896.262 -6.326 -2.780 
1703397896.363 -6.268 -2.833 
1703397896.462 -6.209 -2.885 
1703397896.562 -6.144 -2.936 
1703397896.663 -6.078 -2.982 
1703397896.763 -6.012 -3.027 
1703397896.863 -5.939 -3.073 
1703397896.965 -5.866 -3.124 
1703397897.064 -5.796 -3.169 
1703397897.163 -5.725 -3.212 
1703397897.263 -5.654 -3.253 
1703397897.364 -5.582 -3.294 
1703397897.464 -5.508 -3.335 
1703397897.564 -5.436 -3.375 
1703397897.664 -5.367 -3.415 
1703397897.764 -5.297 -3.453 
1703397897.865 -5.230 -3.487 
1703397897.964 -5.161 -3.521 
1703397898.065 -5.090 -3.556 
1703397898.164 -5.018 -3.591 
1703397898.266 -4.949 -3.624 
1703397898.364 -4.880 -3.652 
1703397898.465 -4.812 -3.680 
1703397898.565 -4.735 -3.715 
1703397898.665 -4.641 -3.756 
1703397898.764 -4.526 -3.786 
1703397898.866 -4.412 -3.814 
1703397898.965 -4.320 -3.843 
1703397899.065 -4.247 -3.870 
1703397899.166 -4.155 -3.891 
1703397899.266 -4.052 -3.908 
1703397899.365 -3.963 -3.927 
1703397899.467 -3.872 -3.943 
1703397899.566 -3.773 -3.951 
1703397899.666 -3.678 -3.958 
1703397899.767 -3.582 -3.964 
1703397899.866 -3.486 -3.970 
1703397899.967 -3.389 -3.975 
1703397900.067 -3.286 -3.978 
1703397900.167 -3.204 -3.977 
1703397900.267 -3.155 -3.985 
1703397900.367 -3.087 -3.989 
1703397900.468 -3.005 -3.992 
1703397900.568 -2.926 -3.993 
1703397900.668 -2.848 -3.994 
1703397900.768 -2.770 -3.996 
1703397900.868 -2.691 -3.997 
1703397900.969 -2.610 -3.999 
1703397901.069 -2.532 -3.999 
1703397901.168 -2.454 -3.998 
1703397901.268 -2.374 -3.997 
1703397901.369 -2.296 -3.997 
1703397901.469 -2.219 -3.997 
1703397901.569 -2.144 -3.997 
1703397901.669 -2.073 -3.995 
1703397901.769 -1.967 -3.980 
1703397901.870 -1.854 -3.966 
1703397901.970 -1.751 -3.957 
1703397902.070 -1.654 -3.953 
1703397902.170 -1.576 -3.958 
1703397902.269 -1.499 -3.950 
1703397902.370 -1.428 -3.943 
1703397902.470 -1.363 -3.937 
1703397902.570 -1.291 -3.926 
1703397902.670 -1.206 -3.880 
1703397902.770 -1.128 -3.846 
1703397902.871 -1.084 -3.833 
1703397902.971 -1.038 -3.806 
1703397903.071 -0.973 -3.726 
1703397903.171 -0.901 -3.620 
1703397903.271 -0.845 -3.545 
1703397903.372 -0.818 -3.507 
1703397903.471 -0.802 -3.478 
1703397903.571 -0.778 -3.455 
1703397903.672 -0.751 -3.413 
1703397903.771 -0.712 -3.370 
1703397903.872 -0.655 -3.348 
1703397903.972 -0.612 -3.288 
1703397904.072 -0.615 -3.168 
1703397904.172 -0.633 -3.082 
1703397904.274 -0.645 -2.971 
1703397904.372 -0.663 -2.886 
1703397904.473 -0.672 -2.829 
1703397904.573 -0.680 -2.777 
1703397904.672 -0.684 -2.704 
1703397904.773 -0.690 -2.630 
1703397904.872 -0.698 -2.560 
1703397904.973 -0.710 -2.492 
1703397905.073 -0.723 -2.424 
1703397905.173 -0.732 -2.355 
1703397905.273 -0.739 -2.282 
1703397905.374 -0.744 -2.183 
1703397905.474 -0.749 -2.084 
1703397905.573 -0.749 -2.006 
1703397905.674 -0.750 -1.924 
1703397905.774 -0.745 -1.836 
1703397905.874 -0.737 -1.739 
1703397905.975 -0.731 -1.636 
1703397906.074 -0.721 -1.551 
1703397906.175 -0.715 -1.495 
1703397906.275 -0.706 -1.438 
1703397906.375 -0.698 -1.361 
1703397906.475 -0.691 -1.279 
1703397906.575 -0.682 -1.200 
1703397906.676 -0.673 -1.121 
1703397906.775 -0.664 -1.040 
1703397906.876 -0.650 -0.955 
1703397906.976 -0.632 -0.867 
1703397907.076 -0.620 -0.784 
1703397907.176 -0.608 -0.705 
1703397907.275 -0.594 -0.624 
1703397907.376 -0.578 -0.533 
1703397907.476 -0.556 -0.442 
1703397907.576 -0.541 -0.360 
1703397907.677 -0.535 -0.272 
1703397907.777 -0.528 -0.186 
1703397907.876 -0.520 -0.099 
1703397907.978 -0.509 -0.013 
1703397908.079 -0.505 0.081 
1703397908.179 -0.505 0.162 
1703397908.280 -0.507 0.235 
1703397908.379 -0.506 0.305 
1703397908.480 -0.499 0.401 
1703397908.579 -0.513 0.526 
1703397908.679 -0.520 0.604 
1703397908.780 -0.533 0.683 
1703397908.879 -0.557 0.781 
1703397908.980 -0.583 0.871 
1703397909.079 -0.617 0.955 
1703397909.181 -0.656 1.039 
1703397909.280 -0.711 1.124 
1703397909.379 -0.779 1.199 
1703397909.480 -0.828 1.268 
1703397909.580 -0.871 1.334 
1703397909.682 -0.939 1.398 
1703397909.781 -1.022 1.465 
1703397909.882 -1.106 1.530 
1703397909.984 -1.182 1.591 
1703397910.083 -1.239 1.647 
1703397910.184 -1.303 1.696 
1703397910.284 -1.382 1.742 
1703397910.385 -1.466 1.792 
1703397910.484 -1.544 1.843 
1703397910.584 -1.617 1.894 
1703397910.685 -1.689 1.943 
1703397910.787 -1.757 1.985 
1703397910.887 -1.826 2.024 
1703397910.987 -1.900 2.071 
1703397911.087 -1.972 2.120 
1703397911.188 -2.040 2.163 
1703397911.288 -2.089 2.199 
1703397911.388 -2.141 2.240 
1703397911.488 -2.205 2.293 
1703397911.588 -2.266 2.353 
1703397911.687 -2.323 2.404 
1703397911.788 -2.375 2.453 
1703397911.888 -2.423 2.506 
1703397911.989 -2.467 2.557 
1703397912.089 -2.518 2.609 
1703397912.189 -2.562 2.656 
1703397912.289 -2.622 2.741 
1703397912.390 -2.697 2.828 
1703397912.489 -2.760 2.899 
1703397912.589 -2.815 2.963 
1703397912.689 -2.868 3.033 
1703397912.789 -2.918 3.109 
1703397912.890 -2.965 3.179 
1703397912.990 -3.013 3.238 
1703397913.090 -3.056 3.306 
1703397913.190 -3.087 3.383 
1703397913.291 -3.117 3.457 
1703397913.391 -3.154 3.510 
1703397913.490 -3.188 3.570 
1703397913.591 -3.219 3.636 
1703397913.691 -3.248 3.701 
1703397913.791 -3.272 3.771 
1703397913.891 -3.285 3.844 
1703397913.991 -3.286 3.917 
1703397914.092 -3.284 3.989 
1703397914.192 -3.282 4.064 
1703397914.291 -3.293 4.132 
1703397914.392 -3.303 4.197 
1703397914.491 -3.309 4.264 
1703397914.592 -3.314 4.329 
1703397914.692 -3.316 4.394 
1703397914.794 -3.312 4.460 
1703397914.893 -3.306 4.522 
1703397914.994 -3.290 4.589 
1703397915.094 -3.267 4.660 
1703397916.297 -3.212 4.866 
1703397916.300 -3.213 4.866 
1703397916.399 -3.198 4.914 
1703397916.502 -3.153 5.027 
1703397916.602 -3.107 5.153 
1703397916.702 -3.055 5.271 
1703397916.802 -2.997 5.390 
1703397916.901 -2.961 5.501 
1703397917.002 -2.923 5.612 
1703397917.102 -2.883 5.721 
1703397917.201 -2.845 5.828 
1703397917.302 -2.815 5.931 
1703397917.402 -2.791 5.987 
1703397917.503 -2.764 6.046 
1703397917.602 -2.744 6.138 
1703397917.703 -2.722 6.222 
1703397917.804 -2.704 6.288 
1703397917.903 -2.695 6.403 
1703397918.003 -2.679 6.500 
1703397918.103 -2.659 6.588 
1703397918.203 -2.643 6.682 
1703397918.303 -2.631 6.769 
1703397918.404 -2.633 6.849 
1703397918.503 -2.637 6.932 
1703397918.604 -2.628 7.014 
1703397918.704 -2.610 7.084 
1703397918.804 -2.601 7.154 
1703397918.904 -2.622 7.223 
1703397919.004 -2.668 7.285 
1703397919.104 -2.728 7.347 
1703397919.204 -2.802 7.410 
1703397919.305 -2.876 7.453 
1703397919.405 -2.938 7.483 
1703397919.506 -3.000 7.511 
1703397919.605 -3.054 7.546 
1703397919.705 -3.103 7.586 
1703397919.805 -3.152 7.618 
1703397919.912 -3.210 7.642 
1703397920.008 -3.277 7.673 
1703397920.106 -3.351 7.701 
1703397920.205 -3.431 7.724 
1703397920.305 -3.509 7.737 
1703397920.406 -3.584 7.743 
1703397920.507 -3.657 7.727 
1703397920.606 -3.723 7.674 
1703397920.706 -3.776 7.598 
1703397920.806 -3.812 7.540 
1703397920.907 -3.839 7.499 
1703397921.006 -3.864 7.430 
1703397921.107 -3.893 7.342 
1703397921.207 -3.922 7.254 
1703397921.306 -3.962 7.172 
1703397921.407 -4.001 7.088 
1703397921.507 -4.030 6.997 
1703397921.607 -4.052 6.897 
1703397921.707 -4.067 6.825 
1703397921.807 -4.084 6.764 
1703397921.907 -4.107 6.689 
1703397922.008 -4.124 6.612 
1703397922.107 -4.141 6.531 
1703397922.207 -4.157 6.447 
1703397922.308 -4.173 6.362 
1703397922.408 -4.193 6.277 
1703397922.508 -4.221 6.191 
1703397922.608 -4.246 6.112 
1703397922.709 -4.272 6.026 
1703397922.808 -4.296 5.931 
1703397922.909 -4.319 5.846 
1703397923.008 -4.343 5.771 
1703397923.108 -4.374 5.692 
1703397923.210 -4.415 5.609 
1703397923.309 -4.453 5.529 
1703397923.414 -4.491 5.456 
1703397923.511 -4.524 5.400 
1703397923.611 -4.555 5.348 
1703397923.710 -4.590 5.299 
1703397923.811 -4.693 5.230 
1703397923.911 -4.768 5.167 
1703397924.010 -4.818 5.113 
1703397924.111 -4.881 5.072 
1703397924.211 -4.954 5.038 
1703397924.311 -5.019 5.013 
1703397924.411 -5.075 4.999 
1703397924.511 -5.134 4.987 
1703397924.612 -5.210 4.972 
1703397924.712 -5.278 4.960 
1703397924.813 -5.339 4.960 
1703397924.911 -5.402 4.959 
1703397925.012 -5.460 4.950 
1703397925.113 -5.511 4.943 
1703397925.212 -5.577 4.942 
1703397925.312 -5.686 4.960 
1703397925.412 -5.788 4.979 
1703397925.512 -5.868 4.988 
1703397925.612 -5.939 4.999 
1703397925.713 -5.993 5.012 
1703397925.812 -6.036 5.027 
1703397925.913 -6.085 5.037 
1703397926.013 -6.177 5.030 
1703397926.112 -6.297 5.040 
1703397926.213 -6.424 5.052 
1703397926.313 -6.542 5.062 
1703397926.414 -6.623 5.081 
1703397926.514 -6.687 5.107 
1703397926.614 -6.765 5.116 
1703397926.714 -6.863 5.095 
1703397926.816 -6.978 5.043 
1703397926.917 -7.092 4.971 
1703397927.017 -7.199 4.913 
1703397927.117 -7.294 4.833 
1703397927.217 -7.383 4.739 
1703397927.317 -7.446 4.648 
1703397927.418 -7.479 4.556 
1703397927.517 -7.489 4.442 
1703397927.618 -7.485 4.321 
1703397927.718 -7.492 4.236 
1703397927.819 -7.499 4.160 
1703397927.919 -7.478 4.043 
1703397928.018 -7.470 3.932 
1703397928.119 -7.465 3.847 
1703397928.219 -7.464 3.754 
1703397928.319 -7.470 3.665 
1703397928.419 -7.471 3.578 
1703397928.519 -7.462 3.484 
1703397928.620 -7.457 3.400 
1703397928.719 -7.445 3.319 
1703397928.820 -7.409 3.213 
1703397928.920 -7.370 3.113 
1703397929.020 -7.350 3.039 
1703397929.120 -7.331 2.973 
1703397929.220 -7.309 2.906 
1703397929.321 -7.244 2.805 
1703397929.421 -7.190 2.706 
1703397929.521 -7.147 2.641 
1703397929.621 -7.103 2.573 
1703397929.721 -7.063 2.496 
1703397929.821 -7.021 2.422 
1703397929.921 -6.977 2.351 
1703397930.022 -6.935 2.285 
1703397930.122 -6.887 2.217 
1703397930.222 -6.818 2.147 
1703397930.322 -6.754 2.081 
1703397930.422 -6.703 2.018 
1703397930.522 -6.656 1.960 
1703397930.622 -6.606 1.895 
1703397930.723 -6.543 1.824 
1703397930.824 -6.476 1.763 
1703397930.925 -6.405 1.714 
1703397931.024 -6.334 1.666 
1703397931.124 -6.274 1.617 
1703397931.225 -6.216 1.563 
1703397931.324 -6.132 1.509 
1703397931.425 -6.045 1.453 
1703397931.526 -5.972 1.417 
1703397931.625 -5.897 1.386 
1703397931.728 -5.797 1.358 
1703397931.827 -5.702 1.345 
1703397931.927 -5.625 1.337 
1703397932.028 -5.542 1.328 
1703397932.127 -5.452 1.314 
1703397932.228 -5.366 1.298 
1703397932.328 -5.279 1.280 
1703397932.428 -5.171 1.280 
1703397932.528 -5.044 1.282 
1703397932.628 -4.928 1.305 
1703397932.728 -4.833 1.315 
1703397932.829 -4.760 1.323 
1703397932.929 -4.665 1.325 
1703397933.028 -4.580 1.317 
1703397933.129 -4.499 1.307 
1703397933.230 -4.397 1.305 
1703397933.329 -4.297 1.301 
1703397933.430 -4.198 1.300 
1703397933.529 -4.097 1.307 
1703397933.630 -4.036 1.308 
1703397933.730 -3.979 1.302 
1703397933.829 -3.902 1.313 
1703397933.930 -3.819 1.320 
1703397934.031 -3.746 1.326 
1703397934.130 -3.671 1.335 
1703397934.230 -3.595 1.345 
1703397934.330 -3.513 1.353 
1703397934.430 -3.436 1.357 
1703397934.531 -3.362 1.360 
1703397934.631 -3.289 1.368 
1703397934.730 -3.213 1.381 
1703397934.831 -3.133 1.398 
1703397934.930 -3.051 1.419 
1703397935.030 -2.966 1.438 
1703397935.131 -2.887 1.449 
1703397935.231 -2.813 1.446 
1703397935.331 -2.735 1.454 
1703397935.431 -2.653 1.477 
1703397935.531 -2.580 1.495 
1703397935.636 -2.507 1.512 
1703397935.732 -2.434 1.538 
1703397935.833 -2.346 1.569 
1703397935.931 -2.268 1.583 
1703397936.032 -2.184 1.596 
1703397936.132 -2.113 1.631 
1703397936.233 -2.039 1.672 
1703397936.333 -1.951 1.716 
1703397936.432 -1.866 1.756 
1703397936.533 -1.783 1.800 
1703397936.633 -1.715 1.825 
1703397936.733 -1.642 1.860 
1703397936.833 -1.563 1.914 
1703397936.932 -1.479 1.963 
1703397937.033 -1.398 2.012 
1703397937.133 -1.316 2.063 
1703397937.234 -1.238 2.118 
1703397937.334 -1.161 2.177 
1703397937.434 -1.084 2.232 
1703397937.534 -1.005 2.291 
1703397937.634 -0.926 2.353 
1703397937.734 -0.845 2.414 
1703397937.834 -0.766 2.476 
1703397937.934 -0.689 2.542 
1703397938.037 -0.611 2.609 
1703397938.139 -0.531 2.677 
1703397938.238 -0.452 2.744 
1703397938.338 -0.373 2.816 
1703397938.438 -0.293 2.885 
1703397938.538 -0.214 2.955 
1703397938.638 -0.136 3.026 
1703397938.738 -0.056 3.099 
1703397938.838 0.023 3.169 
1703397938.939 0.102 3.243 
1703397939.039 0.180 3.314 
1703397939.139 0.260 3.387 
1703397939.239 0.342 3.466 
1703397939.340 0.421 3.540 
1703397939.439 0.498 3.611 
1703397939.539 0.581 3.690 
1703397939.640 0.661 3.766 
1703397939.740 0.742 3.842 
1703397939.840 0.821 3.916 
1703397939.940 0.902 3.994 
1703397940.039 0.982 4.073 
1703397940.140 1.061 4.148 
1703397940.240 1.142 4.223 
1703397940.340 1.221 4.300 
1703397940.441 1.300 4.378 
1703397940.541 1.380 4.455 
1703397940.641 1.459 4.532 
1703397940.741 1.539 4.608 
1703397940.842 1.618 4.686 
1703397940.941 1.696 4.762 
1703397941.043 1.772 4.840 
1703397941.142 1.850 4.918 
1703397941.241 1.930 4.997 
1703397941.342 2.009 5.075 
1703397941.442 2.079 5.152 
1703397941.542 2.151 5.232 
1703397941.643 2.229 5.314 
1703397941.742 2.302 5.389 
1703397941.842 2.377 5.469 
1703397941.942 2.450 5.547 
1703397942.043 2.525 5.627 
1703397942.143 2.597 5.704 
1703397942.244 2.666 5.781 
1703397942.343 2.737 5.859 
1703397942.443 2.807 5.937 
1703397942.543 2.878 6.012 
1703397942.643 2.946 6.089 
1703397942.743 3.012 6.168 
1703397942.844 3.077 6.243 
1703397942.944 3.145 6.318 
1703397943.043 3.208 6.392 
1703397943.144 3.272 6.470 
1703397943.244 3.333 6.547 
1703397943.344 3.390 6.620 
1703397943.445 3.450 6.692 
1703397943.544 3.512 6.774 
1703397943.645 3.569 6.855 
1703397943.745 3.618 6.925 
1703397943.845 3.664 6.984 
1703397943.945 3.718 7.057 
1703397944.045 3.772 7.134 
1703397944.145 3.817 7.208 
1703397944.245 3.857 7.278 
1703397944.346 3.895 7.343 
1703397944.445 3.935 7.407 
1703397944.546 3.979 7.474 
1703397944.645 4.023 7.539 
1703397944.746 4.055 7.637 
1703397944.846 4.090 7.731 
1703397944.946 4.129 7.806 
1703397945.046 4.170 7.881 
1703397945.146 4.204 7.955 
1703397945.247 4.225 8.027 
1703397945.347 4.231 8.092 
1703397945.448 4.227 8.154 
1703397945.547 4.205 8.244 
1703397945.647 4.156 8.363 
1703397945.747 4.121 8.432 
1703397945.848 4.074 8.479 
1703397945.948 4.020 8.501 
1703397946.048 3.969 8.495 
1703397946.148 3.896 8.481 
1703397946.248 3.837 8.469 
1703397946.349 3.779 8.479 
1703397946.449 3.714 8.495 
1703397946.549 3.657 8.500 
1703397946.651 3.601 8.495 
1703397946.752 3.542 8.496 
1703397946.850 3.483 8.493 
1703397946.950 3.414 8.477 
1703397947.050 3.331 8.460 
1703397947.150 3.247 8.461 
1703397947.250 3.162 8.469 
1703397947.350 3.074 8.477 
1703397947.450 2.980 8.487 
1703397947.550 2.881 8.494 
1703397947.651 2.786 8.498 
1703397947.751 2.686 8.505 
1703397947.851 2.613 8.505 
1703397947.952 2.557 8.503 
1703397948.051 2.486 8.507 
1703397948.151 2.405 8.510 
1703397948.252 2.322 8.513 
1703397948.352 2.240 8.512 
1703397948.452 2.160 8.511 
1703397948.551 2.077 8.509 
1703397948.652 1.996 8.509 
1703397948.751 1.914 8.509 
1703397948.852 1.827 8.508 
1703397948.952 1.743 8.509 
1703397949.053 1.651 8.512 
1703397954.566 1.544 8.147 
1703397954.567 1.544 8.147 
1703397954.666 1.549 8.098 
1703397954.767 1.617 8.012 
1703397954.866 1.718 7.939 
1703397954.967 1.827 7.869 
1703397955.067 1.929 7.801 
1703397955.167 2.027 7.729 
1703397955.267 2.123 7.659 
1703397955.368 2.217 7.589 
1703397955.467 2.312 7.519 
1703397955.567 2.407 7.450 
1703397955.668 2.503 7.387 
1703397955.767 2.597 7.322 
1703397955.868 2.691 7.253 
1703397955.968 2.786 7.184 
1703397956.069 2.897 7.131 
1703397956.169 3.008 7.077 
1703397956.269 3.115 7.017 
1703397956.369 3.226 6.963 
1703397956.469 3.302 6.909 
1703397956.570 3.375 6.871 
1703397956.669 3.453 6.834 
1703397956.770 3.535 6.796 
1703397956.869 3.620 6.764 
1703397956.969 3.708 6.734 
1703397957.069 3.789 6.703 
1703397957.170 3.851 6.669 
1703397957.269 3.919 6.648 
1703397957.370 4.003 6.630 
1703397957.470 4.097 6.613 
1703397957.570 4.187 6.596 
1703397957.670 4.266 6.574 
1703397957.771 4.346 6.557 
1703397957.870 4.429 6.548 
1703397957.971 4.511 6.546 
1703397958.071 4.593 6.542 
1703397958.171 4.677 6.546 
1703397958.271 4.759 6.549 
1703397958.371 4.847 6.542 
1703397958.471 4.936 6.538 
1703397958.572 5.022 6.544 
1703397958.671 5.085 6.561 
1703397958.771 5.144 6.574 
1703397958.871 5.215 6.589 
1703397958.972 5.317 6.620 
1703397959.072 5.430 6.664 
1703397959.172 5.494 6.684 
1703397959.272 5.556 6.695 
1703397959.372 5.641 6.716 
1703397959.473 5.723 6.746 
1703397959.573 5.803 6.768 
1703397959.673 5.890 6.808 
1703397959.772 5.987 6.860 
1703397959.873 6.091 6.934 
1703397959.973 6.180 6.998 
1703397960.073 6.242 7.046 
1703397960.174 6.307 7.092 
1703397960.274 6.380 7.145 
1703397960.374 6.449 7.204 
1703397960.474 6.517 7.260 
1703397960.575 6.580 7.312 
1703397960.674 6.633 7.365 
1703397960.774 6.682 7.426 
1703397960.874 6.740 7.479 
1703397960.974 6.791 7.535 
1703397961.074 6.832 7.608 
1703397961.175 6.879 7.669 
1703397961.275 6.895 7.795 
1703397961.374 6.914 7.900 
1703397961.475 6.940 7.965 
1703397961.575 6.923 8.051 
1703397961.675 6.848 8.140 
1703397961.775 6.761 8.217 
1703397961.875 6.694 8.263 
1703397961.976 6.619 8.299 
1703397962.076 6.541 8.326 
1703397962.176 6.455 8.353 
1703397962.276 6.379 8.384 
1703397962.376 6.313 8.402 
1703397962.476 6.238 8.417 
1703397962.576 6.160 8.436 
1703397962.676 6.087 8.456 
1703397962.777 6.009 8.467 
1703397962.877 5.933 8.471 
1703397962.976 5.855 8.479 
1703397963.077 5.767 8.482 
1703397963.178 5.705 8.482 
1703397963.283 5.646 8.477 
1703397963.379 5.567 8.466 
1703397963.478 5.468 8.450 
1703397963.577 5.375 8.428 
1703397963.677 5.307 8.409 
1703397963.778 5.272 8.402 
1703397963.881 5.215 8.381 
1703397963.979 5.121 8.334 
1703397964.080 5.012 8.278 
1703397964.179 4.905 8.235 
1703397964.280 4.818 8.191 
1703397964.379 4.745 8.167 
1703397964.480 4.678 8.151 
1703397964.580 4.618 8.152 
1703397964.680 4.558 8.146 
1703397964.781 4.490 8.127 
1703397964.881 4.417 8.102 
1703397964.981 4.342 8.079 
1703397965.081 4.269 8.055 
1703397965.181 4.196 8.022 
1703397965.281 4.127 7.987 
1703397965.381 4.065 7.941 
1703397965.481 4.004 7.882 
1703397965.582 3.938 7.834 
1703397965.682 3.878 7.783 
1703397965.782 3.819 7.721 
1703397965.883 3.753 7.652 
1703397965.983 3.687 7.577 
1703397966.083 3.622 7.502 
1703397966.183 3.550 7.416 
1703397966.283 3.483 7.339 
1703397966.383 3.417 7.257 
1703397966.484 3.351 7.173 
1703397966.584 3.285 7.091 
1703397966.684 3.222 7.006 
1703397966.786 3.161 6.921 
1703397966.886 3.101 6.842 
1703397966.986 3.039 6.765 
1703397967.085 2.978 6.688 
1703397967.185 2.917 6.603 
1703397967.286 2.864 6.526 
1703397967.386 2.808 6.450 
1703397967.486 2.752 6.368 
1703397967.586 2.695 6.285 
1703397967.686 2.639 6.202 
1703397967.786 2.587 6.125 
1703397967.886 2.533 6.044 
1703397967.987 2.477 5.963 
1703397968.087 2.420 5.878 
1703397968.187 2.363 5.795 
1703397968.287 2.308 5.711 
1703397968.387 2.250 5.632 
1703397968.488 2.184 5.548 
1703397968.587 2.121 5.460 
1703397968.687 2.059 5.381 
1703397968.788 1.995 5.297 
1703397968.888 1.928 5.223 
1703397968.988 1.852 5.143 
1703397969.089 1.773 5.065 
1703397969.188 1.694 4.993 
1703397969.288 1.616 4.917 
1703397969.388 1.542 4.843 
1703397969.489 1.473 4.776 
1703397969.588 1.405 4.716 
1703397969.689 1.333 4.656 
1703397969.788 1.254 4.585 
1703397969.889 1.176 4.498 
1703397969.989 1.098 4.427 
1703397970.089 1.006 4.375 
1703397970.189 0.908 4.323 
1703397970.289 0.804 4.258 
1703397970.389 0.697 4.205 
1703397970.490 0.587 4.165 
1703397970.589 0.472 4.135 
1703397970.690 0.354 4.114 
1703397970.790 0.240 4.094 
1703397970.891 0.131 4.070 
1703397970.990 0.025 4.049 
1703397971.091 -0.097 4.045 
1703397971.191 -0.214 4.043 
1703397971.291 -0.336 4.048 
1703397971.391 -0.455 4.062 
1703397971.491 -0.570 4.081 
1703397971.591 -0.668 4.086 
1703397971.691 -0.764 4.108 
1703397971.791 -0.883 4.185 
1703397971.892 -0.980 4.258 
1703397971.994 -1.075 4.336 
1703397972.093 -1.173 4.405 
1703397972.194 -1.256 4.478 
1703397972.294 -1.333 4.554 
1703397972.394 -1.412 4.628 
1703397972.494 -1.491 4.698 
1703397972.593 -1.565 4.753 
1703397972.694 -1.623 4.822 
1703397972.795 -1.673 4.908 
1703397972.894 -1.716 5.000 
1703397972.994 -1.753 5.092 
1703397973.095 -1.789 5.167 
1703397973.194 -1.830 5.243 
1703397973.295 -1.885 5.329 
1703397973.395 -1.935 5.388 
1703397973.495 -1.973 5.463 
1703397973.596 -2.005 5.551 
1703397973.695 -2.033 5.628 
1703397973.795 -2.052 5.724 
1703397973.896 -2.063 5.825 
1703397973.995 -2.086 5.914 
1703397974.095 -2.103 6.005 
1703397974.195 -2.116 6.101 
1703397974.295 -2.131 6.193 
1703397974.396 -2.135 6.286 
1703397974.496 -2.130 6.380 
1703397974.598 -2.131 6.466 
1703397974.698 -2.130 6.560 
1703397974.798 -2.126 6.653 
1703397974.898 -2.121 6.752 
1703397975.003 -2.120 6.848 
1703397975.098 -2.120 6.927 
1703397975.199 -2.121 7.007 
1703397975.298 -2.128 7.084 
1703397975.399 -2.142 7.174 
1703397975.499 -2.167 7.266 
1703397975.599 -2.191 7.353 
1703397975.699 -2.207 7.435 
1703397975.799 -2.220 7.518 
1703397975.900 -2.232 7.600 
1703397976.000 -2.251 7.665 
1703397976.101 -2.278 7.727 
1703397976.201 -2.304 7.801 
1703397976.300 -2.337 7.872 
1703397976.401 -2.377 7.968 
1703397976.501 -2.414 8.089 
1703397976.600 -2.454 8.185 
1703397976.701 -2.502 8.261 
1703397976.801 -2.564 8.333 
1703397976.901 -2.635 8.407 
1703397977.001 -2.706 8.463 
1703397977.102 -2.772 8.510 
1703397977.201 -2.844 8.554 
1703397977.302 -2.909 8.603 
1703397977.402 -2.965 8.652 
1703397977.503 -3.023 8.688 
1703397977.603 -3.089 8.725 
1703397977.703 -3.165 8.763 
1703397977.803 -3.238 8.805 
1703397977.903 -3.304 8.851 
1703397978.003 -3.359 8.901 
1703397978.103 -3.423 8.951 
1703397978.204 -3.492 9.006 
1703397978.304 -3.551 9.054 
1703397978.404 -3.609 9.102 
1703397978.504 -3.674 9.152 
1703397978.604 -3.736 9.201 
1703397981.308 -3.781 8.676 
1703397981.407 -3.779 8.619 
1703397981.507 -3.784 8.520 
1703397981.608 -3.798 8.395 
1703397981.708 -3.805 8.274 
1703397981.808 -3.816 8.159 
1703397981.908 -3.821 8.044 
1703397982.008 -3.828 7.928 
1703397982.108 -3.835 7.807 
1703397982.208 -3.839 7.692 
1703397982.308 -3.847 7.577 
1703397982.409 -3.854 7.463 
1703397982.509 -3.866 7.344 
1703397982.609 -3.876 7.226 
1703397982.709 -3.887 7.110 
1703397982.810 -3.900 6.996 
1703397982.911 -3.924 6.883 
1703397983.010 -3.952 6.769 
1703397983.111 -3.974 6.658 
1703397983.211 -3.996 6.550 
1703397983.312 -4.033 6.449 
1703397983.411 -4.066 6.357 
1703397983.511 -4.110 6.256 
1703397983.611 -4.171 6.144 
1703397983.712 -4.211 6.044 
1703397983.812 -4.257 5.952 
1703397983.912 -4.304 5.855 
1703397984.012 -4.366 5.759 
1703397984.112 -4.435 5.674 
1703397984.212 -4.505 5.583 
1703397984.312 -4.582 5.490 
1703397984.412 -4.659 5.405 
1703397984.512 -4.733 5.335 
1703397984.612 -4.810 5.274 
1703397984.713 -4.914 5.222 
1703397984.813 -5.022 5.167 
1703397984.913 -5.121 5.103 
1703397985.013 -5.237 5.042 
1703397985.113 -5.341 4.994 
1703397985.213 -5.376 4.949 
1703397985.313 -5.408 4.927 
1703397985.414 -5.466 4.923 
1703397985.514 -5.570 4.914 
1703397985.614 -5.696 4.903 
1703397985.714 -5.802 4.894 
1703397985.814 -5.894 4.892 
1703397985.914 -5.984 4.901 
1703397986.015 -6.066 4.919 
1703397986.114 -6.138 4.945 
1703397986.215 -6.201 4.978 
1703397986.314 -6.252 5.017 
1703397986.415 -6.303 5.059 
1703397986.515 -6.374 5.097 
1703397986.615 -6.473 5.144 
1703397986.715 -6.573 5.194 
1703397986.814 -6.664 5.244 
1703397986.916 -6.734 5.270 
1703397987.015 -6.790 5.305 
1703397987.115 -6.851 5.355 
1703397987.215 -6.938 5.414 
1703397987.315 -7.024 5.468 
1703397987.416 -7.108 5.522 
1703397987.516 -7.185 5.569 
1703397987.617 -7.258 5.613 
1703397987.717 -7.331 5.669 
1703397987.816 -7.404 5.721 
1703397987.917 -7.477 5.774 
1703397988.017 -7.550 5.838 
1703397988.116 -7.622 5.900 
1703397988.216 -7.692 5.960 
1703397988.317 -7.764 6.017 
1703397988.416 -7.835 6.074 
1703397988.517 -7.910 6.137 
1703397988.617 -7.980 6.202 
1703397988.717 -8.049 6.267 
1703397988.817 -8.116 6.329 
1703397988.918 -8.182 6.391 
1703397989.018 -8.249 6.458 
1703397989.117 -8.316 6.528 
1703397989.218 -8.391 6.605 
1703397992.127 -8.125 6.633 
1703397992.127 -8.125 6.634 
1703397992.228 -8.137 6.626 
1703397992.327 -8.122 6.653 
1703397992.428 -8.048 6.711 
1703397992.527 -7.963 6.768 
1703397992.627 -7.896 6.819 
1703397992.727 -7.822 6.882 
1703397992.828 -7.749 6.945 
1703397992.927 -7.683 6.998 
1703397993.028 -7.630 7.036 
1703397993.128 -7.592 7.042 
1703397993.228 -7.554 7.045 
1703397993.328 -7.516 7.141 
1703397993.428 -7.482 7.286 
1703397993.529 -7.441 7.410 
1703397993.628 -7.401 7.515 
1703397993.729 -7.372 7.592 
1703397993.828 -7.349 7.657 
1703397993.929 -7.372 7.755 
1703397994.029 -7.445 7.866 
1703397994.128 -7.501 7.908 
1703397994.228 -7.532 7.923 
1703397994.330 -7.555 7.966 
1703397994.430 -7.605 8.039 
1703397994.529 -7.692 8.135 
1703397994.630 -7.755 8.226 
1703397994.730 -7.818 8.324 
1703397994.830 -7.871 8.400 
1703397994.931 -7.915 8.466 
1703397995.030 -7.969 8.544 
1703397995.131 -8.013 8.593 
1703397999.342 -7.769 8.472 
1703397999.342 -7.769 8.472 
1703397999.442 -7.765 8.395 
1703397999.543 -7.749 8.282 
1703397999.643 -7.730 8.161 
1703397999.742 -7.707 8.044 
1703397999.842 -7.682 7.926 
1703397999.943 -7.657 7.808 
1703398000.043 -7.634 7.688 
1703398000.143 -7.614 7.568 
1703398000.244 -7.591 7.451 
1703398000.343 -7.569 7.332 
1703398000.444 -7.550 7.213 
1703398000.543 -7.533 7.092 
1703398000.644 -7.514 6.971 
1703398000.744 -7.498 6.852 
1703398000.844 -7.480 6.734 
1703398000.948 -7.462 6.614 
1703398001.048 -7.444 6.502 
1703398001.147 -7.426 6.384 
1703398001.247 -7.398 6.268 
1703398001.347 -7.364 6.152 
1703398001.447 -7.330 6.057 
1703398001.547 -7.304 5.987 
1703398001.647 -7.281 5.920 
1703398001.748 -7.265 5.848 
1703398001.848 -7.251 5.779 
1703398001.949 -7.237 5.717 
1703398002.049 -7.218 5.667 
1703398002.148 -7.185 5.617 
1703398002.249 -7.134 5.555 
1703398002.348 -7.092 5.495 
1703398002.449 -7.054 5.441 
1703398002.550 -6.992 5.385 
1703398002.650 -6.937 5.331 
1703398002.749 -6.880 5.278 
1703398002.850 -6.815 5.220 
1703398002.949 -6.750 5.160 
1703398003.050 -6.693 5.101 
1703398003.149 -6.631 5.047 
1703398003.251 -6.554 4.988 
1703398003.351 -6.480 4.935 
1703398003.451 -6.408 4.880 
1703398003.551 -6.330 4.828 
1703398003.651 -6.251 4.773 
1703398003.751 -6.172 4.717 
1703398003.851 -6.097 4.662 
1703398003.951 -6.017 4.608 
1703398004.051 -5.914 4.554 
1703398004.151 -5.807 4.504 
1703398004.251 -5.697 4.448 
1703398004.351 -5.611 4.414 
1703398004.452 -5.529 4.368 
1703398004.553 -5.428 4.301 
1703398004.652 -5.324 4.237 
1703398004.752 -5.224 4.177 
1703398004.852 -5.127 4.112 
1703398004.952 -5.029 4.046 
1703398005.052 -4.931 3.980 
1703398005.153 -4.833 3.913 
1703398005.253 -4.736 3.845 
1703398005.353 -4.637 3.776 
1703398005.453 -4.540 3.708 
1703398005.554 -4.442 3.637 
1703398005.654 -4.344 3.567 
1703398005.754 -4.247 3.496 
1703398005.854 -4.151 3.425 
1703398005.955 -4.055 3.354 
1703398006.054 -3.958 3.283 
1703398006.154 -3.861 3.213 
1703398006.255 -3.762 3.142 
1703398006.355 -3.665 3.069 
1703398006.454 -3.563 3.002 
1703398006.556 -3.461 2.934 
1703398006.654 -3.363 2.866 
1703398006.755 -3.256 2.795 
1703398006.854 -3.162 2.732 
1703398006.955 -3.064 2.669 
1703398007.055 -2.962 2.607 
1703398007.156 -2.856 2.542 
1703398007.255 -2.750 2.480 
1703398007.356 -2.647 2.413 
1703398007.455 -2.546 2.349 
1703398007.556 -2.442 2.284 
1703398007.656 -2.338 2.219 
1703398007.757 -2.237 2.156 
1703398007.857 -2.135 2.092 
1703398007.956 -2.036 2.028 
1703398008.056 -1.940 1.964 
1703398008.157 -1.843 1.900 
1703398008.256 -1.750 1.836 
1703398008.357 -1.658 1.772 
1703398008.457 -1.569 1.708 
1703398008.558 -1.481 1.646 
1703398008.657 -1.397 1.587 
1703398008.757 -1.311 1.521 
1703398008.858 -1.230 1.440 
1703398008.958 -1.156 1.347 
1703398009.058 -1.081 1.262 
1703398009.157 -1.002 1.177 
1703398009.260 -0.918 1.128 
1703398009.358 -0.842 1.066 
1703398009.458 -0.778 0.974 
1703398009.559 -0.718 0.864 
1703398009.658 -0.657 0.743 
1703398009.758 -0.601 0.622 
1703398009.860 -0.557 0.513 
1703398009.960 -0.516 0.414 
1703398010.060 -0.476 0.318 
1703398010.161 -0.434 0.220 
1703398010.261 -0.387 0.146 
1703398010.361 -0.330 0.089 
1703398010.461 -0.295 -0.021 
1703398010.561 -0.276 -0.145 
1703398010.661 -0.287 -0.245 
1703398010.761 -0.332 -0.358 
1703398010.862 -0.370 -0.476 
1703398010.962 -0.405 -0.584 
1703398011.062 -0.453 -0.693 
1703398011.162 -0.508 -0.797 
1703398011.262 -0.571 -0.896 
1703398011.362 -0.635 -0.992 
1703398011.462 -0.703 -1.079 
1703398011.562 -0.772 -1.164 
1703398011.662 -0.845 -1.243 
1703398011.763 -0.917 -1.321 
1703398011.863 -0.984 -1.397 
1703398011.963 -1.053 -1.472 
1703398012.063 -1.118 -1.549 
1703398012.163 -1.178 -1.623 
1703398012.263 -1.235 -1.696 
1703398012.365 -1.289 -1.760 
1703398012.465 -1.341 -1.824 
1703398012.566 -1.393 -1.891 
1703398012.666 -1.438 -1.977 
1703398012.766 -1.486 -2.055 
1703398012.865 -1.528 -2.117 
1703398012.966 -1.562 -2.173 
1703398013.067 -1.595 -2.230 
1703398013.166 -1.632 -2.298 
1703398013.266 -1.665 -2.394 
1703398013.366 -1.704 -2.476 
1703398013.467 -1.735 -2.544 
1703398013.567 -1.749 -2.597 
1703398013.667 -1.766 -2.656 
1703398013.767 -1.790 -2.737 
1703398013.868 -1.819 -2.815 
1703398013.968 -1.851 -2.882 
1703398014.067 -1.878 -2.947 
1703398014.168 -1.901 -3.013 
1703398014.269 -1.925 -3.084 
1703398014.368 -1.943 -3.154 
1703398014.469 -1.962 -3.227 
1703398014.568 -1.979 -3.327 
1703398014.669 -2.007 -3.443 
1703398014.768 -2.035 -3.538 
1703398014.869 -2.055 -3.627 
1703398014.969 -2.076 -3.724 
1703398015.069 -2.104 -3.826 
1703398015.168 -2.133 -3.890 
1703398015.269 -2.144 -3.953 
1703398015.370 -2.156 -4.026 
1703398015.470 -2.173 -4.096 
1703398015.571 -2.191 -4.171 
1703398015.672 -2.210 -4.244 
1703398015.772 -2.223 -4.319 
1703398015.872 -2.240 -4.425 
1703398015.972 -2.273 -4.534 
1703398016.071 -2.301 -4.629 
1703398016.172 -2.328 -4.715 
1703398016.273 -2.351 -4.791 
1703398016.372 -2.364 -4.869 
1703398016.473 -2.364 -4.947 
1703398016.573 -2.360 -5.019 
1703398016.673 -2.367 -5.079 
1703398016.773 -2.373 -5.143 
1703398016.872 -2.374 -5.212 
1703398016.973 -2.377 -5.293 
1703398017.073 -2.377 -5.367 
1703398017.173 -2.375 -5.432 
1703398017.273 -2.372 -5.492 
1703398017.373 -2.384 -5.567 
1703398017.473 -2.432 -5.654 
1703398017.574 -2.475 -5.711 
1703398017.674 -2.544 -5.758 
1703398017.774 -2.649 -5.783 
1703398017.875 -2.743 -5.773 
1703398017.975 -2.788 -5.759 
1703398018.075 -2.819 -5.753 
1703398018.175 -2.879 -5.701 
1703398018.274 -2.936 -5.664 
1703398018.375 -2.986 -5.643 
1703398018.475 -3.047 -5.615 
1703398018.576 -3.107 -5.575 
1703398018.676 -3.157 -5.543 
1703398018.776 -3.210 -5.497 
1703398018.876 -3.276 -5.447 
1703398018.976 -3.348 -5.399 
1703398019.075 -3.422 -5.353 
1703398019.176 -3.499 -5.297 
1703398019.277 -3.572 -5.234 
1703398019.377 -3.634 -5.187 
1703398019.477 -3.668 -5.155 
1703398019.577 -3.710 -5.103 
1703398019.677 -3.775 -5.036 
1703398019.778 -3.833 -4.984 
1703398019.877 -3.881 -4.927 
1703398019.977 -3.933 -4.867 
1703398020.078 -3.983 -4.804 
1703398020.177 -4.033 -4.738 
1703398020.278 -4.084 -4.676 
1703398020.378 -4.134 -4.613 
1703398020.480 -4.182 -4.548 
1703398020.579 -4.234 -4.482 
1703398020.680 -4.286 -4.411 
1703398020.780 -4.337 -4.349 
1703398020.881 -4.392 -4.283 
1703398020.981 -4.448 -4.220 
1703398021.081 -4.508 -4.160 
1703398021.180 -4.566 -4.096 
1703398021.281 -4.634 -4.034 
1703398021.382 -4.697 -3.968 
1703398021.482 -4.760 -3.908 
1703398021.581 -4.830 -3.854 
1703398021.683 -4.907 -3.797 
1703398021.781 -4.987 -3.749 
1703398021.882 -5.077 -3.709 
1703398021.982 -5.166 -3.665 
1703398022.082 -5.238 -3.619 
1703398022.181 -5.315 -3.579 
1703398022.282 -5.407 -3.546 
1703398022.382 -5.500 -3.517 
1703398022.482 -5.590 -3.493 
1703398022.583 -5.681 -3.465 
1703398022.683 -5.771 -3.437 
1703398022.783 -5.861 -3.410 
1703398022.883 -5.952 -3.387 
1703398022.983 -6.044 -3.368 
1703398023.083 -6.138 -3.351 
1703398023.184 -6.233 -3.331 
1703398023.283 -6.321 -3.309 
1703398023.383 -6.414 -3.291 
1703398023.483 -6.505 -3.281 
1703398023.584 -6.598 -3.273 
1703398023.684 -6.693 -3.261 
1703398023.784 -6.785 -3.250 
1703398023.884 -6.877 -3.241 
1703398023.985 -6.970 -3.234 
1703398024.085 -7.063 -3.228 
1703398024.185 -7.156 -3.222 
1703398024.286 -7.248 -3.214 
1703398024.386 -7.341 -3.206 
1703398024.486 -7.434 -3.201 
1703398024.585 -7.524 -3.196 
1703398024.686 -7.615 -3.191 
1703398024.787 -7.712 -3.186 
1703398024.886 -7.808 -3.186 
1703398024.986 -7.900 -3.182 
1703398025.087 -7.992 -3.181 
1703398025.186 -8.090 -3.182 
1703398030.898 -8.172 -3.059 
1703398030.899 -8.172 -3.058 
1703398030.999 -8.101 -3.059 
1703398031.099 -7.973 -3.087 
1703398031.200 -7.868 -3.094 
1703398031.302 -7.748 -3.100 
1703398031.401 -7.626 -3.104 
1703398031.501 -7.507 -3.105 
1703398031.601 -7.388 -3.112 
1703398031.700 -7.270 -3.120 
1703398031.801 -7.150 -3.131 
1703398031.900 -7.030 -3.142 
1703398032.001 -6.912 -3.149 
1703398032.101 -6.793 -3.160 
1703398032.201 -6.674 -3.175 
1703398032.301 -6.554 -3.196 
1703398032.400 -6.437 -3.211 
1703398032.501 -6.319 -3.228 
1703398032.601 -6.202 -3.251 
1703398032.702 -6.087 -3.287 
1703398032.801 -5.972 -3.322 
1703398032.902 -5.858 -3.348 
1703398033.003 -5.741 -3.379 
1703398033.102 -5.627 -3.422 
1703398033.202 -5.520 -3.473 
1703398033.303 -5.410 -3.524 
1703398033.402 -5.301 -3.573 
1703398033.502 -5.201 -3.632 
1703398033.602 -5.115 -3.686 
1703398033.703 -5.036 -3.733 
1703398033.802 -4.959 -3.795 
1703398033.903 -4.881 -3.853 
1703398034.003 -4.804 -3.907 
1703398034.103 -4.736 -3.964 
1703398034.203 -4.664 -4.027 
1703398034.304 -4.592 -4.097 
1703398034.404 -4.532 -4.181 
1703398034.505 -4.476 -4.267 
1703398034.606 -4.417 -4.333 
1703398034.706 -4.361 -4.409 
1703398034.807 -4.308 -4.492 
1703398034.907 -4.263 -4.580 
1703398035.006 -4.223 -4.663 
1703398035.107 -4.189 -4.756 
1703398035.208 -4.177 -4.864 
1703398035.307 -4.163 -4.955 
1703398035.407 -4.149 -5.046 
1703398035.507 -4.136 -5.141 
1703398035.607 -4.138 -5.248 
1703398035.708 -4.151 -5.351 
1703398035.807 -4.165 -5.448 
1703398035.908 -4.176 -5.543 
1703398036.008 -4.194 -5.642 
1703398036.109 -4.220 -5.746 
1703398036.208 -4.245 -5.840 
1703398036.309 -4.267 -5.928 
1703398036.409 -4.290 -6.016 
1703398036.509 -4.332 -6.115 
1703398036.610 -4.382 -6.221 
1703398036.709 -4.418 -6.317 
1703398036.809 -4.461 -6.405 
1703398036.909 -4.515 -6.493 
1703398037.011 -4.570 -6.576 
1703398037.109 -4.612 -6.652 
1703398037.210 -4.657 -6.728 
1703398037.310 -4.728 -6.806 
1703398037.410 -4.799 -6.882 
1703398037.510 -4.860 -6.955 
1703398037.610 -4.922 -7.029 
1703398037.711 -4.973 -7.105 
1703398037.810 -5.032 -7.172 
1703398037.911 -5.103 -7.242 
1703398038.012 -5.170 -7.302 
1703398038.111 -5.237 -7.359 
1703398038.211 -5.306 -7.421 
1703398038.311 -5.370 -7.480 
1703398038.411 -5.435 -7.536 
1703398038.512 -5.500 -7.587 
1703398038.613 -5.566 -7.638 
1703398038.712 -5.629 -7.686 
1703398038.812 -5.691 -7.735 
1703398038.912 -5.751 -7.782 
1703398039.012 -5.835 -7.841 
1703398039.112 -5.933 -7.901 
1703398039.213 -6.009 -7.947 
1703398039.328 -6.068 -7.996 
1703398039.419 -6.125 -8.044 
1703398039.516 -6.182 -8.082 
1703398039.614 -6.241 -8.127 
1703398039.715 -6.305 -8.207 
1703398039.815 -6.358 -8.314 
1703398039.914 -6.403 -8.401 
1703398040.014 -6.443 -8.478 
1703398041.518 -6.395 -8.516 
1703398041.618 -6.388 -8.535 
1703398041.719 -6.309 -8.586 
1703398041.818 -6.176 -8.645 
1703398041.919 -6.101 -8.721 
1703398042.019 -6.032 -8.791 
1703398042.119 -5.938 -8.827 
1703398042.219 -5.886 -8.811 
1703398042.319 -5.796 -8.815 
1703398042.421 -5.695 -8.837 
1703398042.522 -5.629 -8.858 
1703398042.622 -5.515 -8.841 
1703398042.722 -5.398 -8.834 
1703398042.823 -5.314 -8.810 
1703398042.923 -5.240 -8.784 
1703398043.023 -5.156 -8.781 
1703398043.123 -5.074 -8.786 
1703398043.224 -4.991 -8.787 
1703398043.324 -4.919 -8.768 
1703398043.425 -4.839 -8.755 
1703398043.525 -4.754 -8.758 
1703398043.625 -4.641 -8.768 
1703398043.726 -4.537 -8.786 
1703398043.825 -4.479 -8.791 
1703398043.926 -4.404 -8.788 
1703398044.026 -4.301 -8.787 
1703398044.126 -4.185 -8.790 
1703398044.226 -4.092 -8.791 
1703398044.326 -4.002 -8.793 
1703398044.427 -3.905 -8.795 
1703398044.526 -3.803 -8.796 
1703398048.641 -3.262 -8.641 
1703398048.642 -3.262 -8.641 
1703398048.742 -3.285 -8.616 
1703398048.842 -3.412 -8.563 
1703398048.945 -3.530 -8.498 
1703398049.043 -3.631 -8.447 
1703398049.143 -3.726 -8.370 
1703398049.243 -3.810 -8.286 
1703398049.344 -3.905 -8.206 
1703398049.443 -4.002 -8.138 
1703398049.545 -4.096 -8.063 
1703398049.644 -4.186 -7.985 
1703398049.743 -4.279 -7.909 
1703398049.845 -4.371 -7.834 
1703398049.944 -4.464 -7.758 
1703398050.045 -4.557 -7.681 
1703398050.144 -4.648 -7.605 
1703398050.245 -4.739 -7.529 
1703398050.344 -4.829 -7.452 
1703398050.445 -4.921 -7.375 
1703398050.545 -5.012 -7.298 
1703398050.645 -5.098 -7.229 
1703398050.745 -5.182 -7.134 
1703398050.846 -5.254 -7.025 
1703398050.945 -5.324 -6.964 
1703398051.046 -5.380 -6.891 
1703398053.856 -5.221 -6.672 
1703398053.956 -5.242 -6.666 
1703398054.056 -5.309 -6.692 
1703398054.157 -5.414 -6.765 
1703398054.257 -5.522 -6.863 
1703398054.357 -5.634 -6.953 
1703398054.456 -5.699 -7.000 
1703398054.557 -5.737 -7.063 
1703398054.657 -5.851 -7.123 
1703398054.757 -5.974 -7.170 
1703398054.858 -6.079 -7.235 
1703398054.957 -6.204 -7.271 
1703398055.058 -6.302 -7.258 
1703398055.159 -6.413 -7.258 
1703398055.258 -6.527 -7.267 
1703398055.358 -6.657 -7.286 
1703398055.459 -6.796 -7.328 
1703398055.559 -6.933 -7.378 
1703398055.659 -7.065 -7.405 
1703398055.760 -7.168 -7.441 
1703398055.861 -7.201 -7.480 
1703398055.965 -7.321 -7.543 
1703398056.060 -7.429 -7.591 
1703398056.161 -7.517 -7.649 
1703398056.261 -7.599 -7.675 
1703398056.370 -7.663 -7.693 
1703398056.465 -7.731 -7.740 
1703398056.562 -7.808 -7.812 
1703398056.663 -7.834 -7.883 
1703398056.762 -7.900 -7.943 
1703398056.862 -8.015 -7.973 
1703398056.962 -8.108 -7.989 
1703398060.969 -8.157 -7.779 
1703398060.970 -8.157 -7.778 
1703398061.070 -8.115 -7.752 
1703398061.170 -7.997 -7.709 
1703398061.270 -7.906 -7.653 
1703398061.370 -7.813 -7.614 
1703398061.470 -7.707 -7.561 
1703398061.570 -7.591 -7.504 
1703398061.671 -7.490 -7.445 
1703398061.771 -7.385 -7.394 
1703398061.872 -7.275 -7.346 
1703398061.970 -7.166 -7.304 
1703398062.072 -7.053 -7.268 
1703398062.172 -6.942 -7.229 
1703398062.271 -6.830 -7.192 
1703398062.372 -6.713 -7.164 
1703398062.471 -6.597 -7.138 
1703398062.581 -6.478 -7.115 
1703398062.680 -6.361 -7.094 
1703398062.780 -6.242 -7.079 
1703398062.880 -6.123 -7.068 
1703398062.981 -6.000 -7.063 
1703398063.089 -5.877 -7.059 
1703398063.187 -5.756 -7.056 
1703398063.286 -5.634 -7.055 
1703398063.385 -5.512 -7.050 
1703398063.486 -5.391 -7.036 
1703398063.587 -5.269 -7.018 
1703398063.688 -5.142 -7.005 
1703398063.788 -5.035 -6.993 
1703398063.887 -4.973 -7.007 
1703398063.987 -4.911 -7.007 
1703398064.088 -4.825 -6.976 
1703398064.187 -4.728 -6.934 
1703398064.288 -4.639 -6.896 
1703398064.388 -4.564 -6.861 
1703398064.489 -4.504 -6.828 
1703398064.588 -4.439 -6.792 
1703398064.689 -4.359 -6.749 
1703398064.789 -4.281 -6.701 
1703398064.889 -4.204 -6.648 
1703398064.990 -4.138 -6.593 
1703398065.090 -4.085 -6.535 
1703398065.190 -4.040 -6.481 
1703398065.291 -3.998 -6.433 
1703398065.391 -3.956 -6.389 
1703398065.490 -3.905 -6.334 
1703398065.591 -3.846 -6.266 
1703398065.692 -3.786 -6.191 
1703398065.791 -3.734 -6.110 
1703398065.892 -3.683 -6.043 
1703398065.992 -3.631 -5.980 
1703398066.093 -3.572 -5.895 
1703398066.192 -3.517 -5.821 
1703398066.293 -3.460 -5.746 
1703398066.393 -3.401 -5.670 
1703398066.493 -3.343 -5.592 
1703398066.593 -3.285 -5.515 
1703398066.693 -3.226 -5.436 
1703398066.793 -3.166 -5.359 
1703398066.893 -3.105 -5.278 
1703398066.993 -3.043 -5.198 
1703398067.093 -2.982 -5.116 
1703398067.194 -2.923 -5.036 
1703398067.294 -2.866 -4.953 
1703398067.393 -2.803 -4.870 
1703398067.494 -2.737 -4.786 
1703398067.594 -2.671 -4.698 
1703398067.694 -2.608 -4.612 
1703398067.794 -2.545 -4.528 
1703398067.894 -2.478 -4.442 
1703398067.995 -2.414 -4.358 
1703398068.094 -2.349 -4.272 
1703398068.195 -2.283 -4.186 
1703398068.295 -2.216 -4.100 
1703398068.396 -2.150 -4.013 
1703398068.495 -2.082 -3.928 
1703398068.595 -2.014 -3.842 
1703398068.695 -1.947 -3.756 
1703398068.797 -1.878 -3.669 
1703398068.896 -1.809 -3.583 
1703398068.995 -1.741 -3.498 
1703398069.096 -1.672 -3.412 
1703398069.196 -1.603 -3.327 
1703398069.296 -1.531 -3.242 
1703398069.398 -1.460 -3.158 
1703398069.497 -1.387 -3.074 
1703398069.596 -1.308 -2.986 
1703398069.696 -1.247 -2.909 
1703398069.796 -1.175 -2.820 
1703398069.897 -1.100 -2.733 
1703398069.996 -1.035 -2.652 
1703398070.097 -0.966 -2.566 
1703398070.197 -0.892 -2.482 
1703398070.299 -0.818 -2.399 
1703398070.399 -0.753 -2.318 
1703398070.499 -0.683 -2.232 
1703398070.600 -0.614 -2.148 
1703398070.699 -0.546 -2.064 
1703398070.800 -0.476 -1.978 
1703398070.900 -0.408 -1.895 
1703398071.001 -0.339 -1.810 
1703398071.110 -0.266 -1.721 
1703398071.201 -0.212 -1.653 
1703398071.301 -0.142 -1.564 
1703398071.400 -0.074 -1.478 
1703398071.502 -0.007 -1.392 
1703398071.601 0.057 -1.310 
1703398071.701 0.121 -1.231 
1703398071.802 0.185 -1.149 
1703398071.901 0.252 -1.064 
1703398072.001 0.317 -0.980 
1703398072.102 0.381 -0.899 
1703398072.201 0.441 -0.822 
1703398072.302 0.499 -0.740 
1703398072.403 0.558 -0.658 
1703398072.502 0.619 -0.577 
1703398072.602 0.682 -0.496 
1703398072.702 0.745 -0.412 
1703398072.802 0.810 -0.326 
1703398072.902 0.870 -0.242 
1703398073.003 0.929 -0.160 
1703398073.103 0.987 -0.078 
1703398073.203 1.046 0.005 
1703398073.303 1.104 0.088 
1703398073.402 1.161 0.173 
1703398073.504 1.221 0.259 
1703398073.603 1.277 0.341 
1703398073.703 1.335 0.423 
1703398073.804 1.392 0.506 
1703398073.903 1.447 0.588 
1703398074.004 1.501 0.670 
1703398074.103 1.555 0.753 
1703398074.204 1.612 0.837 
1703398074.304 1.665 0.919 
1703398074.405 1.719 1.002 
1703398074.504 1.772 1.085 
1703398074.604 1.824 1.169 
1703398074.704 1.876 1.252 
1703398074.805 1.927 1.336 
1703398074.905 1.977 1.420 
1703398075.004 2.026 1.503 
1703398075.105 2.077 1.590 
1703398075.205 2.124 1.676 
1703398075.307 2.173 1.760 
1703398075.408 2.219 1.847 
1703398075.507 2.264 1.933 
1703398075.607 2.309 2.022 
1703398075.707 2.352 2.111 
1703398075.807 2.395 2.199 
1703398075.907 2.437 2.289 
1703398076.008 2.477 2.379 
1703398076.108 2.516 2.466 
1703398076.207 2.560 2.559 
1703398076.308 2.600 2.650 
1703398076.408 2.641 2.743 
1703398076.508 2.681 2.835 
1703398076.608 2.720 2.927 
1703398076.709 2.759 3.021 
1703398076.809 2.797 3.110 
1703398076.910 2.838 3.202 
1703398077.008 2.878 3.292 
1703398077.109 2.920 3.386 
1703398077.209 2.960 3.477 
1703398077.311 2.998 3.568 
1703398077.410 3.037 3.658 
1703398077.510 3.079 3.746 
1703398077.610 3.120 3.836 
1703398077.710 3.160 3.927 
1703398077.810 3.200 4.016 
1703398077.911 3.240 4.103 
1703398078.010 3.282 4.195 
1703398078.111 3.323 4.284 
1703398078.210 3.364 4.373 
1703398078.312 3.406 4.461 
1703398078.411 3.443 4.545 
1703398078.511 3.487 4.632 
1703398078.611 3.534 4.717 
1703398078.711 3.579 4.801 
1703398078.815 3.625 4.884 
1703398078.914 3.669 4.966 
1703398079.015 3.715 5.051 
1703398079.115 3.761 5.138 
1703398079.215 3.809 5.220 
1703398079.316 3.861 5.298 
1703398079.416 3.910 5.373 
1703398079.515 3.958 5.447 
1703398079.616 4.024 5.526 
1703398079.715 4.085 5.603 
1703398079.816 4.137 5.671 
1703398079.916 4.184 5.732 
1703398080.016 4.229 5.791 
1703398080.117 4.308 5.859 
1703398080.216 4.399 5.921 
1703398080.317 4.462 5.983 
1703398080.416 4.522 6.040 
1703398080.517 4.581 6.094 
1703398080.617 4.657 6.149 
1703398080.717 4.728 6.209 
1703398080.817 4.790 6.267 
1703398080.918 4.856 6.324 
1703398081.017 4.930 6.374 
1703398081.118 4.996 6.418 
1703398081.218 5.068 6.466 
1703398081.318 5.140 6.517 
1703398081.419 5.209 6.567 
1703398081.518 5.279 6.615 
1703398081.618 5.362 6.662 
1703398081.718 5.436 6.710 
1703398081.818 5.513 6.760 
1703398081.918 5.587 6.815 
1703398082.019 5.657 6.861 
1703398082.118 5.737 6.909 
1703398082.218 5.817 6.956 
1703398082.319 5.891 7.002 
1703398082.419 5.968 7.048 
1703398082.519 6.047 7.094 
1703398082.621 6.128 7.140 
1703398082.720 6.208 7.187 
1703398082.819 6.288 7.234 
1703398082.920 6.368 7.281 
1703398083.019 6.447 7.328 
1703398083.119 6.524 7.376 
1703398083.220 6.606 7.422 
1703398083.320 6.688 7.470 
1703398083.421 6.772 7.517 
1703398083.523 6.856 7.563 
1703398083.623 6.942 7.611 
1703398083.723 7.028 7.658 
1703398083.823 7.115 7.707 
1703398083.923 7.202 7.754 
1703398084.023 7.281 7.800 
1703398084.124 7.362 7.848 
1703398084.223 7.447 7.898 
1703398084.324 7.533 7.953 
1703398084.424 7.616 8.004 
1703398084.524 7.693 8.056 
1703398084.624 7.776 8.112 
1703398084.724 7.859 8.168 
1703398084.824 7.937 8.230 
1703398084.925 8.017 8.287 
1703398085.026 8.102 8.346 
1703398085.127 8.195 8.411 
1703398085.227 8.284 8.475 
