1703398636.125 3.200 1.924 
1703398636.126 3.200 1.924 
1703398636.227 3.241 1.906 
1703398636.327 3.310 1.803 
1703398636.426 3.384 1.682 
1703398636.527 3.445 1.565 
1703398636.627 3.489 1.494 
1703398636.727 3.528 1.456 
1703398636.827 3.576 1.412 
1703398636.927 3.626 1.362 
1703398637.027 3.670 1.308 
1703398637.128 3.704 1.257 
1703398637.227 3.752 1.209 
1703398637.329 3.810 1.152 
1703398637.429 3.856 1.092 
1703398637.529 3.893 1.043 
1703398637.630 3.935 1.009 
1703398637.729 3.967 0.976 
1703398637.829 4.001 0.937 
1703398637.929 4.066 0.904 
1703398638.032 4.123 0.875 
1703398638.131 4.159 0.844 
1703398638.232 4.167 0.802 
1703398638.332 4.180 0.766 
1703398638.432 4.230 0.763 
1703398638.531 4.310 0.823 
1703398638.631 4.390 0.848 
1703398638.732 4.472 0.897 
1703398638.832 4.535 0.957 
1703398638.932 4.577 1.025 
1703398639.031 4.601 1.102 
1703398639.132 4.623 1.182 
1703398639.232 4.646 1.257 
1703398639.332 4.668 1.324 
1703398639.432 4.684 1.399 
1703398639.533 4.695 1.479 
1703398639.633 4.706 1.558 
1703398639.733 4.715 1.643 
1703398639.833 4.722 1.736 
1703398639.933 4.731 1.825 
1703398640.033 4.739 1.917 
1703398640.133 4.748 2.009 
1703398640.233 4.755 2.103 
1703398640.335 4.763 2.199 
1703398640.434 4.772 2.296 
1703398640.535 4.780 2.394 
1703398640.635 4.789 2.463 
1703398641.839 4.679 2.508 
1703398641.840 4.678 2.508 
1703398641.940 4.626 2.535 
1703398642.040 4.532 2.613 
1703398642.140 4.443 2.760 
1703398642.240 4.379 2.873 
1703398642.347 4.311 2.947 
1703398642.445 4.273 3.046 
1703398642.544 4.223 3.179 
1703398642.644 4.182 3.306 
1703398642.744 4.144 3.413 
1703398642.847 4.100 3.526 
1703398642.944 4.058 3.636 
1703398643.044 4.017 3.750 
1703398643.145 3.976 3.864 
1703398643.245 3.940 3.960 
1703398643.345 3.905 4.048 
1703398643.446 3.869 4.133 
1703398643.546 3.831 4.218 
1703398643.646 3.799 4.304 
1703398643.746 3.773 4.392 
1703398643.845 3.748 4.473 
1703398643.946 3.722 4.552 
1703398644.046 3.697 4.626 
1703398644.147 3.674 4.699 
1703398644.247 3.654 4.766 
1703398644.346 3.635 4.830 
1703398644.447 3.602 4.907 
1703398644.548 3.564 4.982 
1703398644.647 3.542 5.032 
1703398644.747 3.517 5.051 
1703398644.848 3.496 5.068 
1703398644.948 3.425 5.087 
1703398645.047 3.360 5.093 
1703398645.147 3.352 5.098 
1703398645.248 3.384 5.120 
1703398646.451 3.339 5.103 
1703398646.551 3.346 5.094 
1703398646.651 3.382 5.086 
1703398646.752 3.409 5.057 
1703398646.853 3.430 4.993 
1703398646.952 3.466 4.925 
1703398647.052 3.480 4.891 
1703398647.152 3.504 4.859 
1703398647.252 3.513 4.795 
1703398647.353 3.497 4.675 
1703398647.452 3.490 4.585 
1703398647.552 3.487 4.515 
1703398647.652 3.489 4.437 
1703398647.753 3.492 4.350 
1703398647.852 3.499 4.267 
1703398647.953 3.503 4.177 
1703398648.052 3.505 4.087 
1703398648.154 3.504 3.991 
1703398648.253 3.496 3.892 
1703398648.354 3.489 3.792 
1703398648.453 3.487 3.695 
1703398648.553 3.478 3.594 
1703398648.654 3.468 3.534 
1703398648.754 3.454 3.468 
1703398648.854 3.439 3.380 
1703398648.955 3.426 3.296 
1703398649.054 3.416 3.217 
1703398649.155 3.406 3.139 
1703398649.254 3.393 3.057 
1703398649.355 3.378 2.972 
1703398649.455 3.362 2.890 
1703398649.555 3.346 2.809 
1703398649.655 3.331 2.726 
1703398649.755 3.315 2.644 
1703398649.855 3.302 2.561 
1703398649.955 3.288 2.480 
1703398650.055 3.274 2.393 
1703398650.155 3.260 2.308 
1703398650.257 3.247 2.219 
1703398650.356 3.233 2.132 
1703398650.456 3.218 2.044 
1703398650.556 3.206 1.954 
1703398650.656 3.195 1.864 
1703398650.756 3.185 1.772 
1703398650.856 3.177 1.677 
1703398650.964 3.166 1.577 
1703398651.057 3.153 1.498 
1703398651.156 3.144 1.404 
1703398651.256 3.136 1.302 
1703398651.357 3.130 1.203 
1703398651.456 3.123 1.108 
1703398651.558 3.114 1.009 
1703398651.659 3.106 0.908 
1703398651.758 3.099 0.808 
1703398651.857 3.092 0.706 
1703398651.957 3.082 0.602 
1703398652.057 3.071 0.500 
1703398652.160 3.061 0.396 
1703398652.259 3.049 0.296 
1703398652.360 3.038 0.195 
1703398652.459 3.028 0.096 
1703398652.562 3.016 -0.006 
1703398652.661 3.007 -0.102 
1703398652.764 2.997 -0.199 
1703398652.860 2.988 -0.290 
1703398652.960 2.978 -0.383 
1703398653.059 2.968 -0.473 
1703398653.161 2.957 -0.561 
1703398653.262 2.948 -0.649 
1703398653.363 2.939 -0.731 
1703398653.461 2.930 -0.807 
1703398653.561 2.920 -0.885 
1703398653.663 2.910 -0.960 
1703398653.761 2.903 -1.054 
1703398653.861 2.894 -1.166 
1703398653.961 2.884 -1.263 
1703398654.062 2.876 -1.344 
1703398654.163 2.874 -1.424 
1703398654.263 2.872 -1.494 
1703398654.362 2.864 -1.568 
1703398654.462 2.856 -1.637 
1703398654.563 2.861 -1.728 
1703398654.662 2.859 -1.805 
1703398654.762 2.860 -1.874 
1703398654.862 2.864 -1.942 
1703398659.871 3.509 -1.847 
1703398659.973 3.488 -1.902 
1703398660.072 3.463 -2.021 
1703398660.173 3.439 -1.995 
1703398660.272 3.419 -1.907 
1703398660.372 3.397 -1.789 
1703398660.473 3.367 -1.661 
1703398660.573 3.343 -1.512 
1703398660.673 3.331 -1.351 
1703398660.773 3.327 -1.207 
1703398660.872 3.333 -1.098 
1703398660.973 3.266 -1.089 
1703398661.073 3.188 -1.121 
1703398661.173 3.179 -1.154 
1703398661.274 3.207 -1.148 
1703398661.374 3.269 -1.046 
1703398661.479 3.347 -0.920 
1703398661.582 3.429 -0.813 
1703398661.674 3.487 -0.725 
1703398661.774 3.542 -0.629 
1703398661.874 3.584 -0.550 
1703398661.974 3.602 -0.499 
1703398662.075 3.613 -0.462 
1703398662.174 3.588 -0.436 
1703398662.275 3.591 -0.402 
1703398662.375 3.687 -0.367 
1703398662.475 3.807 -0.332 
1703398662.575 3.905 -0.295 
1703398662.675 3.998 -0.266 
1703398662.776 4.091 -0.238 
1703398662.875 4.181 -0.213 
1703398662.976 4.260 -0.193 
1703398663.075 4.329 -0.181 
1703398663.175 4.384 -0.175 
1703398663.276 4.427 -0.159 
1703398663.378 4.506 -0.158 
1703398663.476 4.600 -0.148 
1703398663.576 4.690 -0.142 
1703398663.677 4.761 -0.132 
1703398663.777 4.842 -0.127 
1703398663.876 4.935 -0.127 
1703398663.977 5.023 -0.127 
1703398664.077 5.103 -0.124 
1703398664.177 5.187 -0.120 
1703398664.277 5.271 -0.119 
1703398664.378 5.360 -0.117 
1703398664.477 5.446 -0.114 
1703398664.577 5.532 -0.105 
1703398664.677 5.618 -0.094 
1703398664.777 5.702 -0.086 
1703398664.878 5.785 -0.082 
1703398664.978 5.875 -0.079 
1703398665.078 5.961 -0.072 
1703398665.178 6.046 -0.055 
1703398665.278 6.127 -0.039 
1703398665.379 6.206 -0.024 
1703398665.478 6.297 -0.008 
1703398665.578 6.382 0.015 
1703398665.678 6.462 0.056 
1703398665.779 6.523 0.110 
1703398665.878 6.580 0.172 
1703398665.981 6.640 0.250 
1703398666.081 6.696 0.330 
1703398666.181 6.743 0.402 
1703398666.282 6.794 0.471 
1703398666.382 6.846 0.544 
1703398666.482 6.890 0.623 
1703398666.582 6.932 0.701 
1703398666.683 6.973 0.778 
1703398666.783 7.012 0.858 
1703398666.883 7.059 0.938 
1703398666.983 7.097 1.020 
1703398667.084 7.134 1.103 
1703398667.184 7.170 1.186 
1703398667.284 7.202 1.267 
1703398667.384 7.231 1.358 
1703398667.485 7.265 1.445 
1703398667.584 7.301 1.529 
1703398667.685 7.324 1.612 
1703398667.784 7.345 1.700 
1703398667.884 7.359 1.798 
1703398667.985 7.377 1.891 
1703398668.088 7.389 1.983 
1703398668.190 7.399 2.074 
1703398668.289 7.410 2.162 
1703398668.389 7.419 2.259 
1703398668.489 7.428 2.354 
1703398668.589 7.440 2.453 
1703398668.689 7.451 2.549 
1703398668.789 7.463 2.645 
1703398668.888 7.480 2.743 
1703398668.990 7.488 2.806 
1703398669.090 7.500 2.872 
1703398669.189 7.516 2.947 
1703398669.289 7.533 3.024 
1703398673.497 7.674 3.052 
1703398673.498 7.674 3.052 
1703398673.602 7.695 3.031 
1703398673.699 7.730 2.986 
1703398673.800 7.784 2.926 
1703398673.900 7.838 2.841 
1703398674.000 7.882 2.731 
1703398674.100 7.921 2.611 
1703398674.201 7.953 2.491 
1703398674.304 7.987 2.379 
1703398674.400 8.015 2.270 
1703398674.501 8.041 2.150 
1703398674.600 8.065 2.028 
1703398674.701 8.093 1.911 
1703398674.801 8.120 1.793 
1703398674.901 8.149 1.678 
1703398675.001 8.173 1.560 
1703398675.101 8.199 1.445 
1703398675.201 8.225 1.327 
1703398675.301 8.252 1.209 
1703398675.401 8.283 1.095 
1703398675.501 8.319 0.979 
1703398675.603 8.360 0.869 
1703398675.701 8.405 0.763 
1703398675.802 8.463 0.656 
1703398675.901 8.520 0.566 
1703398676.002 8.544 0.464 
1703398676.102 8.549 0.351 
1703398676.202 8.537 0.229 
1703398676.303 8.514 0.133 
1703398676.403 8.491 0.057 
1703398676.503 8.470 0.000 
1703398676.603 8.451 -0.031 
1703398676.703 8.432 -0.044 
1703398676.804 8.408 -0.061 
1703398676.904 8.358 -0.097 
1703398677.003 8.292 -0.162 
1703398677.104 8.241 -0.218 
1703398677.204 8.193 -0.263 
1703398677.305 8.133 -0.327 
1703398677.404 8.075 -0.382 
1703398677.506 8.027 -0.437 
1703398677.605 7.979 -0.484 
1703398677.704 7.943 -0.531 
1703398677.807 7.915 -0.581 
1703398677.906 7.868 -0.628 
1703398678.006 7.845 -0.681 
1703398678.105 7.812 -0.729 
1703398678.206 7.761 -0.765 
1703398678.306 7.696 -0.782 
1703398678.405 7.633 -0.793 
1703398678.506 7.570 -0.781 
1703398678.606 7.501 -0.765 
1703398678.707 7.419 -0.749 
1703398678.806 7.334 -0.730 
1703398678.906 7.236 -0.716 
1703398679.009 7.127 -0.700 
1703398679.107 7.036 -0.692 
1703398679.207 6.991 -0.678 
1703398679.307 6.925 -0.666 
1703398679.406 6.838 -0.656 
1703398679.508 6.749 -0.647 
1703398679.607 6.663 -0.639 
1703398679.707 6.577 -0.631 
1703398679.808 6.492 -0.623 
1703398679.908 6.403 -0.610 
1703398680.008 6.314 -0.593 
1703398680.108 6.231 -0.584 
1703398680.209 6.144 -0.565 
1703398680.309 6.056 -0.542 
1703398680.408 5.970 -0.518 
1703398680.509 5.882 -0.493 
1703398680.608 5.795 -0.463 
1703398680.708 5.711 -0.433 
1703398680.809 5.629 -0.404 
1703398680.914 5.546 -0.376 
1703398681.009 5.479 -0.350 
1703398681.108 5.404 -0.327 
1703398681.209 5.333 -0.302 
1703398681.309 5.263 -0.277 
1703398681.409 5.162 -0.254 
1703398681.509 5.033 -0.241 
1703398681.609 4.933 -0.211 
1703398681.711 4.844 -0.200 
1703398681.810 4.788 -0.194 
1703398681.909 4.727 -0.192 
1703398682.010 4.639 -0.184 
1703398682.112 4.551 -0.179 
1703398682.209 4.471 -0.175 
1703398682.311 4.411 -0.160 
1703398682.410 4.336 -0.155 
1703398682.510 4.240 -0.166 
1703398682.611 4.156 -0.176 
1703398682.711 4.084 -0.190 
1703398682.811 4.012 -0.205 
1703398682.911 3.936 -0.222 
1703398683.011 3.842 -0.236 
1703398683.111 3.752 -0.249 
1703398683.212 3.669 -0.272 
1703398683.311 3.593 -0.299 
1703398683.412 3.518 -0.329 
1703398683.518 3.437 -0.364 
1703398683.613 3.346 -0.394 
1703398683.712 3.259 -0.428 
1703398683.812 3.177 -0.477 
1703398683.912 3.097 -0.535 
1703398684.015 3.019 -0.595 
1703398684.117 2.940 -0.656 
1703398684.217 2.864 -0.718 
1703398684.316 2.787 -0.787 
1703398684.416 2.705 -0.864 
1703398684.519 2.623 -0.936 
1703398684.617 2.550 -0.999 
1703398684.716 2.484 -1.060 
1703398684.818 2.418 -1.135 
1703398684.918 2.354 -1.206 
1703398685.018 2.292 -1.271 
1703398685.118 2.234 -1.335 
1703398685.219 2.177 -1.399 
1703398685.319 2.119 -1.462 
1703398685.418 2.062 -1.524 
1703398685.519 2.006 -1.586 
1703398685.619 1.949 -1.653 
1703398685.719 1.886 -1.716 
1703398685.819 1.825 -1.777 
1703398685.918 1.767 -1.838 
1703398686.021 1.708 -1.900 
1703398686.120 1.652 -1.962 
1703398686.219 1.591 -2.018 
1703398686.320 1.528 -2.067 
1703398686.419 1.466 -2.112 
1703398686.519 1.410 -2.157 
1703398686.619 1.345 -2.210 
1703398686.720 1.258 -2.280 
1703398686.820 1.164 -2.354 
1703398686.921 1.086 -2.423 
1703398687.021 1.031 -2.463 
1703398687.120 0.972 -2.509 
1703398687.221 0.890 -2.569 
1703398687.321 0.815 -2.623 
1703398687.420 0.762 -2.672 
1703398687.520 0.709 -2.712 
1703398687.620 0.662 -2.745 
1703398687.721 0.631 -2.767 
1703398687.823 0.543 -2.781 
1703398688.926 0.593 -2.802 
1703398689.026 0.562 -2.748 
1703398689.126 0.516 -2.620 
1703398689.227 0.480 -2.506 
1703398689.326 0.453 -2.433 
1703398689.441 0.443 -2.368 
1703398689.534 0.446 -2.306 
1703398689.632 0.447 -2.279 
1703398689.731 0.441 -2.251 
1703398689.831 0.426 -2.159 
1703398689.931 0.413 -2.062 
1703398690.030 0.402 -1.973 
1703398690.131 0.398 -1.883 
1703398690.230 0.400 -1.793 
1703398690.331 0.408 -1.704 
1703398690.431 0.422 -1.613 
1703398690.531 0.438 -1.529 
1703398690.631 0.460 -1.444 
1703398690.731 0.486 -1.359 
1703398690.831 0.492 -1.317 
1703398690.931 0.505 -1.269 
1703398691.031 0.523 -1.183 
1703398691.131 0.544 -1.100 
1703398691.232 0.562 -1.027 
1703398691.331 0.584 -0.959 
1703398691.432 0.613 -0.882 
1703398691.533 0.636 -0.800 
1703398691.632 0.654 -0.721 
1703398691.732 0.686 -0.640 
1703398691.833 0.722 -0.557 
1703398691.934 0.758 -0.473 
1703398692.033 0.796 -0.390 
1703398692.132 0.833 -0.307 
1703398692.233 0.865 -0.229 
1703398692.333 0.901 -0.152 
1703398692.435 0.938 -0.070 
1703398692.533 0.976 0.003 
1703398692.633 1.017 0.072 
1703398692.741 1.054 0.147 
1703398692.837 1.085 0.222 
1703398692.936 1.117 0.301 
1703398693.035 1.143 0.383 
1703398693.135 1.156 0.466 
1703398693.234 1.172 0.546 
1703398693.335 1.193 0.623 
1703398693.436 1.201 0.721 
1703398693.536 1.200 0.830 
1703398693.635 1.197 0.919 
1703398693.735 1.178 0.988 
1703398693.835 1.159 1.061 
1703398693.935 1.117 1.148 
1703398694.036 1.081 1.227 
1703398694.135 1.042 1.306 
1703398694.237 1.011 1.385 
1703398694.336 0.991 1.463 
1703398694.437 0.982 1.549 
1703398694.536 0.991 1.641 
1703398694.636 1.005 1.725 
1703398694.737 1.020 1.800 
1703398694.837 1.041 1.876 
1703398694.937 1.058 1.945 
1703398695.037 1.097 2.020 
1703398695.138 1.134 2.094 
1703398695.238 1.161 2.160 
1703398695.339 1.197 2.227 
1703398695.440 1.240 2.305 
1703398695.538 1.283 2.389 
1703398695.639 1.325 2.465 
1703398695.739 1.358 2.545 
1703398695.840 1.366 2.658 
1703398695.939 1.338 2.801 
1703398696.039 1.317 2.927 
1703398696.140 1.262 3.036 
1703398696.240 1.193 3.125 
1703398696.340 1.142 3.188 
1703398696.440 1.092 3.249 
1703398696.539 1.038 3.312 
1703398696.640 0.981 3.382 
1703398696.740 0.911 3.459 
1703398696.840 0.852 3.526 
1703398696.941 0.810 3.587 
1703398697.040 0.767 3.653 
1703398697.140 0.717 3.706 
1703398697.240 0.675 3.771 
1703398697.341 0.643 3.831 
1703398697.441 0.597 3.851 
1703398697.541 0.552 3.887 
1703398697.642 0.527 3.936 
1703398697.741 0.553 3.998 
1703398697.841 0.585 4.054 
1703398697.941 0.634 4.107 
1703398698.042 0.716 4.171 
1703398698.143 0.794 4.233 
1703398698.242 0.869 4.287 
1703398698.343 0.943 4.332 
1703398698.443 1.015 4.400 
1703398698.543 1.074 4.464 
1703398698.642 1.108 4.508 
1703398698.743 1.145 4.523 
1703398698.843 1.165 4.578 
1703398698.948 1.231 4.688 
1703398699.043 1.277 4.781 
1703398699.144 1.305 4.852 
1703398699.243 1.326 4.935 
1703398699.343 1.357 5.044 
1703398699.444 1.395 5.143 
1703398699.543 1.427 5.232 
1703398699.643 1.456 5.320 
1703398699.745 1.483 5.405 
1703398699.844 1.498 5.515 
1703398699.945 1.481 5.638 
1703398700.046 1.459 5.704 
1703398700.145 1.454 5.774 
1703398700.246 1.447 5.880 
1703398700.345 1.432 5.956 
1703398700.446 1.425 5.995 
1703398700.546 1.419 6.065 
1703398700.648 1.420 6.168 
1703398700.748 1.413 6.254 
1703398700.849 1.414 6.334 
1703398700.948 1.417 6.425 
1703398701.049 1.413 6.518 
1703398701.148 1.412 6.608 
1703398701.249 1.400 6.698 
1703398701.348 1.387 6.775 
1703398701.449 1.383 6.864 
1703398701.549 1.380 6.962 
1703398701.649 1.381 7.030 
1703398701.749 1.380 7.100 
1703398701.849 1.387 7.186 
1703398701.949 1.388 7.278 
1703398702.050 1.364 7.319 
1703398702.150 1.340 7.347 
1703398702.250 1.336 7.397 
1703398702.350 1.372 7.489 
1703398702.450 1.431 7.602 
1703398702.551 1.489 7.695 
1703398702.651 1.540 7.804 
1703398702.750 1.587 7.915 
1703398702.851 1.633 7.997 
1703398702.951 1.674 8.075 
1703398703.051 1.716 8.149 
1703398703.151 1.806 8.192 
1703398703.251 1.901 8.202 
1703398703.352 1.965 8.200 
1703398703.451 2.022 8.213 
1703398703.552 2.095 8.229 
1703398703.651 2.184 8.241 
1703398703.752 2.267 8.249 
1703398703.851 2.323 8.262 
1703398703.951 2.395 8.270 
1703398704.052 2.479 8.271 
1703398704.152 2.549 8.273 
1703398704.251 2.625 8.267 
1703398704.352 2.699 8.247 
1703398704.452 2.771 8.230 
1703398704.552 2.834 8.231 
1703398704.655 2.909 8.230 
1703398704.756 2.987 8.217 
1703398704.854 3.072 8.199 
1703398704.954 3.154 8.179 
1703398705.054 3.241 8.143 
1703398705.154 3.331 8.109 
1703398705.259 3.426 8.088 
1703398705.355 3.507 8.070 
1703398705.454 3.591 8.037 
1703398705.555 3.681 7.991 
1703398705.655 3.762 7.931 
1703398705.760 3.840 7.863 
1703398705.855 3.909 7.800 
1703398705.956 3.968 7.765 
1703398706.056 4.017 7.743 
1703398706.155 4.055 7.694 
1703398706.255 4.099 7.634 
1703398706.356 4.144 7.572 
1703398706.456 4.194 7.514 
1703398706.557 4.246 7.446 
1703398706.657 4.295 7.379 
1703398706.757 4.341 7.318 
1703398706.857 4.384 7.268 
1703398706.957 4.421 7.177 
1703398707.057 4.485 7.078 
1703398707.157 4.542 6.985 
1703398707.257 4.581 6.917 
1703398711.071 4.233 6.604 
1703398711.072 4.233 6.604 
1703398711.172 4.252 6.656 
1703398711.273 4.297 6.743 
1703398711.373 4.385 6.842 
1703398711.472 4.454 6.932 
1703398711.572 4.526 6.989 
1703398711.673 4.626 7.064 
1703398711.773 4.728 7.141 
1703398711.873 4.824 7.202 
1703398711.973 4.927 7.260 
1703398712.073 5.032 7.323 
1703398712.174 5.135 7.386 
1703398712.274 5.238 7.442 
1703398712.374 5.341 7.496 
1703398712.474 5.443 7.548 
1703398712.574 5.547 7.600 
1703398712.674 5.650 7.650 
1703398712.774 5.754 7.697 
1703398712.875 5.864 7.742 
1703398712.974 5.981 7.781 
1703398713.074 6.096 7.815 
1703398713.175 6.220 7.849 
1703398713.275 6.341 7.882 
1703398713.375 6.443 7.921 
1703398713.476 6.551 7.922 
1703398713.576 6.679 7.907 
1703398713.676 6.800 7.889 
1703398713.776 6.915 7.883 
1703398713.876 7.025 7.880 
1703398713.976 7.141 7.859 
1703398714.076 7.255 7.827 
1703398714.176 7.369 7.788 
1703398714.276 7.477 7.748 
1703398714.377 7.560 7.740 
1703398714.476 7.625 7.725 
1703398714.577 7.683 7.697 
1703398714.676 7.737 7.668 
1703398714.777 7.799 7.637 
1703398714.878 7.862 7.591 
1703398714.977 7.919 7.542 
1703398715.077 7.975 7.494 
1703398715.177 8.026 7.454 
1703398715.278 8.074 7.428 
1703398715.377 8.127 7.393 
1703398715.478 8.178 7.354 
1703398715.578 8.227 7.322 
1703398715.678 8.269 7.260 
1703398715.778 8.319 7.235 
1703398715.878 8.359 7.202 
1703398715.979 8.387 7.154 
1703398716.078 8.410 7.104 
1703398716.178 8.396 7.035 
1703398716.279 8.405 6.973 
1703398716.379 8.408 6.900 
1703398716.487 8.376 6.828 
1703398716.583 8.323 6.756 
1703398716.682 8.261 6.714 
1703398716.782 8.212 6.686 
1703398716.882 8.129 6.668 
1703398716.982 8.012 6.669 
1703398717.082 7.936 6.659 
1703398717.182 7.861 6.656 
1703398717.282 7.780 6.655 
1703398717.383 7.686 6.662 
1703398717.482 7.588 6.668 
1703398717.583 7.493 6.673 
1703398717.683 7.403 6.677 
1703398717.782 7.301 6.683 
1703398717.883 7.201 6.690 
1703398717.983 7.106 6.694 
1703398718.082 7.007 6.695 
1703398718.183 6.944 6.705 
1703398718.283 6.884 6.704 
1703398718.384 6.800 6.704 
1703398718.483 6.722 6.707 
1703398718.583 6.645 6.710 
1703398718.683 6.560 6.706 
1703398718.784 6.477 6.700 
1703398718.884 6.398 6.698 
1703398718.984 6.320 6.694 
1703398719.084 6.245 6.689 
1703398719.184 6.171 6.683 
1703398719.284 6.096 6.677 
1703398719.384 6.009 6.677 
1703398719.484 5.931 6.672 
1703398719.586 5.859 6.662 
1703398719.685 5.802 6.649 
1703398719.785 5.731 6.633 
1703398719.886 5.655 6.611 
1703398719.985 5.564 6.582 
1703398720.085 5.478 6.553 
1703398720.186 5.406 6.530 
1703398720.288 5.328 6.506 
1703398720.388 5.257 6.475 
1703398720.487 5.199 6.430 
1703398720.588 5.128 6.373 
1703398720.688 5.038 6.310 
1703398720.787 4.962 6.261 
1703398720.889 4.884 6.217 
1703398720.988 4.801 6.172 
1703398721.089 4.720 6.120 
1703398721.189 4.649 6.062 
1703398721.289 4.575 5.995 
1703398721.389 4.498 5.930 
1703398721.489 4.424 5.877 
1703398721.588 4.346 5.819 
1703398721.689 4.270 5.758 
1703398721.789 4.198 5.706 
1703398721.890 4.130 5.647 
1703398721.990 4.063 5.581 
1703398722.090 3.997 5.516 
1703398722.189 3.933 5.449 
1703398722.291 3.869 5.379 
1703398722.390 3.814 5.318 
1703398722.490 3.756 5.251 
1703398722.590 3.698 5.178 
1703398722.690 3.641 5.104 
1703398722.791 3.585 5.034 
1703398722.890 3.527 4.959 
1703398722.990 3.472 4.885 
1703398723.091 3.416 4.809 
1703398723.191 3.359 4.734 
1703398723.291 3.301 4.657 
1703398723.392 3.244 4.579 
1703398723.492 3.185 4.504 
1703398723.592 3.120 4.423 
1703398723.692 3.055 4.341 
1703398723.792 2.991 4.261 
1703398723.892 2.927 4.178 
1703398723.993 2.859 4.094 
1703398724.094 2.792 4.005 
1703398724.193 2.724 3.918 
1703398724.294 2.651 3.830 
1703398724.395 2.578 3.744 
1703398724.495 2.504 3.658 
1703398724.595 2.430 3.569 
1703398724.695 2.356 3.484 
1703398724.797 2.283 3.399 
1703398724.897 2.210 3.318 
1703398724.996 2.134 3.234 
1703398725.097 2.054 3.142 
1703398725.197 1.979 3.058 
1703398725.298 1.906 2.983 
1703398725.398 1.831 2.908 
1703398725.497 1.754 2.833 
1703398725.598 1.676 2.760 
1703398725.698 1.605 2.689 
1703398725.798 1.535 2.619 
1703398725.899 1.462 2.553 
1703398726.001 1.387 2.487 
1703398726.099 1.314 2.425 
1703398726.203 1.247 2.364 
1703398726.301 1.185 2.305 
1703398726.400 1.121 2.243 
1703398726.499 1.051 2.185 
1703398726.600 0.985 2.133 
1703398726.700 0.920 2.083 
1703398726.799 0.854 2.034 
1703398726.900 0.782 1.990 
1703398727.000 0.712 1.949 
1703398727.100 0.651 1.906 
1703398727.200 0.585 1.868 
1703398727.300 0.492 1.832 
1703398727.400 0.398 1.793 
1703398727.501 0.279 1.760 
1703398727.601 0.172 1.727 
1703398727.701 0.096 1.697 
1703398727.801 0.018 1.676 
1703398727.900 -0.057 1.659 
1703398728.001 -0.132 1.638 
1703398728.101 -0.241 1.625 
1703398728.202 -0.322 1.608 
1703398728.304 -0.386 1.591 
1703398728.404 -0.454 1.569 
1703398728.504 -0.584 1.589 
1703398728.605 -0.711 1.614 
1703398728.705 -0.778 1.616 
1703398728.804 -0.839 1.622 
1703398728.904 -0.935 1.688 
1703398729.004 -1.024 1.771 
1703398729.105 -1.067 1.812 
1703398729.205 -1.091 1.812 
1703398729.305 -1.100 1.851 
1703398729.406 -1.128 1.957 
1703398729.505 -1.180 2.078 
1703398729.605 -1.199 2.163 
1703398729.705 -1.196 2.225 
1703398729.806 -1.194 2.281 
1703398729.906 -1.207 2.335 
1703398730.005 -1.224 2.412 
1703398730.114 -1.246 2.516 
1703398730.212 -1.255 2.584 
1703398730.311 -1.253 2.622 
1703398730.411 -1.271 2.668 
1703398730.511 -1.295 2.750 
1703398730.611 -1.318 2.872 
1703398730.711 -1.335 2.948 
1703398730.811 -1.343 2.993 
1703398730.911 -1.366 3.058 
1703398731.011 -1.385 3.133 
1703398731.113 -1.406 3.206 
1703398731.213 -1.426 3.282 
1703398731.314 -1.449 3.360 
1703398731.414 -1.474 3.438 
1703398731.517 -1.505 3.519 
1703398731.615 -1.538 3.593 
1703398731.714 -1.574 3.672 
1703398731.814 -1.611 3.763 
1703398731.914 -1.653 3.850 
1703398732.014 -1.694 3.933 
1703398732.116 -1.732 4.015 
1703398732.215 -1.772 4.098 
1703398732.316 -1.812 4.185 
1703398732.416 -1.849 4.272 
1703398732.516 -1.886 4.359 
1703398732.616 -1.922 4.449 
1703398732.716 -1.957 4.546 
1703398732.817 -1.993 4.598 
1703398732.917 -2.009 4.657 
1703398733.016 -2.027 4.738 
1703398733.116 -2.051 4.807 
1703398733.217 -2.078 4.869 
1703398733.317 -2.095 4.943 
1703398733.417 -2.100 5.024 
1703398733.517 -2.103 5.105 
1703398733.616 -2.106 5.171 
1703398733.717 -2.123 5.226 
1703398733.818 -2.122 5.283 
1703398733.919 -2.116 5.356 
1703398734.019 -2.112 5.445 
1703398734.120 -2.111 5.524 
1703398734.220 -2.104 5.597 
1703398734.319 -2.101 5.670 
1703398734.420 -2.093 5.763 
1703398734.519 -2.085 5.868 
1703398734.624 -2.066 5.932 
1703398734.723 -2.045 5.990 
1703398734.824 -2.043 6.071 
1703398734.924 -2.067 6.177 
1703398735.024 -2.097 6.287 
1703398735.124 -2.130 6.390 
1703398735.224 -2.157 6.488 
1703398735.325 -2.181 6.571 
1703398735.425 -2.201 6.659 
1703398735.524 -2.227 6.759 
1703398735.624 -2.259 6.864 
1703398735.726 -2.281 6.955 
1703398735.825 -2.301 7.029 
1703398735.926 -2.325 7.094 
1703398736.025 -2.359 7.155 
1703398736.126 -2.389 7.220 
1703398736.226 -2.421 7.295 
1703398736.326 -2.454 7.372 
1703398736.427 -2.486 7.453 
1703398736.528 -2.518 7.527 
1703398736.626 -2.547 7.599 
1703398736.727 -2.575 7.671 
1703398736.826 -2.602 7.739 
1703398736.926 -2.630 7.828 
1703398737.029 -2.669 7.931 
1703398737.127 -2.713 8.030 
1703398737.227 -2.758 8.102 
1703398738.932 -2.798 8.147 
1703398738.933 -2.798 8.147 
1703398739.035 -2.773 8.161 
1703398739.135 -2.719 8.189 
1703398739.234 -2.610 8.209 
1703398739.334 -2.483 8.225 
1703398739.435 -2.409 8.253 
1703398739.535 -2.365 8.280 
1703398739.636 -2.278 8.257 
1703398739.735 -2.208 8.257 
1703398739.836 -2.132 8.258 
1703398740.838 -2.185 8.233 
1703398740.939 -2.197 8.186 
1703398741.039 -2.203 8.105 
1703398741.139 -2.194 7.983 
1703398741.239 -2.203 7.866 
1703398741.339 -2.221 7.762 
1703398741.440 -2.243 7.676 
1703398741.539 -2.267 7.612 
1703398741.639 -2.299 7.565 
1703398741.739 -2.339 7.529 
1703398741.840 -2.379 7.485 
1703398741.940 -2.420 7.428 
1703398742.040 -2.473 7.365 
1703398742.139 -2.525 7.305 
1703398742.240 -2.571 7.249 
1703398742.341 -2.623 7.187 
1703398742.440 -2.682 7.118 
1703398742.540 -2.741 7.050 
1703398742.641 -2.798 6.983 
1703398742.741 -2.851 6.916 
1703398742.841 -2.905 6.844 
1703398742.941 -2.963 6.775 
1703398743.040 -3.022 6.704 
1703398743.140 -3.080 6.626 
1703398743.241 -3.137 6.549 
1703398743.341 -3.195 6.472 
1703398743.453 -3.249 6.387 
1703398743.546 -3.299 6.304 
1703398743.643 -3.347 6.219 
1703398743.743 -3.388 6.163 
1703398743.842 -3.416 6.119 
1703398743.942 -3.454 6.064 
1703398744.042 -3.499 5.992 
1703398744.142 -3.539 5.927 
1703398744.242 -3.573 5.863 
1703398744.342 -3.608 5.796 
1703398744.443 -3.638 5.733 
1703398744.542 -3.669 5.667 
1703398744.642 -3.709 5.591 
1703398744.743 -3.743 5.516 
1703398744.843 -3.772 5.450 
1703398744.943 -3.802 5.387 
1703398745.044 -3.829 5.321 
1703398745.143 -3.857 5.245 
1703398745.244 -3.885 5.161 
1703398745.343 -3.912 5.085 
1703398745.444 -3.934 5.018 
1703398745.543 -3.956 4.954 
1703398745.644 -3.982 4.878 
1703398745.745 -4.005 4.798 
1703398745.844 -4.029 4.724 
1703398745.944 -4.055 4.650 
1703398746.045 -4.078 4.576 
1703398746.145 -4.098 4.508 
1703398746.245 -4.121 4.432 
1703398746.345 -4.142 4.352 
1703398746.444 -4.164 4.278 
1703398746.545 -4.186 4.204 
1703398746.645 -4.207 4.130 
1703398746.745 -4.228 4.061 
1703398746.845 -4.247 3.992 
1703398746.945 -4.270 3.913 
1703398747.045 -4.290 3.832 
1703398747.147 -4.312 3.754 
1703398747.247 -4.331 3.679 
1703398747.346 -4.350 3.608 
1703398747.447 -4.370 3.538 
1703398747.546 -4.388 3.456 
1703398747.646 -4.409 3.378 
1703398747.747 -4.427 3.302 
1703398747.847 -4.446 3.226 
1703398747.946 -4.464 3.152 
1703398748.047 -4.484 3.078 
1703398748.147 -4.504 2.998 
1703398748.247 -4.522 2.924 
1703398748.347 -4.542 2.844 
1703398750.752 -4.481 2.866 
1703398750.753 -4.482 2.867 
1703398750.853 -4.573 2.850 
1703398750.954 -4.683 2.834 
1703398751.055 -4.782 2.815 
1703398751.154 -4.883 2.798 
1703398751.254 -4.988 2.748 
1703398751.354 -5.081 2.686 
1703398751.455 -5.186 2.635 
1703398751.554 -5.298 2.596 
1703398751.655 -5.420 2.556 
1703398751.755 -5.536 2.520 
1703398751.856 -5.650 2.483 
1703398751.955 -5.762 2.449 
1703398752.054 -5.880 2.427 
1703398752.155 -5.998 2.412 
1703398752.255 -6.112 2.393 
1703398752.356 -6.220 2.365 
1703398752.456 -6.351 2.356 
1703398752.556 -6.504 2.365 
1703398752.656 -6.646 2.372 
1703398752.755 -6.758 2.379 
1703398752.856 -6.792 2.380 
1703398752.956 -6.705 2.331 
1703398753.056 -6.631 2.297 
1703398753.156 -6.620 2.322 
1703398753.256 -6.663 2.420 
1703398753.357 -6.694 2.521 
1703398753.457 -6.722 2.553 
1703398753.558 -6.770 2.532 
1703398753.659 -6.789 2.580 
1703398753.759 -6.772 2.668 
1703398753.858 -6.744 2.764 
1703398753.959 -6.721 2.825 
1703398754.060 -6.702 2.882 
1703398754.159 -6.662 2.967 
1703398754.259 -6.631 3.039 
1703398754.360 -6.624 3.090 
1703398754.460 -6.620 3.133 
1703398754.560 -6.594 3.192 
1703398754.660 -6.541 3.258 
1703398754.760 -6.488 3.322 
1703398754.860 -6.434 3.386 
1703398754.961 -6.417 3.441 
1703398755.060 -6.395 3.499 
1703398755.161 -6.345 3.560 
1703398755.261 -6.282 3.609 
1703398755.361 -6.216 3.658 
1703398755.462 -6.157 3.712 
1703398755.561 -6.090 3.757 
1703398755.662 -6.011 3.795 
1703398755.762 -5.914 3.819 
1703398755.861 -5.807 3.839 
1703398755.962 -5.715 3.866 
1703398756.062 -5.651 3.904 
1703398756.161 -5.560 3.924 
1703398756.262 -5.453 3.931 
1703398756.362 -5.353 3.919 
1703398756.463 -5.274 3.903 
1703398756.563 -5.208 3.884 
1703398756.663 -5.143 3.866 
1703398756.766 -5.079 3.852 
1703398756.863 -5.003 3.834 
1703398756.964 -4.916 3.815 
1703398757.064 -4.815 3.795 
1703398757.164 -4.714 3.763 
1703398757.265 -4.626 3.728 
1703398757.364 -4.534 3.696 
1703398757.465 -4.436 3.663 
1703398757.566 -4.341 3.621 
1703398757.665 -4.245 3.576 
1703398757.766 -4.147 3.532 
1703398757.866 -4.050 3.482 
1703398757.967 -3.951 3.430 
1703398758.067 -3.852 3.378 
1703398758.167 -3.753 3.323 
1703398758.267 -3.654 3.265 
1703398758.367 -3.551 3.207 
1703398758.466 -3.450 3.146 
1703398758.567 -3.347 3.080 
1703398758.667 -3.247 3.016 
1703398758.767 -3.148 2.947 
1703398758.872 -3.047 2.879 
1703398758.971 -2.948 2.811 
1703398759.071 -2.849 2.741 
1703398759.175 -2.751 2.669 
1703398759.273 -2.653 2.596 
1703398759.373 -2.550 2.525 
1703398759.473 -2.455 2.450 
1703398759.574 -2.360 2.376 
1703398759.673 -2.263 2.301 
1703398759.774 -2.170 2.224 
1703398759.874 -2.077 2.147 
1703398759.973 -1.987 2.070 
1703398760.073 -1.894 1.991 
1703398760.174 -1.806 1.915 
1703398760.275 -1.718 1.839 
1703398760.374 -1.634 1.763 
1703398760.475 -1.549 1.688 
1703398760.575 -1.466 1.614 
1703398760.675 -1.388 1.542 
1703398760.775 -1.310 1.472 
1703398760.875 -1.240 1.398 
1703398760.974 -1.166 1.313 
1703398761.075 -1.086 1.228 
1703398761.175 -1.016 1.154 
1703398761.275 -0.944 1.085 
1703398761.376 -0.881 1.006 
1703398761.477 -0.819 0.926 
1703398761.577 -0.759 0.837 
1703398761.677 -0.701 0.749 
1703398761.777 -0.655 0.664 
1703398761.878 -0.614 0.573 
1703398761.977 -0.583 0.480 
1703398762.077 -0.560 0.381 
1703398762.178 -0.549 0.281 
1703398762.278 -0.542 0.184 
1703398762.378 -0.543 0.081 
1703398762.478 -0.555 -0.031 
1703398762.578 -0.550 -0.118 
1703398762.678 -0.542 -0.198 
1703398762.779 -0.552 -0.284 
1703398762.879 -0.591 -0.388 
1703398762.979 -0.647 -0.502 
1703398763.078 -0.693 -0.604 
1703398763.179 -0.723 -0.684 
1703398763.279 -0.741 -0.764 
1703398763.380 -0.764 -0.845 
1703398763.479 -0.814 -0.925 
1703398763.580 -0.891 -1.007 
1703398763.679 -0.966 -1.098 
1703398763.781 -1.033 -1.179 
1703398763.880 -1.090 -1.243 
1703398763.980 -1.166 -1.303 
1703398764.080 -1.269 -1.359 
1703398764.180 -1.361 -1.413 
1703398764.280 -1.438 -1.462 
1703398764.381 -1.521 -1.505 
1703398764.480 -1.603 -1.548 
1703398764.581 -1.691 -1.584 
1703398764.681 -1.775 -1.618 
1703398764.782 -1.857 -1.653 
1703398764.881 -1.936 -1.686 
1703398764.981 -2.013 -1.721 
1703398765.082 -2.088 -1.758 
1703398765.182 -2.162 -1.801 
1703398765.283 -2.235 -1.844 
1703398765.382 -2.308 -1.881 
1703398765.483 -2.379 -1.917 
1703398765.583 -2.447 -1.954 
1703398765.682 -2.507 -1.999 
1703398765.783 -2.567 -2.049 
1703398765.883 -2.624 -2.096 
1703398765.983 -2.679 -2.141 
1703398766.083 -2.729 -2.193 
1703398766.183 -2.776 -2.242 
1703398766.283 -2.844 -2.305 
1703398766.384 -2.922 -2.363 
1703398766.484 -3.001 -2.422 
1703398766.584 -3.070 -2.483 
1703398766.684 -3.117 -2.538 
1703398766.784 -3.162 -2.592 
1703398766.884 -3.209 -2.656 
1703398766.984 -3.247 -2.731 
1703398767.084 -3.278 -2.817 
1703398767.185 -3.308 -2.909 
1703398767.284 -3.337 -3.003 
1703398767.385 -3.364 -3.082 
1703398767.485 -3.387 -3.152 
1703398767.584 -3.407 -3.212 
1703398767.685 -3.432 -3.256 
1703398767.784 -3.472 -3.273 
1703398767.886 -3.498 -3.326 
1703398767.985 -3.512 -3.410 
1703398768.085 -3.512 -3.502 
1703398768.185 -3.484 -3.611 
1703398768.285 -3.438 -3.720 
1703398768.387 -3.393 -3.813 
1703398768.488 -3.346 -3.892 
1703398768.588 -3.299 -3.970 
1703398768.688 -3.215 -4.046 
1703398768.788 -3.159 -4.123 
1703398768.888 -3.093 -4.198 
1703398768.994 -3.016 -4.241 
1703398769.093 -2.913 -4.251 
1703398769.190 -2.796 -4.262 
1703398769.289 -2.685 -4.268 
1703398769.389 -2.565 -4.283 
1703398769.489 -2.461 -4.291 
1703398769.589 -2.372 -4.296 
1703398769.689 -2.293 -4.299 
1703398769.789 -2.209 -4.302 
1703398769.889 -2.116 -4.299 
1703398769.989 -2.030 -4.274 
1703398770.090 -1.969 -4.231 
1703398770.190 -1.903 -4.183 
1703398770.289 -1.815 -4.139 
1703398770.390 -1.741 -4.097 
1703398770.502 -1.674 -4.064 
1703398770.603 -1.609 -4.042 
1703398770.701 -1.545 -4.024 
1703398770.802 -1.464 -3.998 
1703398776.312 -0.833 -3.474 
1703398776.313 -0.833 -3.474 
1703398776.414 -0.880 -3.504 
1703398776.514 -0.959 -3.553 
1703398776.615 -1.052 -3.596 
1703398776.714 -1.162 -3.676 
1703398776.815 -1.269 -3.742 
1703398776.915 -1.368 -3.813 
1703398777.015 -1.464 -3.875 
1703398777.115 -1.554 -3.944 
1703398777.215 -1.646 -4.021 
1703398777.315 -1.745 -4.112 
1703398777.416 -1.845 -4.210 
1703398777.515 -1.926 -4.300 
1703398777.616 -2.003 -4.393 
1703398777.716 -2.082 -4.483 
1703398777.816 -2.158 -4.571 
1703398777.916 -2.227 -4.664 
1703398778.016 -2.284 -4.763 
1703398778.117 -2.345 -4.859 
1703398778.216 -2.418 -4.958 
1703398778.317 -2.489 -5.055 
1703398778.417 -2.559 -5.147 
1703398778.518 -2.623 -5.239 
1703398778.618 -2.683 -5.340 
1703398778.718 -2.738 -5.429 
1703398778.818 -2.805 -5.512 
1703398778.918 -2.883 -5.589 
1703398779.019 -2.974 -5.652 
1703398779.118 -3.081 -5.687 
1703398779.219 -3.207 -5.709 
1703398779.319 -3.326 -5.710 
1703398779.422 -3.445 -5.682 
1703398779.522 -3.558 -5.648 
1703398779.622 -3.655 -5.601 
1703398779.723 -3.738 -5.558 
1703398779.822 -3.825 -5.517 
1703398779.922 -3.899 -5.473 
1703398780.022 -3.952 -5.423 
1703398780.123 -3.990 -5.361 
1703398780.223 -4.023 -5.284 
1703398780.324 -4.057 -5.208 
1703398780.424 -4.096 -5.122 
1703398780.524 -4.140 -5.031 
1703398780.623 -4.188 -4.937 
1703398780.723 -4.212 -4.874 
1703398780.824 -4.245 -4.820 
1703398780.923 -4.281 -4.754 
1703398781.024 -4.319 -4.682 
1703398781.124 -4.367 -4.607 
1703398781.223 -4.405 -4.535 
1703398781.324 -4.449 -4.466 
1703398781.424 -4.498 -4.397 
1703398781.524 -4.546 -4.329 
1703398781.625 -4.598 -4.258 
1703398781.726 -4.651 -4.188 
1703398781.826 -4.703 -4.120 
1703398781.925 -4.765 -4.056 
1703398782.024 -4.833 -3.998 
1703398782.125 -4.906 -3.942 
1703398782.224 -4.974 -3.883 
1703398782.326 -5.041 -3.823 
1703398782.425 -5.106 -3.767 
1703398782.525 -5.169 -3.712 
1703398782.626 -5.238 -3.662 
1703398782.726 -5.324 -3.618 
1703398782.826 -5.412 -3.570 
1703398782.926 -5.487 -3.525 
1703398783.028 -5.563 -3.483 
1703398783.129 -5.643 -3.440 
1703398783.228 -5.727 -3.401 
1703398783.328 -5.809 -3.366 
1703398783.429 -5.891 -3.328 
1703398783.528 -5.971 -3.291 
1703398783.629 -6.050 -3.257 
1703398783.729 -6.124 -3.229 
1703398783.828 -6.199 -3.194 
1703398783.929 -6.273 -3.156 
1703398784.029 -6.341 -3.112 
1703398784.129 -6.402 -3.068 
1703398784.230 -6.479 -3.000 
1703398784.329 -6.565 -2.943 
1703398784.430 -6.649 -2.899 
1703398784.531 -6.722 -2.853 
1703398784.631 -6.782 -2.811 
1703398784.731 -6.834 -2.766 
1703398784.832 -6.886 -2.714 
1703398784.931 -6.920 -2.627 
1703398785.032 -6.935 -2.525 
1703398785.131 -6.952 -2.442 
1703398785.232 -6.942 -2.354 
1703398785.333 -6.905 -2.274 
1703398785.433 -6.859 -2.211 
1703398785.533 -6.812 -2.159 
1703398785.633 -6.771 -2.104 
1703398785.732 -6.739 -2.039 
1703398785.833 -6.703 -1.969 
1703398785.933 -6.649 -1.915 
1703398786.032 -6.583 -1.871 
1703398786.133 -6.501 -1.827 
1703398786.233 -6.441 -1.792 
1703398786.335 -6.390 -1.766 
1703398786.432 -6.324 -1.733 
1703398786.534 -6.256 -1.702 
1703398786.632 -6.187 -1.678 
1703398786.733 -6.113 -1.650 
1703398786.834 -6.039 -1.618 
1703398786.933 -5.960 -1.591 
1703398787.036 -5.889 -1.563 
1703398787.137 -5.824 -1.539 
1703398787.236 -5.739 -1.518 
1703398787.336 -5.632 -1.506 
1703398787.437 -5.540 -1.496 
1703398787.537 -5.460 -1.481 
1703398787.637 -5.389 -1.468 
1703398787.736 -5.315 -1.458 
1703398787.837 -5.204 -1.463 
1703398787.937 -5.082 -1.476 
1703398788.037 -4.995 -1.481 
1703398788.137 -4.922 -1.480 
1703398788.237 -4.872 -1.469 
1703398788.337 -4.809 -1.477 
1703398788.437 -4.730 -1.489 
1703398788.537 -4.655 -1.504 
1703398788.637 -4.583 -1.521 
1703398788.738 -4.509 -1.539 
1703398788.837 -4.433 -1.560 
1703398788.937 -4.356 -1.579 
1703398789.038 -4.277 -1.602 
1703398789.138 -4.199 -1.625 
1703398789.238 -4.122 -1.649 
1703398789.338 -4.046 -1.672 
1703398789.439 -3.961 -1.705 
1703398789.538 -3.875 -1.734 
1703398789.638 -3.792 -1.761 
1703398789.739 -3.714 -1.793 
1703398789.840 -3.631 -1.825 
1703398789.939 -3.548 -1.858 
1703398790.039 -3.460 -1.901 
1703398790.139 -3.376 -1.941 
1703398790.239 -3.291 -1.981 
1703398790.339 -3.205 -2.019 
1703398790.450 -3.114 -2.057 
1703398790.543 -3.021 -2.102 
1703398790.641 -2.934 -2.147 
1703398790.741 -2.851 -2.195 
1703398790.839 -2.763 -2.243 
1703398790.940 -2.672 -2.290 
1703398791.040 -2.580 -2.340 
1703398791.139 -2.495 -2.391 
1703398791.241 -2.408 -2.447 
1703398791.340 -2.320 -2.498 
1703398791.441 -2.231 -2.549 
1703398791.540 -2.141 -2.606 
1703398791.647 -2.048 -2.666 
1703398791.744 -1.965 -2.718 
1703398791.843 -1.878 -2.773 
1703398791.944 -1.789 -2.830 
1703398792.043 -1.702 -2.890 
1703398792.145 -1.615 -2.952 
1703398792.244 -1.531 -3.011 
1703398792.345 -1.443 -3.071 
1703398792.445 -1.349 -3.129 
1703398792.545 -1.256 -3.189 
1703398792.645 -1.179 -3.246 
1703398792.745 -1.097 -3.307 
1703398792.845 -1.013 -3.369 
1703398792.945 -0.929 -3.431 
1703398793.047 -0.846 -3.496 
1703398793.146 -0.757 -3.559 
1703398793.247 -0.669 -3.619 
1703398793.346 -0.603 -3.674 
1703398793.446 -0.518 -3.737 
1703398793.546 -0.437 -3.800 
1703398793.647 -0.359 -3.863 
1703398793.747 -0.281 -3.927 
1703398793.847 -0.202 -3.985 
1703398793.947 -0.132 -4.046 
1703398794.047 -0.058 -4.113 
1703398794.146 0.016 -4.179 
1703398794.251 0.090 -4.244 
1703398794.349 0.160 -4.308 
1703398794.448 0.227 -4.371 
1703398794.547 0.294 -4.432 
1703398794.648 0.361 -4.493 
1703398794.747 0.427 -4.554 
1703398794.848 0.496 -4.617 
1703398794.947 0.559 -4.676 
1703398795.048 0.622 -4.735 
1703398795.149 0.685 -4.793 
1703398795.248 0.747 -4.850 
1703398795.349 0.809 -4.906 
1703398795.449 0.871 -4.962 
1703398795.549 0.931 -5.016 
1703398795.649 0.993 -5.069 
1703398795.749 1.052 -5.118 
1703398795.849 1.110 -5.168 
1703398795.949 1.191 -5.242 
1703398796.050 1.289 -5.316 
1703398796.149 1.341 -5.370 
1703398796.250 1.403 -5.421 
1703398796.350 1.485 -5.473 
1703398796.450 1.551 -5.516 
1703398796.550 1.621 -5.549 
1703398796.651 1.692 -5.580 
1703398796.751 1.765 -5.616 
1703398796.851 1.808 -5.659 
1703398796.951 1.857 -5.699 
1703398797.051 1.934 -5.737 
1703398797.150 2.028 -5.740 
1703398797.251 2.098 -5.746 
1703398797.351 2.167 -5.744 
1703398797.451 2.232 -5.741 
1703398797.551 2.297 -5.720 
1703398797.652 2.366 -5.711 
1703398797.752 2.437 -5.695 
1703398797.851 2.510 -5.655 
1703398801.764 3.267 -5.346 
1703398801.764 3.267 -5.346 
1703398801.864 3.252 -5.390 
1703398801.965 3.211 -5.483 
1703398802.065 3.211 -5.637 
1703398802.164 3.187 -5.741 
1703398802.265 3.194 -5.863 
1703398802.365 3.243 -5.989 
1703398802.468 3.298 -6.097 
1703398802.565 3.355 -6.197 
1703398802.666 3.416 -6.305 
1703398802.766 3.486 -6.402 
1703398802.865 3.561 -6.493 
1703398802.966 3.646 -6.577 
1703398803.066 3.732 -6.658 
1703398803.166 3.821 -6.735 
1703398803.266 3.912 -6.812 
1703398803.366 3.984 -6.877 
1703398803.467 4.054 -6.930 
1703398803.567 4.120 -6.986 
1703398803.666 4.188 -7.036 
1703398803.767 4.257 -7.127 
1703398803.867 4.339 -7.183 
1703398803.967 4.424 -7.262 
1703398804.067 4.472 -7.367 
1703398804.168 4.517 -7.472 
1703398804.268 4.523 -7.594 
1703398804.367 4.501 -7.705 
1703398804.468 4.450 -7.813 
1703398804.569 4.371 -7.898 
1703398804.670 4.280 -7.964 
1703398804.771 4.171 -7.998 
1703398804.870 4.064 -8.001 
1703398804.969 3.960 -8.001 
1703398805.070 3.846 -8.007 
1703398805.170 3.724 -8.023 
1703398805.270 3.609 -8.029 
1703398805.371 3.500 -8.039 
1703398805.471 3.387 -8.037 
1703398805.571 3.267 -8.029 
1703398805.671 3.146 -8.020 
1703398805.770 3.029 -8.015 
1703398805.871 2.908 -8.012 
1703398805.970 2.786 -8.009 
1703398806.072 2.665 -8.001 
1703398806.171 2.546 -7.991 
1703398806.272 2.427 -7.981 
1703398806.371 2.307 -7.969 
1703398806.471 2.196 -7.957 
1703398806.572 2.110 -7.947 
1703398806.673 2.042 -7.945 
1703398806.773 1.966 -7.929 
1703398806.872 1.883 -7.916 
1703398806.973 1.803 -7.901 
1703398807.073 1.728 -7.885 
1703398807.173 1.656 -7.871 
1703398807.274 1.577 -7.845 
1703398807.373 1.501 -7.817 
1703398807.476 1.427 -7.791 
1703398807.576 1.359 -7.767 
1703398807.677 1.293 -7.749 
1703398807.776 1.231 -7.734 
1703398807.876 1.167 -7.706 
1703398807.977 1.096 -7.644 
1703398808.077 1.029 -7.566 
1703398808.176 0.970 -7.490 
1703398808.277 0.901 -7.414 
1703398808.377 0.823 -7.340 
1703398808.477 0.755 -7.268 
1703398808.578 0.699 -7.203 
1703398808.677 0.664 -7.147 
1703398808.778 0.651 -7.107 
1703398808.877 0.668 -7.073 
1703398808.978 0.695 -7.009 
1703398809.077 0.738 -6.917 
1703398809.177 0.758 -6.849 
1703398809.277 0.772 -6.783 
1703398809.378 0.771 -6.704 
1703398809.478 0.758 -6.605 
1703398809.579 0.741 -6.509 
1703398809.681 0.730 -6.420 
1703398809.778 0.734 -6.340 
1703398809.880 0.738 -6.240 
1703398809.980 0.738 -6.139 
1703398810.078 0.739 -6.036 
1703398810.179 0.743 -5.930 
1703398810.279 0.741 -5.836 
1703398810.379 0.740 -5.738 
1703398810.479 0.741 -5.636 
1703398810.579 0.743 -5.535 
1703398810.680 0.742 -5.430 
1703398810.781 0.742 -5.323 
1703398810.880 0.746 -5.227 
1703398810.980 0.745 -5.127 
1703398811.080 0.743 -5.023 
1703398811.181 0.736 -4.921 
1703398811.282 0.719 -4.815 
1703398811.381 0.685 -4.707 
1703398811.481 0.656 -4.613 
1703398811.581 0.623 -4.521 
1703398811.681 0.560 -4.416 
1703398811.781 0.496 -4.317 
1703398811.880 0.429 -4.220 
1703398811.982 0.359 -4.122 
1703398812.081 0.281 -4.028 
1703398812.182 0.191 -3.937 
1703398812.281 0.099 -3.863 
1703398812.381 0.001 -3.790 
1703398812.482 -0.097 -3.720 
1703398812.582 -0.193 -3.654 
1703398812.682 -0.302 -3.598 
1703398812.783 -0.418 -3.548 
1703398812.882 -0.536 -3.505 
1703398812.983 -0.654 -3.471 
1703398813.083 -0.777 -3.452 
1703398813.183 -0.896 -3.441 
1703398813.283 -1.011 -3.439 
1703398813.383 -1.124 -3.443 
1703398813.483 -1.237 -3.449 
1703398813.583 -1.352 -3.460 
1703398813.683 -1.461 -3.475 
1703398813.783 -1.565 -3.491 
1703398813.884 -1.667 -3.507 
1703398813.984 -1.773 -3.530 
1703398814.084 -1.877 -3.559 
1703398814.184 -1.976 -3.587 
1703398814.283 -2.069 -3.619 
1703398814.384 -2.159 -3.658 
1703398814.484 -2.244 -3.707 
1703398814.584 -2.325 -3.772 
1703398814.685 -2.399 -3.846 
1703398814.785 -2.468 -3.927 
1703398814.884 -2.522 -4.016 
1703398814.985 -2.564 -4.113 
1703398815.087 -2.609 -4.208 
1703398815.186 -2.651 -4.294 
1703398815.285 -2.687 -4.391 
1703398815.386 -2.719 -4.495 
1703398815.485 -2.738 -4.593 
1703398815.587 -2.753 -4.695 
1703398815.687 -2.763 -4.793 
1703398815.787 -2.766 -4.891 
1703398815.887 -2.763 -4.982 
1703398815.987 -2.761 -5.071 
1703398816.087 -2.756 -5.171 
1703398816.187 -2.747 -5.277 
1703398816.288 -2.739 -5.376 
1703398816.387 -2.738 -5.469 
1703398816.489 -2.734 -5.571 
1703398816.590 -2.729 -5.679 
1703398816.689 -2.724 -5.783 
1703398816.790 -2.720 -5.886 
1703398816.890 -2.715 -5.989 
1703398816.990 -2.720 -6.094 
1703398817.090 -2.728 -6.205 
1703398817.190 -2.733 -6.310 
1703398817.291 -2.742 -6.417 
1703398817.391 -2.759 -6.517 
1703398817.497 -2.774 -6.615 
1703398817.593 -2.783 -6.712 
1703398817.692 -2.793 -6.809 
1703398817.792 -2.809 -6.908 
1703398817.891 -2.823 -7.015 
1703398817.991 -2.837 -7.114 
1703398818.091 -2.857 -7.211 
1703398818.192 -2.870 -7.296 
1703398818.292 -2.880 -7.377 
1703398818.391 -2.890 -7.474 
1703398818.492 -2.903 -7.569 
1703398818.593 -2.912 -7.643 
1703398818.692 -2.932 -7.716 
1703398818.793 -2.953 -7.793 
1703398818.892 -2.973 -7.863 
1703398818.992 -2.996 -7.972 
1703398819.092 -3.018 -8.065 
1703398819.193 -3.031 -8.139 
1703398819.293 -3.049 -8.206 
1703398819.393 -3.056 -8.260 
1703398819.493 -3.068 -8.315 
1703398819.594 -3.146 -8.400 
1703398819.693 -3.181 -8.455 
1703398819.793 -3.154 -8.492 
1703398819.894 -3.159 -8.523 
1703398819.993 -3.274 -8.525 
1703398820.094 -3.384 -8.538 
1703398820.194 -3.445 -8.554 
1703398820.293 -3.462 -8.576 
1703398820.394 -3.460 -8.600 
1703398822.198 -3.480 -8.480 
1703398822.299 -3.489 -8.488 
1703398822.399 -3.499 -8.466 
1703398822.499 -3.457 -8.377 
1703398822.599 -3.465 -8.298 
1703398822.698 -3.473 -8.208 
1703398822.799 -3.458 -8.118 
1703398822.899 -3.406 -8.042 
1703398822.999 -3.327 -8.003 
1703398823.099 -3.254 -7.949 
1703398823.199 -3.203 -7.881 
1703398823.300 -3.153 -7.811 
1703398823.399 -3.100 -7.747 
1703398823.500 -3.042 -7.676 
1703398823.600 -2.985 -7.611 
1703398823.700 -2.934 -7.560 
1703398823.800 -2.880 -7.492 
1703398823.900 -2.828 -7.418 
1703398824.000 -2.783 -7.339 
1703398824.100 -2.741 -7.262 
1703398824.200 -2.700 -7.188 
1703398824.300 -2.666 -7.103 
1703398824.402 -2.636 -7.013 
1703398824.501 -2.603 -6.938 
1703398824.601 -2.569 -6.873 
1703398824.701 -2.566 -6.809 
1703398824.801 -2.573 -6.741 
1703398824.903 -2.582 -6.648 
1703398825.001 -2.584 -6.560 
1703398825.101 -2.582 -6.471 
1703398825.202 -2.584 -6.383 
1703398825.302 -2.586 -6.298 
1703398825.402 -2.586 -6.217 
1703398825.502 -2.585 -6.138 
1703398825.601 -2.585 -6.056 
1703398825.702 -2.584 -5.973 
1703398825.801 -2.581 -5.898 
1703398825.903 -2.587 -5.819 
1703398826.002 -2.598 -5.745 
1703398826.102 -2.608 -5.667 
1703398826.203 -2.614 -5.585 
1703398826.303 -2.613 -5.506 
1703398826.402 -2.610 -5.418 
1703398826.503 -2.610 -5.334 
1703398826.603 -2.613 -5.249 
1703398826.703 -2.610 -5.158 
1703398826.803 -2.604 -5.060 
1703398826.904 -2.591 -4.962 
1703398827.003 -2.565 -4.860 
1703398827.103 -2.544 -4.759 
1703398827.203 -2.541 -4.659 
1703398827.303 -2.538 -4.550 
1703398827.403 -2.519 -4.453 
1703398827.504 -2.488 -4.365 
1703398827.604 -2.448 -4.272 
1703398827.704 -2.370 -4.171 
1703398827.804 -2.308 -4.078 
1703398827.904 -2.253 -4.003 
1703398828.004 -2.180 -3.928 
1703398828.104 -2.103 -3.856 
1703398828.204 -2.022 -3.790 
1703398828.305 -1.937 -3.727 
1703398828.405 -1.850 -3.670 
1703398828.506 -1.766 -3.617 
1703398828.606 -1.680 -3.562 
1703398828.706 -1.596 -3.510 
1703398828.806 -1.510 -3.457 
1703398828.906 -1.421 -3.403 
1703398829.006 -1.330 -3.357 
1703398829.106 -1.246 -3.307 
1703398829.206 -1.162 -3.252 
1703398829.306 -1.079 -3.200 
1703398829.406 -0.997 -3.149 
1703398829.506 -0.912 -3.091 
1703398829.607 -0.818 -3.030 
1703398829.707 -0.720 -2.973 
1703398829.808 -0.635 -2.917 
1703398829.907 -0.551 -2.859 
1703398830.007 -0.462 -2.798 
1703398830.108 -0.371 -2.736 
1703398830.208 -0.280 -2.676 
1703398830.307 -0.186 -2.618 
1703398830.407 -0.092 -2.560 
1703398830.507 -0.009 -2.501 
1703398830.608 0.081 -2.441 
1703398830.708 0.176 -2.389 
1703398830.807 0.272 -2.342 
1703398830.908 0.369 -2.288 
1703398831.008 0.447 -2.232 
1703398831.108 0.531 -2.182 
1703398831.208 0.625 -2.137 
1703398831.309 0.713 -2.102 
1703398831.408 0.809 -2.063 
1703398831.510 0.906 -2.023 
1703398831.610 0.978 -1.981 
1703398831.710 1.068 -1.948 
1703398831.810 1.167 -1.925 
1703398831.911 1.256 -1.891 
1703398832.011 1.350 -1.852 
1703398832.111 1.430 -1.811 
1703398832.212 1.518 -1.778 
1703398832.312 1.619 -1.747 
1703398832.414 1.709 -1.724 
1703398832.514 1.799 -1.692 
1703398832.614 1.889 -1.655 
1703398832.714 1.979 -1.618 
1703398832.815 2.071 -1.576 
1703398832.915 2.156 -1.549 
1703398833.016 2.240 -1.509 
1703398833.115 2.311 -1.457 
1703398833.215 2.383 -1.398 
1703398833.315 2.458 -1.341 
1703398833.415 2.530 -1.271 
1703398833.515 2.607 -1.200 
1703398833.615 2.670 -1.170 
1703398833.716 2.740 -1.121 
1703398833.815 2.812 -1.039 
1703398833.916 2.887 -0.934 
1703398834.016 2.942 -0.849 
1703398834.117 2.998 -0.774 
1703398834.217 3.061 -0.691 
1703398834.321 3.130 -0.605 
1703398834.418 3.203 -0.522 
1703398834.517 3.274 -0.443 
1703398834.617 3.320 -0.367 
1703398834.717 3.384 -0.286 
1703398834.817 3.463 -0.207 
1703398834.917 3.538 -0.133 
1703398835.017 3.610 -0.071 
1703398835.117 3.708 -0.022 
1703398835.217 3.809 0.015 
1703398835.317 3.881 0.060 
1703398835.417 3.969 0.092 
1703398835.518 4.078 0.102 
1703398835.618 4.198 0.112 
1703398835.717 4.311 0.115 
1703398835.818 4.425 0.116 
1703398835.918 4.516 0.129 
1703398836.018 4.618 0.137 
1703398836.121 4.734 0.104 
1703398836.219 4.842 0.061 
1703398836.319 4.943 0.028 
1703398836.419 5.053 0.004 
1703398836.519 5.145 -0.001 
1703398836.619 5.226 -0.014 
1703398836.719 5.309 -0.065 
1703398836.819 5.391 -0.141 
1703398836.919 5.465 -0.219 
1703398837.019 5.527 -0.289 
1703398837.119 5.584 -0.358 
1703398837.221 5.640 -0.410 
1703398837.324 5.702 -0.468 
1703398837.420 5.750 -0.521 
1703398837.520 5.779 -0.586 
1703398837.620 5.808 -0.668 
1703398837.720 5.827 -0.785 
1703398837.821 5.844 -0.913 
1703398837.922 5.849 -0.998 
1703398838.020 5.862 -1.032 
1703398838.121 5.879 -1.097 
1703398838.221 5.897 -1.182 
1703398838.321 5.920 -1.286 
1703398838.420 5.930 -1.381 
1703398838.520 5.936 -1.464 
1703398838.621 5.954 -1.555 
1703398838.721 5.980 -1.653 
1703398838.821 6.012 -1.755 
1703398838.922 6.059 -1.852 
1703398839.026 6.107 -1.948 
1703398839.126 6.142 -2.043 
1703398839.226 6.189 -2.144 
1703398839.326 6.244 -2.242 
1703398839.425 6.299 -2.335 
1703398839.526 6.359 -2.426 
1703398839.626 6.424 -2.513 
1703398839.726 6.488 -2.597 
1703398839.827 6.556 -2.680 
1703398839.926 6.622 -2.757 
1703398840.027 6.695 -2.833 
1703398840.127 6.784 -2.894 
1703398840.227 6.861 -2.950 
1703398840.327 6.934 -3.005 
1703398840.427 7.010 -3.060 
1703398840.527 7.099 -3.108 
1703398840.627 7.182 -3.151 
1703398840.727 7.256 -3.190 
1703398840.828 7.325 -3.227 
1703398840.927 7.397 -3.263 
1703398841.028 7.478 -3.301 
1703398841.127 7.554 -3.334 
1703398841.228 7.628 -3.364 
1703398841.328 7.699 -3.401 
1703398841.428 7.765 -3.436 
1703398841.527 7.831 -3.470 
1703398844.451 7.625 -3.599 
1703398844.452 7.625 -3.599 
1703398844.551 7.553 -3.631 
1703398844.651 7.469 -3.704 
1703398844.751 7.380 -3.794 
1703398844.852 7.314 -3.881 
1703398844.954 7.232 -3.972 
1703398845.054 7.152 -4.064 
1703398845.154 7.086 -4.155 
1703398845.255 7.020 -4.253 
1703398845.354 6.953 -4.349 
1703398845.463 6.885 -4.447 
1703398845.558 6.818 -4.546 
1703398845.655 6.751 -4.645 
1703398845.754 6.684 -4.743 
1703398845.856 6.615 -4.843 
1703398845.955 6.548 -4.940 
1703398846.055 6.479 -5.038 
1703398846.157 6.410 -5.136 
1703398846.256 6.343 -5.234 
1703398846.357 6.282 -5.320 
1703398846.456 6.236 -5.386 
1703398846.557 6.191 -5.453 
1703398846.656 6.144 -5.520 
1703398846.756 6.096 -5.588 
1703398846.856 6.050 -5.656 
1703398846.956 6.005 -5.722 
1703398847.056 5.961 -5.787 
1703398847.158 5.916 -5.852 
1703398847.257 5.875 -5.915 
1703398847.357 5.831 -5.980 
1703398847.457 5.789 -6.042 
1703398847.557 5.729 -6.139 
1703398847.657 5.665 -6.228 
1703398847.759 5.619 -6.305 
1703398847.858 5.573 -6.384 
1703398847.958 5.526 -6.468 
1703398848.059 5.485 -6.545 
1703398848.158 5.444 -6.622 
1703398848.257 5.402 -6.693 
1703398848.358 5.362 -6.764 
1703398848.458 5.321 -6.832 
1703398848.560 5.286 -6.907 
1703398848.659 5.260 -6.977 
1703398848.760 5.236 -7.048 
1703398848.860 5.211 -7.109 
1703398848.959 5.186 -7.167 
1703398849.060 5.160 -7.242 
1703398849.159 5.158 -7.351 
1703398849.259 5.151 -7.441 
1703398849.359 5.137 -7.507 
1703398849.459 5.135 -7.572 
1703398849.559 5.150 -7.641 
1703398849.659 5.177 -7.723 
1703398849.760 5.203 -7.790 
1703398849.861 5.228 -7.849 
1703398849.960 5.253 -7.898 
1703398850.061 5.302 -7.945 
1703398850.160 5.368 -7.989 
1703398850.261 5.416 -8.023 
1703398850.361 5.438 -8.045 
1703398850.461 5.462 -8.055 
1703398850.561 5.547 -8.056 
1703398850.660 5.613 -8.055 
1703398850.761 5.658 -8.052 
1703398850.863 5.687 -8.045 
1703398850.963 5.724 -8.023 
1703398851.063 5.774 -7.991 
1703398851.163 5.821 -7.964 
1703398851.263 5.854 -7.947 
1703398851.363 5.893 -7.930 
1703398851.464 5.936 -7.917 
1703398851.564 5.989 -7.895 
1703398851.664 6.067 -7.844 
1703398851.764 6.142 -7.785 
1703398851.864 6.207 -7.733 
1703398851.965 6.261 -7.697 
1703398852.064 6.309 -7.661 
1703398852.164 6.349 -7.625 
1703398852.265 6.393 -7.591 
1703398852.365 6.466 -7.553 
1703398852.465 6.540 -7.512 
1703398852.565 6.620 -7.470 
1703398852.665 6.701 -7.426 
1703398852.765 6.784 -7.381 
1703398852.868 6.873 -7.334 
1703398852.965 6.955 -7.290 
1703398853.065 7.026 -7.256 
1703398853.168 7.086 -7.221 
1703398853.266 7.138 -7.183 
1703398853.366 7.193 -7.142 
1703398853.466 7.261 -7.094 
1703398853.566 7.342 -7.044 
1703398853.667 7.414 -6.998 
1703398853.766 7.484 -6.953 
1703398853.868 7.558 -6.904 
1703398853.967 7.629 -6.862 
1703398854.071 7.706 -6.823 
1703398854.167 7.784 -6.782 
1703398854.267 7.865 -6.732 
1703398854.368 7.944 -6.685 
1703398854.467 8.030 -6.634 
1703398859.675 7.821 -6.111 
1703398859.676 7.821 -6.111 
1703398859.776 7.790 -6.110 
1703398859.877 7.715 -6.117 
1703398859.978 7.615 -6.126 
1703398860.077 7.515 -6.163 
1703398860.178 7.411 -6.210 
1703398860.277 7.304 -6.258 
1703398860.378 7.198 -6.304 
1703398860.478 7.087 -6.348 
1703398860.578 6.977 -6.391 
1703398860.679 6.868 -6.435 
1703398860.778 6.758 -6.481 
1703398860.878 6.661 -6.517 
1703398860.979 6.596 -6.549 
1703398861.080 6.536 -6.574 
1703398861.180 6.462 -6.599 
1703398861.279 6.387 -6.622 
1703398861.380 6.311 -6.645 
1703398861.479 6.237 -6.668 
1703398861.580 6.164 -6.693 
1703398861.679 6.090 -6.718 
1703398861.780 6.012 -6.744 
1703398861.881 5.936 -6.770 
1703398861.980 5.857 -6.796 
1703398862.081 5.780 -6.824 
1703398862.181 5.703 -6.851 
1703398862.281 5.627 -6.879 
1703398862.381 5.551 -6.904 
1703398862.481 5.478 -6.928 
1703398862.581 5.406 -6.949 
1703398862.682 5.335 -6.970 
1703398862.782 5.266 -6.993 
1703398862.882 5.204 -7.019 
1703398862.982 5.141 -7.034 
1703398863.081 5.073 -7.042 
1703398863.182 4.981 -7.056 
1703398863.282 4.868 -7.069 
1703398863.382 4.771 -7.076 
1703398863.482 4.700 -7.080 
1703398863.582 4.658 -7.081 
1703398863.683 4.617 -7.073 
1703398863.783 4.556 -7.068 
1703398863.883 4.473 -7.071 
1703398863.983 4.381 -7.060 
1703398864.084 4.299 -7.049 
1703398864.183 4.234 -7.041 
1703398864.284 4.175 -7.030 
1703398864.383 4.108 -7.018 
1703398864.484 4.036 -7.005 
1703398864.583 3.967 -6.994 
1703398864.684 3.897 -6.979 
1703398864.784 3.828 -6.965 
1703398864.884 3.764 -6.953 
1703398864.984 3.699 -6.940 
1703398865.085 3.619 -6.912 
1703398865.184 3.544 -6.882 
1703398865.284 3.473 -6.861 
1703398865.385 3.404 -6.840 
1703398865.485 3.346 -6.826 
1703398865.584 3.292 -6.806 
1703398865.685 3.219 -6.760 
1703398865.784 3.143 -6.704 
1703398865.885 3.077 -6.650 
1703398865.984 3.029 -6.612 
1703398866.085 2.979 -6.581 
1703398866.185 2.911 -6.540 
1703398866.286 2.837 -6.487 
1703398866.385 2.768 -6.443 
1703398866.485 2.707 -6.404 
1703398866.586 2.650 -6.361 
1703398866.686 2.593 -6.308 
1703398866.786 2.537 -6.260 
1703398866.886 2.480 -6.211 
1703398866.987 2.427 -6.160 
1703398867.087 2.375 -6.109 
1703398867.187 2.325 -6.064 
1703398867.287 2.274 -6.013 
1703398867.387 2.219 -5.940 
1703398867.487 2.165 -5.872 
1703398867.587 2.113 -5.806 
1703398867.688 2.054 -5.741 
1703398867.788 1.992 -5.679 
1703398867.887 1.929 -5.608 
1703398867.987 1.860 -5.533 
1703398868.088 1.791 -5.460 
1703398868.188 1.720 -5.382 
1703398868.288 1.646 -5.303 
1703398868.387 1.572 -5.224 
1703398868.488 1.495 -5.145 
1703398868.588 1.420 -5.065 
1703398868.688 1.335 -4.976 
1703398868.789 1.251 -4.893 
1703398868.889 1.164 -4.818 
1703398868.989 1.079 -4.744 
1703398869.088 0.998 -4.664 
1703398869.189 0.912 -4.590 
1703398869.289 0.824 -4.517 
1703398869.389 0.738 -4.445 
1703398869.489 0.646 -4.373 
1703398869.590 0.552 -4.304 
1703398869.689 0.460 -4.234 
1703398869.790 0.371 -4.165 
1703398869.890 0.281 -4.094 
1703398869.990 0.175 -4.027 
1703398870.090 0.072 -3.960 
1703398870.190 -0.026 -3.896 
1703398870.289 -0.120 -3.834 
1703398870.390 -0.225 -3.767 
1703398870.491 -0.331 -3.710 
1703398870.591 -0.436 -3.653 
1703398870.690 -0.547 -3.607 
1703398870.793 -0.665 -3.568 
1703398870.894 -0.786 -3.551 
1703398870.993 -0.909 -3.532 
1703398871.093 -1.016 -3.517 
1703398871.207 -1.099 -3.490 
1703398871.299 -1.166 -3.470 
1703398871.396 -1.242 -3.470 
1703398871.495 -1.339 -3.498 
1703398871.595 -1.446 -3.536 
1703398871.695 -1.560 -3.576 
1703398871.800 -1.648 -3.583 
1703398871.895 -1.704 -3.583 
1703398871.995 -1.782 -3.613 
1703398872.095 -1.868 -3.674 
1703398872.195 -1.960 -3.738 
1703398872.295 -2.038 -3.791 
1703398872.395 -2.114 -3.843 
1703398872.498 -2.190 -3.902 
1703398872.598 -2.268 -3.974 
1703398872.699 -2.345 -4.049 
1703398872.799 -2.418 -4.123 
1703398872.898 -2.498 -4.200 
1703398872.998 -2.580 -4.278 
1703398873.099 -2.666 -4.357 
1703398873.200 -2.741 -4.453 
1703398873.299 -2.812 -4.548 
1703398873.399 -2.889 -4.645 
1703398873.498 -2.969 -4.737 
1703398873.601 -3.038 -4.827 
1703398873.700 -3.107 -4.917 
1703398873.799 -3.173 -5.014 
1703398873.901 -3.240 -5.116 
1703398874.000 -3.305 -5.214 
1703398874.099 -3.368 -5.311 
1703398874.200 -3.429 -5.407 
1703398874.303 -3.495 -5.505 
1703398874.400 -3.557 -5.596 
1703398874.501 -3.620 -5.693 
1703398874.601 -3.684 -5.785 
1703398874.701 -3.745 -5.868 
1703398874.802 -3.804 -5.947 
1703398874.901 -3.864 -6.023 
1703398875.001 -3.934 -6.102 
1703398875.101 -3.998 -6.180 
1703398875.202 -4.059 -6.251 
1703398875.301 -4.112 -6.315 
1703398875.402 -4.167 -6.377 
1703398875.502 -4.234 -6.449 
1703398875.601 -4.301 -6.520 
1703398875.702 -4.367 -6.582 
1703398875.802 -4.424 -6.637 
1703398875.902 -4.485 -6.685 
1703398876.002 -4.579 -6.728 
1703398876.103 -4.669 -6.773 
1703398876.203 -4.738 -6.814 
1703398876.304 -4.788 -6.854 
1703398876.404 -4.860 -6.887 
1703398876.504 -4.968 -6.912 
1703398876.604 -5.070 -6.948 
1703398876.704 -5.153 -6.977 
1703398876.805 -5.234 -7.003 
1703398876.904 -5.319 -7.027 
1703398877.003 -5.407 -7.053 
1703398877.104 -5.507 -7.089 
1703398877.205 -5.594 -7.120 
1703398877.306 -5.674 -7.150 
1703398877.405 -5.756 -7.181 
1703398877.505 -5.834 -7.209 
1703398877.606 -5.915 -7.237 
1703398877.706 -5.994 -7.272 
1703398877.806 -6.070 -7.307 
1703398877.910 -6.143 -7.334 
1703398878.007 -6.211 -7.363 
1703398878.107 -6.293 -7.404 
1703398878.207 -6.400 -7.455 
1703398878.306 -6.490 -7.498 
1703398878.407 -6.565 -7.531 
1703398878.507 -6.629 -7.551 
1703398878.607 -6.692 -7.575 
1703398878.707 -6.756 -7.609 
1703398878.808 -6.829 -7.655 
1703398878.908 -6.899 -7.705 
1703398879.008 -6.954 -7.742 
1703398879.108 -7.004 -7.792 
1703398879.208 -7.055 -7.839 
1703398879.308 -7.109 -7.914 
1703398881.615 -7.200 -8.020 
1703398881.715 -7.122 -8.073 
1703398881.815 -7.013 -8.142 
1703398881.917 -6.903 -8.222 
1703398882.017 -6.815 -8.301 
1703398882.117 -6.757 -8.381 
1703398882.217 -6.673 -8.453 
1703398882.318 -6.569 -8.496 
1703398882.418 -6.487 -8.499 
1703398882.517 -6.390 -8.472 
1703398882.618 -6.265 -8.445 
1703398882.718 -6.159 -8.421 
1703398882.818 -6.076 -8.409 
1703398882.918 -5.987 -8.390 
1703398883.018 -5.889 -8.361 
1703398883.118 -5.792 -8.313 
1703398883.218 -5.700 -8.264 
1703398883.319 -5.613 -8.216 
1703398883.419 -5.524 -8.176 
1703398883.519 -5.434 -8.130 
1703398883.618 -5.347 -8.077 
1703398883.718 -5.258 -8.021 
1703398883.820 -5.169 -7.952 
1703398883.919 -5.084 -7.874 
1703398884.020 -5.007 -7.813 
1703398884.120 -4.926 -7.738 
1703398884.220 -4.850 -7.659 
1703398884.326 -4.779 -7.570 
1703398884.428 -4.714 -7.482 
1703398884.524 -4.642 -7.399 
1703398884.623 -4.575 -7.314 
1703398884.723 -4.512 -7.224 
1703398884.823 -4.450 -7.129 
1703398884.924 -4.392 -7.035 
1703398885.023 -4.339 -6.938 
1703398885.123 -4.289 -6.838 
1703398885.223 -4.240 -6.741 
1703398885.324 -4.197 -6.647 
1703398885.423 -4.163 -6.547 
1703398885.524 -4.122 -6.437 
1703398885.623 -4.084 -6.332 
1703398885.724 -4.050 -6.240 
1703398885.823 -4.031 -6.139 
1703398885.924 -4.022 -6.028 
1703398886.024 -4.003 -5.921 
1703398886.125 -3.983 -5.803 
1703398886.225 -3.974 -5.704 
1703398886.324 -3.958 -5.622 
1703398886.424 -3.955 -5.518 
1703398886.524 -3.962 -5.405 
1703398886.625 -3.971 -5.299 
1703398886.733 -3.982 -5.193 
1703398886.825 -3.988 -5.107 
1703398886.926 -3.994 -5.003 
1703398887.026 -4.037 -4.894 
1703398887.126 -4.072 -4.796 
1703398887.227 -4.112 -4.693 
1703398887.327 -4.155 -4.589 
1703398887.429 -4.204 -4.491 
1703398887.528 -4.271 -4.395 
1703398887.627 -4.340 -4.303 
1703398887.727 -4.410 -4.214 
1703398887.827 -4.488 -4.125 
1703398887.928 -4.567 -4.041 
1703398888.028 -4.654 -3.958 
1703398888.128 -4.742 -3.877 
1703398888.228 -4.834 -3.803 
1703398888.328 -4.927 -3.733 
1703398888.429 -5.021 -3.666 
1703398888.528 -5.114 -3.599 
1703398888.629 -5.215 -3.545 
1703398888.728 -5.322 -3.505 
1703398888.830 -5.435 -3.456 
1703398888.930 -5.536 -3.411 
1703398889.029 -5.637 -3.379 
1703398889.129 -5.744 -3.363 
1703398889.230 -5.854 -3.349 
1703398889.329 -5.956 -3.330 
1703398889.430 -6.061 -3.318 
1703398889.529 -6.148 -3.298 
1703398889.632 -6.246 -3.279 
1703398889.729 -6.342 -3.265 
1703398889.830 -6.437 -3.260 
1703398889.930 -6.528 -3.266 
1703398890.029 -6.616 -3.268 
1703398890.129 -6.705 -3.271 
1703398890.230 -6.795 -3.276 
1703398890.330 -6.878 -3.283 
1703398890.430 -6.957 -3.295 
1703398890.530 -7.034 -3.309 
1703398890.631 -7.111 -3.322 
1703398890.730 -7.209 -3.352 
1703398890.832 -7.325 -3.382 
1703398890.931 -7.429 -3.404 
1703398891.031 -7.491 -3.433 
1703398891.132 -7.559 -3.451 
1703398891.231 -7.639 -3.450 
1703398891.332 -7.695 -3.446 
1703398891.431 -7.754 -3.428 
1703398891.532 -7.827 -3.386 
1703398891.632 -7.890 -3.333 
1703398891.731 -7.921 -3.312 
1703398891.831 -7.928 -3.350 
1703398891.932 -7.942 -3.381 
1703398892.033 -7.951 -3.345 
1703398892.133 -7.929 -3.229 
1703398892.232 -7.949 -3.159 
1703398892.334 -7.987 -3.084 
1703398892.433 -7.954 -2.971 
1703398892.533 -7.941 -2.882 
1703398892.634 -7.927 -2.829 
1703398892.733 -7.878 -2.772 
1703398892.834 -7.790 -2.686 
1703398892.934 -7.706 -2.608 
1703398893.034 -7.681 -2.549 
1703398893.134 -7.636 -2.482 
1703398893.234 -7.548 -2.434 
1703398893.334 -7.431 -2.369 
1703398893.435 -7.335 -2.339 
1703398893.534 -7.250 -2.315 
1703398893.640 -7.149 -2.272 
1703398893.734 -7.052 -2.207 
1703398893.835 -6.955 -2.142 
1703398893.935 -6.878 -2.093 
1703398894.035 -6.802 -2.049 
1703398894.136 -6.733 -2.005 
1703398894.236 -6.674 -1.966 
1703398894.336 -6.585 -1.931 
1703398894.435 -6.487 -1.895 
1703398894.536 -6.393 -1.861 
1703398894.636 -6.291 -1.834 
1703398894.737 -6.190 -1.805 
1703398894.836 -6.091 -1.781 
1703398894.936 -5.994 -1.760 
1703398895.037 -5.896 -1.741 
1703398895.137 -5.800 -1.725 
1703398895.237 -5.707 -1.711 
1703398895.337 -5.618 -1.700 
1703398895.437 -5.524 -1.693 
1703398895.538 -5.430 -1.685 
1703398895.637 -5.349 -1.674 
1703398895.737 -5.259 -1.674 
1703398895.838 -5.173 -1.670 
1703398895.938 -5.095 -1.666 
1703398896.037 -5.005 -1.670 
1703398896.138 -4.910 -1.678 
1703398896.238 -4.816 -1.681 
1703398896.338 -4.730 -1.681 
1703398896.438 -4.643 -1.683 
1703398896.538 -4.548 -1.688 
1703398896.638 -4.450 -1.695 
1703398896.739 -4.355 -1.701 
1703398896.839 -4.256 -1.707 
1703398896.939 -4.160 -1.709 
1703398897.039 -4.062 -1.713 
1703398897.139 -3.959 -1.716 
1703398897.240 -3.858 -1.718 
1703398897.340 -3.759 -1.722 
1703398897.439 -3.658 -1.725 
1703398897.539 -3.551 -1.722 
1703398897.640 -3.451 -1.721 
1703398897.739 -3.352 -1.720 
1703398897.840 -3.247 -1.722 
1703398897.940 -3.142 -1.723 
1703398898.040 -3.037 -1.718 
1703398898.140 -2.936 -1.705 
1703398898.240 -2.836 -1.693 
1703398898.340 -2.733 -1.686 
1703398898.441 -2.631 -1.677 
1703398898.541 -2.533 -1.666 
1703398898.640 -2.439 -1.648 
1703398898.742 -2.344 -1.625 
1703398898.842 -2.243 -1.596 
1703398898.943 -2.142 -1.570 
1703398899.042 -2.053 -1.551 
1703398899.143 -1.973 -1.532 
1703398899.243 -1.897 -1.503 
1703398899.343 -1.817 -1.464 
1703398899.444 -1.710 -1.385 
1703398899.543 -1.623 -1.332 
1703398899.644 -1.542 -1.279 
1703398899.743 -1.463 -1.203 
1703398899.844 -1.381 -1.122 
1703398899.944 -1.296 -1.046 
1703398900.046 -1.223 -0.977 
1703398900.144 -1.153 -0.908 
1703398900.245 -1.080 -0.840 
1703398900.344 -1.009 -0.781 
1703398900.444 -0.949 -0.741 
1703398900.545 -0.886 -0.727 
1703398900.644 -0.825 -0.680 
1703398900.744 -0.782 -0.587 
1703398900.845 -0.728 -0.481 
1703398900.945 -0.671 -0.401 
1703398901.045 -0.624 -0.332 
1703398901.145 -0.593 -0.251 
1703398901.246 -0.565 -0.156 
1703398901.345 -0.533 -0.066 
1703398901.455 -0.500 0.026 
1703398901.548 -0.480 0.113 
1703398901.646 -0.459 0.204 
1703398901.747 -0.445 0.303 
1703398901.845 -0.451 0.411 
1703398901.946 -0.464 0.522 
1703398902.046 -0.482 0.629 
1703398902.147 -0.505 0.733 
1703398902.247 -0.531 0.836 
1703398902.347 -0.580 0.943 
1703398902.446 -0.637 1.042 
1703398902.547 -0.703 1.136 
1703398902.647 -0.776 1.227 
1703398902.747 -0.857 1.308 
1703398902.847 -0.941 1.385 
1703398902.947 -1.024 1.463 
1703398903.048 -1.104 1.540 
1703398903.148 -1.199 1.618 
1703398903.248 -1.302 1.690 
1703398903.348 -1.395 1.765 
1703398903.448 -1.484 1.834 
1703398903.548 -1.579 1.897 
1703398903.649 -1.686 1.947 
1703398903.748 -1.782 1.997 
1703398903.848 -1.878 2.045 
1703398903.948 -1.985 2.090 
1703398904.049 -2.089 2.130 
1703398904.148 -2.181 2.165 
1703398904.248 -2.274 2.200 
1703398904.349 -2.372 2.235 
1703398904.449 -2.471 2.264 
1703398904.549 -2.569 2.288 
1703398904.649 -2.665 2.309 
1703398904.751 -2.762 2.326 
1703398904.849 -2.861 2.331 
1703398904.949 -2.958 2.337 
1703398905.049 -3.050 2.342 
1703398905.151 -3.147 2.344 
1703398905.250 -3.237 2.347 
1703398905.351 -3.344 2.355 
1703398905.450 -3.447 2.359 
1703398905.551 -3.541 2.357 
1703398905.650 -3.639 2.355 
1703398905.750 -3.738 2.349 
1703398905.850 -3.839 2.343 
1703398905.952 -3.936 2.337 
1703398906.050 -4.030 2.332 
1703398906.151 -4.129 2.328 
1703398906.250 -4.225 2.321 
1703398906.351 -4.325 2.312 
1703398906.454 -4.420 2.305 
1703398906.551 -4.505 2.301 
1703398906.651 -4.599 2.303 
1703398906.752 -4.695 2.303 
1703398906.851 -4.788 2.300 
1703398906.951 -4.880 2.295 
1703398907.051 -4.969 2.292 
1703398907.152 -5.055 2.291 
1703398907.253 -5.141 2.291 
1703398907.352 -5.226 2.288 
1703398907.452 -5.312 2.289 
1703398907.552 -5.398 2.285 
1703398907.652 -5.483 2.280 
1703398907.752 -5.564 2.277 
1703398907.853 -5.644 2.276 
1703398907.953 -5.725 2.274 
1703398908.053 -5.810 2.271 
1703398908.154 -5.894 2.269 
1703398908.253 -5.975 2.266 
1703398908.354 -6.057 2.262 
1703398908.453 -6.135 2.257 
1703398908.553 -6.211 2.253 
1703398908.653 -6.290 2.248 
1703398908.754 -6.383 2.249 
1703398908.854 -6.471 2.247 
1703398908.953 -6.551 2.239 
1703398909.054 -6.627 2.228 
1703398909.154 -6.701 2.215 
1703398909.254 -6.783 2.197 
1703398909.354 -6.867 2.183 
1703398909.454 -6.946 2.166 
1703398909.554 -7.021 2.150 
1703398909.654 -7.097 2.134 
1703398909.755 -7.169 2.117 
1703398909.855 -7.246 2.098 
1703398909.955 -7.321 2.080 
1703398910.055 -7.433 2.055 
1703398910.154 -7.541 2.030 
1703398910.255 -7.631 2.010 
1703398910.356 -7.724 1.993 
1703398910.455 -7.814 1.980 
1703398910.556 -7.906 1.963 
1703398910.656 -7.996 1.944 
1703398910.756 -8.084 1.930 
1703398910.856 -8.181 1.921 
1703398910.956 -8.275 1.911 
1703398911.056 -8.374 1.900 
1703398911.155 -8.478 1.887 
1703398919.872 -9.257 1.372 
1703398919.873 -9.257 1.372 
1703398919.975 -9.206 1.392 
1703398920.075 -9.153 1.412 
1703398920.175 -9.104 1.443 
1703398920.276 -9.057 1.501 
1703398920.376 -9.018 1.543 
1703398920.475 -8.970 1.616 
1703398920.576 -8.889 1.725 
1703398920.676 -8.800 1.822 
1703398920.775 -8.717 1.895 
1703398920.876 -8.651 1.979 
1703398920.976 -8.569 2.060 
1703398921.076 -8.479 2.144 
1703398921.176 -8.393 2.228 
1703398921.275 -8.308 2.310 
1703398921.376 -8.220 2.395 
1703398921.477 -8.130 2.479 
1703398921.577 -8.033 2.562 
1703398921.678 -7.945 2.645 
1703398921.778 -7.855 2.731 
1703398921.878 -7.764 2.816 
1703398921.978 -7.685 2.879 
1703398922.078 -7.614 2.929 
1703398922.177 -7.553 3.056 
1703398922.278 -7.478 3.159 
1703398922.378 -7.424 3.277 
1703398922.478 -7.403 3.413 
1703398922.578 -7.398 3.556 
1703398922.680 -7.424 3.656 
1703398922.779 -7.413 3.808 
1703398922.879 -7.419 3.927 
1703398922.979 -7.427 4.042 
1703398923.079 -7.392 4.186 
1703398923.178 -7.336 4.285 
1703398923.279 -7.294 4.374 
1703398923.380 -7.284 4.458 
1703398923.480 -7.254 4.580 
1703398923.580 -7.232 4.702 
1703398923.680 -7.211 4.819 
1703398923.780 -7.195 4.937 
1703398923.880 -7.180 5.053 
1703398923.980 -7.163 5.171 
1703398924.080 -7.154 5.281 
1703398924.180 -7.135 5.383 
1703398924.280 -7.139 5.509 
1703398924.381 -7.163 5.635 
1703398924.480 -7.186 5.700 
1703398924.581 -7.225 5.811 
1703398924.680 -7.265 5.917 
1703398924.786 -7.309 6.037 
1703398924.883 -7.345 6.157 
1703398924.982 -7.366 6.280 
1703398925.082 -7.350 6.389 
1703398925.182 -7.323 6.487 
1703398925.282 -7.307 6.609 
1703398925.381 -7.294 6.722 
1703398925.481 -7.289 6.825 
1703398925.582 -7.282 6.922 
1703398925.682 -7.274 7.022 
1703398925.782 -7.266 7.122 
1703398925.882 -7.259 7.223 
1703398925.982 -7.259 7.312 
1703398926.082 -7.265 7.385 
1703398926.183 -7.239 7.410 
1703398927.887 -7.054 7.319 
1703398927.987 -7.091 7.313 
1703398928.088 -7.229 7.308 
1703398928.188 -7.336 7.319 
1703398928.287 -7.408 7.343 
1703398928.387 -7.452 7.370 
1703398928.488 -7.490 7.385 
1703398928.588 -7.533 7.399 
1703398928.689 -7.595 7.370 
1703398928.788 -7.663 7.294 
1703398928.888 -7.726 7.224 
1703398928.991 -7.786 7.149 
1703398929.091 -7.901 7.060 
1703398929.191 -8.030 6.972 
1703398929.291 -8.142 6.901 
1703398932.798 -8.318 6.713 
1703398932.799 -8.318 6.713 
1703398932.899 -8.279 6.664 
1703398932.999 -8.191 6.572 
1703398933.100 -8.093 6.467 
1703398933.199 -8.015 6.379 
1703398933.300 -7.949 6.284 
1703398933.401 -7.877 6.188 
1703398933.499 -7.796 6.096 
1703398933.600 -7.718 6.002 
1703398933.700 -7.641 5.913 
1703398933.800 -7.563 5.826 
1703398933.901 -7.483 5.741 
1703398934.000 -7.402 5.653 
1703398934.101 -7.318 5.569 
1703398934.200 -7.232 5.488 
1703398934.304 -7.140 5.405 
1703398934.403 -7.052 5.325 
1703398934.503 -6.966 5.243 
1703398934.602 -6.875 5.167 
1703398934.702 -6.782 5.094 
1703398934.802 -6.688 5.021 
1703398934.903 -6.593 4.943 
1703398935.002 -6.492 4.875 
1703398935.103 -6.394 4.807 
1703398935.202 -6.301 4.741 
1703398935.302 -6.198 4.677 
1703398935.403 -6.098 4.612 
1703398935.504 -5.997 4.545 
1703398935.603 -5.898 4.476 
1703398935.704 -5.800 4.406 
1703398935.803 -5.702 4.340 
1703398935.904 -5.600 4.270 
1703398936.004 -5.505 4.205 
1703398936.104 -5.420 4.141 
1703398936.204 -5.335 4.074 
1703398936.304 -5.246 4.008 
1703398936.404 -5.154 3.935 
1703398936.504 -5.063 3.866 
1703398936.605 -4.975 3.793 
1703398936.704 -4.882 3.717 
1703398936.805 -4.790 3.640 
1703398936.905 -4.698 3.563 
1703398937.005 -4.606 3.487 
1703398937.104 -4.515 3.411 
1703398937.205 -4.421 3.333 
1703398937.306 -4.329 3.254 
1703398937.406 -4.235 3.179 
1703398937.505 -4.144 3.101 
1703398937.607 -4.051 3.021 
1703398937.706 -3.961 2.942 
1703398937.806 -3.870 2.862 
1703398937.906 -3.780 2.782 
1703398938.006 -3.691 2.705 
1703398938.106 -3.610 2.637 
1703398938.207 -3.528 2.577 
1703398938.306 -3.447 2.523 
1703398938.407 -3.368 2.465 
1703398938.508 -3.285 2.403 
1703398938.607 -3.209 2.358 
1703398938.707 -3.172 2.317 
1703398938.807 -3.115 2.294 
1703398938.907 -3.011 2.258 
1703398939.007 -2.910 2.217 
1703398939.107 -2.816 2.179 
1703398939.208 -2.737 2.143 
1703398939.307 -2.671 2.107 
1703398939.408 -2.581 2.075 
1703398939.508 -2.484 2.046 
1703398939.609 -2.388 2.013 
1703398939.708 -2.292 1.981 
1703398939.808 -2.196 1.950 
1703398939.908 -2.098 1.918 
1703398940.008 -1.994 1.879 
1703398940.108 -1.889 1.834 
1703398940.209 -1.783 1.789 
1703398940.309 -1.683 1.746 
1703398940.409 -1.584 1.703 
1703398940.510 -1.482 1.659 
1703398940.609 -1.383 1.609 
1703398940.709 -1.282 1.553 
1703398940.809 -1.183 1.495 
1703398940.911 -1.088 1.438 
1703398941.009 -1.003 1.380 
1703398941.109 -0.924 1.313 
1703398941.210 -0.843 1.239 
1703398941.310 -0.761 1.149 
1703398941.409 -0.684 1.049 
1703398941.510 -0.611 0.978 
1703398941.611 -0.542 0.916 
1703398941.711 -0.482 0.832 
1703398941.812 -0.448 0.717 
1703398941.912 -0.429 0.590 
1703398942.011 -0.414 0.456 
1703398942.112 -0.383 0.346 
1703398942.213 -0.357 0.236 
1703398942.312 -0.361 0.166 
1703398942.413 -0.395 0.074 
1703398942.513 -0.433 -0.055 
1703398942.612 -0.474 -0.160 
1703398942.714 -0.511 -0.266 
1703398942.813 -0.552 -0.363 
1703398942.914 -0.631 -0.463 
1703398943.014 -0.712 -0.564 
1703398943.115 -0.782 -0.659 
1703398943.214 -0.847 -0.754 
1703398943.314 -0.907 -0.847 
1703398943.414 -0.990 -0.935 
1703398943.514 -1.076 -1.026 
1703398943.615 -1.152 -1.117 
1703398943.715 -1.246 -1.198 
1703398943.815 -1.341 -1.276 
1703398943.914 -1.429 -1.356 
1703398944.015 -1.516 -1.435 
1703398944.115 -1.611 -1.511 
1703398944.215 -1.715 -1.584 
1703398944.315 -1.806 -1.659 
1703398944.416 -1.904 -1.736 
1703398944.516 -1.999 -1.812 
1703398944.615 -2.095 -1.885 
1703398944.716 -2.193 -1.956 
1703398944.816 -2.296 -2.024 
1703398944.917 -2.399 -2.092 
1703398945.016 -2.500 -2.155 
1703398945.116 -2.603 -2.218 
1703398945.216 -2.693 -2.278 
1703398945.317 -2.781 -2.343 
1703398945.417 -2.869 -2.408 
1703398945.517 -2.957 -2.469 
1703398945.617 -3.047 -2.536 
1703398945.721 -3.140 -2.604 
1703398945.817 -3.224 -2.665 
1703398945.919 -3.314 -2.737 
1703398946.017 -3.405 -2.810 
1703398946.117 -3.496 -2.882 
1703398946.217 -3.589 -2.952 
1703398946.318 -3.684 -3.025 
1703398946.418 -3.774 -3.097 
1703398946.518 -3.864 -3.164 
1703398946.618 -3.951 -3.231 
1703398946.717 -4.037 -3.299 
1703398946.818 -4.119 -3.369 
1703398946.918 -4.198 -3.449 
1703398947.018 -4.274 -3.510 
1703398947.118 -4.345 -3.561 
1703398947.218 -4.408 -3.628 
1703398947.319 -4.463 -3.695 
1703398947.418 -4.506 -3.772 
1703398947.519 -4.530 -3.843 
1703398947.619 -4.546 -3.913 
1703398947.719 -4.580 -3.999 
1703398947.819 -4.596 -4.115 
1703398947.919 -4.616 -4.228 
1703398948.019 -4.599 -4.333 
1703398948.119 -4.568 -4.425 
1703398948.220 -4.526 -4.499 
1703398948.321 -4.460 -4.583 
1703398948.421 -4.399 -4.671 
1703398948.520 -4.346 -4.728 
1703398948.620 -4.310 -4.767 
1703398948.720 -4.270 -4.831 
1703398948.820 -4.212 -4.917 
1703398948.921 -4.150 -4.999 
1703398949.021 -4.100 -5.080 
1703398949.121 -4.061 -5.156 
1703398949.220 -4.023 -5.238 
1703398949.321 -3.999 -5.335 
1703398949.421 -3.998 -5.443 
1703398949.521 -3.984 -5.533 
1703398949.621 -3.971 -5.623 
1703398949.721 -3.975 -5.731 
1703398949.821 -3.982 -5.835 
1703398949.922 -3.991 -5.929 
1703398950.021 -4.012 -6.023 
1703398950.122 -4.062 -6.120 
1703398950.221 -4.111 -6.205 
1703398950.321 -4.149 -6.288 
1703398950.421 -4.184 -6.366 
1703398950.522 -4.241 -6.450 
1703398950.622 -4.313 -6.540 
1703398950.722 -4.373 -6.621 
1703398950.822 -4.412 -6.695 
1703398950.923 -4.475 -6.764 
1703398951.023 -4.547 -6.824 
1703398951.124 -4.601 -6.881 
1703398951.225 -4.646 -6.932 
1703398951.327 -4.729 -6.979 
1703398951.424 -4.835 -7.015 
1703398951.524 -4.900 -7.050 
1703398951.625 -4.952 -7.075 
1703398951.724 -5.030 -7.071 
1703398951.824 -5.155 -7.028 
1703398951.925 -5.245 -6.988 
1703398952.024 -5.299 -6.965 
1703398952.126 -5.329 -6.953 
1703398952.225 -5.375 -6.924 
1703398952.325 -5.466 -6.889 
1703398952.425 -5.568 -6.858 
1703398952.526 -5.657 -6.832 
1703398952.628 -5.732 -6.816 
1703398952.725 -5.785 -6.803 
1703398952.826 -5.850 -6.788 
1703398952.926 -5.936 -6.773 
1703398953.027 -6.066 -6.770 
1703398953.144 -6.190 -6.775 
1703398953.241 -6.314 -6.775 
1703398953.339 -6.431 -6.783 
1703398953.439 -6.525 -6.795 
1703398953.539 -6.609 -6.811 
1703398953.639 -6.681 -6.820 
1703398953.739 -6.743 -6.830 
1703398953.840 -6.815 -6.834 
1703398953.940 -6.913 -6.841 
1703398954.039 -7.031 -6.852 
1703398954.142 -7.155 -6.862 
1703398954.240 -7.253 -6.881 
1703398954.340 -7.354 -6.897 
1703398954.439 -7.467 -6.903 
1703398954.540 -7.583 -6.902 
1703398954.641 -7.697 -6.878 
1703398954.741 -7.809 -6.837 
