1703398192.039 3.222 1.745 
1703398192.040 3.222 1.745 
1703398192.144 3.244 1.779 
1703398192.240 3.249 1.887 
1703398192.341 3.247 2.033 
1703398192.441 3.264 2.156 
1703398193.646 3.388 2.099 
1703398193.746 3.401 2.088 
1703398193.847 3.383 2.062 
1703398193.950 3.355 2.044 
1703398194.047 3.428 2.091 
1703398194.147 3.521 2.181 
1703398194.248 3.604 2.295 
1703398194.348 3.695 2.400 
1703398194.448 3.743 2.473 
1703398194.549 3.790 2.547 
1703398194.648 3.863 2.624 
1703398194.749 3.941 2.719 
1703398194.848 4.016 2.815 
1703398194.949 4.089 2.909 
1703398195.049 4.149 3.000 
1703398195.149 4.236 3.090 
1703398195.250 4.347 3.164 
1703398195.349 4.369 3.210 
1703398197.153 4.451 3.092 
1703398197.253 4.392 3.144 
1703398197.354 4.304 3.247 
1703398197.454 4.290 3.305 
1703398197.553 4.309 3.311 
1703398198.857 4.252 3.130 
1703398198.957 4.235 3.097 
1703398199.057 4.203 3.004 
1703398199.156 4.186 2.889 
1703398199.258 4.179 2.740 
1703398199.359 4.163 2.640 
1703398199.457 4.155 2.587 
1703398199.558 4.172 2.516 
1703398199.658 4.180 2.431 
1703398199.757 4.189 2.336 
1703398199.860 4.206 2.267 
1703398199.960 4.243 2.259 
1703398200.061 4.251 2.248 
1703398200.160 4.247 2.219 
1703398200.260 4.189 2.160 
1703398200.361 4.087 2.080 
1703398200.461 3.957 1.984 
1703398200.562 3.830 1.877 
1703398200.661 3.752 1.807 
1703398200.761 3.699 1.763 
1703398200.864 3.641 1.709 
1703398200.962 3.559 1.625 
1703398201.062 3.480 1.527 
1703398201.162 3.409 1.445 
1703398201.262 3.341 1.367 
1703398201.362 3.273 1.283 
1703398201.462 3.232 1.194 
1703398201.562 3.194 1.090 
1703398201.662 3.167 0.986 
1703398201.763 3.157 0.869 
1703398201.862 3.174 0.735 
1703398201.963 3.171 0.613 
1703398202.063 3.178 0.487 
1703398202.163 3.212 0.356 
1703398202.263 3.274 0.236 
1703398202.363 3.357 0.137 
1703398202.464 3.460 0.057 
1703398202.564 3.578 0.003 
1703398202.664 3.696 -0.003 
1703398202.765 3.824 0.024 
1703398202.865 3.937 0.050 
1703398202.967 4.021 0.089 
1703398203.067 4.128 0.117 
1703398203.168 4.252 0.115 
1703398203.268 4.367 0.102 
1703398203.368 4.451 0.090 
1703398203.469 4.477 0.079 
1703398203.569 4.572 0.032 
1703398203.669 4.682 -0.035 
1703398203.769 4.769 -0.120 
1703398203.869 4.875 -0.196 
1703398206.474 4.950 -0.511 
1703398206.574 4.942 -0.473 
1703398208.581 5.091 -0.019 
1703398208.582 5.091 -0.018 
1703398208.681 5.180 0.010 
1703398208.780 5.276 0.036 
1703398208.881 5.382 0.095 
1703398208.983 5.491 0.185 
1703398209.080 5.572 0.251 
1703398209.181 5.668 0.319 
1703398209.281 5.762 0.389 
1703398209.382 5.861 0.456 
1703398209.481 5.961 0.520 
1703398209.581 6.058 0.584 
1703398209.681 6.149 0.647 
1703398209.781 6.253 0.707 
1703398209.882 6.356 0.766 
1703398209.981 6.457 0.823 
1703398210.082 6.554 0.882 
1703398210.182 6.655 0.938 
1703398210.282 6.753 0.986 
1703398210.383 6.839 1.028 
1703398210.482 6.897 1.057 
1703398210.583 6.952 1.084 
1703398210.682 7.027 1.116 
1703398210.782 7.134 1.163 
1703398210.882 7.237 1.210 
1703398210.982 7.327 1.255 
1703398211.083 7.399 1.301 
1703398211.183 7.472 1.347 
1703398211.283 7.555 1.405 
1703398211.383 7.640 1.466 
1703398211.484 7.715 1.523 
1703398211.583 7.786 1.571 
1703398211.683 7.850 1.617 
1703398211.783 7.919 1.675 
1703398211.884 7.987 1.733 
1703398211.984 8.048 1.775 
1703398212.084 8.111 1.813 
1703398212.184 8.165 1.851 
1703398212.284 8.213 1.890 
1703398212.384 8.256 1.931 
1703398212.484 8.359 1.951 
1703398212.585 8.437 1.968 
1703398212.684 8.463 2.004 
1703398212.785 8.523 1.982 
1703398212.884 8.582 1.925 
1703398213.990 8.483 1.832 
1703398214.090 8.503 1.809 
1703398214.190 8.513 1.753 
1703398214.290 8.489 1.697 
1703398214.390 8.458 1.639 
1703398214.495 8.440 1.573 
1703398214.592 8.427 1.508 
1703398214.692 8.414 1.427 
1703398214.791 8.400 1.345 
1703398214.891 8.375 1.266 
1703398214.992 8.353 1.181 
1703398215.092 8.315 1.089 
1703398215.192 8.276 0.996 
1703398215.296 8.234 0.902 
1703398215.391 8.208 0.835 
1703398215.493 8.195 0.783 
1703398215.593 8.166 0.738 
1703398215.694 8.128 0.664 
1703398215.792 8.095 0.585 
1703398215.894 8.060 0.506 
1703398215.994 8.029 0.429 
1703398216.093 7.997 0.353 
1703398216.193 7.966 0.276 
1703398216.293 7.936 0.200 
1703398216.393 7.904 0.121 
1703398216.494 7.872 0.041 
1703398216.593 7.838 -0.040 
1703398216.694 7.805 -0.124 
1703398216.794 7.775 -0.207 
1703398216.893 7.743 -0.292 
1703398216.994 7.707 -0.377 
1703398217.094 7.664 -0.459 
1703398217.193 7.620 -0.540 
1703398217.294 7.574 -0.622 
1703398217.395 7.537 -0.702 
1703398217.494 7.495 -0.783 
1703398217.595 7.447 -0.862 
1703398217.695 7.398 -0.940 
1703398217.795 7.344 -1.021 
1703398217.895 7.294 -1.100 
1703398217.995 7.248 -1.179 
1703398218.094 7.197 -1.256 
1703398218.195 7.140 -1.331 
1703398218.296 7.081 -1.406 
1703398218.396 7.021 -1.478 
1703398218.495 6.971 -1.548 
1703398218.596 6.926 -1.615 
1703398218.696 6.876 -1.678 
1703398218.796 6.824 -1.738 
1703398218.896 6.772 -1.795 
1703398218.997 6.718 -1.853 
1703398219.097 6.651 -1.899 
1703398219.197 6.547 -1.945 
1703398219.297 6.458 -1.995 
1703398219.396 6.413 -2.036 
1703398219.496 6.373 -2.077 
1703398219.597 6.314 -2.121 
1703398219.697 6.209 -2.141 
1703398219.797 6.118 -2.170 
1703398219.897 6.009 -2.170 
1703398219.997 5.895 -2.114 
1703398220.097 5.791 -2.045 
1703398220.197 5.697 -1.957 
1703398220.297 5.622 -1.854 
1703398220.397 5.571 -1.734 
1703398220.498 5.563 -1.610 
1703398220.601 5.576 -1.487 
1703398220.698 5.607 -1.411 
1703398220.798 5.629 -1.356 
1703398220.897 5.627 -1.298 
1703398220.998 5.610 -1.233 
1703398221.102 5.604 -1.177 
1703398221.202 5.604 -1.125 
1703398221.299 5.594 -1.061 
1703398221.400 5.557 -0.979 
1703398221.501 5.512 -0.903 
1703398221.601 5.473 -0.842 
1703398221.700 5.435 -0.775 
1703398221.800 5.385 -0.699 
1703398221.900 5.330 -0.621 
1703398222.000 5.269 -0.548 
1703398222.100 5.204 -0.477 
1703398222.200 5.135 -0.404 
1703398222.301 5.070 -0.322 
1703398222.401 5.000 -0.234 
1703398222.501 4.926 -0.158 
1703398222.601 4.875 -0.120 
1703398222.701 4.842 -0.090 
1703398222.801 4.835 -0.065 
1703398222.901 4.782 -0.051 
1703398223.003 4.661 -0.060 
1703398223.102 4.571 -0.046 
1703398223.202 4.482 -0.036 
1703398223.302 4.380 -0.052 
1703398223.402 4.278 -0.078 
1703398223.502 4.183 -0.099 
1703398223.601 4.084 -0.127 
1703398223.703 3.986 -0.166 
1703398223.803 3.903 -0.214 
1703398223.903 3.823 -0.272 
1703398224.003 3.731 -0.332 
1703398224.103 3.643 -0.381 
1703398224.203 3.579 -0.410 
1703398224.304 3.520 -0.448 
1703398224.403 3.461 -0.521 
1703398224.503 3.412 -0.618 
1703398224.604 3.368 -0.700 
1703398224.704 3.325 -0.768 
1703398224.803 3.278 -0.838 
1703398224.904 3.228 -0.913 
1703398225.004 3.181 -0.993 
1703398225.104 3.132 -1.070 
1703398225.204 3.082 -1.148 
1703398225.304 3.037 -1.226 
1703398225.404 2.998 -1.308 
1703398225.505 2.960 -1.387 
1703398225.605 2.926 -1.466 
1703398225.704 2.891 -1.537 
1703398225.804 2.858 -1.599 
1703398225.905 2.831 -1.661 
1703398226.005 2.814 -1.759 
1703398226.105 2.807 -1.858 
1703398226.205 2.812 -1.945 
1703398226.306 2.825 -2.029 
1703398226.405 2.837 -2.118 
1703398226.506 2.841 -2.241 
1703398226.605 2.845 -2.363 
1703398226.706 2.848 -2.469 
1703398226.806 2.850 -2.556 
1703398226.906 2.855 -2.638 
1703398227.006 2.864 -2.713 
1703398227.106 2.847 -2.788 
1703398227.205 2.819 -2.855 
1703398227.307 2.783 -2.934 
1703398227.406 2.726 -3.044 
1703398227.507 2.664 -3.156 
1703398227.607 2.578 -3.241 
1703398227.707 2.468 -3.295 
1703398227.807 2.344 -3.313 
1703398227.906 2.221 -3.295 
1703398228.007 2.120 -3.230 
1703398228.107 2.029 -3.153 
1703398228.208 1.942 -3.077 
1703398228.307 1.851 -3.017 
1703398228.408 1.764 -2.939 
1703398228.508 1.682 -2.861 
1703398228.608 1.596 -2.780 
1703398228.708 1.515 -2.688 
1703398228.807 1.442 -2.594 
1703398228.908 1.366 -2.499 
1703398229.008 1.292 -2.406 
1703398229.108 1.214 -2.314 
1703398229.209 1.143 -2.230 
1703398229.311 1.084 -2.157 
1703398229.408 1.038 -2.080 
1703398229.508 1.001 -1.948 
1703398229.608 0.966 -1.838 
1703398229.709 0.932 -1.759 
1703398229.809 0.907 -1.683 
1703398229.910 0.888 -1.575 
1703398230.009 0.871 -1.451 
1703398230.110 0.878 -1.351 
1703398230.209 0.889 -1.257 
1703398230.310 0.889 -1.238 
1703398230.410 0.883 -1.159 
1703398230.510 0.866 -1.072 
1703398230.611 0.847 -0.961 
1703398230.710 0.814 -0.840 
1703398230.811 0.778 -0.721 
1703398230.911 0.740 -0.615 
1703398231.011 0.699 -0.530 
1703398231.111 0.672 -0.447 
1703398231.212 0.665 -0.367 
1703398231.312 0.663 -0.291 
1703398231.412 0.671 -0.209 
1703398231.511 0.698 -0.115 
1703398231.612 0.719 -0.026 
1703398231.712 0.738 0.056 
1703398231.812 0.732 0.104 
1703398231.913 0.760 0.160 
1703398232.013 0.812 0.228 
1703398232.112 0.861 0.313 
1703398232.212 0.911 0.384 
1703398232.313 0.966 0.443 
1703398232.412 1.018 0.513 
1703398232.512 1.069 0.589 
1703398232.613 1.118 0.662 
1703398232.713 1.173 0.732 
1703398232.813 1.231 0.805 
1703398232.913 1.290 0.879 
1703398233.014 1.350 0.950 
1703398233.113 1.411 1.020 
1703398233.214 1.470 1.090 
1703398233.314 1.533 1.163 
1703398233.413 1.592 1.226 
1703398233.514 1.649 1.300 
1703398233.614 1.702 1.371 
1703398233.714 1.752 1.439 
1703398233.814 1.810 1.508 
1703398233.915 1.891 1.601 
1703398234.015 1.958 1.676 
1703398234.115 2.010 1.731 
1703398234.214 2.048 1.802 
1703398234.315 2.081 1.903 
1703398234.415 2.119 2.016 
1703398234.515 2.159 2.129 
1703398234.615 2.201 2.233 
1703398234.716 2.237 2.327 
1703398234.816 2.264 2.409 
1703398234.917 2.292 2.485 
1703398235.017 2.322 2.550 
1703398235.117 2.355 2.612 
1703398235.224 2.375 2.699 
1703398235.320 2.379 2.811 
1703398235.418 2.379 2.951 
1703398235.519 2.382 3.082 
1703398235.618 2.409 3.151 
1703398235.719 2.434 3.217 
1703398235.818 2.431 3.281 
1703398235.918 2.399 3.377 
1703398236.019 2.375 3.514 
1703398236.118 2.352 3.610 
1703398236.218 2.320 3.690 
1703398236.318 2.270 3.794 
1703398236.419 2.217 3.908 
1703398236.520 2.176 3.984 
1703398236.620 2.149 4.045 
1703398236.720 2.120 4.111 
1703398236.820 2.048 4.203 
1703398236.919 1.992 4.292 
1703398239.424 2.166 4.299 
1703398239.425 2.166 4.299 
1703398239.525 2.228 4.333 
1703398239.626 2.343 4.423 
1703398239.725 2.462 4.508 
1703398239.825 2.551 4.572 
1703398239.926 2.633 4.648 
1703398240.025 2.735 4.728 
1703398240.125 2.821 4.802 
1703398240.226 2.898 4.852 
1703398240.326 2.973 4.908 
1703398240.425 3.042 4.966 
1703398240.526 3.116 5.028 
1703398240.626 3.188 5.088 
1703398240.726 3.259 5.147 
1703398240.827 3.332 5.204 
1703398240.926 3.404 5.263 
1703398241.027 3.475 5.320 
1703398241.127 3.541 5.378 
1703398241.227 3.607 5.434 
1703398241.328 3.677 5.490 
1703398241.427 3.743 5.548 
1703398241.527 3.807 5.605 
1703398241.628 3.869 5.661 
1703398241.728 3.927 5.714 
1703398241.828 3.987 5.766 
1703398241.927 4.050 5.816 
1703398242.028 4.107 5.870 
1703398242.128 4.176 5.959 
1703398242.228 4.246 6.048 
1703398242.328 4.312 6.128 
1703398242.429 4.375 6.207 
1703398242.528 4.429 6.284 
1703398242.629 4.478 6.338 
1703398242.728 4.514 6.394 
1703398242.829 4.546 6.453 
1703398242.928 4.576 6.543 
1703398243.028 4.593 6.671 
1703398243.129 4.606 6.750 
1703398243.229 4.619 6.800 
1703398243.330 4.625 6.879 
1703398243.430 4.612 7.012 
1703398243.530 4.603 7.117 
1703398243.630 4.601 7.187 
1703398243.730 4.591 7.249 
1703398243.830 4.571 7.314 
1703398243.930 4.547 7.377 
1703398244.030 4.517 7.422 
1703398244.130 4.467 7.440 
1703398244.230 4.400 7.466 
1703398244.330 4.299 7.500 
1703398244.431 4.203 7.513 
1703398244.531 4.136 7.526 
1703398244.631 4.093 7.550 
1703398244.732 4.045 7.579 
1703398244.831 3.950 7.606 
1703398244.931 3.848 7.628 
1703398245.032 3.791 7.645 
1703398245.131 3.740 7.666 
1703398245.231 3.663 7.694 
1703398245.332 3.567 7.714 
1703398245.432 3.483 7.728 
1703398245.532 3.410 7.740 
1703398245.632 3.335 7.752 
1703398245.732 3.255 7.763 
1703398245.832 3.174 7.775 
1703398245.933 3.093 7.785 
1703398246.033 3.012 7.793 
1703398246.133 2.935 7.795 
1703398246.232 2.859 7.793 
1703398246.333 2.780 7.789 
1703398246.433 2.705 7.790 
1703398246.533 2.633 7.797 
1703398246.633 2.563 7.794 
1703398246.734 2.489 7.786 
1703398246.836 2.423 7.773 
1703398246.936 2.359 7.758 
1703398247.036 2.300 7.739 
1703398247.136 2.247 7.716 
1703398247.236 2.182 7.676 
1703398247.338 2.118 7.633 
1703398247.437 2.066 7.598 
1703398247.536 2.028 7.590 
1703398247.637 1.998 7.597 
1703398247.737 1.952 7.599 
1703398247.837 1.881 7.541 
1703398247.936 1.808 7.520 
1703398248.036 1.752 7.501 
1703398248.137 1.724 7.461 
1703398248.237 1.708 7.403 
1703398248.337 1.693 7.326 
1703398248.437 1.675 7.246 
1703398248.538 1.655 7.168 
1703398248.637 1.642 7.112 
1703398248.738 1.630 7.049 
1703398248.838 1.620 6.967 
1703398248.938 1.606 6.895 
1703398249.038 1.590 6.821 
1703398249.139 1.585 6.755 
1703398249.240 1.587 6.689 
1703398249.341 1.583 6.584 
1703398249.439 1.579 6.482 
1703398249.540 1.579 6.385 
1703398249.639 1.565 6.311 
1703398249.739 1.552 6.251 
1703398249.840 1.535 6.172 
1703398249.939 1.524 6.087 
1703398250.040 1.516 6.004 
1703398250.140 1.508 5.924 
1703398250.239 1.491 5.842 
1703398250.340 1.467 5.756 
1703398250.440 1.447 5.675 
1703398250.541 1.429 5.594 
1703398250.640 1.411 5.516 
1703398250.741 1.392 5.434 
1703398250.840 1.358 5.342 
1703398250.942 1.311 5.244 
1703398251.041 1.266 5.155 
1703398251.141 1.232 5.072 
1703398251.241 1.212 4.995 
1703398251.342 1.192 4.923 
1703398251.441 1.163 4.862 
1703398251.541 1.108 4.798 
1703398251.642 1.036 4.712 
1703398251.742 0.973 4.629 
1703398251.841 0.917 4.553 
1703398251.942 0.873 4.477 
1703398252.042 0.825 4.414 
1703398252.142 0.760 4.353 
1703398252.242 0.696 4.286 
1703398252.342 0.632 4.213 
1703398252.443 0.576 4.145 
1703398252.542 0.526 4.076 
1703398252.642 0.471 4.004 
1703398252.747 0.412 3.923 
1703398252.842 0.362 3.855 
1703398252.943 0.312 3.789 
1703398253.043 0.262 3.718 
1703398253.143 0.216 3.638 
1703398253.243 0.166 3.559 
1703398253.343 0.116 3.489 
1703398253.443 0.073 3.417 
1703398253.544 0.033 3.341 
1703398253.644 -0.002 3.258 
1703398253.743 -0.034 3.176 
1703398253.844 -0.074 3.101 
1703398253.944 -0.105 3.019 
1703398254.045 -0.130 2.940 
1703398254.144 -0.156 2.863 
1703398254.245 -0.184 2.783 
1703398254.344 -0.205 2.704 
1703398254.444 -0.225 2.623 
1703398254.545 -0.241 2.546 
1703398254.645 -0.255 2.469 
1703398254.745 -0.273 2.391 
1703398254.845 -0.291 2.311 
1703398254.945 -0.309 2.229 
1703398255.046 -0.325 2.146 
1703398255.145 -0.341 2.063 
1703398255.246 -0.357 1.979 
1703398255.346 -0.372 1.893 
1703398255.446 -0.386 1.802 
1703398255.546 -0.392 1.713 
1703398255.645 -0.402 1.628 
1703398255.746 -0.411 1.541 
1703398255.847 -0.419 1.450 
1703398255.946 -0.426 1.356 
1703398256.047 -0.434 1.262 
1703398256.146 -0.434 1.178 
1703398256.247 -0.433 1.087 
1703398256.347 -0.434 0.998 
1703398256.447 -0.434 0.912 
1703398256.547 -0.435 0.824 
1703398256.648 -0.436 0.735 
1703398256.747 -0.435 0.649 
1703398256.847 -0.435 0.558 
1703398256.948 -0.433 0.468 
1703398257.047 -0.428 0.383 
1703398257.148 -0.429 0.289 
1703398257.248 -0.431 0.193 
1703398257.348 -0.439 0.094 
1703398257.448 -0.456 -0.008 
1703398257.549 -0.478 -0.116 
1703398257.648 -0.486 -0.205 
1703398257.749 -0.496 -0.299 
1703398257.849 -0.528 -0.407 
1703398257.949 -0.580 -0.518 
1703398258.048 -0.628 -0.618 
1703398258.149 -0.672 -0.713 
1703398258.250 -0.731 -0.808 
1703398258.349 -0.801 -0.897 
1703398258.452 -0.868 -0.973 
1703398258.550 -0.929 -1.037 
1703398258.649 -0.985 -1.119 
1703398258.750 -1.060 -1.204 
1703398258.850 -1.121 -1.286 
1703398258.954 -1.184 -1.338 
1703398259.056 -1.256 -1.385 
1703398259.157 -1.340 -1.430 
1703398259.258 -1.422 -1.480 
1703398259.357 -1.506 -1.519 
1703398259.458 -1.581 -1.555 
1703398259.558 -1.673 -1.588 
1703398259.658 -1.784 -1.619 
1703398259.758 -1.900 -1.640 
1703398259.858 -2.019 -1.639 
1703398259.958 -2.139 -1.631 
1703398260.059 -2.249 -1.623 
1703398260.158 -2.349 -1.619 
1703398260.258 -2.434 -1.622 
1703398260.366 -2.497 -1.618 
1703398260.466 -2.552 -1.615 
1703398260.564 -2.624 -1.623 
1703398260.664 -2.691 -1.646 
1703398260.764 -2.732 -1.646 
1703398262.367 -2.746 -1.681 
1703398262.467 -2.767 -1.651 
1703398262.567 -2.790 -1.614 
1703398262.667 -2.769 -1.646 
1703398262.767 -2.686 -1.750 
1703398262.867 -2.638 -1.846 
1703398262.968 -2.660 -1.927 
1703398263.067 -2.674 -2.003 
1703398263.168 -2.651 -2.062 
1703398263.267 -2.570 -2.126 
1703398263.367 -2.476 -2.187 
1703398263.468 -2.386 -2.250 
1703398263.568 -2.292 -2.335 
1703398263.668 -2.199 -2.425 
1703398263.769 -2.134 -2.480 
1703398263.869 -2.095 -2.510 
1703398263.969 -2.062 -2.528 
1703398264.069 -2.026 -2.552 
1703398264.169 -1.913 -2.591 
1703398264.269 -1.785 -2.634 
1703398264.369 -1.711 -2.652 
1703398264.469 -1.656 -2.687 
1703398264.570 -1.562 -2.731 
1703398264.670 -1.452 -2.778 
1703398264.769 -1.358 -2.820 
1703398264.870 -1.300 -2.835 
1703398264.970 -1.242 -2.855 
1703398265.071 -1.176 -2.896 
1703398265.170 -1.096 -2.945 
1703398265.270 -0.998 -3.001 
1703398265.370 -0.900 -3.048 
1703398265.471 -0.804 -3.091 
1703398265.571 -0.751 -3.137 
1703398265.671 -0.688 -3.182 
1703398265.771 -0.593 -3.218 
1703398265.870 -0.518 -3.251 
1703398265.971 -0.444 -3.284 
1703398266.071 -0.370 -3.316 
1703398266.171 -0.291 -3.353 
1703398266.271 -0.223 -3.388 
1703398266.372 -0.155 -3.419 
1703398266.474 -0.082 -3.449 
1703398266.573 -0.012 -3.482 
1703398266.674 0.066 -3.514 
1703398266.774 0.144 -3.546 
1703398266.874 0.221 -3.577 
1703398266.974 0.280 -3.615 
1703398267.074 0.347 -3.646 
1703398267.175 0.422 -3.666 
1703398267.274 0.489 -3.690 
1703398267.375 0.568 -3.712 
1703398267.474 0.646 -3.727 
1703398267.575 0.723 -3.745 
1703398267.675 0.835 -3.764 
1703398267.775 0.937 -3.791 
1703398267.875 1.032 -3.817 
1703398267.975 1.128 -3.839 
1703398268.076 1.225 -3.854 
1703398268.176 1.327 -3.864 
1703398268.275 1.417 -3.871 
1703398268.376 1.505 -3.872 
1703398268.484 1.611 -3.876 
1703398268.579 1.723 -3.879 
1703398268.677 1.836 -3.881 
1703398268.778 1.953 -3.885 
1703398268.876 2.062 -3.887 
1703398268.976 2.161 -3.890 
1703398269.077 2.243 -3.888 
1703398269.176 2.305 -3.879 
1703398269.277 2.347 -3.857 
1703398269.377 2.388 -3.824 
1703398269.477 2.446 -3.777 
1703398269.578 2.524 -3.736 
1703398269.677 2.597 -3.703 
1703398269.779 2.668 -3.678 
1703398269.878 2.756 -3.624 
1703398269.978 2.849 -3.552 
1703398270.078 2.934 -3.489 
1703398270.178 3.011 -3.423 
1703398270.278 3.082 -3.340 
1703398270.379 3.148 -3.266 
1703398270.479 3.197 -3.226 
1703398270.578 3.226 -3.184 
1703398270.678 3.236 -3.091 
1703398270.782 3.237 -2.963 
1703398270.879 3.242 -2.843 
1703398270.978 3.271 -2.757 
1703398271.079 3.277 -2.660 
1703398271.180 3.255 -2.550 
1703398271.280 3.228 -2.441 
1703398271.380 3.207 -2.340 
1703398271.480 3.185 -2.288 
1703398271.581 3.168 -2.242 
1703398271.681 3.162 -2.170 
1703398271.781 3.160 -2.074 
1703398271.882 3.153 -1.986 
1703398271.982 3.149 -1.910 
1703398272.081 3.158 -1.836 
1703398272.182 3.167 -1.752 
1703398272.281 3.168 -1.671 
1703398272.382 3.174 -1.588 
1703398272.482 3.191 -1.506 
1703398272.581 3.210 -1.423 
1703398272.682 3.233 -1.338 
1703398272.784 3.259 -1.253 
1703398272.885 3.280 -1.163 
1703398272.985 3.289 -1.079 
1703398273.084 3.309 -0.996 
1703398273.185 3.327 -0.915 
1703398273.284 3.346 -0.835 
1703398273.384 3.378 -0.753 
1703398273.485 3.429 -0.678 
1703398273.585 3.487 -0.615 
1703398273.685 3.552 -0.560 
1703398273.784 3.607 -0.501 
1703398273.886 3.659 -0.436 
1703398273.986 3.721 -0.375 
1703398274.086 3.785 -0.316 
1703398274.186 3.851 -0.258 
1703398274.286 3.923 -0.203 
1703398274.386 4.009 -0.162 
1703398274.485 4.106 -0.129 
1703398274.586 4.183 -0.096 
1703398274.686 4.239 -0.047 
1703398274.787 4.341 -0.006 
1703398274.887 4.446 0.011 
1703398274.987 4.531 0.015 
1703398275.086 4.616 -0.002 
1703398275.187 4.718 -0.024 
1703398275.287 4.831 -0.062 
1703398275.390 4.945 -0.100 
1703398275.489 5.042 -0.125 
1703398275.588 5.141 -0.156 
1703398275.688 5.232 -0.216 
1703398275.787 5.320 -0.286 
1703398275.888 5.410 -0.349 
1703398275.988 5.503 -0.413 
1703398276.088 5.592 -0.482 
1703398276.189 5.683 -0.554 
1703398276.288 5.774 -0.624 
1703398276.388 5.863 -0.691 
1703398276.488 5.954 -0.760 
1703398276.589 6.039 -0.823 
1703398276.688 6.125 -0.889 
1703398276.789 6.202 -0.968 
1703398276.889 6.273 -1.046 
1703398276.988 6.337 -1.123 
1703398277.089 6.404 -1.201 
1703398277.189 6.468 -1.274 
1703398277.289 6.539 -1.345 
1703398277.389 6.610 -1.415 
1703398277.490 6.678 -1.486 
1703398277.589 6.748 -1.561 
1703398277.690 6.819 -1.636 
1703398277.789 6.893 -1.707 
1703398277.890 6.966 -1.779 
1703398277.990 7.037 -1.849 
1703398278.090 7.111 -1.923 
1703398278.190 7.178 -2.002 
1703398278.290 7.238 -2.081 
1703398278.390 7.294 -2.157 
1703398278.492 7.349 -2.232 
1703398278.591 7.401 -2.307 
1703398278.691 7.450 -2.378 
1703398278.791 7.496 -2.445 
1703398278.892 7.540 -2.508 
1703398278.992 7.583 -2.569 
1703398279.092 7.653 -2.643 
1703398279.191 7.711 -2.726 
1703398279.292 7.763 -2.812 
1703398279.392 7.823 -2.883 
1703398279.492 7.876 -2.943 
1703398279.593 7.923 -2.996 
1703398279.692 7.957 -3.048 
1703398279.792 7.980 -3.101 
1703398279.893 7.997 -3.167 
1703398279.992 7.986 -3.260 
1703398280.093 7.979 -3.331 
1703398280.193 7.990 -3.354 
1703398280.292 7.966 -3.397 
1703398280.393 7.934 -3.446 
1703398280.493 7.917 -3.481 
1703398280.594 7.909 -3.504 
1703398280.693 7.917 -3.519 
1703398280.794 7.921 -3.537 
1703398280.894 7.877 -3.581 
1703398280.994 7.812 -3.637 
1703398281.094 7.769 -3.687 
1703398281.194 7.731 -3.727 
1703398281.293 7.680 -3.763 
1703398281.394 7.615 -3.802 
1703398281.494 7.549 -3.842 
1703398281.595 7.488 -3.888 
1703398281.694 7.431 -3.941 
1703398281.794 7.362 -4.002 
1703398281.895 7.283 -4.055 
1703398281.995 7.205 -4.099 
1703398282.095 7.131 -4.138 
1703398282.194 7.075 -4.164 
1703398282.295 7.008 -4.190 
1703398282.395 6.929 -4.216 
1703398282.495 6.870 -4.246 
1703398282.596 6.803 -4.271 
1703398282.696 6.719 -4.302 
1703398282.796 6.639 -4.330 
1703398282.895 6.561 -4.353 
1703398282.996 6.474 -4.380 
1703398283.096 6.387 -4.409 
1703398286.004 5.883 -4.399 
1703398286.005 5.883 -4.399 
1703398286.106 5.885 -4.455 
1703398286.206 5.920 -4.573 
1703398286.305 5.941 -4.688 
1703398286.406 5.950 -4.798 
1703398286.506 5.949 -4.922 
1703398286.606 5.951 -5.040 
1703398286.706 5.954 -5.156 
1703398286.806 5.961 -5.272 
1703398286.906 5.969 -5.390 
1703398287.006 5.978 -5.512 
1703398287.107 5.988 -5.628 
1703398287.206 5.998 -5.742 
1703398287.307 6.009 -5.859 
1703398287.407 6.021 -5.976 
1703398287.507 6.038 -6.095 
1703398287.606 6.055 -6.204 
1703398287.707 6.056 -6.282 
1703398287.808 6.072 -6.349 
1703398287.908 6.114 -6.426 
1703398288.008 6.154 -6.497 
1703398288.108 6.195 -6.566 
1703398288.209 6.270 -6.646 
1703398288.309 6.336 -6.709 
1703398288.409 6.384 -6.759 
1703398288.510 6.434 -6.819 
1703398288.610 6.503 -6.880 
1703398288.710 6.577 -6.924 
1703398288.810 6.637 -6.941 
1703398288.910 6.706 -6.956 
1703398289.011 6.790 -6.980 
1703398289.114 6.869 -7.003 
1703398289.213 6.948 -7.026 
1703398289.313 7.028 -7.050 
1703398289.412 7.098 -7.072 
1703398289.511 7.175 -7.097 
1703398289.612 7.255 -7.121 
1703398289.712 7.326 -7.140 
1703398289.813 7.395 -7.149 
1703398289.913 7.481 -7.146 
1703398290.013 7.541 -7.162 
1703398290.113 7.579 -7.189 
1703398290.212 7.674 -7.164 
1703398290.314 7.730 -7.191 
1703398291.716 7.711 -7.040 
1703398291.817 7.703 -7.082 
1703398291.917 7.703 -7.129 
1703398292.017 7.690 -7.125 
1703398292.117 7.655 -7.032 
1703398292.217 7.595 -6.911 
1703398292.318 7.560 -6.807 
1703398292.418 7.495 -6.711 
1703398292.518 7.438 -6.633 
1703398292.617 7.392 -6.583 
1703398292.719 7.349 -6.536 
1703398292.818 7.298 -6.474 
1703398292.919 7.247 -6.409 
1703398293.018 7.192 -6.347 
1703398293.119 7.133 -6.283 
1703398293.219 7.078 -6.220 
1703398293.319 7.022 -6.150 
1703398293.419 6.970 -6.080 
1703398293.519 6.914 -6.008 
1703398293.619 6.856 -5.938 
1703398293.718 6.798 -5.870 
1703398293.819 6.740 -5.797 
1703398293.919 6.684 -5.725 
1703398294.020 6.633 -5.652 
1703398294.120 6.585 -5.572 
1703398294.220 6.539 -5.489 
1703398294.320 6.490 -5.428 
1703398294.420 6.446 -5.361 
1703398294.520 6.410 -5.280 
1703398294.620 6.370 -5.203 
1703398294.722 6.332 -5.126 
1703398294.822 6.303 -5.042 
1703398294.922 6.276 -4.952 
1703398295.022 6.243 -4.883 
1703398295.123 6.213 -4.809 
1703398295.226 6.190 -4.720 
1703398295.322 6.169 -4.642 
1703398295.424 6.152 -4.552 
1703398295.523 6.135 -4.466 
1703398295.623 6.126 -4.382 
1703398295.723 6.119 -4.295 
1703398295.823 6.109 -4.215 
1703398295.923 6.107 -4.131 
1703398296.023 6.106 -4.047 
1703398296.126 6.106 -3.963 
1703398296.225 6.106 -3.879 
1703398296.326 6.105 -3.795 
1703398296.437 6.104 -3.710 
1703398296.530 6.103 -3.625 
1703398296.627 6.100 -3.540 
1703398296.726 6.098 -3.453 
1703398296.827 6.096 -3.364 
1703398296.927 6.098 -3.274 
1703398297.027 6.099 -3.186 
1703398297.127 6.102 -3.097 
1703398297.227 6.104 -3.008 
1703398297.329 6.106 -2.918 
1703398297.428 6.109 -2.826 
1703398297.529 6.116 -2.730 
1703398297.629 6.119 -2.640 
1703398297.728 6.126 -2.549 
1703398297.828 6.132 -2.458 
1703398297.930 6.139 -2.364 
1703398298.030 6.146 -2.277 
1703398298.129 6.152 -2.189 
1703398298.230 6.159 -2.101 
1703398298.329 6.159 -2.010 
1703398298.433 6.159 -1.922 
1703398298.531 6.157 -1.837 
1703398298.631 6.155 -1.751 
1703398298.730 6.157 -1.668 
1703398298.830 6.157 -1.584 
1703398298.929 6.143 -1.490 
1703398299.031 6.127 -1.396 
1703398299.130 6.116 -1.310 
1703398299.230 6.107 -1.225 
1703398299.331 6.097 -1.138 
1703398299.439 6.072 -1.040 
1703398299.535 6.034 -0.943 
1703398299.632 5.997 -0.855 
1703398299.731 5.968 -0.763 
1703398299.832 5.944 -0.671 
1703398299.931 5.915 -0.582 
1703398300.032 5.876 -0.496 
1703398300.133 5.842 -0.413 
1703398300.233 5.802 -0.331 
1703398300.334 5.741 -0.257 
1703398300.434 5.652 -0.202 
1703398300.533 5.557 -0.157 
1703398300.634 5.466 -0.118 
1703398300.734 5.381 -0.088 
1703398300.834 5.297 -0.071 
1703398300.935 5.207 -0.063 
1703398301.036 5.128 -0.056 
1703398301.137 5.017 -0.069 
1703398301.237 4.885 -0.091 
1703398301.336 4.763 -0.100 
1703398301.437 4.648 -0.104 
1703398301.536 4.532 -0.118 
1703398301.637 4.414 -0.145 
1703398301.738 4.300 -0.177 
1703398301.837 4.187 -0.204 
1703398301.938 4.075 -0.238 
1703398302.037 3.980 -0.286 
1703398302.137 3.895 -0.346 
1703398302.239 3.798 -0.431 
1703398302.337 3.704 -0.496 
1703398302.438 3.621 -0.564 
1703398302.537 3.548 -0.643 
1703398302.640 3.474 -0.736 
1703398302.738 3.400 -0.832 
1703398302.839 3.323 -0.924 
1703398302.938 3.252 -1.018 
1703398303.039 3.179 -1.114 
1703398303.138 3.106 -1.207 
1703398303.239 3.033 -1.302 
1703398303.338 2.963 -1.397 
1703398303.438 2.889 -1.493 
1703398303.539 2.816 -1.587 
1703398303.639 2.744 -1.681 
1703398303.739 2.670 -1.775 
1703398303.839 2.595 -1.868 
1703398303.939 2.522 -1.963 
1703398304.039 2.448 -2.057 
1703398304.139 2.376 -2.151 
1703398304.240 2.302 -2.245 
1703398304.339 2.226 -2.335 
1703398304.441 2.150 -2.426 
1703398304.541 2.074 -2.517 
1703398304.641 2.000 -2.610 
1703398304.739 1.928 -2.703 
1703398304.840 1.857 -2.797 
1703398304.940 1.787 -2.891 
1703398305.041 1.716 -2.984 
1703398305.142 1.646 -3.077 
1703398305.242 1.577 -3.173 
1703398305.342 1.510 -3.271 
1703398305.441 1.445 -3.369 
1703398305.542 1.380 -3.470 
1703398305.641 1.317 -3.573 
1703398305.742 1.255 -3.677 
1703398305.842 1.196 -3.783 
1703398305.943 1.137 -3.889 
1703398306.044 1.083 -4.000 
1703398306.143 1.031 -4.103 
1703398306.244 0.981 -4.202 
1703398306.343 0.931 -4.308 
1703398306.444 0.885 -4.379 
1703398306.544 0.854 -4.452 
1703398306.643 0.827 -4.520 
1703398306.744 0.805 -4.583 
1703398306.844 0.794 -4.665 
1703398306.945 0.794 -4.770 
1703398307.044 0.792 -4.868 
1703398307.145 0.778 -4.934 
1703398307.245 0.766 -4.995 
1703398307.344 0.758 -5.067 
1703398307.445 0.751 -5.156 
1703398307.545 0.743 -5.242 
1703398307.647 0.735 -5.323 
1703398307.745 0.730 -5.399 
1703398307.845 0.725 -5.474 
1703398307.945 0.715 -5.557 
1703398308.046 0.705 -5.647 
1703398308.146 0.692 -5.735 
1703398308.246 0.679 -5.814 
1703398308.345 0.670 -5.888 
1703398308.446 0.662 -5.960 
1703398308.545 0.648 -6.043 
1703398308.646 0.635 -6.131 
1703398308.745 0.623 -6.208 
1703398308.846 0.617 -6.279 
1703398308.947 0.621 -6.370 
1703398309.046 0.616 -6.477 
1703398309.147 0.596 -6.568 
1703398309.247 0.584 -6.641 
1703398309.347 0.595 -6.709 
1703398309.446 0.611 -6.770 
1703398309.547 0.632 -6.826 
1703398309.647 0.679 -6.891 
1703398309.748 0.728 -6.944 
1703398309.851 0.772 -6.976 
1703398309.948 0.811 -6.991 
1703398310.048 0.849 -6.996 
1703398310.148 0.901 -6.992 
1703398310.248 0.972 -6.979 
1703398310.348 1.025 -6.955 
1703398310.448 1.072 -6.926 
1703398310.547 1.115 -6.898 
1703398310.648 1.142 -6.876 
1703398310.748 1.145 -6.870 
1703398310.848 1.145 -6.870 
1703398310.948 1.175 -6.865 
1703398311.049 1.243 -6.829 
1703398311.149 1.300 -6.796 
1703398311.250 1.352 -6.774 
1703398311.349 1.412 -6.750 
1703398311.449 1.491 -6.728 
1703398311.550 1.544 -6.725 
1703398311.651 1.582 -6.720 
1703398311.751 1.640 -6.687 
1703398311.849 1.712 -6.643 
1703398311.950 1.772 -6.600 
1703398312.050 1.830 -6.557 
1703398312.150 1.886 -6.508 
1703398312.250 1.946 -6.457 
1703398312.353 2.007 -6.410 
1703398312.452 2.069 -6.366 
1703398312.552 2.134 -6.314 
1703398312.653 2.200 -6.257 
1703398312.753 2.270 -6.197 
1703398312.852 2.345 -6.137 
1703398312.953 2.418 -6.079 
1703398315.458 2.579 -5.680 
1703398315.459 2.579 -5.680 
1703398315.559 2.604 -5.696 
1703398315.659 2.662 -5.811 
1703398315.759 2.739 -5.917 
1703398315.859 2.833 -6.001 
1703398315.959 2.934 -6.077 
1703398316.059 3.030 -6.146 
1703398316.160 3.127 -6.228 
1703398316.260 3.196 -6.316 
1703398316.359 3.282 -6.397 
1703398316.460 3.377 -6.476 
1703398316.560 3.463 -6.558 
1703398316.662 3.554 -6.642 
1703398316.761 3.644 -6.717 
1703398316.861 3.733 -6.794 
1703398316.962 3.824 -6.872 
1703398317.061 3.914 -6.950 
1703398317.162 4.005 -7.027 
1703398317.261 4.095 -7.100 
1703398317.361 4.186 -7.175 
1703398317.461 4.279 -7.247 
1703398317.561 4.369 -7.319 
1703398317.662 4.459 -7.387 
1703398317.763 4.547 -7.457 
1703398317.864 4.642 -7.525 
1703398317.966 4.737 -7.597 
1703398318.066 4.830 -7.666 
1703398318.166 4.924 -7.737 
1703398318.266 5.019 -7.807 
1703398318.366 5.113 -7.877 
1703398318.466 5.208 -7.944 
1703398318.566 5.304 -8.008 
1703398318.669 5.398 -8.080 
1703398318.768 5.493 -8.149 
1703398318.868 5.586 -8.213 
1703398318.968 5.680 -8.278 
1703398319.070 5.751 -8.328 
1703398319.169 5.808 -8.371 
1703398319.269 5.867 -8.413 
1703398319.369 5.917 -8.451 
1703398319.470 5.974 -8.492 
1703398319.570 6.043 -8.535 
1703398319.669 6.146 -8.598 
1703398319.770 6.230 -8.644 
1703398319.870 6.297 -8.674 
1703398319.970 6.339 -8.760 
1703398320.873 6.550 -8.774 
1703398320.973 6.495 -8.781 
1703398321.073 6.364 -8.782 
1703398321.174 6.220 -8.771 
1703398321.276 6.101 -8.765 
1703398321.376 5.983 -8.717 
1703398321.476 5.881 -8.662 
1703398321.575 5.766 -8.596 
1703398321.675 5.648 -8.534 
1703398321.775 5.574 -8.532 
1703398321.875 5.508 -8.520 
1703398321.978 5.458 -8.481 
1703398322.076 5.380 -8.432 
1703398322.176 5.291 -8.384 
1703398322.276 5.204 -8.340 
1703398322.376 5.111 -8.292 
1703398322.476 5.054 -8.280 
1703398322.576 5.004 -8.266 
1703398322.676 4.942 -8.229 
1703398322.776 4.875 -8.174 
1703398322.877 4.808 -8.127 
1703398322.976 4.745 -8.079 
1703398323.077 4.679 -8.026 
1703398323.177 4.615 -7.976 
1703398323.277 4.554 -7.929 
1703398323.377 4.486 -7.876 
1703398323.477 4.415 -7.826 
1703398323.577 4.343 -7.771 
1703398323.677 4.273 -7.713 
1703398323.777 4.205 -7.654 
1703398323.878 4.132 -7.598 
1703398323.978 4.059 -7.539 
1703398324.078 3.985 -7.480 
1703398324.178 3.910 -7.417 
1703398324.279 3.836 -7.353 
1703398324.377 3.763 -7.293 
1703398324.485 3.685 -7.228 
1703398324.580 3.607 -7.163 
1703398324.679 3.528 -7.097 
1703398324.780 3.449 -7.027 
1703398324.881 3.373 -6.961 
1703398324.979 3.296 -6.892 
1703398325.079 3.216 -6.822 
1703398325.179 3.137 -6.751 
1703398325.278 3.061 -6.681 
1703398325.382 2.980 -6.607 
1703398325.480 2.902 -6.535 
1703398325.580 2.823 -6.461 
1703398325.680 2.746 -6.388 
1703398325.780 2.670 -6.314 
1703398325.880 2.594 -6.239 
1703398325.981 2.512 -6.162 
1703398326.080 2.435 -6.089 
1703398326.181 2.357 -6.013 
1703398326.282 2.277 -5.937 
1703398326.381 2.196 -5.860 
1703398326.481 2.119 -5.784 
1703398326.581 2.041 -5.707 
1703398326.681 1.962 -5.629 
1703398326.782 1.881 -5.550 
1703398326.885 1.800 -5.470 
1703398326.981 1.724 -5.396 
1703398327.081 1.642 -5.316 
1703398327.182 1.561 -5.235 
1703398327.281 1.484 -5.158 
1703398327.381 1.402 -5.076 
1703398327.481 1.321 -4.995 
1703398327.582 1.239 -4.916 
1703398327.682 1.158 -4.840 
1703398327.783 1.076 -4.760 
1703398327.882 0.993 -4.682 
1703398327.984 0.909 -4.605 
1703398328.086 0.827 -4.527 
1703398328.183 0.746 -4.451 
1703398328.283 0.657 -4.372 
1703398328.383 0.570 -4.293 
1703398328.483 0.486 -4.216 
1703398328.584 0.401 -4.140 
1703398328.686 0.309 -4.060 
1703398328.783 0.222 -3.985 
1703398328.885 0.133 -3.908 
1703398328.984 0.054 -3.838 
1703398329.084 -0.030 -3.769 
1703398329.188 -0.126 -3.686 
1703398329.285 -0.215 -3.610 
1703398329.384 -0.303 -3.548 
1703398329.486 -0.397 -3.488 
1703398329.584 -0.489 -3.433 
1703398329.685 -0.588 -3.391 
1703398329.784 -0.684 -3.360 
1703398329.886 -0.794 -3.335 
1703398329.985 -0.910 -3.327 
1703398330.086 -1.011 -3.312 
1703398330.186 -1.090 -3.292 
1703398330.285 -1.184 -3.286 
1703398330.385 -1.298 -3.304 
1703398330.485 -1.406 -3.325 
1703398330.586 -1.509 -3.353 
1703398330.686 -1.615 -3.396 
1703398330.787 -1.713 -3.437 
1703398330.886 -1.803 -3.470 
1703398330.987 -1.886 -3.518 
1703398331.087 -1.969 -3.589 
1703398331.187 -2.052 -3.658 
1703398331.287 -2.127 -3.731 
1703398331.387 -2.200 -3.812 
1703398331.488 -2.272 -3.876 
1703398331.587 -2.337 -3.951 
1703398331.687 -2.400 -4.033 
1703398331.787 -2.457 -4.118 
1703398331.887 -2.506 -4.209 
1703398331.987 -2.561 -4.296 
1703398332.088 -2.613 -4.386 
1703398332.188 -2.662 -4.474 
1703398332.287 -2.708 -4.560 
1703398332.388 -2.753 -4.647 
1703398332.488 -2.795 -4.727 
1703398332.588 -2.836 -4.805 
1703398332.688 -2.883 -4.883 
1703398332.788 -2.929 -4.954 
1703398332.889 -2.971 -5.026 
1703398332.989 -3.012 -5.088 
1703398333.090 -3.047 -5.149 
1703398333.189 -3.090 -5.214 
1703398333.289 -3.179 -5.268 
1703398333.390 -3.284 -5.293 
1703398333.489 -3.323 -5.329 
1703398333.590 -3.352 -5.355 
1703398333.690 -3.433 -5.327 
1703398333.789 -3.504 -5.301 
1703398333.890 -3.547 -5.297 
1703398333.990 -3.589 -5.300 
1703398334.090 -3.645 -5.277 
1703398334.191 -3.711 -5.206 
1703398334.290 -3.774 -5.139 
1703398334.391 -3.818 -5.100 
1703398334.491 -3.863 -5.050 
1703398334.591 -3.920 -4.987 
1703398334.690 -3.973 -4.929 
1703398334.791 -4.029 -4.856 
1703398340.217 -4.109 -4.394 
1703398340.218 -4.109 -4.394 
1703398340.319 -4.107 -4.471 
1703398340.419 -4.117 -4.596 
1703398340.519 -4.115 -4.713 
1703398340.619 -4.121 -4.828 
1703398340.719 -4.130 -4.952 
1703398340.819 -4.136 -5.067 
1703398340.920 -4.153 -5.180 
1703398341.019 -4.170 -5.290 
1703398341.120 -4.191 -5.396 
1703398341.222 -4.219 -5.500 
1703398341.320 -4.279 -5.598 
1703398341.420 -4.343 -5.683 
1703398341.520 -4.416 -5.757 
1703398341.620 -4.498 -5.827 
1703398341.720 -4.580 -5.902 
1703398341.821 -4.656 -5.977 
1703398341.920 -4.733 -6.056 
1703398342.020 -4.799 -6.138 
1703398342.121 -4.878 -6.212 
1703398342.221 -4.962 -6.279 
1703398342.321 -5.057 -6.339 
1703398342.421 -5.170 -6.395 
1703398342.522 -5.265 -6.451 
1703398342.622 -5.307 -6.490 
1703398342.721 -5.344 -6.507 
1703398342.821 -5.403 -6.539 
1703398342.921 -5.502 -6.591 
1703398343.021 -5.607 -6.636 
1703398343.122 -5.686 -6.673 
1703398343.222 -5.742 -6.703 
1703398343.323 -5.771 -6.721 
1703398343.423 -5.795 -6.737 
1703398347.829 -5.543 -6.692 
1703398347.930 -5.520 -6.730 
1703398348.030 -5.384 -6.770 
1703398348.130 -5.267 -6.782 
1703398348.230 -5.213 -6.775 
1703398348.331 -5.194 -6.784 
1703398348.431 -5.164 -6.799 
1703398348.534 -5.086 -6.831 
1703398348.634 -4.980 -6.869 
1703398348.735 -4.876 -6.898 
1703398348.835 -4.819 -6.911 
1703398348.936 -4.789 -6.926 
1703398349.036 -4.735 -6.934 
1703398349.136 -4.631 -6.957 
1703398349.235 -4.518 -6.978 
1703398349.336 -4.422 -6.994 
1703398349.442 -4.332 -7.006 
1703398349.536 -4.255 -7.014 
1703398349.636 -4.183 -7.034 
1703398349.738 -4.105 -7.045 
1703398349.837 -4.022 -7.041 
1703398349.936 -3.939 -7.037 
1703398350.037 -3.871 -7.032 
1703398350.137 -3.804 -7.019 
1703398350.237 -3.719 -7.004 
1703398350.337 -3.631 -6.991 
1703398350.437 -3.554 -6.973 
1703398350.537 -3.498 -6.956 
1703398350.637 -3.464 -6.933 
1703398350.738 -3.459 -6.902 
1703398350.838 -3.478 -6.855 
1703398350.942 -3.502 -6.807 
1703398351.043 -3.515 -6.761 
1703398351.144 -3.511 -6.713 
1703398351.244 -3.484 -6.666 
1703398351.343 -3.464 -6.634 
1703398351.458 -3.473 -6.614 
1703398351.549 -3.475 -6.577 
1703398351.649 -3.467 -6.531 
1703398351.746 -3.458 -6.493 
1703398351.846 -3.442 -6.460 
1703398351.944 -3.425 -6.416 
1703398352.045 -3.410 -6.363 
1703398352.147 -3.400 -6.309 
1703398352.248 -3.399 -6.249 
1703398352.347 -3.392 -6.184 
1703398352.447 -3.380 -6.113 
1703398352.547 -3.369 -6.040 
1703398352.648 -3.363 -5.953 
1703398352.748 -3.348 -5.846 
1703398352.848 -3.330 -5.736 
1703398352.948 -3.326 -5.639 
1703398353.048 -3.307 -5.549 
1703398353.148 -3.278 -5.456 
1703398353.248 -3.258 -5.364 
1703398353.349 -3.242 -5.278 
1703398353.449 -3.227 -5.196 
1703398353.549 -3.211 -5.115 
1703398353.649 -3.193 -5.035 
1703398353.749 -3.172 -4.962 
1703398353.849 -3.147 -4.893 
1703398353.949 -3.130 -4.839 
1703398354.049 -3.136 -4.803 
1703398354.149 -3.162 -4.765 
1703398354.250 -3.192 -4.731 
1703398354.350 -3.202 -4.707 
1703398354.450 -3.209 -4.681 
1703398354.551 -3.221 -4.656 
1703398354.650 -3.252 -4.643 
1703398354.750 -3.299 -4.633 
1703398354.851 -3.337 -4.621 
1703398354.951 -3.381 -4.605 
1703398355.052 -3.432 -4.576 
1703398355.151 -3.469 -4.548 
1703398355.251 -3.520 -4.516 
1703398355.351 -3.581 -4.479 
1703398355.451 -3.647 -4.439 
1703398355.551 -3.717 -4.396 
1703398355.652 -3.795 -4.350 
1703398355.752 -3.875 -4.299 
1703398355.852 -3.958 -4.245 
1703398355.952 -4.045 -4.184 
1703398356.053 -4.096 -4.136 
1703398356.153 -4.147 -4.104 
1703398356.253 -4.217 -4.055 
1703398356.353 -4.293 -3.995 
1703398356.452 -4.365 -3.943 
1703398356.553 -4.435 -3.890 
1703398356.653 -4.508 -3.834 
1703398356.756 -4.582 -3.781 
1703398356.854 -4.657 -3.728 
1703398356.954 -4.732 -3.671 
1703398357.054 -4.807 -3.612 
1703398357.153 -4.883 -3.555 
1703398357.254 -4.962 -3.490 
1703398357.354 -5.038 -3.432 
1703398357.454 -5.114 -3.370 
1703398357.555 -5.187 -3.309 
1703398357.655 -5.262 -3.247 
1703398357.754 -5.335 -3.183 
1703398357.855 -5.407 -3.121 
1703398357.955 -5.481 -3.057 
1703398358.055 -5.554 -2.994 
1703398358.155 -5.626 -2.931 
1703398358.256 -5.699 -2.868 
1703398358.356 -5.770 -2.810 
1703398358.456 -5.844 -2.752 
1703398358.555 -5.915 -2.696 
1703398358.656 -5.986 -2.638 
1703398358.756 -6.050 -2.585 
1703398358.856 -6.109 -2.539 
1703398358.956 -6.172 -2.494 
1703398359.057 -6.244 -2.453 
1703398359.157 -6.319 -2.417 
1703398359.256 -6.379 -2.383 
1703398359.357 -6.481 -2.337 
1703398359.457 -6.552 -2.289 
1703398359.557 -6.625 -2.258 
1703398359.657 -6.699 -2.245 
1703398359.758 -6.769 -2.244 
1703398359.859 -6.834 -2.250 
1703398359.959 -6.892 -2.257 
1703398360.057 -6.934 -2.255 
1703398360.158 -6.979 -2.264 
1703398360.258 -7.041 -2.309 
1703398360.358 -7.094 -2.356 
1703398360.458 -7.133 -2.390 
1703398360.559 -7.161 -2.413 
1703398360.660 -7.187 -2.436 
1703398360.761 -7.222 -2.476 
1703398360.861 -7.281 -2.530 
1703398360.961 -7.347 -2.555 
1703398361.061 -7.413 -2.591 
1703398364.168 -7.320 -2.616 
1703398364.168 -7.320 -2.616 
1703398364.269 -7.289 -2.653 
1703398364.369 -7.196 -2.695 
1703398364.470 -7.080 -2.746 
1703398364.569 -6.970 -2.807 
1703398364.669 -6.865 -2.882 
1703398364.769 -6.768 -2.949 
1703398364.869 -6.667 -3.000 
1703398364.969 -6.564 -3.044 
1703398365.070 -6.460 -3.096 
1703398365.169 -6.357 -3.145 
1703398365.272 -6.244 -3.184 
1703398365.371 -6.129 -3.219 
1703398365.473 -6.015 -3.258 
1703398365.572 -5.902 -3.295 
1703398365.672 -5.786 -3.332 
1703398365.774 -5.671 -3.369 
1703398365.874 -5.560 -3.409 
1703398365.973 -5.449 -3.455 
1703398366.074 -5.339 -3.499 
1703398366.176 -5.237 -3.528 
1703398366.276 -5.131 -3.570 
1703398366.377 -5.033 -3.624 
1703398366.477 -4.939 -3.678 
1703398366.577 -4.840 -3.749 
1703398366.677 -4.743 -3.837 
1703398366.776 -4.653 -3.901 
1703398366.878 -4.567 -3.976 
1703398366.978 -4.487 -4.064 
1703398367.078 -4.416 -4.161 
1703398367.178 -4.350 -4.263 
1703398367.278 -4.288 -4.358 
1703398367.378 -4.229 -4.460 
1703398367.477 -4.178 -4.562 
1703398367.578 -4.132 -4.666 
1703398367.679 -4.089 -4.772 
1703398367.779 -4.046 -4.871 
1703398367.879 -4.005 -4.974 
1703398367.979 -3.966 -5.078 
1703398368.079 -3.923 -5.176 
1703398368.179 -3.894 -5.293 
1703398368.279 -3.862 -5.407 
1703398368.379 -3.837 -5.521 
1703398368.481 -3.819 -5.634 
1703398368.581 -3.818 -5.750 
1703398368.680 -3.837 -5.864 
1703398368.780 -3.847 -5.968 
1703398368.880 -3.854 -6.070 
1703398368.980 -3.887 -6.180 
1703398369.080 -3.920 -6.288 
1703398369.180 -3.958 -6.388 
1703398369.281 -4.048 -6.489 
1703398369.380 -4.145 -6.571 
1703398369.480 -4.194 -6.649 
1703398369.580 -4.272 -6.708 
1703398369.681 -4.377 -6.746 
1703398369.780 -4.462 -6.789 
1703398369.881 -4.569 -6.819 
1703398369.981 -4.701 -6.828 
1703398370.081 -4.822 -6.851 
1703398370.182 -4.935 -6.878 
1703398370.282 -5.055 -6.895 
1703398370.382 -5.170 -6.904 
1703398370.481 -5.277 -6.914 
1703398370.582 -5.398 -6.911 
1703398370.682 -5.529 -6.913 
1703398370.783 -5.655 -6.921 
1703398370.882 -5.780 -6.929 
1703398370.983 -5.907 -6.921 
1703398371.083 -6.013 -6.907 
1703398371.182 -6.099 -6.879 
1703398371.283 -6.178 -6.823 
1703398371.383 -6.253 -6.767 
1703398371.484 -6.327 -6.709 
1703398371.583 -6.396 -6.655 
1703398371.684 -6.454 -6.602 
1703398371.784 -6.508 -6.557 
1703398371.884 -6.611 -6.528 
1703398371.984 -6.683 -6.481 
1703398372.083 -6.765 -6.445 
1703398372.184 -6.863 -6.424 
1703398372.284 -6.937 -6.398 
1703398372.385 -6.988 -6.382 
1703398372.485 -7.062 -6.407 
1703398373.887 -7.157 -6.618 
1703398373.988 -7.134 -6.643 
1703398374.088 -7.075 -6.729 
1703398374.189 -6.988 -6.841 
1703398374.289 -6.929 -6.946 
1703398374.388 -6.881 -7.052 
1703398374.489 -6.821 -7.150 
1703398374.589 -6.752 -7.246 
1703398374.690 -6.682 -7.334 
1703398374.789 -6.611 -7.413 
1703398374.889 -6.517 -7.473 
1703398374.990 -6.439 -7.504 
1703398375.090 -6.392 -7.502 
1703398375.190 -6.315 -7.518 
1703398375.289 -6.184 -7.549 
1703398375.390 -6.069 -7.578 
1703398375.490 -5.974 -7.604 
1703398375.590 -5.866 -7.608 
1703398375.690 -5.752 -7.606 
1703398375.790 -5.638 -7.599 
1703398375.890 -5.521 -7.586 
1703398375.991 -5.393 -7.577 
1703398376.091 -5.272 -7.555 
1703398376.192 -5.160 -7.511 
1703398376.294 -5.048 -7.458 
1703398376.394 -4.932 -7.411 
1703398376.494 -4.821 -7.360 
1703398376.593 -4.720 -7.295 
1703398376.694 -4.614 -7.227 
1703398376.794 -4.504 -7.165 
1703398376.894 -4.398 -7.102 
1703398376.995 -4.306 -7.037 
1703398377.095 -4.231 -6.965 
1703398377.196 -4.150 -6.883 
1703398377.296 -4.077 -6.789 
1703398377.395 -4.016 -6.683 
1703398377.505 -3.944 -6.581 
1703398377.601 -3.871 -6.470 
1703398377.700 -3.808 -6.378 
1703398377.799 -3.766 -6.279 
1703398377.898 -3.745 -6.155 
1703398377.999 -3.724 -6.043 
1703398378.098 -3.713 -5.936 
1703398378.198 -3.709 -5.824 
1703398378.299 -3.713 -5.709 
1703398378.400 -3.724 -5.598 
1703398378.499 -3.746 -5.494 
1703398378.600 -3.776 -5.390 
1703398378.699 -3.810 -5.291 
1703398378.799 -3.845 -5.192 
1703398378.900 -3.874 -5.099 
1703398379.000 -3.908 -5.007 
1703398379.106 -3.963 -4.917 
1703398379.201 -4.013 -4.846 
1703398379.301 -4.065 -4.776 
1703398379.404 -4.113 -4.703 
1703398379.501 -4.153 -4.641 
1703398379.600 -4.187 -4.573 
1703398379.701 -4.216 -4.504 
1703398379.801 -4.245 -4.408 
1703398379.903 -4.279 -4.308 
1703398380.000 -4.325 -4.263 
1703398380.100 -4.367 -4.212 
1703398380.201 -4.391 -4.143 
1703398380.302 -4.399 -4.065 
1703398380.402 -4.412 -3.987 
1703398380.501 -4.413 -3.902 
1703398380.602 -4.392 -3.812 
1703398380.702 -4.372 -3.743 
1703398380.801 -4.339 -3.692 
1703398380.902 -4.306 -3.649 
1703398381.002 -4.269 -3.601 
1703398381.102 -4.209 -3.527 
1703398381.202 -4.135 -3.434 
1703398381.303 -4.071 -3.366 
1703398381.403 -3.998 -3.306 
1703398381.503 -3.910 -3.226 
1703398381.603 -3.822 -3.152 
1703398381.703 -3.742 -3.084 
1703398381.803 -3.665 -3.017 
1703398381.903 -3.575 -2.943 
1703398382.004 -3.485 -2.863 
1703398382.105 -3.396 -2.786 
1703398382.205 -3.307 -2.711 
1703398382.304 -3.219 -2.634 
1703398382.406 -3.131 -2.553 
1703398382.506 -3.044 -2.472 
1703398382.606 -2.957 -2.393 
1703398382.706 -2.867 -2.317 
1703398382.807 -2.781 -2.243 
1703398382.906 -2.696 -2.167 
1703398383.007 -2.611 -2.094 
1703398383.107 -2.527 -2.022 
1703398383.207 -2.439 -1.948 
1703398383.307 -2.345 -1.878 
1703398383.408 -2.255 -1.811 
1703398383.508 -2.166 -1.742 
1703398383.608 -2.085 -1.676 
1703398383.708 -1.995 -1.611 
1703398383.807 -1.897 -1.549 
1703398383.910 -1.799 -1.487 
1703398384.010 -1.701 -1.426 
1703398384.112 -1.602 -1.365 
1703398384.211 -1.504 -1.298 
1703398384.311 -1.405 -1.224 
1703398384.411 -1.307 -1.164 
1703398384.511 -1.223 -1.107 
1703398384.611 -1.132 -1.039 
1703398384.711 -1.038 -0.962 
1703398384.811 -0.951 -0.887 
1703398384.911 -0.877 -0.808 
1703398385.012 -0.802 -0.732 
1703398385.112 -0.724 -0.641 
1703398385.211 -0.661 -0.544 
1703398385.312 -0.614 -0.442 
1703398385.412 -0.575 -0.342 
1703398385.512 -0.545 -0.232 
1703398385.613 -0.514 -0.129 
1703398385.712 -0.486 -0.030 
1703398385.813 -0.479 0.085 
1703398385.913 -0.478 0.191 
1703398386.012 -0.482 0.282 
1703398386.113 -0.489 0.379 
1703398386.213 -0.493 0.495 
1703398386.313 -0.497 0.606 
1703398386.414 -0.517 0.688 
1703398386.514 -0.561 0.795 
1703398386.614 -0.615 0.916 
1703398386.714 -0.651 1.036 
1703398386.814 -0.682 1.139 
1703398386.914 -0.745 1.226 
1703398387.013 -0.833 1.308 
1703398387.114 -0.931 1.390 
1703398387.214 -1.010 1.468 
1703398387.314 -1.090 1.547 
1703398387.414 -1.188 1.622 
1703398387.515 -1.284 1.696 
1703398387.614 -1.382 1.761 
1703398387.714 -1.490 1.815 
1703398387.815 -1.596 1.867 
1703398387.916 -1.706 1.907 
1703398388.016 -1.817 1.946 
1703398388.116 -1.925 1.990 
1703398388.216 -2.011 2.021 
1703398388.315 -2.092 2.049 
1703398388.416 -2.170 2.077 
1703398388.515 -2.243 2.104 
1703398388.615 -2.311 2.131 
1703398388.716 -2.404 2.159 
1703398388.816 -2.500 2.205 
1703398388.916 -2.581 2.253 
1703398389.016 -2.645 2.301 
1703398389.116 -2.688 2.342 
1703398389.217 -2.707 2.378 
1703398389.316 -2.704 2.411 
1703398389.417 -2.686 2.409 
1703398389.517 -2.667 2.409 
1703398389.617 -2.646 2.458 
1703398389.717 -2.616 2.582 
1703398389.817 -2.643 2.640 
1703398389.917 -2.703 2.673 
1703398390.018 -2.741 2.710 
1703398390.117 -2.750 2.750 
1703398390.218 -2.727 2.779 
1703398390.319 -2.655 2.876 
1703398390.420 -2.595 2.961 
1703398390.521 -2.594 3.014 
1703398390.623 -2.601 3.062 
1703398390.720 -2.565 3.099 
1703398390.820 -2.472 3.148 
1703398390.921 -2.348 3.229 
1703398391.021 -2.270 3.286 
1703398391.121 -2.226 3.341 
1703398391.221 -2.157 3.383 
1703398391.321 -2.046 3.430 
1703398391.421 -1.932 3.480 
1703398391.521 -1.878 3.518 
1703398391.621 -1.848 3.548 
1703398391.721 -1.808 3.560 
1703398391.822 -1.738 3.582 
1703398391.922 -1.627 3.637 
1703398392.021 -1.537 3.672 
1703398392.122 -1.454 3.719 
1703398392.222 -1.372 3.762 
1703398392.321 -1.285 3.806 
1703398392.422 -1.199 3.834 
1703398395.931 -0.984 4.049 
1703398395.932 -0.984 4.049 
1703398396.035 -1.060 4.107 
1703398396.133 -1.164 4.175 
1703398396.232 -1.245 4.218 
1703398396.332 -1.308 4.316 
1703398396.432 -1.359 4.418 
1703398396.532 -1.411 4.522 
1703398396.632 -1.473 4.627 
1703398396.732 -1.539 4.683 
1703398396.833 -1.595 4.743 
1703398396.932 -1.621 4.819 
1703398397.033 -1.645 4.885 
1703398397.134 -1.680 4.943 
1703398397.233 -1.733 5.013 
1703398397.332 -1.788 5.095 
1703398397.434 -1.826 5.179 
1703398397.533 -1.839 5.240 
1703398397.634 -1.863 5.295 
1703398397.733 -1.898 5.364 
1703398397.834 -1.933 5.455 
1703398397.934 -1.972 5.537 
1703398398.034 -2.014 5.613 
1703398398.134 -2.048 5.680 
1703398398.234 -2.083 5.755 
1703398398.335 -2.123 5.831 
1703398398.435 -2.167 5.909 
1703398398.534 -2.210 5.984 
1703398398.634 -2.252 6.057 
1703398398.735 -2.296 6.131 
1703398398.835 -2.341 6.206 
1703398398.935 -2.384 6.278 
1703398399.035 -2.423 6.345 
1703398399.134 -2.466 6.412 
1703398399.235 -2.504 6.479 
1703398399.335 -2.545 6.551 
1703398399.435 -2.581 6.619 
1703398399.534 -2.619 6.686 
1703398399.635 -2.659 6.753 
1703398399.736 -2.710 6.836 
1703398399.836 -2.775 6.929 
1703398399.936 -2.839 7.025 
1703398400.036 -2.882 7.100 
1703398400.136 -2.920 7.163 
1703398400.237 -2.984 7.234 
1703398400.337 -3.027 7.293 
1703398400.436 -3.077 7.354 
1703398400.537 -3.121 7.410 
1703398400.637 -3.162 7.465 
1703398400.737 -3.215 7.532 
1703398400.837 -3.271 7.586 
1703398400.938 -3.313 7.628 
1703398401.037 -3.360 7.667 
1703398401.137 -3.423 7.701 
1703398401.238 -3.511 7.722 
1703398403.141 -3.426 7.861 
1703398403.242 -3.476 7.818 
1703398403.342 -3.546 7.734 
1703398403.441 -3.619 7.610 
1703398403.542 -3.689 7.487 
1703398403.641 -3.771 7.415 
1703398403.741 -3.844 7.359 
1703398403.842 -3.884 7.324 
1703398403.943 -3.882 7.304 
1703398404.042 -3.931 7.221 
1703398404.143 -3.975 7.117 
1703398404.244 -4.017 7.030 
1703398404.343 -4.043 6.940 
1703398404.460 -4.060 6.851 
1703398404.550 -4.083 6.764 
1703398404.646 -4.107 6.680 
1703398404.745 -4.127 6.595 
1703398404.844 -4.150 6.505 
1703398404.944 -4.172 6.411 
1703398405.044 -4.194 6.317 
1703398405.144 -4.221 6.223 
1703398405.245 -4.254 6.134 
1703398405.345 -4.271 6.068 
1703398405.445 -4.303 6.009 
1703398405.546 -4.334 5.944 
1703398405.645 -4.359 5.885 
1703398405.745 -4.385 5.829 
1703398405.846 -4.404 5.766 
1703398405.945 -4.442 5.681 
1703398406.046 -4.499 5.600 
1703398406.149 -4.546 5.536 
1703398406.250 -4.591 5.480 
1703398406.350 -4.643 5.422 
1703398406.450 -4.715 5.357 
1703398406.550 -4.779 5.300 
1703398406.650 -4.836 5.246 
1703398406.752 -4.901 5.175 
1703398406.853 -4.966 5.087 
1703398406.953 -5.033 5.007 
1703398407.052 -5.089 4.946 
1703398407.153 -5.149 4.886 
1703398407.253 -5.216 4.817 
1703398407.353 -5.281 4.745 
1703398407.454 -5.351 4.677 
1703398407.553 -5.417 4.610 
1703398407.653 -5.481 4.543 
1703398407.753 -5.548 4.473 
1703398407.854 -5.610 4.405 
1703398407.954 -5.676 4.336 
1703398408.054 -5.738 4.267 
1703398408.155 -5.800 4.200 
1703398408.256 -5.866 4.134 
1703398408.355 -5.926 4.070 
1703398408.455 -5.984 4.003 
1703398408.555 -6.042 3.936 
1703398408.654 -6.096 3.869 
1703398408.756 -6.149 3.802 
1703398408.857 -6.205 3.741 
1703398408.957 -6.258 3.679 
1703398409.057 -6.309 3.614 
1703398409.157 -6.356 3.551 
1703398409.257 -6.401 3.489 
1703398409.358 -6.462 3.414 
1703398409.458 -6.539 3.326 
1703398409.558 -6.615 3.246 
1703398409.657 -6.680 3.177 
1703398409.757 -6.707 3.121 
1703398409.858 -6.741 3.053 
1703398409.958 -6.776 2.973 
1703398410.058 -6.805 2.846 
1703398410.158 -6.823 2.725 
1703398410.258 -6.842 2.640 
1703398410.358 -6.854 2.564 
1703398410.458 -6.852 2.479 
1703398410.558 -6.818 2.368 
1703398410.659 -6.798 2.274 
1703398410.759 -6.763 2.167 
1703398410.859 -6.683 2.050 
1703398410.959 -6.602 1.935 
1703398411.059 -6.485 1.829 
1703398411.160 -6.384 1.734 
1703398411.261 -6.338 1.655 
1703398411.360 -6.263 1.599 
1703398411.460 -6.172 1.560 
1703398411.561 -6.084 1.537 
1703398411.660 -5.980 1.538 
1703398411.761 -5.849 1.533 
1703398411.860 -5.763 1.534 
1703398411.961 -5.710 1.534 
1703398412.061 -5.629 1.539 
1703398412.161 -5.520 1.549 
1703398412.262 -5.394 1.560 
1703398412.361 -5.285 1.573 
1703398412.463 -5.237 1.603 
1703398412.562 -5.187 1.615 
1703398412.664 -5.119 1.613 
1703398412.763 -5.020 1.609 
1703398412.862 -4.896 1.619 
1703398412.963 -4.826 1.632 
1703398413.063 -4.752 1.634 
1703398413.163 -4.675 1.630 
1703398413.262 -4.607 1.626 
1703398413.363 -4.535 1.623 
1703398413.462 -4.447 1.612 
1703398413.563 -4.368 1.608 
1703398413.663 -4.298 1.607 
1703398413.763 -4.222 1.601 
1703398413.863 -4.147 1.595 
1703398413.964 -4.068 1.590 
1703398414.063 -3.984 1.578 
1703398414.166 -3.905 1.564 
1703398414.264 -3.825 1.551 
1703398414.364 -3.751 1.551 
1703398414.465 -3.677 1.544 
1703398414.564 -3.602 1.525 
1703398414.664 -3.531 1.512 
1703398417.973 -2.933 1.982 
1703398417.974 -2.933 1.982 
1703398418.073 -2.955 2.013 
1703398418.175 -3.079 2.071 
1703398418.275 -3.192 2.126 
1703398418.375 -3.295 2.210 
1703398418.476 -3.389 2.286 
1703398418.575 -3.479 2.364 
1703398418.676 -3.573 2.438 
1703398418.776 -3.668 2.514 
1703398418.875 -3.762 2.587 
1703398418.976 -3.856 2.662 
1703398419.076 -3.949 2.734 
1703398419.176 -4.041 2.809 
1703398419.276 -4.138 2.881 
1703398419.377 -4.235 2.953 
1703398419.479 -4.335 3.019 
1703398419.578 -4.432 3.087 
1703398419.678 -4.532 3.160 
1703398419.777 -4.628 3.226 
1703398419.876 -4.730 3.286 
1703398419.977 -4.834 3.343 
1703398420.076 -4.938 3.405 
1703398420.177 -5.041 3.467 
1703398420.277 -5.144 3.520 
1703398420.378 -5.249 3.566 
1703398420.477 -5.352 3.617 
1703398420.577 -5.462 3.677 
1703398420.678 -5.571 3.732 
1703398420.778 -5.679 3.772 
1703398420.878 -5.793 3.809 
1703398420.978 -5.912 3.848 
1703398421.078 -6.031 3.888 
1703398421.178 -6.142 3.931 
1703398421.278 -6.257 3.960 
1703398421.378 -6.377 3.985 
1703398421.478 -6.506 4.010 
1703398421.579 -6.594 4.035 
1703398421.680 -6.657 4.066 
1703398421.779 -6.732 4.087 
1703398421.880 -6.815 4.090 
1703398421.981 -6.915 4.094 
1703398422.081 -7.010 4.095 
1703398422.181 -7.103 4.101 
1703398422.280 -7.190 4.109 
1703398422.381 -7.266 4.115 
1703398422.481 -7.331 4.118 
1703398422.581 -7.400 4.109 
1703398422.682 -7.479 4.093 
1703398422.782 -7.567 4.073 
1703398422.883 -7.678 4.044 
1703398422.982 -7.819 3.983 
1703398423.082 -7.923 3.946 
1703398423.182 -8.009 3.917 
1703398423.282 -8.100 3.881 
1703398423.382 -8.188 3.846 
1703398423.482 -8.261 3.833 
1703398423.582 -8.331 3.817 
1703398423.683 -8.400 3.774 
1703398423.783 -8.489 3.720 
1703398423.883 -8.609 3.666 
1703398423.983 -8.704 3.633 
1703398424.084 -8.774 3.603 
1703398424.183 -8.841 3.551 
1703398424.284 -8.910 3.502 
1703398424.384 -8.985 3.444 
1703398424.485 -9.056 3.375 
1703398424.584 -9.140 3.285 
1703398424.684 -9.224 3.210 
1703398424.785 -9.274 3.140 
1703398424.885 -9.285 3.051 
1703398424.985 -9.298 2.971 
1703398425.085 -9.337 2.908 
1703398425.190 -9.360 2.786 
1703398425.285 -9.357 2.663 
1703398427.390 -9.273 2.393 
1703398427.490 -9.237 2.372 
1703398427.590 -9.120 2.352 
1703398427.693 -8.975 2.330 
1703398427.791 -8.836 2.277 
1703398427.890 -8.707 2.218 
1703398427.991 -8.622 2.199 
1703398428.090 -8.543 2.212 
1703398428.191 -8.420 2.222 
1703398428.291 -8.289 2.248 
1703398428.391 -8.154 2.292 
1703398428.491 -8.030 2.316 
1703398428.592 -7.908 2.368 
1703398428.693 -7.789 2.421 
1703398428.792 -7.701 2.449 
1703398428.893 -7.607 2.491 
1703398428.993 -7.515 2.543 
1703398429.093 -7.421 2.605 
1703398429.194 -7.322 2.672 
1703398429.293 -7.240 2.712 
1703398429.393 -7.148 2.772 
1703398429.493 -7.053 2.850 
1703398429.595 -6.961 2.931 
1703398429.695 -6.870 3.010 
1703398429.795 -6.780 3.091 
1703398429.895 -6.692 3.175 
1703398429.995 -6.604 3.258 
1703398430.095 -6.516 3.340 
1703398430.195 -6.429 3.422 
1703398430.295 -6.341 3.504 
1703398430.396 -6.251 3.586 
1703398430.495 -6.161 3.669 
1703398430.596 -6.073 3.753 
1703398430.697 -5.983 3.833 
1703398430.796 -5.893 3.910 
1703398430.897 -5.801 3.993 
1703398430.996 -5.711 4.073 
1703398431.097 -5.621 4.151 
1703398431.197 -5.530 4.231 
1703398431.297 -5.439 4.310 
1703398431.399 -5.348 4.395 
1703398431.504 -5.257 4.478 
1703398431.600 -5.170 4.561 
1703398431.698 -5.085 4.647 
1703398431.800 -5.003 4.740 
1703398431.900 -4.916 4.828 
1703398432.000 -4.835 4.915 
1703398432.100 -4.758 5.007 
1703398432.200 -4.685 5.103 
1703398432.300 -4.610 5.198 
1703398432.401 -4.535 5.296 
1703398432.500 -4.464 5.382 
1703398432.600 -4.401 5.476 
1703398432.700 -4.331 5.575 
1703398432.801 -4.265 5.662 
1703398432.900 -4.205 5.726 
1703398433.001 -4.151 5.806 
1703398433.101 -4.101 5.894 
1703398433.201 -4.052 5.986 
1703398433.302 -4.002 6.079 
1703398433.401 -3.953 6.162 
1703398433.502 -3.897 6.257 
1703398433.601 -3.843 6.348 
1703398433.702 -3.795 6.439 
1703398433.802 -3.746 6.526 
1703398433.902 -3.691 6.619 
1703398434.002 -3.633 6.712 
1703398434.101 -3.575 6.803 
1703398434.202 -3.517 6.889 
1703398434.302 -3.456 6.975 
1703398434.402 -3.395 7.060 
1703398434.502 -3.336 7.148 
1703398434.602 -3.278 7.224 
1703398434.703 -3.218 7.294 
1703398434.803 -3.162 7.357 
1703398434.903 -3.097 7.418 
1703398435.003 -3.033 7.482 
1703398435.103 -2.977 7.545 
1703398435.203 -2.923 7.601 
1703398435.303 -2.871 7.642 
1703398435.403 -2.804 7.689 
1703398435.504 -2.710 7.745 
1703398435.604 -2.623 7.785 
1703398435.703 -2.567 7.806 
1703398435.806 -2.515 7.822 
1703398435.905 -2.443 7.845 
1703398436.005 -2.363 7.884 
1703398436.104 -2.298 7.918 
1703398436.204 -2.247 7.935 
1703398440.716 -2.290 7.848 
1703398440.717 -2.290 7.848 
1703398440.816 -2.298 7.812 
1703398440.917 -2.368 7.744 
1703398441.016 -2.459 7.641 
1703398441.118 -2.544 7.549 
1703398441.218 -2.616 7.462 
1703398441.317 -2.691 7.373 
1703398441.418 -2.769 7.284 
1703398441.518 -2.846 7.196 
1703398441.618 -2.923 7.107 
1703398441.719 -3.003 7.018 
1703398441.818 -3.078 6.930 
1703398441.919 -3.151 6.843 
1703398442.018 -3.226 6.759 
1703398442.119 -3.302 6.676 
1703398442.218 -3.377 6.592 
1703398442.319 -3.452 6.508 
1703398442.420 -3.526 6.425 
1703398442.519 -3.606 6.343 
1703398442.619 -3.687 6.260 
1703398442.719 -3.769 6.176 
1703398442.819 -3.847 6.098 
1703398442.919 -3.925 6.024 
1703398443.019 -4.007 5.937 
1703398443.121 -4.090 5.847 
1703398443.219 -4.171 5.764 
1703398443.320 -4.250 5.683 
1703398443.420 -4.333 5.603 
1703398443.520 -4.421 5.523 
1703398443.620 -4.507 5.443 
1703398443.721 -4.594 5.372 
1703398443.821 -4.677 5.308 
1703398443.920 -4.771 5.250 
1703398444.021 -4.868 5.190 
1703398444.121 -4.961 5.125 
1703398444.228 -5.063 5.062 
1703398444.323 -5.167 5.017 
1703398444.423 -5.272 4.969 
1703398444.522 -5.378 4.922 
1703398444.623 -5.499 4.887 
1703398444.723 -5.616 4.868 
1703398444.823 -5.690 4.843 
1703398444.925 -5.765 4.825 
1703398445.024 -5.838 4.814 
1703398445.123 -5.916 4.814 
1703398445.224 -6.024 4.841 
1703398445.324 -6.112 4.855 
1703398445.429 -6.186 4.861 
1703398445.529 -6.267 4.878 
1703398445.630 -6.340 4.878 
1703398445.729 -6.420 4.893 
1703398445.829 -6.501 4.910 
1703398445.930 -6.573 4.929 
1703398446.030 -6.642 4.945 
1703398446.129 -6.718 4.989 
1703398446.231 -6.785 5.044 
1703398446.329 -6.844 5.097 
1703398446.430 -6.902 5.152 
1703398446.530 -6.961 5.211 
1703398446.630 -7.021 5.269 
1703398446.730 -7.080 5.330 
1703398446.830 -7.138 5.392 
1703398446.931 -7.198 5.448 
1703398447.031 -7.259 5.511 
1703398447.131 -7.320 5.584 
1703398447.233 -7.379 5.654 
1703398447.332 -7.437 5.719 
1703398447.431 -7.494 5.783 
1703398447.531 -7.552 5.850 
1703398447.632 -7.610 5.922 
1703398447.731 -7.667 5.990 
1703398447.831 -7.722 6.054 
1703398447.932 -7.778 6.120 
1703398448.032 -7.830 6.183 
1703398448.131 -7.877 6.244 
1703398448.232 -7.925 6.303 
1703398448.332 -7.993 6.385 
1703398448.432 -8.077 6.474 
1703398448.532 -8.141 6.541 
1703398448.632 -8.188 6.601 
1703398448.732 -8.248 6.666 
1703398448.832 -8.307 6.727 
1703398448.933 -8.361 6.786 
1703398451.746 -8.370 6.831 
1703398451.747 -8.370 6.831 
1703398451.848 -8.353 6.824 
1703398451.948 -8.300 6.848 
1703398452.048 -8.202 6.931 
1703398452.148 -8.098 7.013 
1703398452.249 -8.007 7.093 
1703398452.349 -7.914 7.178 
1703398452.449 -7.834 7.215 
1703398452.550 -7.769 7.263 
1703398452.650 -7.712 7.312 
1703398452.751 -7.657 7.363 
1703398452.850 -7.610 7.427 
1703398452.951 -7.580 7.498 
1703398453.051 -7.566 7.569 
1703398453.150 -7.553 7.645 
1703398453.252 -7.537 7.741 
1703398453.351 -7.535 7.836 
1703398453.467 -7.547 7.921 
1703398453.557 -7.570 7.981 
1703398453.654 -7.585 8.039 
1703398453.752 -7.602 8.110 
1703398453.852 -7.627 8.210 
1703398453.951 -7.660 8.312 
1703398454.052 -7.680 8.375 
1703398454.152 -7.701 8.446 
1703398454.252 -7.735 8.544 
1703398458.563 -7.686 8.524 
1703398458.564 -7.686 8.524 
1703398458.662 -7.669 8.473 
1703398458.762 -7.656 8.337 
1703398458.861 -7.633 8.215 
1703398458.961 -7.612 8.095 
1703398459.061 -7.591 7.976 
1703398459.164 -7.570 7.858 
1703398459.262 -7.552 7.739 
1703398459.362 -7.540 7.617 
1703398459.462 -7.522 7.498 
1703398459.563 -7.510 7.376 
1703398459.662 -7.508 7.257 
1703398459.762 -7.507 7.135 
1703398459.862 -7.505 7.014 
1703398459.962 -7.505 6.893 
1703398460.063 -7.506 6.773 
1703398460.162 -7.505 6.655 
1703398460.263 -7.502 6.537 
1703398460.364 -7.499 6.417 
1703398460.463 -7.499 6.295 
1703398460.564 -7.497 6.178 
1703398460.664 -7.484 6.067 
1703398460.764 -7.467 5.957 
1703398460.864 -7.451 5.827 
1703398460.964 -7.430 5.686 
1703398461.064 -7.388 5.581 
1703398461.164 -7.334 5.502 
1703398461.264 -7.280 5.442 
1703398461.364 -7.236 5.396 
1703398461.466 -7.193 5.357 
1703398461.571 -7.140 5.321 
1703398461.665 -7.077 5.284 
1703398461.765 -6.999 5.243 
1703398461.864 -6.928 5.208 
1703398461.964 -6.862 5.180 
1703398462.064 -6.795 5.148 
1703398462.164 -6.729 5.116 
1703398462.265 -6.665 5.080 
1703398462.365 -6.593 5.048 
1703398462.471 -6.500 5.035 
1703398462.570 -6.406 5.025 
1703398462.667 -6.323 5.015 
1703398462.766 -6.232 5.000 
1703398462.867 -6.128 4.983 
1703398462.968 -6.040 4.984 
1703398463.067 -5.961 4.989 
1703398463.175 -5.857 4.999 
1703398463.273 -5.759 5.010 
1703398463.372 -5.671 5.023 
1703398463.471 -5.587 5.044 
1703398463.571 -5.498 5.070 
1703398463.671 -5.419 5.074 
1703398463.791 -5.340 5.092 
1703398463.885 -5.263 5.147 
1703398463.983 -5.197 5.187 
1703398464.083 -5.140 5.214 
1703398464.186 -5.069 5.260 
1703398464.284 -4.993 5.312 
1703398464.385 -4.917 5.364 
1703398464.484 -4.858 5.375 
1703398464.584 -4.800 5.400 
1703398464.686 -4.733 5.457 
1703398464.783 -4.657 5.513 
1703398464.884 -4.578 5.573 
1703398464.984 -4.505 5.629 
1703398465.084 -4.443 5.669 
1703398465.185 -4.380 5.717 
1703398465.285 -4.314 5.768 
1703398465.385 -4.244 5.826 
1703398465.485 -4.179 5.880 
1703398465.584 -4.110 5.933 
1703398465.686 -4.037 5.990 
1703398465.792 -3.955 6.039 
1703398465.889 -3.884 6.089 
1703398465.986 -3.789 6.154 
1703398466.087 -3.696 6.205 
1703398466.185 -3.588 6.224 
1703398466.287 -3.461 6.211 
1703398466.388 -3.346 6.189 
1703398466.488 -3.219 6.165 
1703398466.588 -3.081 6.132 
1703398466.688 -2.970 6.099 
1703398466.789 -2.856 6.059 
1703398466.888 -2.757 5.997 
1703398466.989 -2.685 5.930 
1703398467.089 -2.628 5.881 
1703398467.188 -2.569 5.826 
1703398467.288 -2.500 5.757 
1703398467.391 -2.422 5.674 
1703398467.496 -2.346 5.599 
1703398467.593 -2.277 5.525 
1703398467.694 -2.213 5.450 
1703398467.792 -2.148 5.365 
1703398467.893 -2.083 5.284 
1703398467.993 -2.019 5.203 
1703398468.093 -1.954 5.121 
1703398468.194 -1.886 5.035 
1703398468.295 -1.822 4.947 
1703398468.393 -1.760 4.871 
1703398468.494 -1.696 4.797 
1703398468.595 -1.629 4.725 
1703398468.694 -1.562 4.656 
1703398468.796 -1.492 4.589 
1703398468.895 -1.426 4.523 
1703398468.996 -1.349 4.456 
1703398469.095 -1.283 4.388 
1703398469.195 -1.219 4.328 
1703398469.296 -1.152 4.267 
1703398469.395 -1.089 4.207 
1703398469.495 -1.022 4.148 
1703398469.595 -0.941 4.099 
1703398469.695 -0.855 4.065 
1703398469.796 -0.771 4.044 
1703398469.896 -0.685 4.019 
1703398469.996 -0.596 3.996 
1703398470.110 -0.494 3.980 
1703398470.209 -0.386 3.971 
1703398470.308 -0.276 3.971 
1703398470.409 -0.190 3.958 
1703398470.508 -0.094 3.970 
1703398470.610 0.010 4.003 
1703398470.710 0.119 4.037 
1703398470.811 0.227 4.072 
1703398470.911 0.330 4.110 
1703398471.010 0.432 4.149 
1703398471.111 0.522 4.194 
1703398471.211 0.610 4.244 
1703398471.311 0.705 4.299 
1703398471.411 0.805 4.349 
1703398471.511 0.883 4.389 
1703398471.612 0.943 4.442 
1703398471.712 1.023 4.527 
1703398471.812 1.103 4.615 
1703398471.911 1.171 4.693 
1703398472.012 1.242 4.774 
1703398472.112 1.315 4.858 
1703398472.212 1.387 4.939 
1703398472.312 1.455 5.017 
1703398472.412 1.522 5.098 
1703398472.512 1.589 5.176 
1703398472.616 1.655 5.251 
1703398472.713 1.722 5.319 
1703398472.813 1.794 5.385 
1703398472.913 1.864 5.453 
1703398473.013 1.929 5.517 
1703398473.113 1.993 5.579 
1703398473.214 2.059 5.630 
1703398473.313 2.128 5.679 
1703398473.413 2.201 5.727 
1703398473.513 2.274 5.782 
1703398473.616 2.342 5.833 
1703398473.715 2.410 5.875 
1703398473.815 2.478 5.901 
1703398473.915 2.552 5.929 
1703398474.015 2.621 5.958 
1703398474.115 2.691 5.984 
1703398474.216 2.757 6.006 
1703398474.315 2.824 6.023 
1703398474.418 2.891 6.040 
1703398474.519 2.981 6.072 
1703398474.617 3.072 6.097 
1703398474.717 3.170 6.115 
1703398474.820 3.258 6.128 
1703398474.919 3.344 6.143 
1703398475.021 3.427 6.156 
1703398475.120 3.514 6.165 
1703398475.221 3.602 6.178 
1703398475.321 3.693 6.192 
1703398475.422 3.780 6.204 
1703398475.521 3.868 6.217 
1703398475.621 3.966 6.227 
1703398475.722 4.055 6.237 
1703398475.822 4.148 6.244 
1703398475.923 4.251 6.254 
1703398476.023 4.348 6.266 
1703398476.124 4.450 6.278 
1703398476.224 4.518 6.287 
1703398476.323 4.564 6.289 
1703398476.424 4.639 6.292 
1703398476.524 4.736 6.293 
1703398476.624 4.823 6.296 
1703398476.724 4.898 6.302 
1703398476.825 4.985 6.304 
1703398476.924 5.060 6.303 
1703398477.025 5.128 6.306 
1703398477.124 5.207 6.310 
1703398477.225 5.288 6.317 
1703398477.325 5.361 6.325 
1703398477.425 5.440 6.325 
1703398477.525 5.525 6.318 
1703398477.625 5.604 6.312 
1703398477.725 5.684 6.307 
1703398477.826 5.753 6.308 
1703398477.925 5.816 6.309 
1703398478.026 5.880 6.307 
1703398478.125 5.969 6.289 
1703398478.226 6.067 6.260 
1703398478.326 6.138 6.238 
1703398478.429 6.182 6.228 
1703398478.526 6.235 6.219 
1703398478.633 6.308 6.201 
1703398478.729 6.388 6.171 
1703398478.829 6.471 6.140 
1703398478.929 6.546 6.117 
1703398479.028 6.611 6.096 
1703398479.128 6.672 6.072 
1703398479.229 6.740 6.052 
1703398479.329 6.815 6.035 
1703398479.428 6.908 6.021 
1703398479.529 7.004 6.011 
1703398479.629 7.106 6.001 
1703398479.730 7.223 5.997 
1703398479.831 7.337 5.994 
1703398479.930 7.445 5.988 
1703398480.030 7.536 5.984 
1703398480.131 7.641 5.996 
1703398480.231 7.762 6.003 
1703398480.331 7.885 6.012 
1703398480.432 7.998 6.037 
1703398480.531 8.073 6.054 
1703398480.631 8.130 6.051 
1703398480.731 8.210 6.068 
1703398480.830 8.345 6.140 
1703398480.931 8.470 6.206 
1703398481.034 8.585 6.250 
1703398481.134 8.677 6.287 
1703398481.234 8.767 6.325 
1703398481.334 8.840 6.428 
1703398481.434 8.883 6.564 
1703398481.534 8.950 6.668 
1703398481.635 8.977 6.782 
1703398481.735 8.994 6.899 
1703398481.834 8.967 7.014 
1703398481.935 8.922 7.131 
1703398482.036 8.879 7.240 
1703398482.135 8.838 7.340 
1703398482.236 8.781 7.441 
1703398482.336 8.721 7.538 
1703398482.436 8.657 7.632 
1703398482.535 8.592 7.722 
1703398482.636 8.524 7.814 
1703398482.736 8.457 7.900 
1703398482.839 8.394 7.983 
1703398482.937 8.330 8.065 
1703398483.038 8.262 8.151 
1703398483.138 8.170 8.231 
1703398483.237 8.100 8.302 
1703398483.338 8.030 8.370 
1703398483.439 7.923 8.429 
1703398483.539 7.808 8.470 
1703398483.640 7.715 8.508 
1703398483.739 7.622 8.560 
1703398483.840 7.511 8.615 
1703398483.940 7.377 8.655 
1703398484.040 7.284 8.690 
1703398484.141 7.220 8.722 
1703398484.241 7.144 8.729 
1703398484.340 7.068 8.737 
1703398484.440 6.989 8.743 
1703398484.541 6.906 8.743 
1703398484.640 6.834 8.735 
1703398484.741 6.754 8.729 
