1703417300.630 74
1703417301.009 151
1703417301.544 152
1703417301.937 155
1703417302.203 156
1703417302.477 157
1703417302.742 161
1703417303.013 161
1703417303.289 163
1703417303.565 167
1703417303.840 171
1703417304.102 171
1703417304.371 171
1703417304.682 202
1703417304.981 256
1703417305.271 326
1703417305.548 327
1703417305.822 329
1703417306.135 385
1703417306.424 469
1703417306.706 495
1703417306.975 514
1703417307.233 526
1703417307.517 527
1703417307.811 527
1703417308.097 528
1703417308.390 558
1703417308.654 587
1703417308.952 627
1703417309.222 689
1703417309.529 782
1703417309.815 882
1703417310.132 968
1703417310.412 1011
1703417310.715 1054
1703417310.983 1085
1703417311.285 1107
1703417311.594 1127
1703417311.884 1133
1703417312.164 1139
1703417312.468 1177
1703417312.759 1238
1703417313.048 1321
1703417313.338 1338
1703417313.624 1356
1703417313.892 1376
1703417314.195 1391
1703417314.478 1401
1703417314.777 1457
1703417315.071 1548
1703417315.365 1584
1703417315.662 1595
1703417315.919 1598
1703417316.207 1602
1703417316.492 1604
1703417316.786 1607
1703417317.077 1608
1703417317.405 1609
1703417317.747 1609
1703417318.042 1609
1703417318.554 1609
1703417318.879 1609
1703417319.341 1609
1703417319.606 1611
1703417319.901 1643
1703417320.179 1696
1703417320.511 1710
1703417320.861 1720
1703417321.134 1725
1703417321.414 1728
1703417321.737 1732
1703417322.024 1736
1703417322.311 1747
1703417322.634 1772
1703417322.932 1799
1703417323.216 1821
1703417323.510 1856
1703417323.811 1888
1703417324.081 1910
1703417324.387 1935
1703417324.679 1970
1703417324.951 1972
1703417325.238 1978
1703417325.538 1980
1703417325.829 1980
1703417326.106 1981
1703417326.401 1981
1703417326.705 1981
1703417327.000 1982
1703417327.298 1988
1703417327.592 1988
1703417327.923 1988
1703417328.249 1988
1703417328.576 1988
1703417329.108 1988
1703417329.497 1988
1703417329.813 1990
1703417330.126 2007
1703417330.423 2024
1703417330.707 2049
1703417331.003 2066
1703417331.360 2101
1703417331.653 2156
1703417331.944 2187
1703417332.235 2200
1703417332.527 2211
1703417332.838 2225
1703417333.103 2248
1703417333.411 2264
1703417333.749 2279
1703417334.061 2287
1703417334.351 2288
1703417334.646 2289
1703417334.950 2291
1703417335.273 2295
1703417335.577 2304
1703417335.868 2322
1703417336.166 2342
1703417336.457 2350
1703417336.776 2356
1703417337.113 2357
1703417337.424 2358
1703417337.717 2360
1703417338.004 2364
1703417338.381 2366
1703417338.707 2366
1703417339.002 2366
1703417339.304 2366
1703417339.621 2366
1703417339.910 2367
1703417340.227 2369
1703417340.534 2369
1703417340.856 2373
1703417341.144 2373
1703417341.429 2373
1703417341.748 2373
1703417342.087 2373
1703417342.403 2373
1703417342.707 2373
1703417343.045 2375
1703417343.346 2381
1703417343.635 2390
1703417343.925 2398
1703417344.208 2407
1703417344.521 2429
1703417344.846 2471
1703417345.153 2475
1703417345.442 2500
1703417345.744 2512
1703417346.086 2512
1703417346.404 2515
1703417346.722 2517
1703417347.037 2552
1703417347.332 2557
1703417347.619 2560
1703417347.913 2566
1703417348.217 2570
1703417348.509 2572
1703417348.807 2576
1703417349.086 2586
1703417349.382 2608
1703417349.688 2612
1703417349.982 2618
1703417350.278 2619
1703417350.605 2620
1703417350.899 2620
1703417351.184 2620
1703417351.478 2620
1703417351.770 2620
1703417352.068 2620
1703417352.362 2621
1703417352.675 2622
1703417353.008 2623
1703417353.317 2631
1703417353.622 2640
1703417353.922 2651
1703417354.211 2661
1703417354.510 2665
1703417354.806 2671
1703417355.097 2679
1703417355.444 2690
1703417355.725 2691
1703417356.031 2693
1703417356.382 2700
1703417356.703 2726
1703417357.082 2743
1703417357.394 2752
1703417357.692 2761
1703417358.020 2785
1703417358.312 2798
1703417358.623 2809
1703417358.925 2825
1703417359.217 2835
1703417359.510 2853
1703417359.833 2862
1703417360.127 2864
1703417360.421 2873
1703417360.714 2878
1703417361.005 2890
1703417361.298 2909
1703417361.601 2938
1703417361.878 2966
1703417362.166 2992
1703417362.470 3016
1703417362.787 3038
1703417363.094 3073
1703417363.387 3092
1703417363.673 3098
1703417364.025 3098
1703417364.347 3098
1703417364.636 3098
1703417364.929 3098
1703417365.217 3098
1703417365.503 3098
1703417365.938 3164
1703417366.360 3164
1703417366.683 3165
1703417366.985 3165
1703417367.260 3165
1703417367.546 3166
1703417367.848 3166
1703417368.167 3166
1703417368.453 3166
1703417368.761 3166
1703417369.069 3166
1703417369.353 3167
1703417369.642 3167
1703417369.929 3167
1703417370.215 3167
1703417370.505 3167
1703417370.792 3167
1703417371.079 3167
1703417371.421 3167
1703417371.722 3168
1703417372.011 3168
1703417372.293 3169
1703417372.578 3171
1703417372.883 3172
1703417373.180 3173
1703417373.475 3195
1703417373.808 3195
1703417374.186 3254
1703417374.500 3269
1703417374.802 3284
1703417375.110 3300
1703417375.410 3328
1703417375.731 3343
1703417376.033 3364
1703417376.354 3385
1703417376.645 3411
1703417376.946 3444
1703417377.276 3504
1703417377.558 3529
1703417377.859 3534
1703417378.138 3590
1703417378.434 3626
1703417378.722 3655
1703417379.045 3677
1703417379.339 3693
1703417379.700 3704
1703417380.048 3716
1703417380.360 3723
1703417380.654 3724
1703417380.954 3728
1703417381.262 3756
1703417381.540 3764
1703417381.831 3770
1703417382.162 3857
1703417382.445 3863
1703417382.750 3863
1703417383.046 3863
1703417383.335 3863
1703417383.625 3863
1703417383.913 3863
1703417384.215 3863
1703417384.488 3863
1703417384.773 3863
1703417385.075 3863
1703417385.421 3863
1703417385.783 3863
1703417386.068 3863
1703417386.357 3863
1703417386.672 3863
1703417386.997 3863
1703417387.287 3863
1703417387.584 3863
1703417387.868 3863
1703417388.167 3863
1703417388.457 3863
1703417388.742 3863
1703417389.031 3863
1703417389.323 3869
1703417389.611 3873
1703417389.900 3873
1703417390.206 3876
1703417390.500 3883
1703417390.797 3891
1703417391.083 3892
1703417391.379 3898
1703417391.694 3907
1703417392.005 3910
1703417392.336 3917
1703417392.643 3923
1703417392.931 3946
1703417393.215 3953
1703417393.552 3970
1703417393.853 4020
1703417394.161 4051
1703417394.467 4083
1703417394.752 4107
1703417395.049 4109
1703417395.405 4110
1703417395.702 4110
1703417396.004 4110
1703417396.344 4124
1703417396.651 4140
1703417396.949 4156
1703417397.241 4159
1703417397.537 4163
1703417397.881 4164
1703417398.194 4173
1703417398.488 4190
1703417398.800 4204
1703417399.089 4215
1703417399.374 4217
1703417399.664 4219
1703417399.954 4232
1703417400.236 4241
1703417400.534 4245
1703417400.855 4250
1703417401.172 4261
1703417401.489 4290
1703417401.787 4311
1703417402.090 4349
1703417402.400 4355
1703417402.695 4364
1703417402.989 4375
1703417403.287 4390
1703417403.603 4393
1703417403.904 4398
1703417404.199 4399
1703417404.541 4399
1703417404.901 4399
1703417405.180 4399
1703417405.472 4399
1703417405.797 4399
1703417406.083 4399
1703417406.393 4399
1703417406.691 4399
1703417407.017 4399
1703417407.277 4399
1703417407.586 4399
1703417407.872 4399
1703417408.172 4399
1703417408.495 4399
1703417408.786 4399
1703417409.100 4399
1703417409.371 4399
1703417409.669 4399
1703417409.964 4399
1703417410.253 4399
1703417410.615 4399
1703417410.956 4399
1703417411.248 4399
1703417411.548 4422
1703417411.841 4437
1703417412.191 4445
1703417412.457 4445
1703417412.774 4451
1703417413.072 4451
1703417413.357 4456
1703417413.651 4461
1703417413.938 4465
1703417414.229 4469
1703417414.518 4469
1703417414.810 4470
1703417415.089 4470
1703417415.382 4470
1703417415.693 4470
1703417415.993 4470
1703417416.276 4470
1703417416.546 4470
1703417416.824 4470
1703417417.087 4470
1703417417.380 4470
1703417417.676 4470
1703417417.972 4470
1703417418.244 4470
1703417418.550 4470
1703417418.830 4470
1703417419.142 4470
1703417419.461 4470
1703417419.756 4470
1703417420.036 4470
1703417420.324 4470
1703417420.610 4470
1703417420.902 4470
1703417421.195 4470
1703417421.478 4470
1703417421.779 4470
1703417422.090 4470
1703417422.437 4471
1703417422.725 4471
1703417423.017 4471
1703417423.301 4471
1703417423.582 4471
1703417423.864 4471
1703417424.158 4471
1703417424.443 4471
1703417424.749 4471
1703417425.050 4471
1703417425.366 4471
1703417425.656 4471
1703417425.975 4471
1703417426.280 4471
1703417426.576 4471
1703417426.866 4471
1703417427.147 4471
1703417427.444 4471
1703417427.762 4471
1703417428.064 4471
1703417428.352 4471
1703417428.649 4471
1703417428.936 4471
1703417429.222 4471
1703417429.530 4471
1703417429.833 4471
1703417430.114 4471
1703417430.416 4471
1703417430.720 4486
1703417431.003 4493
1703417431.296 4519
1703417431.610 4541
1703417431.903 4568
1703417432.196 4602
1703417432.500 4635
1703417432.802 4667
1703417433.069 4697
1703417433.353 4748
1703417433.646 4782
1703417433.955 4794
1703417434.259 4803
1703417434.539 4816
1703417434.831 4822
1703417435.117 4822
1703417435.431 4822
1703417435.721 4822
1703417436.032 4822
1703417436.331 4822
1703417436.633 4822
1703417436.915 4824
1703417437.206 4824
1703417437.511 4824
1703417437.850 4824
1703417438.201 4824
1703417438.537 4829
1703417438.861 4838
1703417439.155 4838
1703417439.458 4843
1703417439.753 4851
1703417440.094 4865
1703417440.390 4874
1703417440.676 4882
1703417440.984 4889
1703417441.275 4895
1703417441.562 4900
1703417441.917 4904
1703417442.247 4906
1703417442.555 4908
1703417442.846 4909
1703417443.138 4909
1703417443.427 4909
1703417443.723 4909
1703417444.008 4909
1703417444.304 4909
1703417444.597 4909
1703417444.910 4909
1703417445.225 4909
1703417445.514 4913
1703417445.808 4913
1703417446.131 4915
1703417446.474 4915
1703417446.775 4920
1703417447.063 4925
1703417447.349 4930
1703417447.635 4950
1703417447.921 4969
1703417448.282 4996
1703417448.541 5024
1703417448.872 5051
1703417449.151 5061
1703417449.446 5072
1703417449.796 5077
1703417450.104 5088
1703417450.397 5102
1703417450.717 5118
1703417450.984 5131
1703417451.275 5139
1703417451.573 5144
1703417451.865 5147
1703417452.142 5163
1703417452.433 5168
1703417452.712 5168
1703417453.004 5170
1703417453.293 5170
1703417453.575 5170
1703417453.877 5170
1703417454.172 5170
1703417454.452 5170
1703417454.738 5170
1703417455.045 5170
1703417455.342 5170
1703417455.695 5175
1703417455.986 5176
1703417456.295 5188
1703417456.590 5207
1703417456.893 5226
1703417457.181 5227
1703417457.491 5228
1703417457.776 5232
1703417458.072 5234
1703417458.369 5235
1703417458.664 5237
1703417458.952 5240
1703417459.261 5240
1703417459.561 5242
1703417459.847 5244
1703417460.132 5248
1703417460.421 5248
1703417460.710 5248
1703417460.996 5249
1703417461.294 5249
1703417461.617 5274
1703417461.945 5316
1703417462.204 5316
1703417462.497 5316
1703417462.810 5316
1703417463.093 5316
1703417463.390 5316
1703417463.727 5316
1703417464.013 5316
1703417464.335 5316
1703417464.656 5316
1703417464.948 5316
1703417465.241 5316
1703417465.546 5316
1703417465.821 5316
1703417466.125 5316
1703417466.405 5316
1703417466.731 5316
1703417467.033 5316
1703417467.363 5316
1703417467.728 5317
1703417468.041 5317
1703417468.338 5317
1703417468.641 5317
1703417468.963 5317
1703417469.286 5317
1703417469.557 5317
1703417469.873 5317
1703417470.147 5317
1703417470.453 5317
1703417470.742 5317
1703417471.030 5317
1703417471.319 5317
1703417471.608 5317
1703417471.895 5317
1703417472.182 5317
1703417472.471 5317
1703417472.779 5317
1703417473.072 5317
1703417473.409 5326
1703417473.697 5326
1703417473.986 5326
1703417474.278 5326
1703417474.578 5326
1703417474.866 5326
1703417475.182 5326
1703417475.462 5326
1703417475.793 5326
1703417476.116 5326
1703417476.394 5326
1703417476.677 5326
1703417476.949 5326
1703417477.282 5326
1703417477.611 5326
1703417477.900 5327
1703417478.189 5327
1703417478.484 5327
1703417478.770 5327
1703417479.056 5327
1703417479.344 5327
1703417479.623 5328
1703417479.926 5328
1703417480.246 5328
1703417480.523 5328
1703417480.829 5329
1703417481.152 5331
1703417481.461 5337
1703417481.747 5344
1703417482.034 5351
1703417482.338 5354
1703417482.629 5376
1703417482.933 5408
1703417483.232 5435
1703417483.515 5456
1703417483.816 5480
1703417484.100 5518
1703417484.394 5535
1703417484.693 5547
1703417484.999 5552
1703417485.261 5558
1703417485.550 5558
1703417485.854 5558
1703417486.157 5559
1703417486.472 5559
1703417486.815 5559
1703417487.126 5559
1703417487.425 5561
1703417487.725 5561
1703417488.029 5561
1703417488.318 5562
1703417488.607 5562
1703417488.888 5562
1703417489.203 5564
1703417489.530 5565
1703417489.828 5571
1703417490.166 5576
1703417490.451 5589
1703417490.753 5602
1703417491.071 5624
1703417491.358 5638
1703417491.646 5690
1703417491.939 5711
1703417492.279 5731
1703417492.591 5766
1703417492.886 5806
1703417493.180 5829
1703417493.470 5836
1703417493.767 5874
1703417494.053 5882
1703417494.363 5884
1703417494.639 5888
1703417494.927 5892
1703417495.195 5901
1703417495.477 5905
1703417495.763 5911
1703417496.026 5913
1703417496.335 5915
1703417496.614 5916
1703417496.900 5916
1703417497.209 5916
1703417497.500 5918
1703417497.829 5919
1703417498.111 5920
1703417498.402 5920
1703417498.687 5920
1703417498.971 5920
1703417499.250 5920
1703417499.529 5920
1703417499.823 5920
1703417500.088 5920
1703417500.370 5920
1703417500.643 5920
1703417500.917 5920
1703417501.201 5920
1703417501.476 5920
1703417501.750 5920
1703417502.030 5920
1703417502.326 5920
1703417502.606 5920
1703417502.928 5920
1703417503.214 5920
1703417503.503 5953
1703417503.803 5953
1703417504.150 5953
1703417504.427 5953
1703417504.706 5954
1703417504.994 5954
1703417505.281 5954
1703417505.589 5954
1703417505.927 5954
1703417506.216 5954
1703417506.506 5954
1703417506.792 5954
1703417507.091 5954
1703417507.387 5954
1703417507.679 5954
1703417507.984 5954
1703417508.281 5954
1703417508.575 5954
1703417508.839 5954
1703417509.151 5954
1703417509.441 5954
1703417509.744 5954
1703417510.014 5954
1703417510.296 5954
1703417510.632 5954
1703417510.938 5954
1703417511.207 5954
1703417511.504 5954
1703417511.818 5954
1703417512.108 5955
1703417512.395 5963
1703417512.682 5965
1703417512.992 5968
1703417513.278 5979
1703417513.583 5995
1703417513.866 6055
1703417514.154 6092
1703417514.436 6116
1703417514.721 6131
1703417515.027 6142
1703417515.329 6149
1703417515.657 6151
1703417515.944 6152
1703417516.249 6156
1703417516.535 6161
1703417516.859 6164
1703417517.145 6182
1703417517.457 6182
1703417517.741 6185
1703417518.028 6185
1703417518.334 6185
1703417518.628 6187
1703417518.927 6193
1703417519.210 6195
1703417519.509 6210
1703417519.804 6222
1703417520.084 6229
1703417520.359 6231
1703417520.638 6233
1703417520.928 6234
1703417521.217 6239
1703417521.506 6239
1703417521.792 6240
1703417522.097 6240
1703417522.395 6240
1703417522.676 6245
1703417522.962 6245
1703417523.232 6245
1703417523.509 6245
1703417523.815 6245
1703417524.111 6245
1703417524.406 6245
1703417524.694 6245
1703417525.065 6245
1703417525.366 6246
1703417525.739 6249
1703417526.053 6249
1703417526.342 6249
1703417526.632 6253
1703417526.921 6262
1703417527.211 6272
1703417527.519 6288
1703417527.887 6305
1703417528.196 6315
1703417528.498 6317
1703417528.792 6331
1703417529.083 6332
1703417529.361 6334
1703417529.650 6334
1703417529.937 6335
1703417530.224 6335
1703417530.525 6335
1703417530.828 6335
1703417531.096 6335
1703417531.399 6335
1703417531.714 6335
1703417532.015 6335
1703417532.284 6335
1703417532.562 6335
1703417532.805 6335
1703417533.079 6335
1703417533.358 6335
1703417533.624 6335
1703417533.918 6335
1703417534.189 6335
1703417534.465 6342
1703417534.808 6342
1703417535.120 6342
1703417535.390 6342
1703417535.732 6342
1703417536.049 6342
1703417536.340 6342
1703417536.619 6342
1703417536.916 6342
1703417537.219 6342
1703417537.511 6342
1703417537.798 6342
1703417538.120 6342
1703417538.393 6342
1703417538.661 6342
1703417538.940 6342
1703417539.208 6342
1703417539.483 6342
1703417539.773 6342
1703417540.057 6342
1703417540.350 6342
1703417540.629 6342
1703417540.937 6342
1703417541.225 6342
1703417541.528 6342
1703417541.833 6342
1703417542.130 6342
1703417542.423 6342
1703417542.714 6342
1703417543.004 6342
1703417543.296 6342
1703417543.599 6342
1703417543.890 6342
1703417544.190 6342
1703417544.513 6342
1703417544.811 6342
1703417545.121 6342
1703417545.409 6342
1703417545.714 6342
1703417546.005 6342
1703417546.292 6342
1703417546.594 6342
1703417546.900 6343
1703417547.199 6343
1703417547.500 6343
1703417547.787 6343
1703417548.110 6343
1703417548.424 6343
1703417548.745 6343
1703417549.039 6343
1703417549.332 6343
1703417549.624 6343
1703417549.925 6343
1703417550.294 6343
1703417550.583 6365
1703417550.887 6375
1703417551.171 6376
1703417551.465 6378
1703417551.750 6378
1703417552.057 6378
1703417552.350 6379
1703417552.655 6380
1703417552.938 6381
1703417553.222 6381
1703417553.517 6381
1703417553.801 6381
1703417554.088 6381
