1703420171.039 70
1703420171.563 132
1703420171.835 132
1703420172.208 132
1703420172.540 136
1703420172.883 136
1703420173.172 141
1703420173.463 141
1703420173.759 144
1703420174.089 144
1703420174.447 161
1703420174.754 190
1703420175.116 190
1703420175.431 228
1703420175.755 278
1703420176.047 367
1703420176.338 400
1703420176.629 406
1703420176.904 407
1703420177.224 407
1703420177.529 407
1703420177.821 407
1703420178.111 407
1703420178.373 413
1703420178.665 444
1703420178.977 493
1703420179.333 551
1703420179.633 657
1703420179.937 677
1703420180.265 689
1703420180.595 704
1703420180.947 731
1703420181.252 748
1703420181.574 796
1703420181.923 888
1703420182.227 917
1703420182.594 950
1703420182.976 964
1703420183.253 986
1703420183.576 1011
1703420183.876 1019
1703420184.155 1031
1703420184.443 1043
1703420184.766 1044
1703420185.076 1049
1703420185.352 1049
1703420185.698 1064
1703420185.994 1071
1703420186.346 1076
1703420186.682 1082
1703420187.015 1087
1703420187.328 1093
1703420187.629 1095
1703420187.946 1098
1703420188.239 1114
1703420188.596 1190
1703420188.883 1221
1703420189.184 1245
1703420189.486 1247
1703420189.812 1251
1703420190.144 1276
1703420190.451 1352
1703420190.820 1429
1703420191.104 1454
1703420191.376 1456
1703420191.689 1488
1703420191.991 1494
1703420192.279 1494
1703420192.601 1494
1703420192.946 1495
1703420193.289 1498
1703420193.588 1498
1703420193.883 1499
1703420194.153 1503
1703420194.491 1506
1703420194.844 1526
1703420195.139 1534
1703420195.413 1541
1703420195.704 1551
1703420195.990 1560
1703420196.295 1568
1703420196.624 1581
1703420196.970 1585
1703420197.277 1593
1703420197.567 1606
1703420197.841 1617
1703420198.126 1670
1703420198.410 1683
1703420198.695 1696
1703420199.001 1701
1703420199.360 1705
1703420199.676 1749
1703420199.982 1758
1703420200.262 1763
1703420200.544 1780
1703420200.837 1797
1703420201.098 1805
1703420201.381 1810
1703420201.660 1822
1703420201.957 1852
1703420202.242 1862
1703420202.583 1886
1703420202.892 1902
1703420203.195 1904
1703420203.483 1906
1703420203.783 1907
1703420204.137 1910
1703420204.478 1918
1703420204.757 1929
1703420205.053 1945
1703420205.369 1970
1703420205.654 2031
1703420206.003 2071
1703420206.372 2097
1703420206.660 2106
1703420206.950 2108
1703420207.338 2147
1703420207.636 2151
1703420207.924 2157
1703420208.203 2171
1703420208.520 2190
1703420208.783 2244
1703420209.115 2268
1703420209.404 2278
1703420209.691 2295
1703420209.993 2299
1703420210.260 2305
1703420210.548 2311
1703420210.840 2315
1703420211.185 2318
1703420211.530 2321
1703420211.824 2321
1703420212.169 2322
1703420212.469 2322
1703420212.801 2322
1703420213.166 2322
1703420213.467 2322
1703420213.821 2322
1703420214.125 2322
1703420214.446 2336
1703420214.761 2340
1703420215.050 2352
1703420215.384 2355
1703420215.761 2356
1703420216.105 2356
1703420216.392 2356
1703420216.686 2356
1703420217.034 2356
1703420217.312 2356
1703420217.625 2356
1703420217.926 2362
1703420218.219 2381
1703420218.515 2385
1703420218.887 2404
1703420219.207 2463
1703420219.499 2485
1703420219.795 2495
1703420220.086 2517
1703420220.376 2520
1703420220.773 2534
1703420221.094 2534
1703420221.407 2546
1703420221.734 2584
1703420222.075 2593
1703420222.475 2665
1703420222.838 2731
1703420223.152 2748
1703420223.454 2762
1703420223.774 2767
1703420224.070 2769
1703420224.413 2772
1703420224.799 2775
1703420225.122 2783
1703420225.416 2786
1703420225.717 2793
1703420226.027 2794
1703420226.321 2795
1703420226.587 2795
1703420226.873 2795
1703420227.184 2795
1703420227.501 2795
1703420227.785 2795
1703420228.079 2795
1703420228.372 2795
1703420228.713 2795
1703420229.009 2795
1703420229.287 2795
1703420229.623 2795
1703420229.931 2795
1703420230.239 2795
1703420230.597 2805
1703420230.972 2808
1703420231.325 2809
1703420231.597 2809
1703420231.885 2839
1703420232.195 2862
1703420232.482 2878
1703420232.839 2895
1703420233.201 2913
1703420233.513 2914
1703420233.875 2915
1703420234.184 2915
1703420234.463 2915
1703420234.731 2918
1703420235.069 2920
1703420235.394 2920
1703420235.749 2920
1703420236.110 2925
1703420236.482 2953
1703420236.837 2970
1703420237.235 2997
1703420237.521 3018
1703420237.810 3035
1703420238.117 3062
1703420238.458 3101
1703420238.839 3156
1703420239.148 3182
1703420239.534 3207
1703420239.834 3233
1703420240.155 3268
1703420240.438 3286
1703420240.780 3288
1703420241.116 3288
1703420241.381 3288
1703420241.688 3288
1703420241.966 3288
1703420242.252 3288
1703420242.540 3288
1703420242.885 3288
1703420243.270 3288
1703420243.618 3288
1703420243.931 3288
1703420244.248 3305
1703420244.549 3306
1703420244.832 3307
1703420245.148 3307
1703420245.482 3307
1703420245.786 3307
1703420246.063 3307
1703420246.350 3307
1703420246.682 3309
1703420246.994 3323
1703420247.379 3357
1703420247.767 3372
1703420248.151 3376
1703420248.488 3385
1703420248.772 3390
1703420249.154 3400
1703420249.540 3403
1703420249.867 3420
1703420250.222 3455
1703420250.546 3484
1703420250.878 3527
1703420251.170 3550
1703420251.484 3569
1703420251.776 3578
1703420252.070 3578
1703420252.393 3607
1703420252.723 3615
1703420253.062 3627
1703420253.379 3638
1703420253.686 3645
1703420254.001 3650
1703420254.349 3654
1703420254.689 3664
1703420254.982 3678
1703420255.327 3702
1703420255.652 3728
1703420256.014 3732
1703420256.304 3746
1703420256.701 3786
1703420257.076 3824
1703420257.407 3836
1703420257.693 3860
1703420257.992 3910
1703420258.310 3929
1703420258.631 3961
1703420258.963 3996
1703420259.295 4030
1703420259.586 4054
1703420259.887 4107
1703420260.172 4122
1703420260.525 4130
1703420260.850 4154
1703420261.156 4166
1703420261.450 4173
1703420261.734 4177
1703420262.029 4177
1703420262.383 4181
1703420262.676 4192
1703420263.056 4217
1703420263.363 4222
1703420263.736 4229
1703420264.099 4240
1703420264.475 4252
1703420264.777 4270
1703420265.114 4345
1703420265.434 4345
1703420265.774 4345
1703420266.063 4345
1703420266.413 4346
1703420266.773 4346
1703420267.068 4346
1703420267.368 4348
1703420267.698 4348
1703420267.992 4348
1703420268.306 4348
1703420268.678 4353
1703420269.005 4360
1703420269.315 4362
1703420269.594 4362
1703420269.891 4362
1703420270.161 4362
1703420270.455 4362
1703420270.769 4362
1703420271.079 4362
1703420271.416 4362
1703420271.736 4362
1703420272.089 4362
1703420272.455 4362
1703420272.754 4362
1703420273.049 4362
1703420273.340 4362
1703420273.639 4362
1703420273.951 4362
1703420274.246 4371
1703420274.536 4371
1703420274.840 4379
1703420275.144 4383
1703420275.446 4387
1703420275.786 4387
1703420276.089 4387
1703420276.393 4387
1703420276.676 4393
1703420276.958 4412
1703420277.304 4424
1703420277.624 4440
1703420278.001 4460
1703420278.319 4479
1703420278.590 4510
1703420278.907 4526
1703420279.197 4543
1703420279.492 4548
1703420279.816 4549
1703420280.173 4549
1703420280.475 4549
1703420280.839 4549
1703420281.148 4549
1703420281.434 4549
1703420281.713 4549
1703420282.033 4549
1703420282.366 4549
1703420282.733 4549
1703420283.036 4549
1703420283.423 4549
1703420283.754 4550
1703420284.096 4550
1703420284.461 4551
1703420284.755 4552
1703420285.044 4556
1703420285.342 4560
1703420285.650 4563
1703420285.967 4567
1703420286.280 4571
1703420286.651 4577
1703420287.012 4583
1703420287.327 4587
1703420287.646 4589
1703420287.923 4589
1703420288.265 4589
1703420288.586 4590
1703420288.881 4593
1703420289.236 4609
1703420289.555 4609
1703420289.884 4609
1703420290.156 4610
1703420290.471 4621
1703420290.792 4621
1703420291.163 4621
1703420291.472 4621
1703420291.758 4623
1703420292.044 4626
1703420292.335 4628
1703420292.615 4630
1703420292.898 4631
1703420293.271 4634
1703420293.548 4637
1703420293.850 4642
1703420294.197 4645
1703420294.579 4650
1703420294.960 4654
1703420295.346 4661
1703420295.704 4672
1703420296.007 4681
1703420296.304 4702
1703420296.606 4728
1703420296.898 4728
1703420297.217 4728
1703420297.507 4734
1703420297.847 4736
1703420298.190 4736
1703420298.495 4736
1703420298.870 4736
1703420299.166 4736
1703420299.464 4736
1703420299.776 4736
1703420300.125 4736
1703420300.409 4736
1703420300.702 4736
1703420300.967 4736
1703420301.251 4736
1703420301.537 4736
1703420301.829 4736
1703420302.108 4736
1703420302.487 4736
1703420302.854 4736
1703420303.187 4736
1703420303.533 4736
1703420303.912 4736
1703420304.204 4736
1703420304.499 4738
1703420304.876 4738
1703420305.164 4738
1703420305.544 4738
1703420305.865 4738
1703420306.175 4740
1703420306.519 4740
1703420306.817 4740
1703420307.193 4740
1703420307.495 4740
1703420307.779 4741
1703420308.078 4741
1703420308.366 4741
1703420308.679 4741
1703420308.953 4741
1703420309.266 4741
1703420309.602 4741
1703420309.890 4741
1703420310.260 4741
1703420310.584 4741
1703420310.871 4741
1703420311.161 4741
1703420311.501 4741
1703420311.793 4741
1703420312.093 4741
1703420312.394 4741
1703420312.675 4741
1703420313.054 4744
1703420313.421 4744
1703420313.716 4744
1703420314.054 4745
1703420314.354 4745
1703420314.653 4765
1703420314.958 4784
1703420315.280 4790
1703420315.627 4790
1703420316.009 4791
1703420316.394 4796
1703420316.769 4797
1703420317.092 4799
1703420317.395 4800
1703420317.725 4806
1703420318.079 4806
1703420318.410 4810
1703420318.731 4830
1703420319.073 4871
1703420319.409 4875
1703420319.692 4875
1703420320.035 4875
1703420320.352 4875
1703420320.656 4875
1703420320.975 4876
1703420321.299 4883
1703420321.567 4883
1703420321.872 4885
1703420322.187 4885
1703420322.496 4885
1703420322.864 4885
1703420323.178 4885
1703420323.458 4885
1703420323.827 4885
1703420324.153 4885
1703420324.427 4885
1703420324.725 4885
1703420325.074 4885
1703420325.384 4892
1703420325.639 4892
1703420325.936 4892
1703420326.251 4892
1703420326.541 4892
1703420326.848 4892
1703420327.156 4893
1703420327.477 4893
1703420327.779 4900
1703420328.071 4900
1703420328.352 4900
1703420328.638 4900
1703420328.923 4900
1703420329.216 4900
1703420329.527 4901
1703420329.882 4901
1703420330.174 4901
1703420330.496 4901
1703420330.815 4901
1703420331.181 4901
1703420331.444 4901
1703420331.793 4902
1703420332.091 4902
1703420332.434 4902
1703420332.743 4902
1703420333.090 4902
1703420333.401 4902
1703420333.687 4902
1703420333.974 4902
1703420334.259 4902
1703420334.557 4902
1703420334.840 4902
1703420335.131 4902
1703420335.427 4902
1703420335.770 4902
1703420336.143 4902
1703420336.491 4902
1703420336.813 4902
1703420337.110 4902
1703420337.411 4906
1703420337.681 4912
1703420337.988 4912
1703420338.276 4912
1703420338.562 4912
1703420338.908 4912
1703420339.193 4912
1703420339.555 4912
1703420339.929 4912
1703420340.253 4912
1703420340.548 4912
1703420340.892 4913
1703420341.189 4913
1703420341.484 4913
1703420341.844 4913
1703420342.204 4913
1703420342.584 4913
1703420342.868 4913
1703420343.156 4913
1703420343.448 4913
1703420343.763 4913
1703420344.149 4913
1703420344.459 4913
1703420344.783 4913
1703420345.052 4913
1703420345.387 4913
1703420345.717 4913
1703420346.028 4917
1703420346.352 4926
1703420346.750 4964
1703420347.092 5002
1703420347.390 5013
1703420347.715 5021
1703420348.027 5022
1703420348.302 5022
1703420348.605 5022
1703420348.883 5022
1703420349.192 5045
1703420349.541 5047
1703420349.827 5047
1703420350.119 5048
1703420350.420 5055
1703420350.724 5055
1703420351.032 5055
1703420351.321 5055
1703420351.633 5055
1703420351.910 5055
1703420352.224 5055
1703420352.560 5055
1703420352.942 5055
1703420353.329 5055
1703420353.701 5055
1703420354.057 5055
1703420354.352 5055
1703420354.708 5055
1703420355.040 5055
1703420355.342 5055
1703420355.653 5056
1703420355.954 5056
1703420356.277 5056
1703420356.635 5056
1703420357.026 5056
1703420357.365 5056
1703420357.676 5056
1703420358.015 5056
1703420358.349 5056
1703420358.663 5056
1703420359.003 5056
1703420359.336 5056
1703420359.664 5056
1703420359.968 5056
1703420360.283 5056
1703420360.620 5056
1703420360.969 5056
1703420361.323 5056
1703420361.692 5056
1703420361.996 5056
1703420362.375 5056
1703420362.727 5056
1703420363.081 5056
1703420363.368 5056
1703420363.667 5056
1703420363.954 5056
1703420364.240 5056
1703420364.569 5056
1703420364.833 5056
1703420365.123 5056
1703420365.409 5056
1703420365.704 5056
1703420366.052 5056
1703420366.388 5057
1703420366.663 5057
1703420366.947 5057
1703420367.250 5057
1703420367.535 5057
1703420367.834 5057
1703420368.118 5057
1703420368.417 5057
1703420368.786 5057
1703420369.103 5057
1703420369.396 5057
1703420369.685 5057
1703420369.993 5057
1703420370.292 5057
1703420370.590 5057
1703420370.954 5057
1703420371.263 5057
1703420371.546 5057
1703420371.875 5057
1703420372.243 5057
1703420372.572 5057
1703420372.885 5057
1703420373.236 5057
1703420373.580 5059
1703420373.975 5059
1703420374.275 5059
1703420374.635 5059
1703420374.943 5059
1703420375.263 5059
1703420375.560 5061
1703420375.862 5068
1703420376.196 5069
1703420376.492 5069
1703420376.823 5069
1703420377.111 5069
1703420377.432 5069
1703420377.825 5069
1703420378.204 5069
1703420378.558 5069
1703420378.908 5069
1703420379.213 5069
1703420379.570 5069
1703420379.891 5069
1703420380.267 5070
1703420380.638 5070
1703420381.000 5070
1703420381.302 5070
1703420381.638 5070
1703420381.973 5070
1703420382.279 5070
1703420382.588 5071
1703420382.985 5072
1703420383.333 5073
1703420383.628 5073
1703420383.891 5073
1703420384.243 5073
1703420384.521 5073
1703420384.807 5073
1703420385.090 5073
1703420385.423 5073
1703420385.777 5073
1703420386.154 5073
1703420386.444 5073
1703420386.719 5073
1703420386.993 5073
1703420387.291 5077
1703420387.592 5087
1703420387.969 5102
1703420388.276 5144
1703420388.630 5188
1703420388.990 5196
1703420389.342 5215
1703420389.713 5245
1703420390.098 5260
1703420390.473 5276
1703420390.788 5310
1703420391.093 5342
1703420391.420 5346
1703420391.735 5354
1703420391.998 5354
1703420392.287 5354
1703420392.597 5354
1703420392.903 5355
1703420393.286 5355
1703420393.626 5368
1703420393.996 5393
1703420394.296 5420
1703420394.587 5424
1703420394.883 5432
1703420395.223 5455
1703420395.604 5477
1703420395.884 5482
1703420396.225 5483
1703420396.494 5487
1703420396.775 5491
1703420397.066 5495
1703420397.324 5499
1703420397.701 5517
1703420398.079 5538
1703420398.419 5546
1703420398.703 5566
1703420398.987 5571
1703420399.282 5575
1703420399.617 5602
1703420399.925 5607
1703420400.255 5609
1703420400.532 5611
1703420400.838 5614
1703420401.097 5614
1703420401.379 5614
1703420401.692 5614
1703420401.996 5614
1703420402.299 5614
1703420402.603 5614
1703420402.953 5614
1703420403.245 5614
1703420403.538 5614
1703420403.838 5614
1703420404.119 5614
1703420404.414 5614
1703420404.755 5614
1703420405.078 5614
1703420405.343 5616
1703420405.648 5660
1703420405.935 5661
1703420406.308 5661
1703420406.648 5661
1703420406.926 5661
1703420407.241 5661
1703420407.604 5661
1703420407.919 5661
1703420408.237 5661
1703420408.565 5661
1703420408.835 5661
1703420409.141 5661
1703420409.411 5661
1703420409.740 5661
1703420410.095 5662
1703420410.431 5662
1703420410.721 5662
1703420411.008 5663
1703420411.310 5666
1703420411.655 5669
1703420411.989 5669
1703420412.287 5669
1703420412.608 5669
1703420412.938 5669
1703420413.243 5669
1703420413.535 5669
1703420413.912 5747
1703420414.254 5753
1703420414.543 5753
1703420414.831 5753
1703420415.156 5753
1703420415.526 5753
1703420415.818 5753
1703420416.111 5753
1703420416.409 5753
1703420416.750 5753
1703420417.059 5753
1703420417.364 5753
1703420417.719 5753
1703420418.090 5753
1703420418.382 5753
1703420418.652 5753
1703420418.953 5753
1703420419.259 5753
1703420419.590 5753
1703420419.859 5753
1703420420.146 5753
1703420420.429 5753
1703420420.707 5753
1703420421.006 5753
1703420421.318 5753
1703420421.604 5753
1703420421.905 5753
1703420422.196 5753
1703420422.472 5753
1703420422.789 5753
1703420423.082 5753
1703420423.362 5753
1703420423.633 5753
1703420423.897 5753
1703420424.172 5753
1703420424.482 5753
1703420424.813 5753
1703420425.094 5755
1703420425.419 5759
1703420425.700 5764
1703420426.016 5770
1703420426.304 5783
1703420426.593 5804
1703420426.889 5819
1703420427.173 5831
1703420427.519 5933
1703420427.824 6016
1703420428.125 6099
1703420428.451 6150
1703420428.753 6181
1703420429.031 6208
1703420429.393 6214
1703420429.774 6214
1703420430.113 6214
1703420430.391 6214
1703420430.683 6214
1703420430.961 6218
1703420431.291 6230
1703420431.572 6230
1703420431.876 6230
1703420432.168 6231
1703420432.453 6231
1703420432.776 6231
1703420433.137 6231
1703420433.430 6231
1703420433.767 6231
1703420434.093 6231
1703420434.403 6231
1703420434.698 6231
1703420434.990 6231
1703420435.274 6231
1703420435.593 6231
1703420435.897 6231
1703420436.204 6231
1703420436.493 6231
1703420436.785 6231
1703420437.067 6231
1703420437.392 6231
1703420437.669 6232
1703420438.022 6232
1703420438.300 6232
1703420438.582 6247
1703420438.845 6247
1703420439.121 6247
1703420439.379 6247
1703420439.637 6247
1703420439.890 6247
1703420440.151 6247
1703420440.496 6247
1703420440.774 6247
1703420441.045 6247
1703420441.312 6247
1703420441.583 6247
1703420441.856 6247
1703420442.129 6247
1703420442.412 6247
1703420442.763 6247
1703420443.046 6250
1703420443.310 6250
1703420443.589 6250
1703420443.862 6250
1703420444.136 6250
1703420444.413 6250
1703420444.688 6250
1703420444.998 6250
1703420445.462 6250
1703420445.777 6250
1703420446.160 6250
1703420446.478 6250
1703420446.749 6250
1703420447.079 6250
1703420447.411 6250
1703420447.698 6250
1703420447.995 6250
1703420448.264 6250
1703420448.538 6250
1703420448.812 6253
1703420449.087 6259
1703420449.403 6280
1703420449.751 6280
1703420450.050 6283
1703420450.369 6284
1703420450.700 6284
1703420451.018 6284
1703420451.318 6284
1703420451.609 6284
1703420451.897 6284
1703420452.190 6284
1703420452.499 6286
1703420452.800 6308
1703420453.079 6352
1703420453.409 6393
1703420453.696 6415
1703420453.964 6417
1703420454.241 6419
1703420454.512 6421
1703420454.772 6421
1703420455.040 6432
1703420455.346 6451
1703420455.617 6473
1703420455.879 6477
1703420456.140 6479
1703420456.482 6480
1703420456.771 6484
