1703420543.970 126
1703420544.393 127
1703420544.749 129
1703420545.091 133
1703420545.362 134
1703420545.645 138
1703420545.917 138
1703420546.200 139
1703420546.490 141
1703420546.770 141
1703420547.091 144
1703420547.463 153
1703420547.796 174
1703420548.175 235
1703420548.512 306
1703420548.806 382
1703420549.123 538
1703420549.415 566
1703420549.712 584
1703420550.110 592
1703420550.475 596
1703420550.792 608
1703420551.092 642
1703420551.414 717
1703420551.736 792
1703420552.026 860
1703420552.392 912
1703420552.698 914
1703420552.963 918
1703420553.252 926
1703420553.516 950
1703420553.787 992
1703420554.079 1018
1703420554.371 1037
1703420554.680 1068
1703420554.951 1108
1703420555.285 1132
1703420555.686 1160
1703420556.068 1205
1703420556.423 1242
1703420556.711 1245
1703420557.025 1256
1703420557.302 1259
1703420557.643 1265
1703420558.171 1271
1703420558.545 1281
1703420559.002 1281
1703420559.389 1282
1703420559.795 1282
1703420560.186 1282
1703420560.578 1282
1703420560.959 1282
1703420561.256 1282
1703420561.589 1282
1703420562.003 1283
1703420562.291 1283
1703420562.577 1284
1703420562.883 1284
1703420563.177 1284
1703420563.493 1290
1703420563.794 1300
1703420564.155 1336
1703420564.516 1420
1703420564.858 1460
1703420565.243 1538
1703420565.588 1542
1703420565.902 1547
1703420566.177 1547
1703420566.494 1555
1703420566.808 1589
1703420567.133 1618
1703420567.436 1660
1703420567.714 1721
1703420568.092 1751
1703420568.409 1751
1703420568.696 1756
1703420568.997 1758
1703420569.328 1764
1703420569.664 1766
1703420569.946 1771
1703420570.241 1776
1703420570.538 1786
1703420570.830 1817
1703420571.133 1842
1703420571.422 1887
1703420571.747 1931
1703420572.043 1979
1703420572.352 2037
1703420572.636 2053
1703420572.935 2068
1703420573.230 2074
1703420573.532 2099
1703420573.824 2126
1703420574.111 2155
1703420574.455 2189
1703420574.771 2222
1703420575.099 2224
1703420575.403 2226
1703420575.740 2231
1703420576.087 2247
1703420576.381 2251
1703420576.671 2259
1703420576.942 2260
1703420577.290 2260
1703420577.602 2260
1703420577.955 2260
1703420578.276 2260
1703420578.571 2263
1703420578.867 2263
1703420579.190 2263
1703420579.524 2263
1703420579.833 2263
1703420580.136 2264
1703420580.480 2280
1703420580.788 2293
1703420581.148 2313
1703420581.434 2353
1703420581.756 2395
1703420582.089 2434
1703420582.442 2468
1703420582.752 2494
1703420583.080 2517
1703420583.354 2526
1703420583.680 2527
1703420584.046 2531
1703420584.409 2540
1703420584.794 2556
1703420585.173 2573
1703420585.468 2576
1703420585.793 2589
1703420586.142 2593
1703420586.481 2598
1703420586.787 2600
1703420587.093 2602
1703420587.413 2602
1703420587.711 2602
1703420588.000 2604
1703420588.288 2604
1703420588.600 2604
1703420588.947 2605
1703420589.253 2605
1703420589.588 2605
1703420589.911 2605
1703420590.241 2611
1703420590.533 2612
1703420590.820 2613
1703420591.097 2617
1703420591.404 2626
1703420591.720 2635
1703420592.021 2643
1703420592.365 2658
1703420592.649 2668
1703420592.941 2677
1703420593.248 2691
1703420593.601 2695
1703420593.952 2728
1703420594.264 2728
1703420594.587 2746
1703420594.918 2747
1703420595.267 2748
1703420595.589 2754
1703420595.937 2767
1703420596.263 2855
1703420596.581 2896
1703420596.919 2957
1703420597.192 2988
1703420597.574 3002
1703420597.948 3006
1703420598.276 3011
1703420598.617 3015
1703420598.940 3017
1703420599.236 3020
1703420599.616 3020
1703420599.985 3020
1703420600.352 3020
1703420600.657 3020
1703420600.956 3020
1703420601.264 3020
1703420601.542 3020
1703420601.841 3020
1703420602.172 3020
1703420602.507 3020
1703420602.861 3033
1703420603.242 3049
1703420603.581 3049
1703420603.961 3050
1703420604.291 3051
1703420604.586 3057
1703420604.894 3075
1703420605.191 3090
1703420605.582 3108
1703420605.943 3125
1703420606.277 3131
1703420606.601 3138
1703420606.923 3139
1703420607.211 3139
1703420607.561 3141
1703420607.925 3143
1703420608.221 3147
1703420608.574 3174
1703420608.911 3195
1703420609.243 3211
1703420609.595 3237
1703420609.962 3260
1703420610.269 3285
1703420610.608 3324
1703420610.923 3356
1703420611.203 3396
1703420611.498 3429
1703420611.786 3431
1703420612.090 3438
1703420612.455 3438
1703420612.757 3438
1703420613.052 3439
1703420613.402 3444
1703420613.722 3446
1703420614.041 3446
1703420614.359 3446
1703420614.658 3449
1703420615.017 3449
1703420615.361 3449
1703420615.657 3449
1703420615.942 3449
1703420616.282 3449
1703420616.608 3450
1703420616.956 3450
1703420617.276 3450
1703420617.578 3450
1703420617.873 3451
1703420618.248 3453
1703420618.633 3453
1703420618.977 3456
1703420619.264 3456
1703420619.602 3463
1703420619.958 3465
1703420620.309 3480
1703420620.598 3495
1703420620.938 3518
1703420621.306 3554
1703420621.696 3608
1703420622.005 3697
1703420622.272 3728
1703420622.609 3735
1703420622.885 3747
1703420623.176 3779
1703420623.489 3796
1703420623.774 3807
1703420624.059 3825
1703420624.467 3884
1703420624.833 3921
1703420625.149 3945
1703420625.446 3956
1703420625.747 3964
1703420626.052 3968
1703420626.348 4016
1703420626.675 4018
1703420626.997 4020
1703420627.390 4051
1703420627.753 4069
1703420628.151 4093
1703420628.437 4100
1703420628.781 4130
1703420629.165 4190
1703420629.498 4190
1703420629.804 4190
1703420630.130 4190
1703420630.466 4207
1703420630.790 4207
1703420631.088 4207
1703420631.401 4210
1703420631.778 4210
1703420632.151 4212
1703420632.447 4212
1703420632.735 4212
1703420633.042 4212
1703420633.335 4212
1703420633.684 4212
1703420634.061 4212
1703420634.354 4212
1703420634.650 4212
1703420634.996 4212
1703420635.331 4212
1703420635.601 4212
1703420635.890 4212
1703420636.192 4212
1703420636.528 4212
1703420636.900 4212
1703420637.207 4212
1703420637.533 4212
1703420637.885 4212
1703420638.204 4212
1703420638.579 4212
1703420638.960 4212
1703420639.263 4212
1703420639.586 4225
1703420639.934 4292
1703420640.286 4327
1703420640.695 4334
1703420641.030 4354
1703420641.411 4376
1703420641.750 4453
1703420642.051 4509
1703420642.396 4544
1703420642.698 4561
1703420643.001 4608
1703420643.311 4610
1703420643.636 4610
1703420643.974 4614
1703420644.370 4617
1703420644.715 4617
1703420645.012 4617
1703420645.304 4617
1703420645.571 4617
1703420645.861 4617
1703420646.178 4617
1703420646.468 4617
1703420646.751 4620
1703420647.035 4621
1703420647.346 4621
1703420647.645 4621
1703420648.000 4621
1703420648.307 4621
1703420648.620 4621
1703420648.972 4621
1703420649.314 4621
1703420649.653 4629
1703420649.976 4637
1703420650.324 4637
1703420650.695 4640
1703420651.039 4643
1703420651.372 4643
1703420651.675 4647
1703420651.964 4650
1703420652.304 4651
1703420652.670 4656
1703420653.016 4656
1703420653.306 4656
1703420653.574 4656
1703420653.874 4656
1703420654.205 4656
1703420654.503 4656
1703420654.798 4656
1703420655.104 4656
1703420655.397 4656
1703420655.699 4656
1703420656.034 4656
1703420656.362 4656
1703420656.673 4656
1703420657.071 4656
1703420657.381 4656
1703420657.709 4656
1703420657.998 4656
1703420658.295 4656
1703420658.632 4656
1703420658.920 4656
1703420659.206 4657
1703420659.496 4657
1703420659.796 4672
1703420660.126 4698
1703420660.498 4766
1703420660.790 4803
1703420661.168 4837
1703420661.508 4853
1703420661.807 4854
1703420662.170 4854
1703420662.502 4854
1703420662.820 4854
1703420663.142 4854
1703420663.444 4854
1703420663.774 4854
1703420664.075 4858
1703420664.467 4858
1703420664.807 4858
1703420665.175 4858
1703420665.514 4858
1703420665.818 4858
1703420666.116 4858
1703420666.419 4863
1703420666.724 4863
1703420667.057 4865
1703420667.363 4866
1703420667.706 4866
1703420668.097 4867
1703420668.441 4867
1703420668.731 4867
1703420669.083 4867
1703420669.459 4867
1703420669.864 4867
1703420670.220 4867
1703420670.518 4868
1703420670.845 4868
1703420671.128 4868
1703420671.409 4872
1703420671.748 4875
1703420672.101 4875
1703420672.457 4875
1703420672.835 4875
1703420673.150 4876
1703420673.440 4876
1703420673.731 4876
1703420674.021 4876
1703420674.368 4876
1703420674.725 4876
1703420675.034 4876
1703420675.347 4876
1703420675.627 4876
1703420675.991 4881
1703420676.295 4888
1703420676.573 4890
1703420676.875 4890
1703420677.239 4890
1703420677.563 4890
1703420677.939 4894
1703420678.309 4895
1703420678.629 4895
1703420678.900 4895
1703420679.196 4896
1703420679.478 4896
1703420679.765 4896
1703420680.048 4896
1703420680.335 4896
1703420680.622 4896
1703420680.955 4897
1703420681.306 4898
1703420681.643 4899
1703420681.998 4901
1703420682.357 4902
1703420682.671 4902
1703420683.001 4902
1703420683.331 4902
1703420683.629 4902
1703420683.963 4902
1703420684.299 4902
1703420684.576 4902
1703420684.882 4902
1703420685.245 4903
1703420685.534 4903
1703420685.820 4903
1703420686.101 4903
1703420686.398 4903
1703420686.705 4903
1703420687.015 4908
1703420687.407 4908
1703420687.728 4908
1703420688.064 4909
1703420688.438 4909
1703420688.752 4909
1703420689.118 4909
1703420689.425 4909
1703420689.730 4909
1703420690.094 4909
1703420690.388 4909
1703420690.681 4910
1703420690.952 4910
1703420691.290 4910
1703420691.574 4910
1703420691.882 4910
1703420692.175 4910
1703420692.487 4910
1703420692.815 4910
1703420693.107 4910
1703420693.475 4910
1703420693.768 4910
1703420694.068 4910
1703420694.378 4910
1703420694.671 4910
1703420694.960 4910
1703420695.255 4910
1703420695.539 4912
1703420695.830 4912
1703420696.167 4912
1703420696.464 4914
1703420696.808 4921
1703420697.128 4934
1703420697.468 4964
1703420697.851 5015
1703420698.170 5056
1703420698.519 5074
1703420698.809 5083
1703420699.161 5084
1703420699.552 5084
1703420699.880 5091
1703420700.185 5091
1703420700.509 5094
1703420700.811 5099
1703420701.142 5102
1703420701.455 5107
1703420701.770 5110
1703420702.076 5121
1703420702.409 5134
1703420702.798 5158
1703420703.130 5176
1703420703.449 5186
1703420703.742 5186
1703420704.061 5186
1703420704.354 5186
1703420704.737 5186
1703420705.092 5186
1703420705.450 5186
1703420705.780 5186
1703420706.069 5186
1703420706.352 5187
1703420706.645 5187
1703420706.993 5187
1703420707.370 5187
1703420707.766 5187
1703420708.068 5196
1703420708.340 5223
1703420708.680 5231
1703420709.017 5239
1703420709.297 5246
1703420709.664 5247
1703420709.938 5252
1703420710.269 5260
1703420710.584 5265
1703420710.882 5269
1703420711.195 5272
1703420711.531 5278
1703420711.856 5282
1703420712.205 5288
1703420712.535 5292
1703420712.844 5296
1703420713.154 5296
1703420713.458 5303
1703420713.814 5309
1703420714.145 5313
1703420714.455 5319
1703420714.808 5321
1703420715.119 5326
1703420715.404 5327
1703420715.758 5330
1703420716.137 5331
1703420716.447 5331
1703420716.774 5331
1703420717.100 5331
1703420717.419 5331
1703420717.771 5331
1703420718.078 5331
1703420718.413 5332
1703420718.718 5340
1703420719.048 5345
1703420719.359 5359
1703420719.654 5373
1703420719.976 5391
1703420720.250 5408
1703420720.607 5424
1703420720.898 5428
1703420721.186 5434
1703420721.467 5437
1703420721.805 5443
1703420722.118 5451
1703420722.418 5459
1703420722.776 5469
1703420723.109 5481
1703420723.380 5502
1703420723.710 5512
1703420724.062 5513
1703420724.406 5513
1703420724.708 5514
1703420725.062 5516
1703420725.412 5516
1703420725.772 5520
1703420726.176 5533
1703420726.533 5544
1703420726.835 5557
1703420727.159 5570
1703420727.503 5583
1703420727.804 5586
1703420728.095 5588
1703420728.396 5588
1703420728.682 5588
1703420728.973 5588
1703420729.281 5588
1703420729.583 5588
1703420729.890 5588
1703420730.232 5591
1703420730.635 5597
1703420730.950 5597
1703420731.280 5597
1703420731.559 5597
1703420731.835 5597
1703420732.120 5597
1703420732.443 5597
1703420732.792 5597
1703420733.150 5597
1703420733.451 5597
1703420733.731 5597
1703420734.052 5597
1703420734.392 5597
1703420734.724 5597
1703420735.064 5597
1703420735.412 5597
1703420735.716 5597
1703420736.076 5597
1703420736.446 5597
1703420736.788 5597
1703420737.106 5597
1703420737.447 5597
1703420737.844 5597
1703420738.160 5597
1703420738.527 5597
1703420738.867 5597
1703420739.190 5597
1703420739.498 5597
1703420739.790 5608
1703420740.106 5608
1703420740.399 5608
1703420740.762 5608
1703420741.094 5608
1703420741.401 5608
1703420741.765 5608
1703420742.147 5608
1703420742.485 5608
1703420742.789 5608
1703420743.079 5608
1703420743.367 5608
1703420743.676 5608
1703420743.971 5608
1703420744.265 5608
1703420744.605 5608
1703420744.987 5608
1703420745.345 5608
1703420745.640 5608
1703420746.000 5608
1703420746.314 5608
1703420746.605 5608
1703420746.920 5608
1703420747.234 5608
1703420747.534 5608
1703420747.885 5608
1703420748.224 5608
1703420748.521 5608
1703420748.838 5608
1703420749.103 5608
1703420749.391 5608
1703420749.713 5608
1703420750.005 5608
1703420750.269 5608
1703420750.537 5608
1703420750.811 5608
1703420751.102 5608
1703420751.413 5608
1703420751.708 5608
1703420752.067 5609
1703420752.412 5609
1703420752.780 5609
1703420753.077 5609
1703420753.388 5609
1703420753.681 5609
1703420754.059 5609
1703420754.360 5609
1703420754.759 5609
1703420755.061 5609
1703420755.404 5609
1703420755.673 5610
1703420756.056 5610
1703420756.338 5610
1703420756.684 5610
1703420757.000 5610
1703420757.275 5612
1703420757.666 5612
1703420757.948 5613
1703420758.245 5616
1703420758.536 5629
1703420758.809 5644
1703420759.160 5651
1703420759.498 5654
1703420759.793 5657
1703420760.124 5657
1703420760.487 5658
1703420760.858 5658
1703420761.190 5666
1703420761.516 5666
1703420761.892 5666
1703420762.220 5666
1703420762.554 5667
1703420762.870 5667
1703420763.149 5667
1703420763.489 5667
1703420763.849 5667
1703420764.194 5667
1703420764.515 5701
1703420764.852 5702
1703420765.142 5702
1703420765.434 5702
1703420765.734 5702
1703420766.017 5705
1703420766.347 5710
1703420766.669 5711
1703420767.066 5711
1703420767.409 5711
1703420767.738 5711
1703420768.042 5711
1703420768.391 5716
1703420768.689 5716
1703420769.052 5716
1703420769.409 5716
1703420769.700 5723
1703420769.985 5745
1703420770.378 5766
1703420770.662 5774
1703420770.947 5779
1703420771.270 5794
1703420771.567 5794
1703420771.923 5794
1703420772.306 5794
1703420772.631 5801
1703420772.947 5813
1703420773.328 5861
1703420773.619 5887
1703420773.915 5888
1703420774.200 5904
1703420774.481 5976
1703420774.825 6015
1703420775.205 6034
1703420775.574 6041
1703420775.885 6088
1703420776.184 6101
1703420776.485 6101
1703420776.801 6104
1703420777.147 6106
1703420777.523 6106
1703420777.886 6106
1703420778.191 6107
1703420778.490 6107
1703420778.851 6142
1703420779.171 6146
1703420779.587 6146
1703420779.872 6146
1703420780.213 6146
1703420780.521 6146
1703420780.830 6146
1703420781.149 6146
1703420781.443 6146
1703420781.760 6146
1703420782.066 6146
1703420782.360 6146
1703420782.654 6146
1703420782.969 6149
1703420783.271 6150
1703420783.574 6150
1703420783.890 6150
1703420784.163 6150
1703420784.507 6150
1703420784.862 6192
1703420785.212 6196
1703420785.508 6196
1703420785.821 6196
1703420786.151 6196
1703420786.437 6196
1703420786.763 6196
1703420787.084 6198
1703420787.381 6198
1703420787.680 6201
1703420787.981 6201
1703420788.295 6202
1703420788.577 6202
1703420788.914 6202
1703420789.193 6202
1703420789.517 6202
1703420789.880 6202
1703420790.189 6202
1703420790.511 6202
1703420790.857 6202
1703420791.159 6202
1703420791.449 6202
1703420791.755 6202
1703420792.044 6202
1703420792.406 6202
1703420792.753 6202
1703420793.038 6202
1703420793.348 6202
1703420793.653 6202
1703420793.943 6202
1703420794.302 6202
1703420794.662 6202
1703420794.987 6202
1703420795.295 6202
1703420795.582 6202
1703420795.853 6202
1703420796.144 6202
1703420796.439 6202
1703420796.733 6202
1703420797.117 6202
1703420797.482 6204
1703420797.884 6242
1703420798.220 6255
1703420798.557 6263
1703420798.851 6272
1703420799.147 6273
1703420799.417 6273
1703420799.816 6273
1703420800.126 6273
1703420800.455 6275
1703420800.783 6285
1703420801.139 6286
1703420801.429 6290
1703420801.757 6290
1703420802.058 6290
1703420802.355 6290
1703420802.655 6290
1703420802.956 6290
1703420803.303 6290
1703420803.653 6290
1703420804.036 6296
1703420804.413 6296
1703420804.746 6296
1703420805.090 6296
1703420805.389 6296
1703420805.702 6296
1703420805.994 6296
1703420806.306 6296
1703420806.600 6296
1703420806.881 6296
1703420807.219 6296
1703420807.522 6298
1703420807.866 6298
1703420808.153 6299
1703420808.443 6299
1703420808.771 6299
1703420809.073 6299
1703420809.363 6299
1703420809.679 6299
1703420809.990 6299
1703420810.306 6299
1703420810.610 6299
1703420810.900 6299
1703420811.170 6299
1703420811.458 6299
1703420811.769 6299
1703420812.062 6299
1703420812.371 6299
1703420812.689 6302
1703420812.972 6303
1703420813.270 6305
1703420813.563 6312
1703420813.928 6341
1703420814.265 6341
1703420814.631 6344
1703420814.951 6344
1703420815.297 6344
1703420815.567 6344
1703420815.954 6344
