1703416951.853 68
1703416952.214 130
1703416952.707 131
1703416953.114 131
1703416953.403 135
1703416953.691 135
1703416953.954 136
1703416954.233 140
1703416954.495 140
1703416954.755 143
1703416955.026 146
1703416955.296 146
1703416955.581 176
1703416955.881 229
1703416956.157 272
1703416956.437 325
1703416956.719 470
1703416957.021 508
1703416957.305 531
1703416957.581 553
1703416957.879 575
1703416958.157 579
1703416958.453 586
1703416958.725 641
1703416959.014 685
1703416959.317 686
1703416959.605 696
1703416959.879 740
1703416960.174 809
1703416960.470 853
1703416960.741 876
1703416961.047 879
1703416961.343 886
1703416961.616 915
1703416961.900 933
1703416962.177 963
1703416962.486 973
1703416962.786 989
1703416963.068 1013
1703416963.352 1036
1703416963.671 1088
1703416963.975 1119
1703416964.251 1145
1703416964.542 1178
1703416964.824 1185
1703416965.119 1202
1703416965.425 1221
1703416965.716 1223
1703416966.014 1223
1703416966.297 1224
1703416966.579 1224
1703416966.860 1224
1703416967.133 1224
1703416967.429 1224
1703416967.766 1224
1703416968.072 1224
1703416968.372 1224
1703416968.692 1225
1703416968.975 1226
1703416969.255 1238
1703416969.554 1244
1703416969.842 1250
1703416970.139 1265
1703416970.427 1317
1703416970.726 1402
1703416971.001 1428
1703416971.294 1434
1703416971.575 1436
1703416971.870 1436
1703416972.169 1450
1703416972.479 1487
1703416972.776 1529
1703416973.111 1547
1703416973.389 1583
1703416973.684 1599
1703416973.983 1614
1703416974.270 1632
1703416974.571 1635
1703416974.859 1641
1703416975.122 1646
1703416975.408 1650
1703416975.702 1652
1703416975.989 1656
1703416976.292 1660
1703416976.555 1661
1703416976.845 1680
1703416977.131 1705
1703416977.462 1729
1703416977.753 1768
1703416978.045 1804
1703416978.401 1827
1703416978.692 1884
1703416979.000 1928
1703416979.263 1935
1703416979.565 1966
1703416979.862 1976
1703416980.156 1991
1703416980.444 2014
1703416980.731 2067
1703416981.047 2090
1703416981.333 2096
1703416981.634 2102
1703416981.926 2106
1703416982.227 2115
1703416982.516 2122
1703416982.805 2123
1703416983.123 2126
1703416983.396 2133
1703416983.681 2133
1703416983.984 2133
1703416984.278 2134
1703416984.607 2136
1703416984.887 2136
1703416985.171 2136
1703416985.451 2136
1703416985.804 2138
1703416986.333 2166
1703416986.735 2186
1703416987.034 2216
1703416987.344 2266
1703416987.626 2312
1703416987.914 2332
1703416988.227 2356
1703416988.568 2366
1703416988.863 2370
1703416989.160 2407
1703416989.520 2421
1703416989.816 2435
1703416990.097 2440
1703416990.392 2442
1703416990.680 2447
1703416990.971 2457
1703416991.266 2469
1703416991.550 2476
1703416991.858 2481
1703416992.130 2492
1703416992.459 2492
1703416992.765 2493
1703416993.052 2493
1703416993.339 2493
1703416993.628 2493
1703416993.907 2496
1703416994.228 2498
1703416994.545 2499
1703416994.858 2499
1703416995.182 2500
1703416995.464 2500
1703416995.774 2500
1703416996.077 2500
1703416996.372 2500
1703416996.708 2500
1703416997.006 2510
1703416997.301 2510
1703416997.674 2511
1703416998.000 2511
1703416998.281 2512
1703416998.569 2520
1703416998.857 2525
1703416999.156 2537
1703416999.440 2550
1703416999.762 2574
1703417000.051 2592
1703417000.354 2612
1703417000.655 2629
1703417001.213 2641
1703417001.638 2669
1703417001.968 2674
1703417002.282 2709
1703417002.608 2725
1703417002.956 2778
1703417003.254 2787
1703417003.560 2819
1703417003.904 2819
1703417004.196 2822
1703417004.490 2822
1703417004.798 2822
1703417005.123 2822
1703417005.411 2822
1703417005.696 2822
1703417006.022 2822
1703417006.300 2822
1703417006.589 2822
1703417006.876 2822
1703417007.180 2873
1703417007.478 2943
1703417007.774 2961
1703417008.065 2978
1703417008.363 2996
1703417008.656 3007
1703417008.978 3008
1703417009.279 3008
1703417009.584 3013
1703417009.871 3016
1703417010.168 3016
1703417010.490 3018
1703417010.774 3018
1703417011.063 3024
1703417011.352 3031
1703417011.643 3040
1703417011.978 3052
1703417012.262 3065
1703417012.553 3071
1703417012.845 3126
1703417013.153 3174
1703417013.451 3209
1703417013.738 3234
1703417014.071 3266
1703417014.346 3290
1703417014.631 3319
1703417014.958 3348
1703417015.267 3348
1703417015.550 3348
1703417015.847 3348
1703417016.151 3348
1703417016.446 3348
1703417016.740 3348
1703417017.103 3352
1703417017.389 3352
1703417017.707 3352
1703417017.985 3352
1703417018.290 3352
1703417018.578 3352
1703417018.880 3352
1703417019.182 3352
1703417019.493 3352
1703417019.781 3352
1703417020.095 3352
1703417020.401 3352
1703417020.694 3352
1703417020.979 3352
1703417021.275 3352
1703417021.608 3352
1703417021.935 3352
1703417022.248 3352
1703417022.533 3352
1703417022.847 3352
1703417023.161 3353
1703417023.463 3359
1703417023.749 3359
1703417024.122 3359
1703417024.416 3367
1703417024.715 3385
1703417025.012 3410
1703417025.307 3420
1703417025.669 3429
1703417025.997 3435
1703417026.282 3438
1703417026.649 3442
1703417026.960 3450
1703417027.269 3499
1703417027.553 3539
1703417027.824 3549
1703417028.111 3554
1703417028.413 3558
1703417028.701 3561
1703417028.981 3570
1703417029.268 3573
1703417029.558 3583
1703417029.885 3595
1703417030.179 3622
1703417030.514 3626
1703417030.815 3626
1703417031.100 3627
1703417031.398 3634
1703417031.682 3643
1703417031.970 3650
1703417032.292 3653
1703417032.595 3658
1703417032.889 3661
1703417033.195 3664
1703417033.496 3667
1703417033.792 3669
1703417034.089 3699
1703417034.383 3699
1703417034.684 3700
1703417034.981 3700
1703417035.275 3700
1703417035.580 3715
1703417035.879 3733
1703417036.173 3736
1703417036.477 3748
1703417036.762 3786
1703417037.066 3793
1703417037.346 3797
1703417037.709 3803
1703417037.998 3808
1703417038.290 3812
1703417038.616 3816
1703417038.909 3819
1703417039.183 3826
1703417039.483 3834
1703417039.779 3843
1703417040.088 3844
1703417040.394 3911
1703417040.669 3911
1703417040.967 3911
1703417041.271 3911
1703417041.559 3913
1703417041.855 3944
1703417042.178 3979
1703417042.490 4010
1703417042.866 4025
1703417043.152 4029
1703417043.447 4037
1703417043.774 4040
1703417044.067 4042
1703417044.337 4053
1703417044.644 4058
1703417044.928 4060
1703417045.294 4061
1703417045.602 4061
1703417045.912 4062
1703417046.201 4072
1703417046.508 4082
1703417046.814 4100
1703417047.107 4116
1703417047.445 4140
1703417047.753 4147
1703417048.058 4158
1703417048.352 4158
1703417048.658 4158
1703417048.946 4158
1703417049.261 4158
1703417049.570 4158
1703417049.865 4158
1703417050.185 4158
1703417050.504 4158
1703417050.807 4158
1703417051.094 4158
1703417051.398 4158
1703417051.747 4158
1703417052.068 4158
1703417052.382 4158
1703417052.678 4158
1703417052.972 4158
1703417053.263 4158
1703417053.555 4158
1703417053.885 4158
1703417054.190 4158
1703417054.487 4158
1703417054.768 4158
1703417055.073 4167
1703417055.392 4167
1703417055.680 4167
1703417055.967 4167
1703417056.272 4167
1703417056.543 4167
1703417056.848 4167
1703417057.190 4167
1703417057.488 4167
1703417057.781 4167
1703417058.082 4167
1703417058.399 4167
1703417058.711 4167
1703417058.997 4167
1703417059.307 4167
1703417059.605 4167
1703417059.883 4167
1703417060.171 4167
1703417060.462 4167
1703417060.755 4167
1703417061.057 4167
1703417061.328 4167
1703417061.613 4167
1703417061.889 4168
1703417062.186 4168
1703417062.462 4168
1703417062.749 4168
1703417063.035 4168
1703417063.321 4168
1703417063.605 4168
1703417063.943 4169
1703417064.263 4169
1703417064.559 4169
1703417064.856 4169
1703417065.143 4169
1703417065.440 4169
1703417065.732 4170
1703417066.021 4171
1703417066.310 4172
1703417066.607 4179
1703417066.900 4187
1703417067.191 4195
1703417067.474 4213
1703417067.788 4221
1703417068.109 4230
1703417068.401 4230
1703417068.696 4239
1703417069.004 4243
1703417069.288 4253
1703417069.609 4270
1703417069.915 4298
1703417070.252 4350
1703417070.580 4395
1703417070.900 4468
1703417071.255 4503
1703417071.553 4536
1703417071.865 4582
1703417072.151 4627
1703417072.437 4662
1703417072.720 4678
1703417073.013 4684
1703417073.300 4688
1703417073.594 4689
1703417073.883 4690
1703417074.172 4693
1703417074.465 4694
1703417074.749 4694
1703417075.047 4694
1703417075.330 4694
1703417075.660 4694
1703417075.965 4694
1703417076.248 4694
1703417076.546 4694
1703417076.886 4694
1703417077.212 4694
1703417077.508 4706
1703417077.790 4706
1703417078.084 4706
1703417078.370 4706
1703417078.656 4706
1703417078.968 4706
1703417079.309 4706
1703417079.602 4706
1703417079.918 4706
1703417080.227 4706
1703417080.561 4706
1703417080.857 4706
1703417081.157 4706
1703417081.449 4706
1703417081.763 4706
1703417082.045 4706
1703417082.335 4706
1703417082.631 4706
1703417082.957 4706
1703417083.250 4706
1703417083.590 4713
1703417083.932 4713
1703417084.234 4713
1703417084.523 4713
1703417084.866 4714
1703417085.160 4721
1703417085.495 4737
1703417085.860 4811
1703417086.173 4839
1703417086.463 4842
1703417086.798 4865
1703417087.090 4872
1703417087.444 4889
1703417087.737 4910
1703417088.024 4967
1703417088.350 4999
1703417088.687 5054
1703417088.974 5064
1703417089.278 5074
1703417089.562 5089
1703417089.851 5089
1703417090.135 5093
1703417090.425 5103
1703417090.728 5104
1703417091.049 5104
1703417091.354 5105
1703417091.664 5105
1703417091.948 5110
1703417092.247 5110
1703417092.528 5110
1703417092.818 5110
1703417093.151 5110
1703417093.478 5110
1703417093.752 5110
1703417094.049 5110
1703417094.338 5111
1703417094.587 5111
1703417094.924 5111
1703417095.203 5111
1703417095.496 5112
1703417095.807 5129
1703417096.089 5154
1703417096.412 5199
1703417096.721 5231
1703417097.013 5261
1703417097.312 5270
1703417097.613 5304
1703417097.901 5333
1703417098.204 5359
1703417098.504 5380
1703417098.826 5392
1703417099.112 5393
1703417099.398 5394
1703417099.692 5401
1703417099.996 5403
1703417100.274 5403
1703417100.573 5403
1703417100.860 5403
1703417101.153 5406
1703417101.509 5406
1703417101.815 5406
1703417102.128 5407
1703417102.403 5407
1703417102.767 5408
1703417103.106 5408
1703417103.395 5409
1703417103.677 5409
1703417103.958 5410
1703417104.250 5421
1703417104.536 5431
1703417104.824 5431
1703417105.116 5431
1703417105.423 5431
1703417105.711 5438
1703417106.027 5458
1703417106.319 5465
1703417106.598 5486
1703417106.891 5486
1703417107.172 5486
1703417107.466 5486
1703417107.770 5486
1703417108.041 5486
1703417108.331 5486
1703417108.622 5486
1703417108.930 5487
1703417109.209 5487
1703417109.518 5488
1703417109.805 5488
1703417110.093 5492
1703417110.383 5493
1703417110.647 5493
1703417110.911 5493
1703417111.179 5493
1703417111.452 5495
1703417111.750 5495
1703417112.027 5495
1703417112.302 5497
1703417112.573 5497
1703417112.859 5497
1703417113.156 5497
1703417113.436 5497
1703417113.725 5497
1703417114.013 5497
1703417114.300 5497
1703417114.604 5497
1703417114.895 5497
1703417115.184 5497
1703417115.501 5499
1703417115.792 5499
1703417116.085 5500
1703417116.398 5500
1703417116.695 5500
1703417116.984 5500
1703417117.320 5500
1703417117.605 5500
1703417117.889 5500
1703417118.178 5500
1703417118.468 5500
1703417118.795 5500
1703417119.086 5500
1703417119.376 5503
1703417119.677 5503
1703417119.973 5503
1703417120.267 5503
1703417120.576 5503
1703417120.859 5503
1703417121.150 5503
1703417121.470 5503
1703417121.754 5503
1703417122.037 5503
1703417122.330 5503
1703417122.617 5503
1703417122.945 5503
1703417123.240 5503
1703417123.530 5503
1703417123.827 5503
1703417124.103 5503
1703417124.401 5503
1703417124.692 5503
1703417124.976 5503
1703417125.263 5503
1703417125.558 5503
1703417125.849 5503
1703417126.154 5503
1703417126.437 5503
1703417126.744 5503
1703417127.024 5503
1703417127.332 5504
1703417127.619 5504
1703417127.910 5505
1703417128.194 5512
1703417128.514 5516
1703417128.810 5522
1703417129.090 5528
1703417129.398 5528
1703417129.691 5533
1703417129.990 5536
1703417130.275 5540
1703417130.571 5542
1703417130.860 5553
1703417131.164 5557
1703417131.446 5574
1703417131.744 5576
1703417132.040 5585
1703417132.321 5585
1703417132.614 5604
1703417132.897 5624
1703417133.224 5653
1703417133.559 5690
1703417133.852 5706
1703417134.139 5710
1703417134.416 5711
1703417134.750 5720
1703417135.039 5720
1703417135.332 5720
1703417135.623 5720
1703417135.910 5720
1703417136.203 5721
1703417136.545 5722
1703417136.853 5722
1703417137.132 5722
1703417137.419 5722
1703417137.710 5722
1703417137.961 5722
1703417138.242 5722
1703417138.559 5735
1703417138.889 5753
1703417139.177 5760
1703417139.465 5766
1703417139.756 5769
1703417140.048 5775
1703417140.345 5792
1703417140.633 5803
1703417140.897 5818
1703417141.176 5830
1703417141.461 5836
1703417141.808 5838
1703417142.098 5838
1703417142.388 5838
1703417142.690 5838
1703417143.000 5838
1703417143.289 5838
1703417143.580 5863
1703417143.884 5934
1703417144.179 5990
1703417144.461 6008
1703417144.766 6010
1703417145.053 6034
1703417145.347 6035
1703417145.652 6066
1703417145.943 6086
1703417146.225 6089
1703417146.514 6102
1703417146.816 6106
1703417147.122 6112
1703417147.431 6114
1703417147.723 6114
1703417148.015 6114
1703417148.331 6114
1703417148.602 6118
1703417148.923 6130
1703417149.211 6146
1703417149.505 6159
1703417149.806 6160
1703417150.096 6160
1703417150.383 6160
1703417150.673 6160
1703417150.947 6160
1703417151.220 6162
1703417151.501 6163
1703417151.821 6163
1703417152.097 6163
1703417152.367 6169
1703417152.638 6169
1703417152.927 6170
1703417153.205 6170
1703417153.479 6170
1703417153.756 6170
1703417154.023 6170
1703417154.294 6170
1703417154.572 6170
1703417154.877 6173
1703417155.162 6176
1703417155.460 6193
1703417155.737 6194
1703417156.036 6194
1703417156.322 6194
1703417156.606 6194
1703417156.885 6195
1703417157.177 6196
1703417157.465 6196
1703417157.756 6197
1703417158.060 6197
1703417158.324 6197
1703417158.619 6197
1703417158.907 6199
1703417159.218 6199
1703417159.539 6199
1703417159.854 6199
1703417160.136 6199
1703417160.437 6199
1703417160.717 6199
1703417161.007 6199
1703417161.298 6199
1703417161.587 6199
1703417161.874 6199
1703417162.167 6199
1703417162.460 6199
1703417162.748 6199
1703417163.041 6199
1703417163.333 6199
1703417163.618 6199
1703417163.903 6199
1703417164.195 6199
1703417164.492 6199
1703417164.763 6199
1703417165.047 6199
1703417165.302 6199
1703417165.645 6199
1703417165.955 6199
1703417166.231 6199
1703417166.525 6199
1703417166.819 6200
1703417167.109 6200
1703417167.398 6204
1703417167.698 6204
1703417167.978 6204
1703417168.270 6204
1703417168.542 6204
1703417168.831 6204
1703417169.137 6204
1703417169.403 6205
1703417169.701 6205
1703417169.973 6205
1703417170.278 6205
1703417170.573 6206
1703417170.871 6206
1703417171.159 6206
1703417171.465 6206
1703417171.769 6206
1703417172.039 6208
1703417172.330 6208
1703417172.624 6208
1703417172.931 6212
1703417173.238 6212
1703417173.526 6212
1703417173.839 6212
1703417174.124 6212
1703417174.412 6212
1703417174.701 6212
1703417175.011 6212
1703417175.308 6212
1703417175.608 6212
1703417175.895 6212
1703417176.193 6212
1703417176.491 6212
1703417176.784 6212
1703417177.074 6212
1703417177.366 6212
1703417177.677 6212
1703417177.971 6212
1703417178.257 6212
1703417178.545 6212
1703417178.861 6212
1703417179.154 6212
1703417179.449 6212
1703417179.737 6212
1703417180.030 6219
1703417180.324 6219
1703417180.613 6219
1703417180.908 6219
1703417181.192 6219
1703417181.501 6221
1703417181.794 6222
1703417182.131 6226
1703417182.447 6228
1703417182.740 6229
1703417183.033 6229
1703417183.335 6229
1703417183.635 6229
1703417183.969 6229
1703417184.261 6229
1703417184.546 6229
1703417184.855 6229
1703417185.157 6230
1703417185.448 6230
1703417185.738 6230
1703417186.042 6230
1703417186.339 6230
1703417186.630 6230
1703417186.959 6230
1703417187.246 6230
1703417187.564 6230
1703417187.853 6230
1703417188.156 6230
1703417188.429 6230
1703417188.735 6230
1703417189.032 6230
1703417189.332 6230
1703417189.617 6230
1703417189.906 6230
1703417190.217 6230
1703417190.536 6230
1703417190.838 6230
1703417191.111 6230
1703417191.397 6230
1703417191.686 6230
1703417191.974 6230
1703417192.260 6230
1703417192.540 6230
1703417192.841 6230
1703417193.129 6230
1703417193.426 6230
1703417193.714 6230
1703417194.017 6230
1703417194.297 6230
1703417194.586 6230
1703417194.861 6230
1703417195.151 6230
1703417195.469 6230
1703417195.750 6230
1703417196.051 6230
1703417196.369 6230
1703417196.658 6230
1703417196.949 6230
1703417197.247 6230
1703417197.560 6230
1703417197.876 6230
1703417198.187 6230
1703417198.483 6230
1703417198.776 6230
1703417199.074 6233
1703417199.373 6233
1703417199.710 6235
1703417200.001 6236
1703417200.292 6237
1703417200.586 6237
1703417200.874 6237
1703417201.168 6237
1703417201.458 6237
1703417201.751 6237
1703417202.043 6237
1703417202.351 6237
1703417202.644 6238
1703417202.954 6238
1703417203.238 6238
1703417203.560 6238
1703417203.848 6238
1703417204.148 6238
1703417204.474 6238
1703417204.815 6238
1703417205.109 6238
1703417205.393 6238
1703417205.665 6238
1703417205.946 6238
1703417206.228 6238
1703417206.518 6238
1703417206.775 6238
1703417207.058 6238
1703417207.342 6238
1703417207.624 6238
1703417207.922 6238
1703417208.211 6238
1703417208.548 6239
1703417208.863 6239
1703417209.198 6240
1703417209.495 6240
1703417209.754 6240
1703417210.035 6240
1703417210.309 6240
1703417210.575 6240
1703417210.863 6240
1703417211.156 6240
1703417211.443 6240
1703417211.738 6240
1703417212.038 6240
1703417212.323 6240
1703417212.611 6240
1703417212.904 6240
1703417213.191 6240
1703417213.490 6240
1703417213.796 6240
1703417214.083 6240
1703417214.406 6240
1703417214.701 6240
1703417215.003 6240
1703417215.294 6240
1703417215.584 6240
1703417215.880 6240
1703417216.193 6240
1703417216.493 6240
1703417216.797 6240
1703417217.104 6240
1703417217.415 6240
1703417217.685 6240
1703417217.965 6240
1703417218.242 6240
1703417218.515 6240
1703417218.804 6240
1703417219.088 6240
1703417219.388 6240
1703417219.654 6240
1703417219.945 6240
1703417220.234 6240
1703417220.603 6240
1703417220.954 6240
1703417221.231 6240
1703417221.525 6244
1703417221.864 6244
1703417222.185 6244
1703417222.471 6244
1703417222.765 6244
1703417223.065 6244
1703417223.407 6244
1703417223.704 6244
1703417223.998 6244
1703417224.323 6244
1703417224.595 6244
1703417224.901 6244
1703417225.186 6244
1703417225.481 6244
1703417225.766 6244
1703417226.060 6245
1703417226.383 6251
1703417226.689 6259
1703417226.989 6273
1703417227.287 6285
1703417227.608 6285
1703417227.898 6285
1703417228.184 6285
1703417228.496 6285
1703417228.771 6285
1703417229.066 6285
1703417229.350 6285
1703417229.640 6285
1703417229.938 6290
1703417230.241 6290
1703417230.514 6290
1703417230.810 6290
1703417231.096 6291
1703417231.388 6291
1703417231.702 6291
1703417232.042 6291
1703417232.333 6291
1703417232.661 6291
1703417232.963 6291
