1703416548.622 101
1703416548.982 204
1703416549.438 223
1703416549.733 225
1703416550.040 240
1703416550.334 241
1703416550.610 242
1703416550.922 244
1703416551.202 246
1703416551.494 247
1703416551.803 247
1703416552.112 249
1703416552.439 254
1703416552.739 282
1703416553.028 299
1703416553.340 319
1703416553.625 328
1703416553.929 328
1703416554.240 357
1703416554.597 419
1703416554.895 499
1703416555.243 586
1703416555.535 630
1703416555.848 658
1703416556.182 677
1703416556.499 722
1703416556.786 746
1703416557.081 752
1703416557.365 752
1703416557.655 755
1703416558.005 755
1703416558.310 755
1703416558.668 755
1703416558.957 755
1703416559.247 755
1703416559.571 755
1703416559.867 755
1703416560.160 755
1703416560.445 755
1703416560.729 755
1703416561.022 755
1703416561.324 755
1703416561.629 755
1703416561.933 755
1703416562.237 759
1703416562.536 764
1703416562.805 765
1703416563.069 765
1703416563.327 768
1703416563.586 769
1703416563.845 771
1703416564.111 783
1703416564.381 800
1703416564.662 812
1703416564.920 822
1703416565.203 873
1703416565.465 890
1703416565.740 948
1703416566.011 996
1703416566.293 1015
1703416566.570 1021
1703416566.857 1051
1703416567.122 1061
1703416567.385 1062
1703416567.659 1080
1703416567.926 1087
1703416568.190 1091
1703416568.451 1106
1703416568.758 1146
1703416569.043 1183
1703416569.305 1204
1703416569.561 1223
1703416569.820 1245
1703416570.091 1260
1703416570.354 1294
1703416570.626 1296
1703416570.889 1296
1703416571.156 1301
1703416571.434 1302
1703416571.695 1303
1703416571.971 1303
1703416572.231 1303
1703416572.495 1303
1703416572.755 1303
1703416573.026 1303
1703416573.290 1303
1703416573.567 1310
1703416573.833 1343
1703416574.122 1345
1703416574.396 1347
1703416574.663 1348
1703416574.927 1352
1703416575.207 1371
1703416575.475 1397
1703416575.731 1413
1703416575.988 1428
1703416576.267 1448
1703416576.518 1460
1703416576.772 1472
1703416577.030 1482
1703416577.296 1492
1703416577.583 1531
1703416577.843 1562
1703416578.102 1606
1703416578.350 1632
1703416578.649 1644
1703416578.915 1652
1703416579.170 1654
1703416579.451 1661
1703416579.720 1669
1703416579.983 1681
1703416580.251 1688
1703416580.519 1697
1703416580.789 1712
1703416581.061 1735
1703416581.318 1752
1703416581.577 1764
1703416581.842 1771
1703416582.108 1781
1703416582.380 1794
1703416582.653 1831
1703416582.923 1852
1703416583.204 1882
1703416583.484 1910
1703416583.745 1943
1703416584.011 1962
1703416584.280 1982
1703416584.571 2010
1703416584.836 2031
1703416585.109 2056
1703416585.377 2077
1703416585.634 2089
1703416585.898 2104
1703416586.164 2124
1703416586.431 2134
1703416586.699 2142
1703416586.977 2146
1703416587.250 2164
1703416587.514 2187
1703416587.802 2228
1703416588.076 2302
1703416588.338 2344
1703416588.593 2354
1703416588.872 2355
1703416589.162 2361
1703416589.428 2362
1703416589.694 2363
1703416589.985 2383
1703416590.257 2394
1703416590.564 2398
1703416590.833 2402
1703416591.122 2405
1703416591.428 2408
1703416591.726 2410
1703416591.983 2410
1703416592.241 2420
1703416592.511 2437
1703416592.783 2446
1703416593.054 2447
1703416593.329 2459
1703416593.600 2466
1703416593.872 2470
1703416594.134 2473
1703416594.398 2476
1703416594.666 2477
1703416594.930 2479
1703416595.190 2485
1703416595.494 2490
1703416595.781 2499
1703416596.094 2506
1703416596.364 2508
1703416596.627 2508
1703416596.884 2508
1703416597.165 2508
1703416597.442 2508
1703416597.701 2508
1703416597.964 2508
1703416598.236 2508
1703416598.497 2509
1703416598.754 2510
1703416599.015 2510
1703416599.279 2510
1703416599.533 2510
1703416599.795 2510
1703416600.059 2510
1703416600.328 2510
1703416600.605 2510
1703416600.877 2510
1703416601.380 2510
1703416601.793 2510
1703416602.057 2510
1703416602.325 2511
1703416602.589 2511
1703416602.873 2516
1703416603.138 2524
1703416603.410 2529
1703416603.684 2533
1703416603.961 2540
1703416604.250 2552
1703416604.523 2563
1703416604.782 2586
1703416605.048 2606
1703416605.310 2619
1703416605.573 2623
1703416605.841 2624
1703416606.128 2624
1703416606.387 2624
1703416606.689 2626
1703416606.962 2630
1703416607.220 2638
1703416607.489 2638
1703416607.746 2640
1703416608.013 2644
1703416608.267 2644
1703416608.529 2647
1703416608.794 2654
1703416609.092 2676
1703416609.355 2707
1703416609.649 2736
1703416609.954 2782
1703416610.269 2801
1703416610.566 2848
1703416610.865 2872
1703416611.165 2882
1703416611.464 2887
1703416611.749 2889
1703416612.037 2890
1703416612.346 2894
1703416612.627 2899
1703416612.914 2904
1703416613.197 2924
1703416613.509 2964
1703416613.781 2992
1703416614.052 3023
1703416614.321 3046
1703416614.606 3063
1703416614.895 3078
1703416615.195 3101
1703416615.489 3133
1703416615.779 3166
1703416616.077 3188
1703416616.333 3199
1703416616.622 3204
1703416616.938 3208
1703416617.242 3211
1703416617.544 3213
1703416617.840 3214
1703416618.129 3215
1703416618.443 3215
1703416618.728 3216
1703416619.013 3216
1703416619.300 3216
1703416619.579 3216
1703416619.902 3216
1703416620.267 3216
1703416620.590 3216
1703416620.889 3216
1703416621.189 3216
1703416621.476 3222
1703416621.783 3222
1703416622.071 3222
1703416622.365 3224
1703416622.697 3230
1703416622.993 3237
1703416623.262 3248
1703416623.591 3257
1703416623.889 3263
1703416624.168 3281
1703416624.515 3297
1703416625.014 3335
1703416625.372 3363
1703416625.759 3385
1703416626.047 3400
1703416626.334 3414
1703416626.629 3426
1703416626.954 3440
1703416627.290 3460
1703416627.578 3476
1703416627.867 3496
1703416628.158 3507
1703416628.446 3513
1703416628.737 3515
1703416629.035 3522
1703416629.320 3523
1703416629.602 3523
1703416629.887 3523
1703416630.206 3523
1703416630.489 3527
1703416630.778 3534
1703416631.101 3540
1703416631.376 3540
1703416631.673 3541
1703416631.965 3541
1703416632.272 3541
1703416632.555 3541
1703416632.867 3542
1703416633.152 3542
1703416633.479 3542
1703416633.791 3542
1703416634.079 3542
1703416634.362 3542
1703416634.654 3542
1703416634.951 3544
1703416635.237 3551
1703416635.529 3555
1703416635.862 3564
1703416636.165 3566
1703416636.472 3578
1703416636.764 3584
1703416637.100 3590
1703416637.382 3592
1703416637.671 3608
1703416637.947 3608
1703416638.250 3608
1703416638.557 3609
1703416638.843 3610
1703416639.129 3610
1703416639.413 3610
1703416639.737 3629
1703416640.054 3650
1703416640.381 3713
1703416640.668 3741
1703416640.968 3761
1703416641.264 3762
1703416641.578 3767
1703416641.859 3767
1703416642.147 3767
1703416642.433 3767
1703416642.764 3767
1703416643.070 3767
1703416643.386 3767
1703416643.730 3767
1703416644.046 3767
1703416644.349 3767
1703416644.648 3767
1703416644.944 3769
1703416645.245 3777
1703416645.537 3791
1703416645.827 3805
1703416646.140 3812
1703416646.430 3824
1703416646.723 3833
1703416647.025 3846
1703416647.355 3858
1703416647.660 3876
1703416647.956 3889
1703416648.282 3898
1703416648.585 3902
1703416648.932 3908
1703416649.234 3910
1703416649.579 3912
1703416649.887 3914
1703416650.173 3916
1703416650.468 3918
1703416650.783 3920
1703416651.092 3924
1703416651.373 3925
1703416651.684 3927
1703416652.005 3928
1703416652.292 3930
1703416652.592 3938
1703416652.877 3947
1703416653.188 3955
1703416653.456 3963
1703416653.756 3973
1703416654.071 3980
1703416654.383 3995
1703416654.672 4005
1703416654.957 4028
1703416655.274 4032
1703416655.568 4049
1703416655.857 4062
1703416656.151 4067
1703416656.433 4075
1703416656.716 4080
1703416657.008 4094
1703416657.327 4106
1703416657.653 4116
1703416657.974 4116
1703416658.280 4116
1703416658.573 4116
1703416658.890 4116
1703416659.179 4116
1703416659.466 4116
1703416659.749 4116
1703416660.058 4116
1703416660.354 4116
1703416660.678 4116
1703416661.018 4116
1703416661.319 4116
1703416661.616 4116
1703416661.904 4116
1703416662.189 4116
1703416662.477 4118
1703416662.770 4118
1703416663.056 4118
1703416663.327 4118
1703416663.611 4118
1703416663.889 4118
1703416664.236 4118
1703416664.549 4118
1703416664.844 4118
1703416665.109 4119
1703416665.434 4120
1703416665.734 4120
1703416666.004 4120
1703416666.292 4122
1703416666.593 4130
1703416666.894 4135
1703416667.202 4162
1703416667.485 4170
1703416667.774 4176
1703416668.059 4179
1703416668.368 4183
1703416668.665 4188
1703416668.962 4196
1703416669.248 4218
1703416669.544 4227
1703416669.845 4274
1703416670.133 4308
1703416670.431 4360
1703416670.710 4385
1703416671.007 4412
1703416671.328 4454
1703416671.634 4484
1703416671.945 4498
1703416672.232 4507
1703416672.519 4514
1703416672.803 4516
1703416673.115 4524
1703416673.407 4524
1703416673.693 4524
1703416673.985 4524
1703416674.266 4524
1703416674.562 4524
1703416674.882 4524
1703416675.195 4524
1703416675.478 4524
1703416675.759 4524
1703416676.057 4524
1703416676.341 4524
1703416676.638 4524
1703416676.939 4529
1703416677.259 4529
1703416677.575 4529
1703416677.865 4529
1703416678.152 4529
1703416678.448 4529
1703416678.725 4529
1703416679.031 4529
1703416679.318 4529
1703416679.604 4529
1703416679.907 4529
1703416680.200 4529
1703416680.493 4529
1703416680.782 4529
1703416681.076 4529
1703416681.372 4529
1703416681.668 4529
1703416681.952 4529
1703416682.248 4529
1703416682.540 4529
1703416682.853 4532
1703416683.145 4532
1703416683.435 4536
1703416683.721 4550
1703416684.013 4562
1703416684.294 4567
1703416684.597 4574
1703416684.898 4588
1703416685.206 4598
1703416685.477 4604
1703416685.766 4609
1703416686.102 4609
1703416686.455 4610
1703416686.794 4610
1703416687.091 4610
1703416687.383 4611
1703416687.682 4611
1703416687.964 4611
1703416688.252 4611
1703416688.543 4611
1703416688.828 4611
1703416689.133 4611
1703416689.434 4611
1703416689.719 4611
1703416690.011 4611
1703416690.295 4611
1703416690.590 4611
1703416690.877 4611
1703416691.164 4611
1703416691.450 4611
1703416691.728 4611
1703416692.024 4611
1703416692.310 4611
1703416692.604 4614
1703416692.899 4614
1703416693.198 4614
1703416693.487 4614
1703416693.778 4614
1703416694.091 4614
1703416694.382 4617
1703416694.676 4629
1703416695.012 4643
1703416695.295 4647
1703416695.575 4650
1703416695.868 4651
1703416696.155 4652
1703416696.443 4652
1703416696.746 4655
1703416697.056 4658
1703416697.381 4669
1703416697.685 4680
1703416697.994 4680
1703416698.276 4681
1703416698.551 4681
1703416698.840 4682
1703416699.128 4682
1703416699.430 4682
1703416699.724 4682
1703416700.044 4697
1703416700.324 4697
1703416700.607 4697
1703416700.893 4697
1703416701.196 4697
1703416701.483 4697
1703416701.769 4697
1703416702.066 4697
1703416702.350 4697
1703416702.642 4697
1703416702.976 4697
1703416703.269 4697
1703416703.553 4697
1703416703.851 4697
1703416704.143 4698
1703416704.485 4698
1703416704.777 4698
1703416705.086 4710
1703416705.396 4712
1703416705.685 4712
1703416705.967 4712
1703416706.253 4712
1703416706.526 4712
1703416706.829 4712
1703416707.120 4712
1703416707.417 4712
1703416707.756 4712
1703416708.104 4713
1703416708.397 4713
1703416708.686 4713
1703416708.973 4713
1703416709.260 4713
1703416709.566 4713
1703416709.872 4713
1703416710.156 4713
1703416710.447 4713
1703416710.737 4713
1703416711.015 4713
1703416711.320 4713
1703416711.609 4713
1703416711.898 4713
1703416712.183 4715
1703416712.479 4737
1703416712.807 4739
1703416713.119 4739
1703416713.438 4751
1703416713.756 4754
1703416714.042 4758
1703416714.337 4758
1703416714.653 4759
1703416714.953 4761
1703416715.255 4761
1703416715.546 4761
1703416715.840 4761
1703416716.151 4764
1703416716.430 4766
1703416716.720 4766
1703416717.023 4766
1703416717.313 4766
1703416717.607 4766
1703416717.891 4766
1703416718.180 4766
1703416718.476 4766
1703416718.775 4766
1703416719.073 4766
1703416719.384 4766
1703416719.665 4766
1703416719.943 4767
1703416720.241 4767
1703416720.497 4767
1703416720.772 4767
1703416721.044 4767
1703416721.312 4767
1703416721.599 4768
1703416721.864 4768
1703416722.146 4768
1703416722.431 4768
1703416722.797 4769
1703416723.115 4770
1703416723.412 4770
1703416723.697 4770
1703416723.997 4770
1703416724.287 4781
1703416724.577 4785
1703416724.863 4785
1703416725.155 4787
1703416725.436 4792
1703416725.726 4793
1703416726.058 4794
1703416726.337 4797
1703416726.622 4799
1703416726.911 4802
1703416727.217 4811
1703416727.506 4833
1703416727.809 4846
1703416728.100 4883
1703416728.382 4897
1703416728.699 4897
1703416729.012 4898
1703416729.300 4898
1703416729.590 4900
1703416729.907 4900
1703416730.170 4900
1703416730.448 4906
1703416730.741 4906
1703416731.015 4907
1703416731.301 4907
1703416731.566 4907
1703416731.843 4907
1703416732.130 4907
1703416732.423 4919
1703416732.726 4935
1703416733.051 4935
1703416733.365 4935
1703416733.652 4935
1703416733.934 4935
1703416734.224 4935
1703416734.517 4935
1703416734.822 4935
1703416735.137 4935
1703416735.427 4935
1703416735.720 4935
1703416736.014 4935
1703416736.322 4935
1703416736.621 4935
1703416736.916 4935
1703416737.205 4935
1703416737.491 4935
1703416737.791 4935
1703416738.072 4935
1703416738.376 4940
1703416738.695 4940
1703416738.975 4940
1703416739.256 4940
1703416739.557 4940
1703416739.841 4940
1703416740.153 4940
1703416740.477 4940
1703416740.781 4940
1703416741.089 4940
1703416741.373 4940
1703416741.651 4941
1703416741.940 4941
1703416742.228 4949
1703416742.601 4949
1703416742.960 4949
1703416743.282 4949
1703416743.579 4949
1703416743.946 4949
1703416744.238 4949
1703416744.518 4949
1703416744.798 4949
1703416745.080 4949
1703416745.371 4949
1703416745.674 4949
1703416745.955 4949
1703416746.244 4949
1703416746.528 4949
1703416746.842 4949
1703416747.133 4949
1703416747.416 4949
1703416747.720 4949
1703416748.061 4950
1703416748.368 4950
1703416748.661 4950
1703416748.950 4950
1703416749.227 4950
1703416749.522 4950
1703416749.808 4950
1703416750.107 4950
1703416750.376 4950
1703416750.664 4960
1703416750.955 4967
1703416751.255 4992
1703416751.556 5033
1703416751.856 5073
1703416752.145 5089
1703416752.455 5099
1703416752.752 5102
1703416753.098 5102
1703416753.407 5102
1703416753.705 5102
1703416753.990 5102
1703416754.289 5102
1703416754.579 5104
1703416754.883 5107
1703416755.177 5109
1703416755.478 5110
1703416755.834 5114
1703416756.149 5116
1703416756.437 5119
1703416756.733 5121
1703416757.024 5124
1703416757.319 5127
1703416757.609 5137
1703416757.904 5153
1703416758.209 5176
1703416758.516 5193
1703416758.806 5193
1703416759.121 5193
1703416759.415 5193
1703416759.729 5195
1703416760.037 5199
1703416760.320 5213
1703416760.624 5232
1703416760.912 5237
1703416761.215 5238
1703416761.503 5238
1703416761.794 5238
1703416762.089 5244
1703416762.377 5260
1703416762.665 5262
1703416762.947 5263
1703416763.234 5265
1703416763.523 5265
1703416763.846 5266
1703416764.136 5267
1703416764.424 5267
1703416764.729 5267
1703416765.026 5267
1703416765.315 5267
1703416765.601 5267
1703416765.882 5268
1703416766.164 5268
1703416766.459 5268
1703416766.791 5268
1703416767.090 5268
1703416767.370 5268
1703416767.675 5268
1703416767.965 5268
1703416768.254 5268
1703416768.598 5268
1703416768.898 5268
1703416769.193 5268
1703416769.498 5268
1703416769.791 5268
1703416770.094 5268
1703416770.385 5268
1703416770.684 5268
1703416770.974 5268
1703416771.257 5268
1703416771.539 5268
1703416771.828 5268
1703416772.125 5268
1703416772.430 5268
1703416772.715 5268
1703416773.006 5268
1703416773.294 5268
1703416773.583 5268
1703416773.864 5268
1703416774.175 5268
1703416774.456 5268
1703416774.742 5268
1703416775.034 5268
1703416775.322 5268
1703416775.608 5268
1703416775.898 5268
1703416776.187 5268
1703416776.475 5268
1703416776.765 5268
1703416777.060 5268
1703416777.347 5268
1703416777.636 5268
1703416777.926 5268
1703416778.214 5269
1703416778.502 5269
1703416778.787 5270
1703416779.077 5273
1703416779.375 5278
1703416779.660 5282
1703416779.973 5291
1703416780.270 5308
1703416780.557 5315
1703416780.851 5334
1703416781.142 5349
1703416781.435 5354
1703416781.748 5360
1703416782.034 5361
1703416782.326 5361
1703416782.629 5361
1703416782.921 5361
1703416783.203 5361
1703416783.479 5361
1703416783.775 5361
1703416784.078 5361
1703416784.363 5361
1703416784.668 5361
1703416784.972 5361
1703416785.271 5361
1703416785.570 5361
1703416785.871 5361
1703416786.196 5361
1703416786.536 5361
1703416786.825 5361
1703416787.151 5361
1703416787.505 5361
1703416787.854 5361
1703416788.153 5361
1703416788.449 5361
1703416788.784 5361
1703416789.124 5361
1703416789.413 5361
1703416789.703 5361
1703416789.991 5361
1703416790.280 5361
1703416790.575 5361
1703416790.935 5361
1703416791.234 5361
1703416791.527 5361
1703416791.828 5362
1703416792.120 5362
1703416792.444 5362
1703416792.732 5362
1703416793.040 5363
1703416793.397 5364
1703416793.710 5364
1703416793.977 5365
1703416794.267 5365
1703416794.598 5365
1703416794.911 5365
1703416795.242 5365
1703416795.574 5365
1703416795.867 5365
1703416796.151 5365
1703416796.449 5365
1703416796.730 5365
1703416797.111 5365
1703416797.429 5365
1703416797.724 5365
1703416798.016 5365
1703416798.310 5365
1703416798.596 5365
1703416798.893 5365
1703416799.218 5365
1703416799.510 5365
1703416799.829 5365
1703416800.142 5365
1703416800.446 5365
1703416800.825 5365
1703416801.133 5365
1703416801.426 5365
1703416801.749 5365
1703416802.037 5365
1703416802.320 5365
1703416802.609 5365
1703416802.896 5365
1703416803.200 5365
1703416803.490 5365
1703416803.797 5365
1703416804.101 5365
1703416804.407 5365
1703416804.688 5365
1703416804.998 5365
1703416805.288 5365
1703416805.572 5365
1703416805.920 5365
1703416806.221 5365
1703416806.503 5365
1703416806.778 5365
1703416807.059 5365
1703416807.346 5365
1703416807.699 5365
1703416807.968 5365
1703416808.285 5365
1703416808.581 5365
1703416808.868 5365
1703416809.202 5365
1703416809.505 5365
1703416809.807 5365
1703416810.097 5365
1703416810.378 5365
1703416810.668 5365
1703416810.973 5365
1703416811.272 5365
1703416811.632 5370
1703416811.980 5382
1703416812.366 5404
1703416812.689 5417
1703416813.003 5455
1703416813.312 5507
1703416813.600 5539
1703416813.913 5572
1703416814.221 5632
1703416814.511 5637
1703416814.798 5640
1703416815.086 5647
1703416815.397 5661
1703416815.657 5662
1703416815.961 5662
1703416816.252 5674
1703416816.543 5722
1703416816.835 5739
1703416817.137 5740
1703416817.444 5740
1703416817.702 5740
1703416817.980 5740
1703416818.266 5740
1703416818.553 5740
1703416818.842 5740
1703416819.143 5743
1703416819.433 5760
1703416819.734 5768
1703416820.024 5768
1703416820.344 5768
1703416820.704 5768
1703416821.014 5768
1703416821.334 5781
1703416821.641 5798
1703416821.964 5827
1703416822.265 5839
1703416822.564 5874
1703416822.851 5906
1703416823.128 5931
1703416823.406 5947
1703416823.696 5957
1703416823.992 5965
1703416824.283 5969
1703416824.599 5993
1703416824.869 6001
1703416825.170 6091
1703416825.458 6097
1703416825.779 6147
1703416826.067 6155
1703416826.367 6164
1703416826.680 6175
1703416826.977 6184
1703416827.278 6199
1703416827.572 6211
1703416827.866 6226
1703416828.168 6229
1703416828.465 6229
1703416828.794 6231
1703416829.131 6231
1703416829.426 6231
1703416829.739 6232
1703416830.058 6243
1703416830.331 6243
1703416830.627 6243
1703416830.936 6243
1703416831.224 6243
1703416831.528 6243
1703416831.811 6243
1703416832.094 6243
1703416832.382 6243
1703416832.703 6243
1703416833.004 6243
1703416833.308 6245
1703416833.643 6245
1703416833.998 6249
1703416834.377 6249
1703416834.663 6249
1703416835.022 6251
1703416835.356 6254
1703416835.684 6254
1703416835.984 6254
1703416836.274 6254
1703416836.573 6254
1703416836.866 6257
1703416837.171 6257
1703416837.455 6257
1703416837.775 6257
1703416838.070 6257
1703416838.369 6257
1703416838.675 6257
1703416838.960 6257
1703416839.252 6257
1703416839.542 6257
1703416839.827 6257
1703416840.128 6257
1703416840.416 6257
1703416840.714 6257
1703416841.015 6257
1703416841.287 6257
1703416841.571 6257
1703416841.848 6257
1703416842.119 6257
1703416842.391 6257
1703416842.667 6257
1703416842.940 6272
1703416843.231 6272
1703416843.514 6272
1703416843.804 6272
1703416844.086 6272
1703416844.374 6272
1703416844.624 6272
1703416844.898 6272
1703416845.180 6272
1703416845.476 6272
1703416845.791 6273
1703416846.074 6273
1703416846.335 6273
1703416846.617 6273
1703416846.913 6279
1703416847.217 6279
1703416847.519 6283
1703416847.829 6283
1703416848.138 6288
1703416848.425 6288
1703416848.728 6288
1703416849.011 6288
1703416849.301 6288
1703416849.591 6289
1703416849.878 6290
1703416850.174 6290
1703416850.526 6290
1703416850.825 6290
1703416851.122 6290
1703416851.434 6290
1703416851.733 6290
1703416852.029 6290
1703416852.320 6293
1703416852.600 6293
1703416852.887 6293
1703416853.171 6294
1703416853.477 6295
1703416853.769 6295
1703416854.052 6295
1703416854.401 6295
1703416854.740 6295
1703416855.027 6295
1703416855.317 6295
1703416855.596 6295
1703416855.879 6295
1703416856.135 6295
1703416856.413 6295
1703416856.685 6295
1703416856.969 6295
1703416857.253 6295
1703416857.508 6295
1703416857.778 6295
1703416858.045 6295
1703416858.334 6328
1703416858.627 6328
1703416858.923 6328
1703416859.204 6329
1703416859.507 6329
1703416859.801 6329
1703416860.091 6329
1703416860.382 6329
1703416860.684 6329
1703416860.988 6329
1703416861.276 6329
1703416861.566 6329
1703416861.849 6329
1703416862.139 6329
1703416862.422 6329
1703416862.710 6330
1703416863.012 6330
1703416863.297 6330
1703416863.585 6330
1703416863.867 6330
1703416864.161 6330
1703416864.514 6330
1703416864.841 6330
1703416865.136 6330
1703416865.436 6330
1703416865.745 6330
1703416866.040 6330
1703416866.328 6330
1703416866.635 6330
1703416866.923 6330
1703416867.243 6330
1703416867.555 6330
1703416867.843 6330
1703416868.155 6330
1703416868.442 6330
1703416868.752 6330
1703416869.073 6330
1703416869.380 6330
1703416869.677 6330
1703416869.946 6330
1703416870.231 6332
1703416870.527 6335
1703416870.834 6335
1703416871.150 6336
1703416871.451 6339
1703416871.730 6339
1703416872.024 6339
1703416872.314 6339
1703416872.600 6339
1703416872.906 6339
