1703417305.139 1.083 0.075 
1703417305.140 1.083 0.075 
1703417305.241 1.087 0.049 
1703417305.341 1.138 -0.027 
1703417305.440 1.228 -0.120 
1703417305.541 1.324 -0.212 
1703417305.641 1.401 -0.295 
1703417305.740 1.465 -0.362 
1703417305.841 1.526 -0.428 
1703417309.447 1.894 -0.970 
1703417309.548 1.848 -0.941 
1703417309.649 1.740 -0.855 
1703417309.752 1.635 -0.762 
1703417309.849 1.527 -0.706 
1703417309.949 1.435 -0.655 
1703417310.049 1.357 -0.564 
1703417310.149 1.289 -0.452 
1703417310.249 1.246 -0.333 
1703417310.349 1.231 -0.204 
1703417310.450 1.253 -0.070 
1703417310.550 1.305 0.014 
1703417310.649 1.350 0.082 
1703417310.750 1.413 0.163 
1703417310.849 1.472 0.248 
1703417310.950 1.531 0.341 
1703417311.754 1.704 0.538 
1703417311.755 1.704 0.538 
1703417311.855 1.702 0.545 
1703417311.954 1.721 0.610 
1703417312.055 1.769 0.722 
1703417312.155 1.817 0.831 
1703417312.254 1.879 0.941 
1703417312.355 1.944 1.041 
1703417312.455 2.012 1.143 
1703417312.555 2.071 1.248 
1703417312.655 2.152 1.350 
1703417312.756 2.253 1.442 
1703417312.856 2.356 1.527 
1703417312.956 2.454 1.596 
1703417313.056 2.560 1.649 
1703417313.156 2.672 1.693 
1703417313.257 2.787 1.735 
1703417313.356 2.899 1.780 
1703417313.456 3.010 1.824 
1703417313.556 3.124 1.869 
1703417313.661 3.238 1.911 
1703417313.758 3.350 1.954 
1703417313.858 3.461 1.998 
1703417313.957 3.573 2.036 
1703417314.057 3.689 2.067 
1703417314.158 3.816 2.099 
1703417314.259 3.967 2.147 
1703417314.357 4.117 2.191 
1703417314.457 4.258 2.222 
1703417314.558 4.330 2.258 
1703417314.658 4.309 2.319 
1703417314.758 4.272 2.360 
1703417314.858 4.290 2.301 
1703417314.959 4.310 2.211 
1703417319.677 4.696 2.026 
1703417319.777 4.634 2.077 
1703417319.877 4.526 2.169 
1703417319.978 4.427 2.244 
1703417320.077 4.319 2.277 
1703417320.177 4.232 2.344 
1703417320.277 4.162 2.443 
1703417320.377 4.092 2.537 
1703417320.478 4.021 2.635 
1703417320.580 3.942 2.734 
1703417320.680 3.859 2.823 
1703417320.779 3.779 2.904 
1703417320.881 3.705 2.963 
1703417320.979 3.644 3.028 
1703417321.081 3.586 3.101 
1703417321.179 3.540 3.166 
1703417321.281 3.485 3.233 
1703417321.380 3.426 3.306 
1703417321.480 3.365 3.393 
1703417321.582 3.303 3.474 
1703417321.681 3.241 3.550 
1703417321.781 3.177 3.635 
1703417321.881 3.114 3.722 
1703417321.981 3.052 3.805 
1703417322.081 2.991 3.887 
1703417322.181 2.935 3.965 
1703417322.281 2.874 4.049 
1703417322.383 2.796 4.145 
1703417322.483 2.730 4.219 
1703417322.583 2.676 4.301 
1703417322.683 2.627 4.386 
1703417322.784 2.584 4.472 
1703417322.884 2.548 4.557 
1703417322.983 2.519 4.642 
1703417323.084 2.500 4.728 
1703417323.183 2.489 4.812 
1703417323.283 2.472 4.905 
1703417323.383 2.454 4.991 
1703417323.483 2.430 5.075 
1703417323.585 2.404 5.140 
1703417323.684 2.376 5.208 
1703417323.785 2.338 5.280 
1703417323.884 2.233 5.352 
1703417325.788 2.284 5.500 
1703417325.887 2.273 5.489 
1703417327.197 2.426 5.395 
1703417327.312 2.427 5.350 
1703417327.403 2.421 5.272 
1703417327.500 2.415 5.157 
1703417327.599 2.407 5.037 
1703417327.698 2.400 4.915 
1703417327.798 2.394 4.809 
1703417327.898 2.370 4.746 
1703417327.998 2.353 4.677 
1703417328.098 2.335 4.586 
1703417328.198 2.316 4.466 
1703417328.298 2.285 4.366 
1703417328.398 2.241 4.286 
1703417328.499 2.197 4.191 
1703417328.600 2.157 4.095 
1703417328.705 2.120 4.001 
1703417328.801 2.083 3.909 
1703417328.900 2.037 3.815 
1703417329.001 1.984 3.718 
1703417329.101 1.920 3.622 
1703417329.201 1.853 3.524 
1703417329.301 1.777 3.429 
1703417329.401 1.702 3.336 
1703417329.505 1.621 3.246 
1703417329.611 1.534 3.156 
1703417329.704 1.450 3.079 
1703417329.805 1.342 3.015 
1703417329.904 1.243 2.952 
1703417330.003 1.142 2.895 
1703417330.102 1.033 2.845 
1703417330.202 0.919 2.806 
1703417330.303 0.803 2.776 
1703417330.403 0.693 2.758 
1703417330.503 0.590 2.747 
1703417330.606 0.487 2.742 
1703417330.706 0.387 2.739 
1703417330.806 0.292 2.739 
1703417330.906 0.199 2.738 
1703417331.006 0.105 2.740 
1703417331.105 0.013 2.743 
1703417331.207 -0.078 2.745 
1703417331.307 -0.163 2.746 
1703417331.406 -0.257 2.756 
1703417331.507 -0.356 2.774 
1703417331.608 -0.454 2.787 
1703417331.707 -0.547 2.797 
1703417331.807 -0.641 2.806 
1703417331.907 -0.739 2.821 
1703417332.008 -0.837 2.834 
1703417332.108 -0.926 2.843 
1703417332.207 -1.017 2.857 
1703417332.307 -1.102 2.869 
1703417332.408 -1.186 2.876 
1703417332.508 -1.265 2.877 
1703417332.608 -1.334 2.876 
1703417332.708 -1.408 2.876 
1703417332.808 -1.516 2.852 
1703417332.908 -1.639 2.800 
1703417333.009 -1.726 2.776 
1703417333.109 -1.779 2.763 
1703417333.209 -1.818 2.754 
1703417333.308 -1.849 2.736 
1703417333.409 -1.889 2.676 
1703417333.509 -1.930 2.639 
1703417333.609 -1.965 2.564 
1703417333.709 -1.975 2.426 
1703417333.809 -2.000 2.319 
1703417333.909 -2.018 2.219 
1703417334.009 -2.009 2.105 
1703417334.110 -1.978 2.015 
1703417334.209 -1.943 1.955 
1703417334.309 -1.906 1.936 
1703417334.409 -1.873 1.917 
1703417334.509 -1.861 1.832 
1703417334.610 -1.874 1.697 
1703417334.710 -1.891 1.600 
1703417334.810 -1.904 1.535 
1703417334.910 -1.898 1.490 
1703417335.011 -1.893 1.415 
1703417335.110 -1.888 1.316 
1703417335.210 -1.882 1.236 
1703417335.311 -1.875 1.145 
1703417335.411 -1.866 1.041 
1703417335.511 -1.849 0.936 
1703417335.612 -1.841 0.838 
1703417335.711 -1.842 0.766 
1703417335.814 -1.853 0.701 
1703417335.912 -1.906 0.602 
1703417336.011 -1.972 0.500 
1703417336.111 -2.026 0.413 
1703417336.211 -2.076 0.331 
1703417336.312 -2.114 0.265 
1703417336.412 -2.147 0.198 
1703417336.512 -2.173 0.122 
1703417336.612 -2.193 0.038 
1703417336.712 -2.206 -0.048 
1703417336.813 -2.218 -0.124 
1703417336.914 -2.222 -0.212 
1703417337.013 -2.236 -0.308 
1703417337.114 -2.246 -0.408 
1703417337.213 -2.273 -0.471 
1703417337.313 -2.285 -0.549 
1703417337.414 -2.273 -0.635 
1703417337.513 -2.256 -0.728 
1703417337.617 -2.242 -0.810 
1703417337.714 -2.230 -0.881 
1703417337.814 -2.206 -0.972 
1703417337.914 -2.194 -1.073 
1703417338.016 -2.195 -1.172 
1703417338.117 -2.189 -1.273 
1703417338.217 -2.184 -1.360 
1703417338.317 -2.182 -1.444 
1703417338.419 -2.177 -1.544 
1703417338.518 -2.173 -1.643 
1703417338.618 -2.168 -1.725 
1703417338.718 -2.159 -1.820 
1703417339.822 -2.329 -2.072 
1703417339.921 -2.327 -2.096 
1703417340.021 -2.253 -2.138 
1703417340.122 -2.105 -2.186 
1703417340.223 -2.015 -2.263 
1703417340.323 -1.895 -2.316 
1703417340.423 -1.800 -2.356 
1703417340.522 -1.758 -2.365 
1703417340.623 -1.714 -2.353 
1703417340.724 -1.660 -2.338 
1703417340.824 -1.554 -2.341 
1703417340.924 -1.439 -2.353 
1703417341.023 -1.293 -2.366 
1703417341.124 -1.144 -2.372 
1703417341.224 -1.012 -2.374 
1703417341.325 -0.893 -2.372 
1703417341.426 -0.769 -2.379 
1703417341.524 -0.661 -2.386 
1703417341.627 -0.562 -2.397 
1703417341.725 -0.476 -2.412 
1703417341.824 -0.409 -2.419 
1703417341.924 -0.346 -2.430 
1703417342.025 -0.297 -2.433 
1703417342.126 -0.267 -2.413 
1703417342.225 -0.218 -2.430 
1703417342.324 -0.149 -2.468 
1703417342.426 -0.067 -2.532 
1703417342.526 -0.023 -2.587 
1703417342.627 0.008 -2.626 
1703417342.725 0.041 -2.660 
1703417342.826 0.097 -2.702 
1703417342.926 0.191 -2.766 
1703417343.027 0.286 -2.818 
1703417343.128 0.348 -2.854 
1703417343.240 0.404 -2.914 
1703417343.332 0.462 -2.974 
1703417343.430 0.532 -3.048 
1703417343.528 0.608 -3.127 
1703417343.629 0.676 -3.211 
1703417343.729 0.737 -3.301 
1703417343.829 0.804 -3.397 
1703417343.929 0.872 -3.492 
1703417344.029 0.941 -3.588 
1703417344.129 1.007 -3.678 
1703417344.229 1.077 -3.766 
1703417344.330 1.144 -3.863 
1703417344.430 1.214 -3.960 
1703417344.530 1.288 -4.051 
1703417344.630 1.364 -4.137 
1703417344.730 1.445 -4.225 
1703417344.830 1.529 -4.302 
1703417346.846 1.869 -4.588 
1703417346.847 1.869 -4.587 
1703417346.947 1.886 -4.598 
1703417347.044 1.951 -4.617 
1703417347.144 2.053 -4.659 
1703417347.244 2.168 -4.691 
1703417347.344 2.288 -4.712 
1703417347.444 2.408 -4.732 
1703417347.543 2.524 -4.739 
1703417347.644 2.643 -4.737 
1703417347.745 2.763 -4.741 
1703417347.844 2.884 -4.746 
1703417347.944 3.005 -4.742 
1703417348.044 3.124 -4.725 
1703417348.144 3.244 -4.709 
1703417348.245 3.363 -4.698 
1703417348.344 3.481 -4.684 
1703417348.446 3.600 -4.663 
1703417348.545 3.719 -4.640 
1703417348.648 3.838 -4.631 
1703417348.746 3.958 -4.624 
1703417348.846 4.079 -4.614 
1703417348.946 4.189 -4.593 
1703417349.045 4.318 -4.587 
1703417349.146 4.466 -4.614 
1703417349.246 4.584 -4.635 
1703417350.849 4.648 -4.459 
1703417350.949 4.650 -4.470 
1703417355.961 4.651 -4.475 
1703417356.062 4.623 -4.487 
1703417356.161 4.562 -4.567 
1703417356.261 4.485 -4.651 
1703417356.361 4.406 -4.743 
1703417356.462 4.317 -4.825 
1703417356.562 4.219 -4.885 
1703417356.663 4.117 -4.947 
1703417356.762 4.016 -5.009 
1703417356.862 3.928 -5.060 
1703417356.964 3.850 -5.104 
1703417357.063 3.773 -5.145 
1703417357.163 3.696 -5.190 
1703417357.264 3.620 -5.236 
1703417357.364 3.546 -5.275 
1703417357.464 3.465 -5.324 
1703417357.563 3.384 -5.376 
1703417357.663 3.302 -5.422 
1703417357.763 3.222 -5.471 
1703417357.864 3.144 -5.524 
1703417357.965 3.066 -5.570 
1703417358.063 2.991 -5.592 
1703417358.164 2.894 -5.614 
1703417358.264 2.808 -5.639 
1703417358.364 2.739 -5.663 
1703417358.464 2.667 -5.688 
1703417358.565 2.594 -5.708 
1703417358.664 2.510 -5.732 
1703417358.766 2.401 -5.765 
1703417358.866 2.289 -5.802 
1703417358.966 2.189 -5.837 
1703417359.066 2.096 -5.856 
1703417359.166 2.034 -5.868 
1703417359.267 1.981 -5.883 
1703417359.368 1.923 -5.900 
1703417359.467 1.866 -5.919 
1703417359.568 1.797 -5.921 
1703417359.668 1.721 -5.916 
1703417359.768 1.653 -5.916 
1703417359.867 1.581 -5.915 
1703417359.968 1.492 -5.904 
1703417360.072 1.404 -5.908 
1703417360.174 1.323 -5.916 
1703417360.274 1.240 -5.923 
1703417360.375 1.153 -5.930 
1703417360.474 1.068 -5.936 
1703417360.574 0.981 -5.945 
1703417360.674 0.894 -5.959 
1703417360.776 0.810 -5.975 
1703417360.873 0.726 -5.988 
1703417360.974 0.636 -6.006 
1703417361.074 0.554 -6.021 
1703417361.174 0.471 -6.039 
1703417361.274 0.389 -6.062 
1703417361.374 0.307 -6.085 
1703417361.475 0.221 -6.106 
1703417361.575 0.134 -6.135 
1703417361.675 0.054 -6.161 
1703417361.776 -0.021 -6.186 
1703417361.876 -0.098 -6.208 
1703417361.976 -0.175 -6.233 
1703417362.076 -0.235 -6.267 
1703417362.176 -0.297 -6.287 
1703417362.276 -0.370 -6.283 
1703417362.376 -0.444 -6.284 
1703417362.476 -0.518 -6.288 
1703417362.576 -0.596 -6.291 
1703417362.676 -0.672 -6.299 
1703417362.777 -0.750 -6.308 
1703417362.877 -0.821 -6.312 
1703417362.977 -0.906 -6.314 
1703417363.077 -1.003 -6.319 
1703417363.177 -1.112 -6.292 
1703417363.277 -1.200 -6.255 
1703417363.377 -1.242 -6.236 
1703417363.479 -1.268 -6.217 
1703417363.578 -1.280 -6.198 
1703417363.678 -1.281 -6.213 
1703417365.383 -1.414 -6.061 
1703417365.484 -1.454 -6.104 
1703417365.584 -1.541 -6.180 
1703417365.685 -1.502 -6.157 
1703417365.788 -1.445 -6.155 
1703417365.889 -1.369 -6.150 
1703417365.989 -1.250 -6.114 
1703417366.088 -1.130 -6.082 
1703417366.189 -1.011 -6.021 
1703417366.288 -0.915 -5.926 
1703417366.388 -0.868 -5.827 
1703417366.488 -0.828 -5.727 
1703417366.589 -0.783 -5.625 
1703417366.691 -0.739 -5.519 
1703417366.790 -0.706 -5.412 
1703417366.889 -0.688 -5.295 
1703417366.994 -0.667 -5.184 
1703417367.092 -0.646 -5.074 
1703417367.193 -0.629 -4.964 
1703417367.293 -0.632 -4.847 
1703417367.392 -0.640 -4.730 
1703417367.492 -0.639 -4.622 
1703417367.591 -0.637 -4.517 
1703417367.692 -0.650 -4.402 
1703417367.793 -0.673 -4.292 
1703417367.893 -0.702 -4.190 
1703417367.993 -0.737 -4.075 
1703417368.093 -0.771 -3.965 
1703417368.194 -0.824 -3.864 
1703417368.294 -0.897 -3.772 
1703417368.394 -0.986 -3.697 
1703417368.494 -1.081 -3.627 
1703417368.595 -1.174 -3.555 
1703417368.695 -1.266 -3.482 
1703417368.795 -1.356 -3.409 
1703417368.895 -1.446 -3.332 
1703417368.995 -1.534 -3.259 
1703417369.097 -1.621 -3.190 
1703417369.196 -1.706 -3.118 
1703417369.296 -1.782 -3.027 
1703417369.396 -1.849 -2.943 
1703417369.496 -1.916 -2.860 
1703417369.597 -1.974 -2.769 
1703417369.696 -2.015 -2.664 
1703417369.797 -2.056 -2.560 
1703417369.897 -2.085 -2.445 
1703417369.996 -2.108 -2.329 
1703417370.097 -2.125 -2.213 
1703417370.197 -2.145 -2.101 
1703417370.296 -2.169 -1.994 
1703417370.397 -2.181 -1.868 
1703417370.497 -2.192 -1.756 
1703417370.598 -2.194 -1.642 
1703417370.697 -2.191 -1.528 
1703417370.798 -2.189 -1.418 
1703417370.898 -2.188 -1.326 
1703417370.998 -2.183 -1.256 
1703417371.099 -2.181 -1.179 
1703417371.198 -2.179 -1.085 
1703417371.298 -2.175 -1.000 
1703417371.399 -2.171 -0.917 
1703417371.499 -2.170 -0.837 
1703417371.616 -2.169 -0.763 
1703417371.705 -2.170 -0.694 
1703417371.802 -2.174 -0.616 
1703417371.900 -2.190 -0.512 
1703417371.999 -2.197 -0.421 
1703417372.099 -2.213 -0.354 
1703417372.200 -2.222 -0.284 
1703417372.299 -2.247 -0.187 
1703417372.400 -2.246 -0.098 
1703417372.500 -2.233 -0.027 
1703417372.600 -2.234 0.026 
1703417372.700 -2.266 0.093 
1703417372.800 -2.302 0.209 
1703417372.899 -2.344 0.317 
1703417373.000 -2.365 0.409 
1703417373.100 -2.398 0.477 
1703417373.203 -2.453 0.555 
1703417373.301 -2.509 0.638 
1703417373.401 -2.607 0.745 
1703417373.501 -2.711 0.852 
1703417373.602 -2.786 0.933 
1703417373.702 -2.849 1.003 
1703417373.802 -2.907 1.075 
1703417373.902 -2.956 1.129 
1703417374.002 -3.001 1.158 
1703417374.103 -3.107 1.181 
1703417374.203 -3.247 1.193 
1703417374.306 -3.334 1.205 
1703417374.403 -3.378 1.187 
1703417374.503 -3.431 1.175 
1703417374.605 -3.511 1.205 
1703417374.704 -3.602 1.275 
1703417374.804 -3.703 1.358 
1703417374.904 -3.788 1.418 
1703417375.004 -3.851 1.439 
1703417375.104 -3.909 1.492 
1703417375.204 -3.959 1.572 
1703417375.304 -4.018 1.674 
1703417375.405 -4.081 1.776 
1703417375.503 -4.148 1.849 
1703417375.604 -4.216 1.937 
1703417375.704 -4.276 2.036 
1703417375.806 -4.335 2.137 
1703417375.904 -4.391 2.230 
1703417376.005 -4.447 2.317 
1703417376.106 -4.494 2.407 
1703417376.206 -4.536 2.492 
1703417376.306 -4.574 2.576 
1703417376.407 -4.615 2.664 
1703417376.506 -4.653 2.749 
1703417376.607 -4.679 2.824 
1703417376.707 -4.697 2.890 
1703417376.806 -4.713 2.946 
1703417376.908 -4.731 3.039 
1703417377.007 -4.736 3.162 
1703417377.107 -4.731 3.270 
1703417377.208 -4.717 3.324 
1703417377.308 -4.717 3.359 
1703417377.408 -4.734 3.408 
1703417377.508 -4.763 3.469 
1703417377.609 -4.842 3.568 
1703417381.617 -4.753 3.469 
1703417381.716 -4.748 3.484 
1703417381.817 -4.761 3.508 
1703417381.917 -4.757 3.504 
1703417382.017 -4.691 3.431 
1703417382.117 -4.612 3.356 
1703417382.218 -4.601 3.299 
1703417382.317 -4.627 3.242 
1703417382.418 -4.614 3.203 
1703417382.518 -4.550 3.178 
1703417382.619 -4.433 3.154 
1703417382.722 -4.322 3.113 
1703417382.819 -4.235 3.087 
1703417382.918 -4.138 3.058 
1703417383.019 -4.049 3.029 
1703417383.118 -3.973 3.003 
1703417383.219 -3.918 2.972 
1703417383.319 -3.885 2.933 
1703417383.419 -3.808 2.908 
1703417383.519 -3.679 2.915 
1703417383.619 -3.544 2.920 
1703417383.720 -3.446 2.920 
1703417383.820 -3.405 2.941 
1703417383.920 -3.327 2.930 
1703417384.020 -3.210 2.910 
1703417384.120 -3.069 2.885 
1703417384.220 -2.948 2.867 
1703417384.321 -2.885 2.864 
1703417384.420 -2.794 2.867 
1703417384.520 -2.669 2.879 
1703417384.622 -2.552 2.888 
1703417384.720 -2.448 2.895 
1703417384.822 -2.349 2.905 
1703417384.922 -2.255 2.909 
1703417385.021 -2.151 2.918 
1703417385.121 -2.049 2.932 
1703417385.221 -1.949 2.941 
1703417385.323 -1.860 2.957 
1703417385.423 -1.782 2.979 
1703417385.523 -1.699 2.983 
1703417385.624 -1.601 2.976 
1703417385.723 -1.501 2.978 
1703417385.824 -1.399 2.983 
1703417385.924 -1.305 2.990 
1703417386.025 -1.218 3.001 
1703417386.125 -1.127 2.999 
1703417386.225 -1.031 2.994 
1703417386.325 -0.939 2.989 
1703417386.426 -0.851 2.989 
1703417386.525 -0.765 2.992 
1703417386.626 -0.678 2.995 
1703417386.726 -0.593 2.996 
1703417386.825 -0.505 2.999 
1703417386.926 -0.421 3.000 
1703417387.026 -0.342 3.003 
1703417387.126 -0.261 3.011 
1703417387.226 -0.178 3.022 
1703417387.326 -0.093 3.033 
1703417387.426 -0.004 3.035 
1703417387.526 0.088 3.034 
1703417387.626 0.176 3.034 
1703417387.727 0.268 3.033 
1703417387.827 0.358 3.034 
1703417387.927 0.448 3.033 
1703417388.027 0.538 3.032 
1703417388.127 0.627 3.027 
1703417388.228 0.711 3.025 
1703417388.329 0.796 3.028 
1703417388.428 0.876 3.030 
1703417388.528 0.956 3.022 
1703417388.628 1.036 3.015 
1703417388.729 1.155 3.028 
1703417388.828 1.284 3.045 
1703417388.928 1.391 3.068 
1703417389.028 1.488 3.098 
1703417389.129 1.582 3.129 
1703417389.228 1.645 3.159 
1703417389.330 1.692 3.190 
1703417389.429 1.707 3.227 
1703417389.530 1.760 3.260 
1703417389.629 1.886 3.259 
1703417389.729 1.971 3.268 
1703417389.829 2.047 3.270 
1703417389.930 2.137 3.268 
1703417390.032 2.213 3.263 
1703417390.131 2.266 3.257 
1703417390.230 2.323 3.253 
1703417390.331 2.416 3.259 
1703417390.430 2.520 3.262 
1703417390.530 2.609 3.258 
1703417390.631 2.673 3.275 
1703417390.731 2.759 3.302 
1703417390.831 2.855 3.333 
1703417390.932 2.942 3.362 
1703417391.031 3.027 3.390 
1703417391.132 3.088 3.409 
1703417391.231 3.156 3.434 
1703417391.331 3.240 3.470 
1703417391.432 3.343 3.531 
1703417391.532 3.436 3.576 
1703417391.639 3.494 3.620 
1703417391.733 3.558 3.652 
1703417391.832 3.647 3.693 
1703417391.932 3.738 3.737 
1703417392.032 3.826 3.780 
1703417392.133 3.908 3.824 
1703417392.232 3.978 3.869 
1703417392.333 4.057 3.906 
1703417392.433 4.142 3.949 
1703417392.535 4.236 3.995 
1703417392.636 4.325 4.041 
1703417392.741 4.413 4.086 
1703417392.839 4.502 4.129 
1703417392.939 4.592 4.173 
1703417393.039 4.676 4.220 
1703417393.138 4.764 4.269 
1703417393.239 4.843 4.319 
1703417393.338 4.926 4.366 
1703417393.439 5.010 4.406 
1703417393.546 5.097 4.450 
1703417393.639 5.162 4.492 
1703417393.739 5.229 4.544 
1703417393.838 5.298 4.601 
1703417393.939 5.376 4.653 
1703417394.039 5.444 4.705 
1703417394.140 5.504 4.766 
1703417394.240 5.555 4.826 
1703417394.340 5.625 4.899 
1703417394.440 5.704 4.979 
1703417394.541 5.770 5.050 
1703417394.642 5.818 5.107 
1703417394.742 5.857 5.152 
1703417394.842 5.872 5.191 
1703417399.351 5.956 5.089 
1703417399.452 5.914 5.067 
1703417399.551 5.861 4.992 
1703417399.652 5.813 4.914 
1703417399.753 5.764 4.850 
1703417399.852 5.719 4.805 
1703417399.952 5.667 4.771 
1703417400.052 5.651 4.689 
1703417400.152 5.639 4.573 
1703417400.253 5.625 4.442 
1703417400.352 5.598 4.325 
1703417400.454 5.583 4.201 
1703417400.554 5.600 4.078 
1703417400.653 5.632 3.954 
1703417400.761 5.683 3.831 
1703417400.856 5.721 3.715 
1703417400.955 5.754 3.598 
1703417401.054 5.808 3.491 
1703417401.154 5.873 3.388 
1703417401.254 5.939 3.291 
1703417401.354 6.012 3.198 
1703417401.454 6.086 3.107 
1703417401.555 6.159 3.005 
1703417401.654 6.222 2.903 
1703417401.756 6.284 2.805 
1703417401.855 6.340 2.725 
1703417401.955 6.392 2.619 
1703417402.055 6.443 2.459 
1703417402.155 6.483 2.300 
1703417402.255 6.513 2.159 
1703417402.355 6.540 2.035 
1703417402.455 6.558 1.927 
1703417402.556 6.567 1.870 
1703417402.656 6.583 1.848 
1703417402.756 6.600 1.867 
1703417402.856 6.572 1.843 
1703417402.956 6.503 1.738 
1703417403.056 6.440 1.606 
1703417403.157 6.379 1.507 
1703417403.256 6.344 1.490 
1703417403.357 6.334 1.453 
1703417403.457 6.337 1.362 
1703417403.557 6.312 1.227 
1703417403.657 6.298 1.087 
1703417403.758 6.265 0.987 
1703417403.859 6.247 0.877 
1703417403.959 6.257 0.763 
1703417404.059 6.270 0.643 
1703417404.159 6.282 0.532 
1703417404.259 6.291 0.446 
1703417404.361 6.299 0.381 
1703417404.461 6.311 0.309 
1703417404.560 6.326 0.241 
1703417404.660 6.321 0.210 
1703417404.759 6.333 0.212 
1703417404.860 6.317 0.158 
1703417404.960 6.294 0.039 
1703417405.060 6.274 -0.083 
1703417405.162 6.256 -0.207 
1703417405.260 6.263 -0.288 
1703417405.361 6.256 -0.368 
1703417405.461 6.225 -0.456 
1703417405.561 6.202 -0.533 
1703417405.661 6.168 -0.610 
1703417405.762 6.122 -0.712 
1703417405.861 6.103 -0.771 
1703417405.961 6.087 -0.824 
1703417411.474 5.704 -1.573 
1703417411.475 5.704 -1.573 
1703417411.575 5.725 -1.488 
1703417411.676 5.774 -1.399 
1703417411.776 5.877 -1.308 
1703417411.876 5.954 -1.234 
1703417411.976 6.028 -1.154 
1703417412.076 6.108 -1.060 
1703417412.177 6.181 -0.974 
1703417412.277 6.254 -0.885 
1703417412.377 6.331 -0.797 
1703417412.479 6.411 -0.709 
1703417412.577 6.486 -0.627 
1703417412.677 6.563 -0.529 
1703417412.777 6.641 -0.433 
1703417412.877 6.715 -0.341 
1703417412.976 6.787 -0.252 
1703417413.078 6.856 -0.152 
1703417413.178 6.925 -0.053 
1703417413.278 6.998 0.043 
1703417413.378 7.072 0.135 
1703417413.478 7.143 0.236 
1703417413.578 7.206 0.344 
1703417413.679 7.269 0.446 
1703417413.778 7.335 0.546 
1703417413.880 7.399 0.650 
1703417413.980 7.448 0.759 
1703417414.079 7.500 0.868 
1703417414.179 7.555 0.973 
1703417414.280 7.606 1.084 
1703417414.380 7.649 1.198 
1703417414.480 7.688 1.311 
1703417414.580 7.728 1.423 
1703417414.680 7.760 1.537 
1703417414.780 7.784 1.658 
1703417414.880 7.808 1.778 
1703417414.980 7.823 1.901 
1703417415.080 7.830 2.028 
1703417415.181 7.836 2.147 
1703417415.280 7.824 2.260 
1703417415.381 7.789 2.380 
1703417415.480 7.760 2.476 
1703417415.581 7.735 2.552 
1703417415.681 7.704 2.596 
1703417415.782 7.676 2.614 
1703417415.881 7.650 2.645 
1703417415.982 7.614 2.706 
1703417416.082 7.538 2.789 
1703417416.182 7.483 2.865 
1703417416.282 7.487 2.927 
1703417416.383 7.516 2.971 
1703417416.482 7.503 2.995 
1703417416.582 7.442 2.986 
1703417416.683 7.395 2.988 
1703417416.783 7.367 2.987 
1703417416.883 7.329 2.971 
1703417416.983 7.216 2.986 
1703417417.083 7.087 2.985 
1703417417.183 6.985 2.983 
1703417417.283 6.901 2.987 
1703417417.384 6.831 2.968 
1703417417.483 6.730 2.945 
1703417417.584 6.617 2.920 
1703417417.683 6.517 2.902 
1703417417.784 6.414 2.870 
1703417417.884 6.303 2.837 
1703417417.985 6.192 2.809 
1703417418.084 6.090 2.780 
1703417418.184 5.986 2.749 
1703417418.285 5.882 2.718 
1703417418.385 5.779 2.689 
1703417418.485 5.674 2.661 
1703417418.585 5.567 2.631 
1703417418.685 5.467 2.596 
1703417418.785 5.363 2.556 
1703417418.886 5.266 2.524 
1703417418.985 5.169 2.496 
1703417419.085 5.070 2.469 
1703417419.185 4.963 2.434 
1703417419.285 4.862 2.393 
1703417419.385 4.768 2.361 
1703417419.486 4.670 2.333 
1703417419.586 4.573 2.305 
1703417419.686 4.473 2.282 
1703417419.787 4.374 2.262 
1703417419.888 4.282 2.238 
1703417419.987 4.190 2.227 
1703417420.089 4.107 2.221 
1703417420.190 4.024 2.213 
1703417420.290 3.921 2.201 
1703417420.389 3.812 2.194 
1703417420.491 3.737 2.193 
1703417420.591 3.663 2.198 
1703417420.689 3.583 2.206 
1703417420.790 3.486 2.221 
1703417420.891 3.391 2.234 
1703417420.990 3.303 2.244 
1703417421.093 3.234 2.259 
1703417421.192 3.156 2.268 
1703417421.291 3.076 2.273 
1703417421.391 2.967 2.258 
1703417421.491 2.871 2.246 
1703417421.591 2.795 2.234 
1703417421.691 2.712 2.218 
1703417421.791 2.616 2.190 
1703417421.892 2.544 2.198 
1703417421.992 2.477 2.199 
1703417422.093 2.396 2.176 
1703417422.193 2.311 2.128 
1703417422.293 2.220 2.077 
1703417422.393 2.129 2.029 
1703417422.492 2.058 1.982 
1703417422.593 1.992 1.930 
1703417422.692 1.928 1.860 
1703417422.793 1.868 1.783 
1703417422.893 1.814 1.700 
1703417422.995 1.772 1.602 
1703417423.093 1.744 1.500 
1703417423.194 1.726 1.393 
1703417423.294 1.723 1.289 
1703417423.394 1.719 1.179 
1703417423.495 1.711 1.071 
1703417423.595 1.704 0.977 
1703417423.694 1.705 0.875 
1703417423.794 1.710 0.768 
1703417423.895 1.711 0.668 
1703417423.997 1.711 0.567 
1703417424.094 1.712 0.474 
1703417424.195 1.713 0.373 
1703417424.295 1.716 0.275 
1703417424.395 1.719 0.175 
1703417424.495 1.720 0.077 
1703417424.614 1.719 -0.024 
1703417424.705 1.722 -0.110 
1703417424.800 1.726 -0.208 
1703417424.897 1.731 -0.303 
1703417424.996 1.736 -0.396 
1703417425.096 1.740 -0.487 
1703417425.198 1.740 -0.578 
1703417425.296 1.741 -0.664 
1703417425.395 1.741 -0.751 
1703417425.498 1.740 -0.841 
1703417425.598 1.740 -0.926 
1703417425.697 1.740 -1.008 
1703417425.798 1.740 -1.092 
1703417425.899 1.741 -1.172 
1703417425.998 1.741 -1.247 
1703417426.099 1.741 -1.321 
1703417426.199 1.736 -1.430 
1703417426.298 1.733 -1.531 
1703417426.399 1.730 -1.614 
1703417426.501 1.731 -1.697 
1703417426.602 1.731 -1.778 
1703417426.703 1.736 -1.860 
1703417426.802 1.741 -1.941 
1703417426.903 1.734 -2.029 
1703417427.003 1.723 -2.127 
1703417427.102 1.710 -2.230 
1703417427.203 1.693 -2.331 
1703417427.303 1.692 -2.396 
1703417427.403 1.695 -2.465 
1703417427.503 1.684 -2.547 
1703417427.603 1.669 -2.632 
1703417427.704 1.650 -2.721 
1703417427.804 1.625 -2.813 
1703417427.903 1.598 -2.897 
1703417428.003 1.576 -2.991 
1703417428.103 1.560 -3.091 
1703417428.204 1.532 -3.173 
1703417428.304 1.512 -3.264 
1703417428.404 1.496 -3.358 
1703417428.504 1.482 -3.458 
1703417428.605 1.481 -3.563 
1703417428.704 1.492 -3.669 
1703417428.804 1.506 -3.786 
1703417428.905 1.520 -3.905 
1703417429.005 1.529 -4.009 
1703417429.105 1.541 -4.104 
1703417429.205 1.556 -4.198 
1703417429.305 1.552 -4.281 
1703417429.405 1.539 -4.363 
1703417429.505 1.536 -4.471 
1703417429.605 1.552 -4.583 
1703417429.706 1.612 -4.664 
1703417429.806 1.714 -4.727 
1703417429.907 1.815 -4.794 
1703417430.007 1.909 -4.855 
1703417430.108 2.002 -4.920 
1703417430.207 2.096 -4.985 
1703417430.307 2.193 -5.046 
1703417430.407 2.291 -5.106 
1703417430.508 2.389 -5.166 
1703417430.608 2.494 -5.226 
1703417430.708 2.601 -5.286 
1703417430.808 2.708 -5.347 
1703417430.909 2.816 -5.408 
1703417431.008 2.914 -5.469 
1703417431.109 3.014 -5.529 
1703417431.209 3.113 -5.591 
1703417431.309 3.213 -5.653 
1703417431.409 3.313 -5.716 
1703417431.512 3.413 -5.779 
1703417431.610 3.513 -5.842 
1703417431.710 3.614 -5.907 
1703417431.810 3.714 -5.972 
1703417431.910 3.813 -6.038 
1703417432.011 3.909 -6.104 
1703417432.111 4.006 -6.168 
1703417432.211 4.103 -6.232 
1703417432.311 4.203 -6.295 
1703417432.411 4.300 -6.355 
1703417432.511 4.399 -6.418 
1703417432.611 4.492 -6.477 
1703417432.710 4.593 -6.530 
1703417432.811 4.705 -6.578 
1703417432.912 4.816 -6.622 
1703417433.011 4.903 -6.668 
1703417433.111 5.000 -6.699 
1703417433.212 5.140 -6.692 
1703417433.311 5.260 -6.674 
1703417433.412 5.376 -6.638 
1703417433.512 5.490 -6.589 
1703417433.617 5.608 -6.538 
1703417433.712 5.675 -6.534 
1703417433.812 5.723 -6.519 
1703417433.913 5.772 -6.483 
1703417434.013 5.813 -6.430 
1703417434.113 5.853 -6.367 
1703417434.213 5.880 -6.327 
1703417434.313 5.907 -6.285 
1703417434.414 5.941 -6.226 
1703417434.514 5.978 -6.170 
1703417434.614 6.023 -6.111 
1703417434.714 6.056 -6.046 
1703417434.814 6.077 -5.977 
1703417434.914 6.093 -5.915 
1703417435.014 6.112 -5.853 
1703417435.114 6.134 -5.785 
1703417435.215 6.157 -5.714 
1703417435.315 6.166 -5.649 
1703417435.415 6.159 -5.592 
1703417435.516 6.166 -5.527 
1703417435.615 6.178 -5.459 
1703417435.715 6.194 -5.392 
1703417435.815 6.215 -5.314 
1703417435.915 6.207 -5.220 
1703417436.015 6.218 -5.166 
1703417436.116 6.219 -5.140 
1703417436.216 6.192 -5.116 
1703417438.220 6.015 -4.903 
1703417438.320 6.078 -4.887 
1703417438.420 6.195 -4.862 
1703417438.520 6.280 -4.852 
1703417438.620 6.278 -4.903 
1703417438.720 6.211 -4.992 
1703417438.821 6.125 -5.110 
1703417438.921 6.017 -5.219 
1703417439.020 5.935 -5.300 
1703417439.121 5.863 -5.370 
1703417439.222 5.795 -5.425 
1703417439.323 5.725 -5.469 
1703417439.423 5.643 -5.531 
1703417439.523 5.552 -5.601 
1703417439.623 5.468 -5.677 
1703417439.723 5.387 -5.761 
1703417439.823 5.304 -5.846 
1703417439.924 5.219 -5.925 
1703417440.024 5.139 -6.004 
1703417440.125 5.060 -6.096 
1703417440.224 4.984 -6.181 
1703417440.325 4.911 -6.265 
1703417440.424 4.831 -6.352 
1703417440.525 4.758 -6.442 
1703417440.625 4.677 -6.529 
1703417440.726 4.597 -6.611 
1703417440.825 4.518 -6.696 
1703417440.925 4.448 -6.777 
1703417441.026 4.355 -6.853 
1703417441.127 4.245 -6.921 
1703417441.227 4.148 -6.971 
1703417441.327 4.065 -7.020 
1703417441.426 3.968 -7.087 
1703417441.527 3.859 -7.163 
1703417441.629 3.761 -7.228 
1703417441.728 3.674 -7.287 
1703417441.827 3.574 -7.335 
1703417441.927 3.459 -7.378 
1703417442.029 3.347 -7.427 
1703417442.128 3.241 -7.477 
1703417442.228 3.130 -7.521 
1703417442.328 3.040 -7.562 
1703417442.429 2.962 -7.598 
1703417442.528 2.889 -7.629 
1703417442.628 2.822 -7.658 
1703417442.729 2.755 -7.685 
1703417442.830 2.687 -7.713 
1703417442.930 2.594 -7.762 
1703417443.030 2.488 -7.839 
1703417443.131 2.418 -7.885 
1703417443.231 2.356 -7.922 
1703417443.331 2.277 -7.960 
1703417443.431 2.212 -7.986 
1703417443.534 2.158 -8.012 
1703417443.631 2.101 -8.049 
1703417443.731 2.010 -8.090 
1703417443.831 1.923 -8.127 
1703417443.931 1.850 -8.170 
1703417444.032 1.799 -8.204 
1703417444.131 1.753 -8.236 
1703417444.232 1.697 -8.264 
1703417444.332 1.597 -8.281 
1703417444.432 1.501 -8.294 
1703417444.532 1.419 -8.307 
1703417444.634 1.379 -8.307 
1703417444.734 1.353 -8.298 
1703417444.834 1.298 -8.309 
1703417444.934 1.195 -8.326 
1703417445.034 1.069 -8.341 
1703417445.135 0.969 -8.352 
1703417445.234 0.872 -8.376 
1703417445.334 0.763 -8.408 
1703417445.435 0.645 -8.439 
1703417445.534 0.528 -8.472 
1703417446.239 0.456 -8.552 
1703417446.240 0.456 -8.552 
1703417446.341 0.396 -8.538 
1703417446.441 0.301 -8.523 
1703417446.542 0.168 -8.515 
1703417446.646 0.025 -8.508 
1703417446.744 -0.089 -8.497 
1703417446.844 -0.196 -8.505 
1703417446.944 -0.319 -8.501 
1703417447.045 -0.445 -8.504 
1703417447.145 -0.564 -8.513 
1703417447.246 -0.685 -8.521 
1703417447.345 -0.803 -8.526 
1703417447.445 -0.923 -8.532 
1703417447.545 -1.043 -8.538 
1703417447.646 -1.163 -8.544 
1703417447.745 -1.282 -8.550 
1703417447.846 -1.403 -8.556 
1703417447.946 -1.521 -8.562 
1703417448.046 -1.641 -8.568 
1703417448.147 -1.762 -8.574 
1703417448.247 -1.883 -8.579 
1703417448.347 -2.003 -8.584 
1703417448.447 -2.122 -8.590 
1703417448.547 -2.242 -8.595 
1703417448.649 -2.364 -8.599 
1703417448.747 -2.483 -8.602 
1703417448.848 -2.604 -8.606 
1703417448.947 -2.723 -8.610 
1703417449.048 -2.845 -8.612 
1703417449.149 -2.967 -8.615 
1703417449.248 -3.070 -8.615 
1703417449.348 -3.143 -8.618 
1703417449.451 -3.226 -8.614 
1703417449.549 -3.304 -8.610 
1703417449.662 -3.388 -8.610 
1703417449.757 -3.467 -8.609 
1703417449.853 -3.537 -8.604 
1703417449.951 -3.612 -8.600 
1703417450.051 -3.690 -8.597 
1703417450.151 -3.791 -8.574 
1703417450.251 -3.895 -8.555 
1703417450.351 -3.982 -8.542 
1703417450.452 -4.057 -8.526 
1703417450.552 -4.131 -8.520 
1703417450.651 -4.201 -8.515 
1703417450.752 -4.279 -8.460 
1703417450.851 -4.342 -8.411 
1703417450.952 -4.378 -8.358 
1703417451.052 -4.409 -8.304 
1703417451.153 -4.435 -8.250 
1703417451.254 -4.483 -8.191 
1703417451.353 -4.565 -8.131 
1703417451.453 -4.633 -8.077 
1703417451.553 -4.673 -8.041 
1703417451.653 -4.708 -8.026 
1703417451.753 -4.751 -7.996 
1703417451.853 -4.813 -7.942 
1703417451.954 -4.886 -7.878 
1703417452.053 -4.981 -7.815 
1703417452.153 -5.071 -7.754 
1703417452.254 -5.141 -7.699 
1703417452.354 -5.209 -7.651 
1703417452.453 -5.264 -7.569 
1703417452.554 -5.285 -7.445 
1703417452.654 -5.288 -7.351 
1703417452.754 -5.278 -7.285 
1703417452.854 -5.279 -7.206 
1703417452.954 -5.241 -7.072 
1703417453.054 -5.224 -6.960 
1703417453.155 -5.204 -6.876 
1703417453.255 -5.180 -6.766 
1703417453.355 -5.150 -6.631 
1703417453.455 -5.128 -6.512 
1703417457.865 -4.916 -6.155 
1703417457.866 -4.916 -6.155 
1703417457.966 -4.943 -6.182 
1703417458.066 -5.004 -6.264 
1703417458.166 -5.112 -6.358 
1703417458.265 -5.222 -6.428 
1703417458.366 -5.310 -6.494 
1703417458.466 -5.408 -6.568 
1703417458.567 -5.507 -6.643 
1703417458.668 -5.604 -6.710 
1703417458.768 -5.696 -6.773 
1703417458.868 -5.799 -6.835 
1703417458.967 -5.903 -6.897 
1703417459.069 -6.011 -6.959 
1703417459.168 -6.111 -7.016 
1703417459.270 -6.215 -7.072 
1703417459.369 -6.333 -7.117 
1703417459.468 -6.444 -7.162 
1703417459.569 -6.564 -7.202 
1703417459.668 -6.676 -7.243 
1703417459.768 -6.789 -7.283 
1703417459.871 -6.903 -7.319 
1703417459.969 -7.021 -7.343 
1703417460.069 -7.151 -7.339 
1703417460.171 -7.272 -7.329 
1703417460.270 -7.390 -7.323 
1703417460.370 -7.506 -7.300 
1703417460.470 -7.635 -7.271 
1703417460.570 -7.758 -7.242 
1703417460.671 -7.871 -7.217 
1703417460.770 -7.974 -7.186 
1703417460.871 -8.081 -7.159 
1703417460.971 -8.166 -7.131 
1703417461.071 -8.168 -7.158 
1703417461.172 -8.098 -7.259 
1703417461.271 -8.036 -7.371 
1703417461.373 -7.993 -7.490 
1703417461.471 -7.970 -7.535 
1703417461.571 -7.956 -7.482 
1703417461.671 -7.927 -7.383 
1703417461.772 -7.907 -7.261 
1703417461.872 -7.917 -7.097 
1703417461.972 -7.936 -6.938 
1703417462.073 -7.952 -6.860 
1703417462.172 -7.977 -6.835 
1703417462.272 -7.988 -6.822 
1703417462.372 -7.986 -6.810 
1703417465.793 -7.973 -6.454 
1703417465.794 -7.973 -6.453 
1703417465.894 -7.936 -6.427 
1703417465.995 -7.813 -6.396 
1703417466.094 -7.702 -6.344 
1703417466.195 -7.599 -6.297 
1703417466.300 -7.485 -6.256 
1703417466.399 -7.372 -6.220 
1703417466.499 -7.255 -6.194 
1703417466.599 -7.134 -6.175 
1703417466.699 -7.015 -6.160 
1703417466.803 -6.892 -6.152 
1703417466.902 -6.772 -6.150 
1703417467.002 -6.653 -6.148 
1703417467.103 -6.559 -6.146 
1703417467.204 -6.480 -6.145 
1703417467.305 -6.405 -6.149 
1703417467.404 -6.333 -6.153 
1703417467.505 -6.256 -6.154 
1703417467.615 -6.175 -6.154 
1703417467.708 -6.097 -6.153 
1703417467.806 -6.023 -6.148 
1703417467.907 -5.947 -6.148 
1703417468.006 -5.867 -6.151 
1703417468.115 -5.785 -6.156 
1703417468.209 -5.714 -6.158 
1703417468.308 -5.632 -6.160 
1703417468.407 -5.549 -6.161 
1703417468.507 -5.467 -6.163 
1703417468.607 -5.382 -6.164 
1703417468.708 -5.298 -6.167 
1703417468.807 -5.210 -6.166 
1703417468.908 -5.118 -6.167 
1703417469.008 -5.027 -6.168 
1703417469.109 -4.936 -6.168 
1703417469.209 -4.841 -6.169 
1703417469.309 -4.749 -6.171 
1703417469.408 -4.656 -6.172 
1703417469.509 -4.562 -6.173 
1703417469.612 -4.469 -6.174 
1703417469.710 -4.376 -6.174 
1703417469.809 -4.283 -6.175 
1703417469.909 -4.189 -6.172 
1703417470.009 -4.098 -6.169 
1703417470.110 -4.003 -6.164 
1703417470.210 -3.910 -6.159 
1703417470.310 -3.814 -6.156 
1703417470.410 -3.719 -6.153 
1703417470.510 -3.621 -6.148 
1703417470.610 -3.520 -6.143 
1703417470.710 -3.422 -6.135 
1703417470.811 -3.321 -6.130 
1703417470.911 -3.221 -6.126 
1703417471.012 -3.119 -6.123 
1703417471.112 -3.012 -6.125 
1703417471.212 -2.914 -6.127 
1703417471.312 -2.816 -6.128 
1703417471.412 -2.718 -6.133 
1703417471.511 -2.621 -6.134 
1703417471.612 -2.521 -6.136 
1703417471.716 -2.424 -6.139 
1703417471.812 -2.333 -6.137 
1703417471.912 -2.233 -6.136 
1703417472.012 -2.140 -6.138 
1703417472.113 -2.050 -6.123 
1703417472.214 -1.966 -6.113 
1703417472.315 -1.886 -6.109 
1703417472.415 -1.796 -6.084 
1703417472.517 -1.706 -6.048 
1703417472.621 -1.620 -6.021 
1703417472.716 -1.562 -6.024 
1703417472.817 -1.487 -6.013 
1703417472.916 -1.408 -5.985 
1703417473.017 -1.330 -5.948 
1703417473.116 -1.255 -5.912 
1703417473.216 -1.183 -5.873 
1703417473.316 -1.112 -5.824 
1703417473.417 -1.056 -5.751 
1703417473.517 -1.003 -5.678 
1703417473.617 -0.957 -5.613 
1703417473.717 -0.909 -5.564 
1703417473.817 -0.857 -5.494 
1703417473.918 -0.810 -5.410 
1703417474.017 -0.769 -5.319 
1703417474.117 -0.727 -5.232 
1703417474.218 -0.691 -5.135 
1703417474.318 -0.671 -5.032 
1703417474.418 -0.646 -4.942 
1703417474.519 -0.627 -4.840 
1703417474.620 -0.607 -4.734 
1703417474.719 -0.603 -4.622 
1703417474.819 -0.615 -4.508 
1703417474.920 -0.626 -4.398 
1703417475.020 -0.636 -4.288 
1703417475.124 -0.664 -4.175 
1703417475.223 -0.696 -4.069 
1703417475.323 -0.732 -3.971 
1703417475.424 -0.771 -3.860 
1703417475.524 -0.812 -3.749 
1703417475.624 -0.861 -3.650 
1703417475.725 -0.912 -3.559 
1703417475.824 -0.996 -3.464 
1703417475.925 -1.084 -3.380 
1703417476.024 -1.158 -3.302 
1703417476.125 -1.234 -3.216 
1703417476.224 -1.313 -3.132 
1703417476.325 -1.392 -3.051 
1703417476.426 -1.468 -2.972 
1703417476.527 -1.547 -2.890 
1703417476.627 -1.627 -2.807 
1703417476.727 -1.702 -2.724 
1703417476.827 -1.772 -2.642 
1703417476.927 -1.840 -2.568 
1703417477.027 -1.904 -2.498 
1703417477.127 -1.972 -2.423 
1703417477.227 -2.037 -2.309 
1703417477.328 -2.099 -2.221 
1703417477.427 -2.166 -2.141 
1703417477.528 -2.228 -2.079 
1703417477.627 -2.279 -2.025 
1703417477.728 -2.312 -1.963 
1703417477.828 -2.325 -1.887 
1703417477.929 -2.357 -1.774 
1703417478.028 -2.367 -1.679 
1703417478.129 -2.358 -1.568 
1703417478.230 -2.351 -1.455 
1703417478.330 -2.352 -1.333 
1703417478.430 -2.349 -1.215 
1703417478.529 -2.345 -1.095 
1703417478.631 -2.344 -0.976 
1703417478.730 -2.342 -0.876 
1703417478.830 -2.341 -0.779 
1703417478.930 -2.342 -0.687 
1703417479.031 -2.337 -0.592 
1703417479.130 -2.330 -0.493 
1703417479.231 -2.326 -0.407 
1703417479.330 -2.328 -0.326 
1703417479.430 -2.334 -0.247 
1703417479.533 -2.340 -0.171 
1703417479.630 -2.362 -0.084 
1703417479.731 -2.399 0.008 
1703417479.831 -2.428 0.094 
1703417479.931 -2.448 0.166 
1703417480.034 -2.449 0.215 
1703417480.131 -2.488 0.276 
1703417480.232 -2.560 0.356 
1703417480.331 -2.621 0.440 
1703417480.431 -2.679 0.512 
1703417480.532 -2.733 0.583 
1703417480.631 -2.789 0.676 
1703417480.733 -2.844 0.759 
1703417480.832 -2.893 0.828 
1703417480.932 -2.948 0.892 
1703417481.032 -3.022 0.948 
1703417481.133 -3.124 0.993 
1703417481.232 -3.221 1.021 
1703417481.332 -3.319 1.044 
1703417481.435 -3.438 1.059 
1703417481.533 -3.550 1.077 
1703417481.633 -3.642 1.088 
1703417481.733 -3.740 1.088 
1703417481.834 -3.855 1.078 
1703417481.933 -3.966 1.065 
1703417482.033 -4.072 1.049 
1703417482.134 -4.181 1.037 
1703417482.234 -4.290 1.027 
1703417482.335 -4.395 1.009 
1703417482.434 -4.487 0.973 
1703417482.534 -4.587 0.924 
1703417482.635 -4.693 0.878 
1703417482.735 -4.793 0.848 
1703417482.835 -4.885 0.808 
1703417482.935 -4.979 0.747 
1703417483.035 -5.065 0.678 
1703417483.136 -5.140 0.598 
1703417483.236 -5.214 0.507 
1703417483.336 -5.295 0.419 
1703417483.438 -5.373 0.336 
1703417483.536 -5.442 0.246 
1703417483.636 -5.515 0.153 
1703417483.736 -5.585 0.065 
1703417483.837 -5.655 -0.020 
1703417483.936 -5.727 -0.117 
1703417484.036 -5.797 -0.206 
1703417484.137 -5.855 -0.282 
1703417484.236 -5.911 -0.356 
1703417484.337 -5.972 -0.424 
1703417484.437 -6.034 -0.487 
1703417484.537 -6.106 -0.544 
1703417484.637 -6.249 -0.581 
1703417484.737 -6.381 -0.626 
1703417484.837 -6.477 -0.664 
1703417484.937 -6.568 -0.699 
1703417485.038 -6.650 -0.725 
1703417485.138 -6.718 -0.754 
1703417485.238 -6.814 -0.757 
1703417485.339 -6.936 -0.728 
1703417485.438 -7.025 -0.714 
1703417485.538 -7.085 -0.701 
1703417485.639 -7.149 -0.682 
1703417485.739 -7.239 -0.659 
1703417485.840 -7.323 -0.634 
1703417485.940 -7.401 -0.612 
1703417486.039 -7.473 -0.590 
1703417486.140 -7.552 -0.575 
1703417486.241 -7.631 -0.562 
1703417486.341 -7.706 -0.545 
1703417486.440 -7.778 -0.530 
1703417486.542 -7.849 -0.516 
1703417486.643 -7.956 -0.490 
1703417486.743 -8.056 -0.464 
1703417486.843 -8.136 -0.443 
1703417486.943 -8.205 -0.422 
1703417487.042 -8.278 -0.410 
1703417487.143 -8.376 -0.407 
1703417487.243 -8.473 -0.399 
1703417487.344 -8.589 -0.347 
1703417487.444 -8.698 -0.272 
1703417487.547 -8.791 -0.185 
1703417487.646 -8.861 -0.073 
1703417487.745 -8.911 0.046 
1703417487.844 -8.930 0.161 
1703417487.944 -8.912 0.276 
1703417488.046 -8.866 0.369 
1703417488.145 -8.808 0.473 
1703417488.245 -8.748 0.574 
1703417488.345 -8.692 0.677 
1703417488.446 -8.638 0.783 
1703417488.546 -8.585 0.885 
1703417488.646 -8.531 0.984 
1703417488.746 -8.480 1.087 
1703417488.846 -8.447 1.204 
1703417488.947 -8.420 1.302 
1703417489.046 -8.388 1.336 
1703417489.151 -8.368 1.376 
1703417489.250 -8.384 1.444 
1703417489.350 -8.409 1.513 
1703417489.450 -8.432 1.566 
1703417489.551 -8.460 1.613 
1703417489.651 -8.491 1.665 
1703417489.751 -8.535 1.728 
1703417489.851 -8.586 1.797 
1703417489.953 -8.628 1.862 
1703417490.052 -8.668 1.922 
1703417490.152 -8.709 1.985 
1703417490.253 -8.768 2.071 
1703417490.352 -8.829 2.156 
1703417490.453 -8.888 2.243 
1703417490.553 -8.948 2.328 
1703417490.652 -9.001 2.416 
1703417490.752 -9.050 2.508 
1703417490.852 -9.110 2.618 
1703417490.953 -9.171 2.724 
1703417491.053 -9.226 2.828 
1703417491.153 -9.270 2.939 
1703417491.254 -9.291 3.052 
1703417491.354 -9.302 3.155 
1703417491.454 -9.318 3.257 
1703417491.555 -9.330 3.375 
1703417491.655 -9.305 3.508 
1703417491.755 -9.287 3.641 
1703417491.855 -9.285 3.753 
1703417491.955 -9.263 3.877 
1703417492.055 -9.237 4.004 
1703417492.156 -9.223 4.120 
1703417492.255 -9.202 4.235 
1703417492.356 -9.166 4.352 
1703417492.456 -9.131 4.456 
1703417492.558 -9.098 4.538 
1703417492.657 -9.059 4.619 
1703417492.757 -9.052 4.679 
1703417492.857 -8.973 4.749 
1703417492.957 -8.878 4.836 
1703417493.057 -8.817 4.901 
1703417493.158 -8.767 4.941 
1703417493.257 -8.711 5.000 
1703417493.358 -8.652 5.061 
1703417493.458 -8.599 5.117 
1703417493.558 -8.544 5.168 
1703417493.657 -8.485 5.226 
1703417493.758 -8.432 5.284 
1703417493.858 -8.363 5.343 
1703417493.959 -8.301 5.405 
1703417494.059 -8.270 5.445 
1703417494.159 -8.266 5.471 
1703417494.258 -8.251 5.507 
1703417494.359 -8.177 5.578 
1703417494.459 -8.115 5.647 
1703417494.558 -8.072 5.700 
1703417494.659 -8.013 5.747 
1703417494.759 -7.932 5.790 
1703417494.861 -7.852 5.827 
1703417494.960 -7.778 5.857 
1703417495.060 -7.723 5.883 
1703417495.160 -7.672 5.908 
1703417495.262 -7.599 5.940 
1703417495.373 -7.519 5.979 
1703417495.467 -7.446 6.018 
1703417495.566 -7.369 6.054 
1703417495.664 -7.290 6.090 
1703417495.764 -7.209 6.129 
1703417495.864 -7.130 6.169 
1703417495.964 -7.051 6.206 
1703417496.064 -6.970 6.242 
1703417496.164 -6.890 6.278 
1703417496.264 -6.820 6.312 
1703417496.365 -6.752 6.353 
1703417496.467 -6.684 6.398 
1703417496.566 -6.597 6.454 
1703417496.665 -6.495 6.537 
1703417496.765 -6.397 6.619 
1703417496.865 -6.327 6.678 
1703417496.967 -6.256 6.726 
1703417497.066 -6.182 6.786 
1703417497.166 -6.116 6.838 
1703417497.268 -6.055 6.896 
1703417497.367 -6.003 6.911 
1703417497.467 -5.959 6.901 
1703417500.176 -5.944 7.134 
1703417500.276 -5.946 7.168 
1703417500.376 -5.956 7.185 
1703417500.479 -5.963 7.157 
1703417500.577 -5.944 7.094 
1703417500.677 -5.924 7.009 
1703417500.777 -5.891 6.929 
1703417500.878 -5.840 6.863 
1703417500.977 -5.778 6.741 
1703417501.078 -5.714 6.602 
1703417501.177 -5.660 6.486 
1703417501.278 -5.618 6.413 
1703417501.377 -5.586 6.320 
1703417501.479 -5.548 6.221 
1703417501.583 -5.517 6.143 
1703417501.678 -5.496 6.074 
1703417501.779 -5.493 5.969 
1703417501.882 -5.497 5.862 
1703417501.979 -5.495 5.760 
1703417502.079 -5.487 5.652 
1703417502.179 -5.480 5.541 
1703417502.280 -5.481 5.420 
1703417502.379 -5.480 5.296 
1703417502.479 -5.477 5.177 
1703417502.580 -5.484 5.064 
1703417502.680 -5.496 4.950 
1703417502.780 -5.507 4.834 
1703417502.880 -5.511 4.723 
1703417502.980 -5.518 4.621 
1703417503.080 -5.516 4.506 
1703417503.180 -5.510 4.379 
1703417503.280 -5.503 4.251 
1703417503.380 -5.512 4.172 
1703417503.481 -5.527 4.102 
1703417503.581 -5.496 4.010 
1703417503.682 -5.446 3.884 
1703417503.782 -5.402 3.787 
1703417503.881 -5.371 3.693 
1703417503.981 -5.329 3.589 
1703417504.081 -5.288 3.497 
1703417504.182 -5.254 3.422 
1703417504.282 -5.236 3.358 
1703417504.382 -5.242 3.306 
1703417504.482 -5.238 3.242 
1703417504.582 -5.161 3.158 
1703417504.682 -5.077 3.069 
1703417504.783 -5.012 3.039 
1703417504.884 -4.941 3.012 
1703417504.984 -4.837 2.957 
1703417505.086 -4.763 2.893 
1703417505.184 -4.705 2.854 
1703417505.285 -4.635 2.840 
1703417505.384 -4.530 2.810 
1703417505.484 -4.410 2.772 
1703417505.585 -4.301 2.738 
1703417505.698 -4.186 2.717 
1703417505.792 -4.072 2.705 
1703417505.891 -3.947 2.694 
1703417505.991 -3.843 2.680 
1703417506.090 -3.744 2.670 
1703417506.190 -3.633 2.666 
1703417506.291 -3.524 2.665 
1703417506.390 -3.422 2.663 
1703417506.491 -3.322 2.659 
1703417506.591 -3.224 2.661 
1703417506.691 -3.127 2.663 
1703417506.791 -3.031 2.664 
1703417506.891 -2.937 2.666 
1703417506.991 -2.843 2.669 
1703417507.091 -2.752 2.672 
1703417507.191 -2.665 2.676 
1703417507.291 -2.573 2.681 
1703417507.392 -2.484 2.689 
1703417507.495 -2.393 2.699 
1703417507.592 -2.310 2.706 
1703417507.692 -2.226 2.715 
1703417507.792 -2.138 2.726 
1703417507.892 -2.046 2.737 
1703417507.993 -1.958 2.743 
1703417508.093 -1.870 2.742 
1703417508.193 -1.779 2.741 
1703417508.293 -1.699 2.749 
1703417508.392 -1.610 2.754 
1703417508.493 -1.518 2.757 
1703417508.593 -1.430 2.753 
1703417508.693 -1.339 2.746 
1703417508.793 -1.248 2.736 
1703417508.894 -1.159 2.727 
1703417508.994 -1.072 2.717 
1703417509.094 -0.981 2.705 
1703417509.194 -0.886 2.693 
1703417509.294 -0.788 2.679 
1703417509.395 -0.698 2.666 
1703417509.496 -0.601 2.664 
1703417509.596 -0.496 2.664 
1703417509.695 -0.394 2.656 
1703417509.796 -0.289 2.649 
1703417509.895 -0.180 2.646 
1703417510.001 -0.068 2.652 
1703417510.099 0.043 2.657 
1703417510.197 0.160 2.663 
1703417510.297 0.279 2.674 
1703417510.401 0.403 2.690 
1703417510.499 0.519 2.711 
1703417510.598 0.633 2.742 
1703417510.698 0.743 2.786 
1703417510.798 0.854 2.832 
1703417510.899 0.962 2.883 
1703417510.998 1.063 2.940 
1703417511.099 1.159 3.009 
1703417511.199 1.254 3.079 
1703417511.299 1.348 3.151 
1703417511.400 1.441 3.225 
1703417511.499 1.527 3.300 
1703417511.600 1.612 3.389 
1703417511.700 1.692 3.480 
1703417511.800 1.765 3.572 
1703417511.900 1.838 3.666 
1703417512.000 1.905 3.767 
1703417512.101 1.967 3.872 
1703417512.201 2.020 3.979 
1703417512.300 2.065 4.094 
1703417512.401 2.088 4.218 
1703417512.503 2.110 4.337 
1703417512.602 2.133 4.449 
1703417512.703 2.137 4.567 
1703417512.802 2.125 4.685 
1703417512.901 2.108 4.802 
1703417513.003 2.076 4.926 
1703417513.102 2.032 5.052 
1703417513.202 1.972 5.143 
1703417513.302 1.896 5.229 
1703417513.403 1.806 5.311 
1703417513.503 1.717 5.378 
1703417513.604 1.623 5.439 
1703417513.703 1.517 5.489 
1703417513.803 1.410 5.538 
1703417513.903 1.305 5.583 
1703417514.003 1.195 5.622 
1703417514.104 1.084 5.666 
1703417514.204 0.978 5.714 
1703417514.304 0.875 5.747 
1703417514.403 0.766 5.769 
1703417514.504 0.646 5.787 
1703417514.604 0.525 5.805 
1703417514.704 0.409 5.824 
1703417514.804 0.293 5.842 
1703417514.905 0.174 5.857 
1703417515.006 0.057 5.874 
1703417515.106 -0.060 5.891 
1703417515.206 -0.171 5.908 
1703417515.307 -0.286 5.926 
1703417515.406 -0.399 5.941 
1703417515.507 -0.514 5.964 
1703417515.607 -0.619 5.986 
1703417515.707 -0.716 6.017 
1703417515.807 -0.809 6.067 
1703417515.908 -0.869 6.122 
1703417516.008 -0.923 6.206 
1703417516.108 -0.971 6.345 
1703417516.208 -1.006 6.451 
1703417516.308 -1.039 6.525 
1703417516.408 -1.054 6.597 
1703417516.509 -1.048 6.671 
1703417516.608 -1.041 6.710 
1703417516.709 -1.053 6.727 
1703417516.809 -1.038 6.773 
1703417516.910 -0.975 6.876 
1703417517.009 -0.926 7.009 
1703417517.110 -0.887 7.084 
1703417517.209 -0.867 7.101 
1703417517.309 -0.850 7.124 
1703417517.409 -0.820 7.193 
1703417517.510 -0.777 7.308 
1703417517.610 -0.742 7.421 
1703417517.710 -0.700 7.476 
1703417517.810 -0.684 7.491 
1703417517.911 -0.677 7.527 
1703417518.011 -0.662 7.618 
1703417518.110 -0.624 7.733 
1703417518.210 -0.608 7.818 
1703417518.310 -0.592 7.884 
1703417518.411 -0.559 7.945 
1703417518.510 -0.536 7.986 
1703417518.611 -0.531 8.007 
1703417518.712 -0.513 8.008 
1703417518.811 -0.457 8.011 
1703417518.912 -0.379 8.017 
1703417519.012 -0.283 8.019 
1703417519.114 -0.188 8.023 
1703417519.214 -0.082 8.041 
1703417519.314 0.037 8.073 
1703417519.414 0.154 8.106 
1703417519.514 0.274 8.131 
1703417519.615 0.394 8.151 
1703417519.713 0.512 8.181 
1703417519.814 0.629 8.214 
1703417519.915 0.747 8.244 
1703417520.014 0.864 8.274 
1703417520.114 0.982 8.306 
1703417520.216 1.101 8.341 
1703417520.316 1.218 8.375 
1703417520.415 1.334 8.400 
1703417520.515 1.451 8.423 
1703417520.615 1.568 8.449 
1703417520.715 1.688 8.478 
1703417520.815 1.806 8.504 
1703417520.915 1.923 8.525 
1703417521.016 2.043 8.547 
1703417521.116 2.161 8.572 
1703417521.216 2.256 8.599 
1703417521.315 2.324 8.601 
1703417521.416 2.424 8.621 
1703417521.516 2.546 8.642 
1703417521.618 2.668 8.661 
1703417521.717 2.777 8.677 
1703417521.817 2.850 8.682 
1703417521.918 2.901 8.692 
1703417522.018 2.936 8.696 
1703417522.118 2.935 8.713 
1703417522.218 3.001 8.683 
1703417522.317 3.092 8.613 
1703417522.418 3.178 8.618 
1703417522.518 3.270 8.582 
1703417522.618 3.359 8.525 
1703417522.718 3.402 8.456 
1703417522.819 3.461 8.351 
1703417522.918 3.505 8.272 
1703417523.019 3.549 8.209 
1703417523.119 3.586 8.137 
1703417523.219 3.615 8.049 
1703417523.319 3.646 7.960 
1703417523.420 3.676 7.879 
1703417523.520 3.701 7.802 
1703417523.638 3.731 7.716 
1703417523.730 3.759 7.629 
1703417523.827 3.784 7.549 
1703417523.927 3.815 7.469 
1703417524.026 3.845 7.392 
1703417524.127 3.881 7.311 
1703417524.226 3.948 7.223 
1703417526.335 4.339 6.661 
1703417526.336 4.340 6.661 
1703417526.436 4.369 6.662 
1703417526.537 4.422 6.697 
1703417526.636 4.490 6.782 
1703417526.737 4.566 6.884 
1703417526.837 4.639 6.982 
1703417526.936 4.707 7.080 
1703417527.037 4.776 7.180 
1703417527.137 4.855 7.274 
1703417527.237 4.936 7.369 
1703417527.337 5.005 7.465 
1703417527.437 5.080 7.563 
1703417527.537 5.160 7.652 
1703417527.637 5.250 7.731 
1703417527.739 5.340 7.808 
1703417527.839 5.420 7.889 
1703417527.938 5.508 7.964 
1703417528.038 5.603 8.035 
1703417528.138 5.701 8.105 
1703417528.238 5.812 8.162 
1703417528.338 5.957 8.193 
1703417528.438 6.059 8.245 
1703417528.538 6.133 8.289 
1703417528.639 6.184 8.331 
1703417528.740 6.215 8.359 
1703417528.839 6.235 8.368 
1703417528.940 6.274 8.335 
1703417529.041 6.401 8.282 
1703417529.140 6.532 8.243 
1703417529.240 6.657 8.182 
1703417529.341 6.755 8.142 
1703417529.440 6.826 8.119 
1703417529.540 6.876 8.105 
1703417529.641 6.930 8.075 
1703417529.740 7.013 8.040 
1703417529.842 7.110 8.007 
1703417529.941 7.182 7.980 
1703417530.041 7.244 7.947 
1703417530.142 7.324 7.910 
1703417530.241 7.397 7.877 
1703417530.341 7.475 7.840 
1703417530.442 7.551 7.806 
1703417530.541 7.627 7.766 
1703417534.357 7.921 7.884 
1703417534.358 7.921 7.883 
1703417534.457 7.865 7.828 
1703417534.558 7.765 7.751 
1703417534.658 7.667 7.672 
1703417534.758 7.584 7.584 
1703417534.859 7.495 7.490 
1703417534.961 7.416 7.396 
1703417535.061 7.333 7.312 
1703417535.162 7.248 7.231 
1703417535.261 7.164 7.144 
1703417535.361 7.078 7.058 
1703417535.462 6.992 6.972 
1703417535.561 6.900 6.887 
1703417535.662 6.803 6.799 
1703417535.761 6.714 6.712 
1703417535.862 6.623 6.628 
1703417535.962 6.532 6.544 
1703417536.062 6.445 6.459 
1703417536.162 6.362 6.374 
1703417536.262 6.274 6.287 
1703417536.362 6.191 6.200 
1703417536.462 6.111 6.113 
1703417536.562 6.030 6.024 
1703417536.664 5.950 5.935 
1703417536.763 5.871 5.847 
1703417536.864 5.791 5.759 
1703417536.964 5.712 5.670 
1703417537.064 5.631 5.582 
1703417537.165 5.553 5.496 
1703417537.264 5.477 5.410 
1703417537.364 5.399 5.323 
1703417537.465 5.320 5.236 
1703417537.564 5.241 5.149 
1703417537.664 5.163 5.063 
1703417537.764 5.083 4.976 
1703417537.865 5.002 4.889 
1703417537.966 4.922 4.802 
1703417538.066 4.843 4.715 
1703417538.166 4.764 4.627 
1703417538.266 4.681 4.540 
1703417538.366 4.597 4.451 
1703417538.465 4.516 4.365 
1703417538.565 4.434 4.279 
1703417538.665 4.351 4.194 
1703417538.766 4.267 4.106 
1703417538.868 4.183 4.019 
1703417538.968 4.100 3.933 
1703417539.069 4.015 3.845 
1703417539.167 3.932 3.760 
1703417539.269 3.847 3.674 
1703417539.368 3.763 3.588 
1703417539.469 3.678 3.503 
1703417539.570 3.592 3.418 
1703417539.669 3.507 3.334 
1703417539.769 3.421 3.249 
1703417539.870 3.336 3.164 
1703417539.973 3.247 3.078 
1703417540.071 3.161 2.995 
1703417540.172 3.076 2.910 
1703417540.272 2.989 2.826 
1703417540.371 2.905 2.743 
1703417540.470 2.819 2.658 
1703417540.573 2.733 2.575 
1703417540.673 2.648 2.492 
1703417540.774 2.564 2.407 
1703417540.874 2.478 2.324 
1703417540.974 2.391 2.240 
1703417541.074 2.306 2.157 
1703417541.174 2.219 2.075 
1703417541.274 2.133 1.994 
1703417541.374 2.048 1.910 
1703417541.475 1.962 1.826 
1703417541.575 1.877 1.741 
1703417541.677 1.794 1.655 
1703417541.775 1.724 1.583 
1703417541.876 1.653 1.511 
1703417541.975 1.581 1.439 
1703417542.077 1.509 1.365 
1703417542.176 1.438 1.293 
1703417542.276 1.366 1.220 
1703417542.376 1.296 1.151 
1703417542.479 1.223 1.078 
1703417542.578 1.155 1.009 
1703417542.678 1.080 0.933 
1703417542.778 1.005 0.861 
1703417542.878 0.931 0.793 
1703417542.978 0.859 0.723 
1703417543.078 0.786 0.653 
1703417543.178 0.712 0.582 
1703417543.278 0.636 0.514 
1703417543.402 0.560 0.445 
1703417543.496 0.491 0.381 
1703417543.601 0.417 0.313 
1703417543.706 0.341 0.244 
1703417543.802 0.271 0.181 
1703417543.902 0.196 0.120 
1703417544.002 0.128 0.056 
1703417544.102 0.059 -0.005 
1703417544.202 -0.013 -0.067 
1703417544.303 -0.084 -0.124 
1703417544.402 -0.162 -0.175 
1703417544.503 -0.241 -0.228 
1703417544.615 -0.296 -0.280 
1703417544.709 -0.356 -0.335 
1703417544.805 -0.430 -0.393 
1703417544.904 -0.509 -0.440 
1703417545.006 -0.587 -0.481 
1703417545.105 -0.654 -0.520 
1703417545.205 -0.732 -0.553 
1703417545.306 -0.818 -0.579 
1703417545.405 -0.888 -0.609 
1703417545.506 -0.963 -0.633 
1703417545.606 -1.037 -0.654 
1703417545.706 -1.122 -0.668 
1703417545.806 -1.242 -0.656 
1703417545.906 -1.391 -0.622 
1703417546.006 -1.514 -0.607 
1703417546.112 -1.629 -0.574 
1703417546.207 -1.728 -0.526 
1703417546.307 -1.798 -0.494 
1703417546.408 -1.854 -0.475 
1703417546.508 -1.912 -0.463 
1703417546.609 -1.989 -0.434 
1703417546.708 -2.072 -0.357 
1703417546.808 -2.135 -0.316 
1703417546.907 -2.194 -0.260 
1703417547.008 -2.268 -0.179 
1703417547.108 -2.335 -0.114 
1703417547.209 -2.397 -0.038 
1703417547.309 -2.462 0.045 
1703417547.409 -2.530 0.131 
1703417547.511 -2.598 0.214 
1703417547.614 -2.662 0.296 
1703417547.714 -2.724 0.380 
1703417547.813 -2.794 0.450 
1703417547.913 -2.873 0.522 
1703417548.013 -2.948 0.585 
1703417548.113 -3.020 0.644 
1703417548.214 -3.094 0.721 
1703417548.313 -3.167 0.799 
1703417548.414 -3.233 0.857 
1703417548.514 -3.308 0.908 
1703417548.616 -3.395 0.956 
1703417548.715 -3.491 0.993 
1703417548.815 -3.591 1.001 
1703417548.915 -3.693 1.007 
1703417549.015 -3.791 1.026 
1703417549.115 -3.887 1.047 
1703417549.217 -3.989 1.044 
1703417549.316 -4.092 1.025 
1703417549.418 -4.193 1.003 
1703417549.517 -4.295 0.986 
1703417549.618 -4.395 0.973 
1703417549.717 -4.492 0.959 
1703417549.817 -4.591 0.934 
1703417549.917 -4.689 0.893 
1703417550.017 -4.772 0.840 
1703417550.118 -4.843 0.775 
1703417550.217 -4.916 0.704 
1703417550.318 -4.995 0.641 
1703417550.417 -5.071 0.583 
1703417550.517 -5.132 0.531 
1703417550.618 -5.188 0.450 
1703417550.717 -5.240 0.356 
1703417550.818 -5.273 0.261 
1703417550.918 -5.298 0.154 
1703417551.018 -5.329 0.041 
1703417551.119 -5.366 -0.073 
1703417551.219 -5.391 -0.185 
1703417551.319 -5.417 -0.303 
1703417551.419 -5.444 -0.422 
1703417551.519 -5.470 -0.544 
1703417551.620 -5.496 -0.661 
1703417551.719 -5.520 -0.777 
1703417551.819 -5.545 -0.897 
1703417551.920 -5.575 -1.018 
1703417552.020 -5.604 -1.120 
1703417552.120 -5.625 -1.210 
1703417552.221 -5.646 -1.300 
1703417552.320 -5.665 -1.396 
1703417552.420 -5.682 -1.492 
1703417552.521 -5.697 -1.583 
1703417552.620 -5.715 -1.651 
1703417552.721 -5.723 -1.720 
1703417552.822 -5.723 -1.797 
1703417552.921 -5.733 -1.906 
1703417553.021 -5.757 -2.021 
1703417553.122 -5.785 -2.114 
1703417553.223 -5.816 -2.171 
1703417553.321 -5.831 -2.239 
1703417553.422 -5.827 -2.314 
1703417553.522 -5.808 -2.396 
1703417553.622 -5.793 -2.479 
1703417553.722 -5.780 -2.548 
1703417553.822 -5.750 -2.604 
1703417553.923 -5.707 -2.660 
1703417554.023 -5.681 -2.712 
