1703416552.816 0.999 -0.143 
1703416552.817 0.999 -0.143 
1703416552.917 1.050 -0.126 
1703416553.017 1.132 -0.074 
1703416553.119 1.235 -0.021 
1703416553.218 1.314 0.045 
1703416553.317 1.423 0.110 
1703416553.417 1.454 0.176 
1703416553.518 1.458 0.230 
1703416553.618 1.470 0.269 
1703416553.718 1.471 0.313 
1703416554.822 1.506 0.384 
1703416554.923 1.488 0.373 
1703416555.023 1.469 0.312 
1703416555.123 1.449 0.200 
1703416555.223 1.477 0.128 
1703416555.324 1.501 0.047 
1703416555.427 1.493 -0.040 
1703416555.527 1.433 -0.144 
1703416555.628 1.354 -0.267 
1703416555.728 1.295 -0.387 
1703416555.828 1.250 -0.491 
1703416555.934 1.220 -0.563 
1703416556.033 1.190 -0.616 
1703416557.234 1.381 -0.702 
1703416557.334 1.389 -0.702 
1703416557.436 1.428 -0.718 
1703416561.754 1.917 -1.211 
1703416561.755 1.917 -1.211 
1703416561.856 1.924 -1.242 
1703416561.955 1.893 -1.350 
1703416562.056 1.885 -1.454 
1703416562.156 1.878 -1.580 
1703416562.258 1.873 -1.712 
1703416562.358 1.880 -1.833 
1703416562.457 1.879 -1.946 
1703416562.558 1.858 -2.062 
1703416562.658 1.838 -2.179 
1703416562.758 1.818 -2.299 
1703416562.858 1.794 -2.417 
1703416562.958 1.769 -2.537 
1703416563.058 1.746 -2.654 
1703416563.159 1.722 -2.774 
1703416563.259 1.702 -2.894 
1703416563.359 1.676 -3.010 
1703416563.459 1.653 -3.125 
1703416563.559 1.634 -3.242 
1703416563.659 1.619 -3.360 
1703416563.760 1.615 -3.483 
1703416563.859 1.593 -3.570 
1703416563.959 1.586 -3.660 
1703416564.059 1.593 -3.753 
1703416564.162 1.597 -3.838 
1703416564.262 1.611 -3.929 
1703416564.362 1.636 -4.024 
1703416564.461 1.665 -4.119 
1703416564.563 1.696 -4.216 
1703416564.662 1.732 -4.304 
1703416564.762 1.764 -4.378 
1703416564.863 1.789 -4.445 
1703416564.963 1.804 -4.514 
1703416565.063 1.831 -4.568 
1703416565.163 1.867 -4.623 
1703416565.263 1.907 -4.704 
1703416565.363 1.951 -4.763 
1703416565.464 2.005 -4.795 
1703416565.564 2.050 -4.873 
1703416565.664 2.092 -4.968 
1703416565.764 2.105 -5.066 
1703416565.864 2.074 -5.188 
1703416565.964 2.034 -5.304 
1703416566.064 1.969 -5.412 
1703416566.164 1.892 -5.502 
1703416566.265 1.812 -5.567 
1703416566.365 1.702 -5.610 
1703416566.465 1.586 -5.651 
1703416566.566 1.490 -5.682 
1703416566.673 1.432 -5.696 
1703416566.769 1.358 -5.717 
1703416566.869 1.246 -5.731 
1703416566.968 1.123 -5.743 
1703416567.067 1.004 -5.760 
1703416567.168 0.899 -5.770 
1703416567.268 0.801 -5.785 
1703416567.368 0.736 -5.796 
1703416567.468 0.680 -5.820 
1703416567.569 0.613 -5.843 
1703416567.668 0.542 -5.867 
1703416567.769 0.468 -5.886 
1703416567.869 0.391 -5.905 
1703416567.969 0.315 -5.927 
1703416568.069 0.244 -5.950 
1703416568.169 0.175 -5.974 
1703416568.269 0.102 -5.999 
1703416568.369 0.026 -6.022 
1703416568.469 -0.054 -6.045 
1703416568.569 -0.153 -6.068 
1703416568.669 -0.277 -6.080 
1703416568.769 -0.392 -6.087 
1703416568.869 -0.484 -6.095 
1703416568.970 -0.571 -6.110 
1703416569.070 -0.655 -6.117 
1703416569.170 -0.736 -6.119 
1703416569.270 -0.816 -6.123 
1703416569.370 -0.889 -6.126 
1703416569.470 -0.963 -6.130 
1703416569.571 -1.032 -6.133 
1703416569.671 -1.095 -6.137 
1703416569.770 -1.176 -6.137 
1703416569.871 -1.265 -6.133 
1703416569.971 -1.328 -6.133 
1703416570.071 -1.394 -6.133 
1703416570.172 -1.454 -6.122 
1703416570.271 -1.533 -6.082 
1703416573.277 -1.645 -5.931 
1703416573.378 -1.621 -5.940 
1703416573.479 -1.591 -5.913 
1703416573.579 -1.515 -5.838 
1703416573.680 -1.409 -5.763 
1703416573.779 -1.303 -5.671 
1703416573.880 -1.218 -5.594 
1703416573.979 -1.190 -5.561 
1703416574.080 -1.171 -5.540 
1703416574.180 -1.132 -5.472 
1703416574.280 -1.080 -5.361 
1703416574.380 -1.009 -5.252 
1703416574.481 -0.942 -5.156 
1703416574.580 -0.887 -5.059 
1703416574.681 -0.841 -4.954 
1703416574.782 -0.799 -4.846 
1703416574.881 -0.764 -4.737 
1703416574.981 -0.736 -4.629 
1703416575.081 -0.715 -4.522 
1703416575.182 -0.701 -4.419 
1703416575.282 -0.703 -4.315 
1703416575.382 -0.732 -4.214 
1703416575.481 -0.763 -4.125 
1703416575.582 -0.792 -4.040 
1703416575.681 -0.832 -3.958 
1703416575.781 -0.899 -3.864 
1703416575.881 -0.962 -3.778 
1703416575.982 -1.006 -3.707 
1703416576.082 -1.051 -3.633 
1703416576.183 -1.109 -3.561 
1703416576.283 -1.171 -3.496 
1703416576.383 -1.227 -3.423 
1703416576.483 -1.281 -3.353 
1703416576.583 -1.338 -3.281 
1703416576.682 -1.389 -3.218 
1703416576.783 -1.436 -3.160 
1703416576.883 -1.473 -3.090 
1703416576.983 -1.505 -2.965 
1703416577.084 -1.538 -2.890 
1703416577.183 -1.568 -2.830 
1703416577.284 -1.585 -2.768 
1703416577.384 -1.565 -2.642 
1703416577.484 -1.543 -2.550 
1703416577.584 -1.487 -2.444 
1703416577.684 -1.425 -2.342 
1703416577.784 -1.374 -2.264 
1703416577.885 -1.311 -2.194 
1703416577.984 -1.245 -2.137 
1703416578.085 -1.167 -2.087 
1703416578.185 -1.083 -2.051 
1703416578.284 -0.998 -2.035 
1703416578.385 -0.910 -2.038 
1703416578.485 -0.823 -2.054 
1703416578.586 -0.739 -2.079 
1703416578.686 -0.660 -2.096 
1703416578.785 -0.563 -2.081 
1703416578.886 -0.479 -2.063 
1703416578.986 -0.401 -2.029 
1703416579.087 -0.321 -1.973 
1703416579.186 -0.238 -1.913 
1703416579.286 -0.147 -1.849 
1703416579.387 -0.050 -1.770 
1703416579.487 0.029 -1.683 
1703416579.587 0.110 -1.590 
1703416579.687 0.196 -1.494 
1703416579.786 0.272 -1.404 
1703416579.887 0.341 -1.307 
1703416579.987 0.404 -1.205 
1703416580.087 0.458 -1.096 
1703416580.187 0.514 -0.991 
1703416580.288 0.569 -0.880 
1703416580.387 0.617 -0.770 
1703416580.488 0.667 -0.655 
1703416580.588 0.719 -0.547 
1703416580.688 0.772 -0.441 
1703416580.788 0.826 -0.333 
1703416580.889 0.885 -0.227 
1703416580.989 0.944 -0.119 
1703416581.088 1.006 -0.012 
1703416581.188 1.065 0.089 
1703416581.289 1.135 0.185 
1703416581.388 1.201 0.281 
1703416581.489 1.268 0.376 
1703416581.589 1.346 0.474 
1703416581.690 1.421 0.574 
1703416581.790 1.494 0.666 
1703416581.890 1.561 0.754 
1703416581.990 1.613 0.833 
1703416582.089 1.657 0.897 
1703416582.189 1.703 0.963 
1703416582.290 1.756 1.042 
1703416582.390 1.801 1.112 
1703416582.491 1.848 1.176 
1703416582.590 1.901 1.247 
1703416582.690 1.947 1.335 
1703416582.790 1.998 1.439 
1703416582.890 2.053 1.554 
1703416582.990 2.104 1.657 
1703416583.091 2.120 1.697 
1703416583.191 2.139 1.725 
1703416583.292 2.187 1.770 
1703416583.393 2.236 1.836 
1703416583.491 2.294 1.931 
1703416583.591 2.355 2.026 
1703416583.691 2.410 2.110 
1703416583.792 2.437 2.150 
1703416583.893 2.464 2.197 
1703416583.992 2.511 2.282 
1703416584.092 2.562 2.373 
1703416584.192 2.608 2.452 
1703416584.292 2.654 2.529 
1703416584.392 2.696 2.605 
1703416584.492 2.735 2.685 
1703416584.592 2.771 2.771 
1703416584.693 2.813 2.852 
1703416584.793 2.857 2.932 
1703416584.892 2.898 3.006 
1703416584.993 2.942 3.089 
1703416585.093 2.972 3.181 
1703416585.193 2.977 3.300 
1703416585.293 2.986 3.408 
1703416585.393 2.972 3.513 
1703416585.493 2.956 3.615 
1703416585.593 2.949 3.703 
1703416585.694 2.953 3.767 
1703416585.793 2.948 3.838 
1703416585.893 2.945 3.912 
1703416585.994 2.953 3.975 
1703416588.401 3.075 3.670 
1703416588.502 3.048 3.747 
1703416588.602 3.020 3.848 
1703416588.702 2.974 3.912 
1703416588.803 2.944 3.903 
1703416588.902 2.977 3.800 
1703416589.002 3.046 3.649 
1703416589.102 3.079 3.523 
1703416589.202 3.128 3.417 
1703416589.302 3.182 3.328 
1703416589.402 3.231 3.249 
1703416589.503 3.278 3.173 
1703416589.602 3.323 3.123 
1703416589.703 3.365 3.094 
1703416589.803 3.401 3.033 
1703416589.903 3.472 2.916 
1703416590.003 3.520 2.824 
1703416590.103 3.553 2.753 
1703416592.707 3.970 2.453 
1703416592.708 3.970 2.453 
1703416592.809 4.019 2.451 
1703416592.911 4.102 2.403 
1703416593.009 4.216 2.344 
1703416593.109 4.340 2.281 
1703416593.209 4.464 2.209 
1703416593.310 4.579 2.126 
1703416593.409 4.674 2.033 
1703416593.509 4.747 1.923 
1703416593.609 4.778 1.820 
1703416593.709 4.784 1.702 
1703416593.810 4.787 1.573 
1703416593.910 4.791 1.444 
1703416594.010 4.799 1.323 
1703416594.110 4.802 1.206 
1703416594.210 4.805 1.086 
1703416594.311 4.814 0.963 
1703416594.413 4.824 0.835 
1703416594.510 4.826 0.715 
1703416594.610 4.835 0.592 
1703416594.711 4.856 0.471 
1703416594.810 4.890 0.355 
1703416594.911 4.938 0.234 
1703416595.011 4.973 0.116 
1703416595.111 5.022 0.008 
1703416595.211 5.074 -0.100 
1703416595.312 5.127 -0.210 
1703416595.411 5.179 -0.318 
1703416595.511 5.232 -0.426 
1703416595.612 5.274 -0.508 
1703416595.712 5.311 -0.587 
1703416595.812 5.344 -0.669 
1703416595.912 5.372 -0.748 
1703416596.012 5.402 -0.824 
1703416596.113 5.436 -0.898 
1703416596.212 5.467 -0.961 
1703416596.312 5.507 -1.050 
1703416596.413 5.538 -1.154 
1703416596.512 5.556 -1.249 
1703416596.613 5.572 -1.323 
1703416596.713 5.603 -1.402 
1703416596.814 5.626 -1.483 
1703416596.913 5.649 -1.507 
1703416597.014 5.677 -1.527 
1703416602.224 5.396 -2.058 
1703416602.324 5.352 -2.013 
1703416602.423 5.280 -1.909 
1703416602.524 5.207 -1.814 
1703416602.623 5.121 -1.732 
1703416602.724 5.036 -1.656 
1703416602.824 4.969 -1.568 
1703416602.923 4.952 -1.468 
1703416603.024 4.975 -1.407 
1703416603.125 5.001 -1.316 
1703416603.224 5.008 -1.193 
1703416603.325 5.003 -1.079 
1703416603.425 5.015 -0.967 
1703416603.524 5.061 -0.876 
1703416603.624 5.102 -0.759 
1703416603.724 5.156 -0.637 
1703416603.825 5.194 -0.533 
1703416603.927 5.241 -0.431 
1703416604.029 5.306 -0.333 
1703416604.127 5.373 -0.233 
1703416604.226 5.436 -0.138 
1703416604.325 5.497 -0.046 
1703416604.425 5.564 0.047 
1703416604.526 5.633 0.142 
1703416604.626 5.703 0.238 
1703416604.725 5.769 0.333 
1703416604.825 5.832 0.433 
1703416604.926 5.896 0.535 
1703416605.026 5.962 0.634 
1703416605.126 6.025 0.733 
1703416605.228 6.069 0.823 
1703416605.327 6.104 0.885 
1703416605.427 6.130 0.955 
1703416605.526 6.145 1.020 
1703416605.627 6.163 1.082 
1703416605.727 6.178 1.135 
1703416605.827 6.188 1.205 
1703416605.927 6.187 1.313 
1703416606.027 6.196 1.405 
1703416606.127 6.202 1.461 
1703416606.228 6.201 1.531 
1703416606.327 6.192 1.603 
1703416606.428 6.163 1.709 
1703416606.528 6.136 1.797 
1703416606.628 6.122 1.852 
1703416606.728 6.100 1.924 
1703416606.828 6.095 1.988 
1703416606.928 6.079 2.050 
1703416607.028 6.052 2.116 
1703416607.128 6.022 2.186 
1703416607.229 5.998 2.252 
1703416607.328 5.971 2.317 
1703416607.429 5.928 2.393 
1703416607.530 5.882 2.486 
1703416607.629 5.844 2.572 
1703416607.730 5.804 2.657 
1703416607.829 5.758 2.749 
1703416607.929 5.707 2.858 
1703416608.030 5.660 2.969 
1703416608.130 5.610 3.077 
1703416608.230 5.557 3.184 
1703416608.330 5.511 3.295 
1703416608.430 5.485 3.412 
1703416608.538 5.460 3.540 
1703416608.630 5.430 3.648 
1703416608.731 5.396 3.767 
1703416608.831 5.387 3.883 
1703416608.931 5.394 4.004 
1703416609.031 5.408 4.126 
1703416609.132 5.430 4.249 
1703416609.231 5.441 4.368 
1703416609.331 5.444 4.489 
1703416609.430 5.462 4.611 
1703416609.532 5.492 4.731 
1703416609.631 5.527 4.842 
1703416609.732 5.583 4.957 
1703416609.831 5.625 5.067 
1703416609.931 5.681 5.174 
1703416610.032 5.742 5.274 
1703416610.132 5.802 5.374 
1703416610.233 5.858 5.474 
1703416610.332 5.915 5.579 
1703416610.433 5.976 5.686 
1703416610.536 6.032 5.793 
1703416610.635 6.063 5.906 
1703416610.735 6.086 6.013 
1703416610.835 6.111 6.100 
1703416610.935 6.127 6.176 
1703416611.036 6.129 6.248 
1703416611.135 6.125 6.337 
1703416611.235 6.128 6.453 
1703416611.335 6.114 6.550 
1703416611.435 6.088 6.623 
1703416611.536 6.068 6.694 
1703416611.636 6.017 6.779 
1703416611.736 5.964 6.851 
1703416611.836 5.921 6.908 
1703416611.936 5.875 6.961 
1703416612.036 5.823 7.013 
1703416612.137 5.771 7.065 
1703416612.236 5.718 7.114 
1703416612.337 5.667 7.164 
1703416612.438 5.620 7.214 
1703416612.537 5.564 7.256 
1703416612.637 5.500 7.296 
1703416612.738 5.430 7.329 
1703416612.837 5.358 7.356 
1703416612.938 5.282 7.378 
1703416613.037 5.211 7.396 
1703416613.138 5.128 7.404 
1703416613.238 5.044 7.408 
1703416613.338 4.964 7.407 
1703416613.438 4.891 7.403 
1703416613.539 4.843 7.385 
1703416613.638 4.800 7.358 
1703416613.739 4.722 7.325 
1703416613.839 4.620 7.311 
1703416613.939 4.526 7.300 
1703416614.039 4.447 7.284 
1703416614.139 4.356 7.268 
1703416614.239 4.282 7.251 
1703416614.341 4.215 7.246 
1703416614.441 4.133 7.240 
1703416614.540 4.049 7.231 
1703416614.640 3.968 7.221 
1703416614.743 3.887 7.209 
1703416614.843 3.798 7.196 
1703416614.943 3.705 7.188 
1703416615.043 3.617 7.183 
1703416615.144 3.530 7.178 
1703416615.244 3.444 7.170 
1703416615.344 3.364 7.163 
1703416615.444 3.284 7.152 
1703416615.543 3.194 7.144 
1703416615.644 3.097 7.137 
1703416615.745 3.004 7.120 
1703416615.844 2.922 7.093 
1703416615.945 2.851 7.050 
1703416616.044 2.777 7.004 
1703416616.145 2.707 6.958 
1703416616.245 2.643 6.910 
1703416616.345 2.580 6.861 
1703416616.446 2.512 6.816 
1703416616.546 2.444 6.776 
1703416616.646 2.384 6.731 
1703416616.747 2.325 6.676 
1703416616.847 2.265 6.620 
1703416616.947 2.209 6.567 
1703416617.047 2.151 6.512 
1703416617.147 2.092 6.456 
1703416617.248 2.034 6.400 
1703416617.348 1.980 6.347 
1703416617.447 1.925 6.293 
1703416617.548 1.867 6.236 
1703416617.648 1.812 6.185 
1703416617.756 1.722 6.122 
1703416617.852 1.632 6.043 
1703416617.951 1.565 5.994 
1703416618.050 1.507 5.941 
1703416618.149 1.450 5.890 
1703416618.249 1.401 5.840 
1703416618.349 1.360 5.769 
1703416618.449 1.330 5.694 
1703416618.550 1.311 5.652 
1703416618.651 1.302 5.659 
1703416620.256 1.218 5.575 
1703416620.355 1.218 5.596 
1703416620.456 1.197 5.631 
1703416620.557 1.201 5.642 
1703416620.657 1.257 5.608 
1703416620.757 1.342 5.513 
1703416620.858 1.439 5.391 
1703416620.958 1.542 5.268 
1703416621.058 1.623 5.169 
1703416621.158 1.680 5.085 
1703416621.258 1.728 5.007 
1703416621.358 1.769 4.932 
1703416621.458 1.812 4.855 
1703416621.558 1.860 4.759 
1703416621.659 1.919 4.657 
1703416621.758 1.949 4.548 
1703416621.858 1.961 4.430 
1703416621.959 1.965 4.309 
1703416622.060 1.957 4.192 
1703416622.159 1.934 4.081 
1703416622.260 1.909 3.959 
1703416622.366 1.871 3.843 
1703416622.477 1.827 3.727 
1703416622.580 1.774 3.619 
1703416622.675 1.711 3.515 
1703416622.773 1.637 3.417 
1703416622.872 1.556 3.329 
1703416622.972 1.466 3.246 
1703416623.072 1.378 3.173 
1703416623.172 1.289 3.101 
1703416623.272 1.202 3.027 
1703416623.373 1.102 2.959 
1703416623.472 1.000 2.896 
1703416623.572 0.904 2.831 
1703416623.673 0.805 2.765 
1703416623.773 0.703 2.705 
1703416623.874 0.598 2.646 
1703416623.977 0.496 2.588 
1703416624.078 0.393 2.531 
1703416624.177 0.290 2.473 
1703416624.279 0.185 2.415 
1703416624.382 0.082 2.357 
1703416624.479 -0.021 2.298 
1703416624.580 -0.126 2.239 
1703416624.684 -0.229 2.179 
1703416624.786 -0.334 2.118 
1703416624.884 -0.435 2.061 
1703416624.985 -0.537 1.996 
1703416625.085 -0.636 1.933 
1703416625.187 -0.733 1.872 
1703416625.294 -0.835 1.806 
1703416625.389 -0.931 1.743 
1703416625.492 -1.029 1.675 
1703416625.594 -1.128 1.607 
1703416625.696 -1.228 1.539 
1703416625.795 -1.325 1.472 
1703416625.896 -1.424 1.404 
1703416625.996 -1.524 1.336 
1703416626.095 -1.625 1.270 
1703416626.195 -1.728 1.207 
1703416626.296 -1.831 1.144 
1703416626.395 -1.932 1.076 
1703416626.496 -2.034 1.011 
1703416626.596 -2.140 0.956 
1703416626.697 -2.248 0.907 
1703416626.797 -2.335 0.863 
1703416626.897 -2.397 0.826 
1703416626.997 -2.512 0.801 
1703416627.098 -2.599 0.771 
1703416627.198 -2.671 0.749 
1703416627.298 -2.737 0.727 
1703416627.399 -2.824 0.707 
1703416627.499 -2.893 0.686 
1703416627.599 -2.956 0.674 
1703416627.700 -3.046 0.655 
1703416630.411 -2.844 0.414 
1703416630.512 -2.867 0.445 
1703416630.613 -2.952 0.526 
1703416630.713 -2.998 0.596 
1703416630.813 -2.996 0.625 
1703416630.913 -2.940 0.605 
1703416631.013 -2.861 0.512 
1703416631.113 -2.769 0.399 
1703416631.213 -2.703 0.328 
1703416631.314 -2.627 0.250 
1703416631.413 -2.522 0.160 
1703416631.513 -2.423 0.072 
1703416631.614 -2.333 -0.007 
1703416631.714 -2.243 -0.089 
1703416631.813 -2.161 -0.172 
1703416631.914 -2.081 -0.254 
1703416632.014 -2.011 -0.333 
1703416632.117 -1.937 -0.421 
1703416632.216 -1.861 -0.505 
1703416632.316 -1.778 -0.593 
1703416632.415 -1.697 -0.683 
1703416632.517 -1.621 -0.773 
1703416632.616 -1.543 -0.864 
1703416632.717 -1.463 -0.955 
1703416632.816 -1.384 -1.050 
1703416632.921 -1.302 -1.146 
1703416633.018 -1.229 -1.232 
1703416633.118 -1.152 -1.326 
1703416633.219 -1.074 -1.420 
1703416633.318 -0.998 -1.513 
1703416633.418 -0.922 -1.601 
1703416633.519 -0.846 -1.691 
1703416633.618 -0.770 -1.780 
1703416633.718 -0.695 -1.871 
1703416633.820 -0.618 -1.965 
1703416633.921 -0.541 -2.058 
1703416634.020 -0.464 -2.149 
1703416634.122 -0.384 -2.241 
1703416634.221 -0.309 -2.331 
1703416634.320 -0.232 -2.417 
1703416634.421 -0.152 -2.507 
1703416634.522 -0.073 -2.597 
1703416634.621 0.005 -2.689 
1703416634.730 0.084 -2.776 
1703416634.829 0.165 -2.860 
1703416634.930 0.249 -2.945 
1703416635.031 0.337 -3.034 
1703416635.131 0.414 -3.119 
1703416635.231 0.500 -3.200 
1703416635.331 0.583 -3.281 
1703416635.431 0.670 -3.362 
1703416635.533 0.758 -3.441 
1703416635.633 0.846 -3.518 
1703416635.732 0.934 -3.594 
1703416635.833 1.027 -3.667 
1703416635.933 1.124 -3.742 
1703416636.033 1.215 -3.819 
1703416636.141 1.309 -3.892 
1703416636.237 1.404 -3.953 
1703416636.335 1.502 -4.014 
1703416636.435 1.609 -4.071 
1703416636.535 1.716 -4.121 
1703416636.635 1.827 -4.159 
1703416636.735 1.942 -4.192 
1703416636.835 2.058 -4.223 
1703416636.936 2.174 -4.253 
1703416637.035 2.289 -4.283 
1703416637.136 2.408 -4.308 
1703416637.237 2.527 -4.336 
1703416639.344 2.819 -4.339 
1703416639.345 2.819 -4.339 
1703416639.445 2.846 -4.423 
1703416639.546 2.903 -4.533 
1703416639.646 2.982 -4.625 
1703416639.746 3.066 -4.702 
1703416639.846 3.155 -4.776 
1703416639.946 3.251 -4.854 
1703416640.048 3.350 -4.935 
1703416640.148 3.433 -5.009 
1703416640.247 3.520 -5.075 
1703416640.347 3.635 -5.119 
1703416640.448 3.754 -5.153 
1703416640.548 3.874 -5.190 
1703416640.648 3.999 -5.236 
1703416640.748 4.115 -5.259 
1703416640.848 4.231 -5.272 
1703416640.949 4.349 -5.269 
1703416641.049 4.458 -5.235 
1703416641.149 4.521 -5.207 
1703416641.249 4.534 -5.208 
1703416641.349 4.503 -5.247 
1703416641.449 4.477 -5.255 
1703416641.549 4.463 -5.219 
1703416641.656 4.445 -5.191 
1703416641.752 4.432 -5.217 
1703416645.656 4.466 -4.816 
1703416645.757 4.440 -4.875 
1703416645.856 4.404 -5.000 
1703416645.957 4.347 -5.108 
1703416646.058 4.289 -5.206 
1703416646.157 4.225 -5.299 
1703416646.257 4.155 -5.397 
1703416646.357 4.108 -5.475 
1703416646.457 4.065 -5.534 
1703416646.558 4.012 -5.588 
1703416646.659 3.955 -5.643 
1703416646.758 3.891 -5.697 
1703416646.858 3.826 -5.755 
1703416646.958 3.765 -5.818 
1703416647.059 3.698 -5.876 
1703416647.158 3.623 -5.929 
1703416647.258 3.540 -5.980 
1703416647.359 3.455 -6.030 
1703416647.462 3.366 -6.080 
1703416647.562 3.286 -6.120 
1703416647.660 3.198 -6.163 
1703416647.760 3.099 -6.215 
1703416647.860 3.002 -6.261 
1703416647.960 2.906 -6.305 
1703416648.060 2.807 -6.353 
1703416648.161 2.707 -6.401 
1703416648.261 2.603 -6.450 
1703416648.360 2.502 -6.503 
1703416648.460 2.399 -6.559 
1703416648.562 2.295 -6.610 
1703416648.662 2.196 -6.662 
1703416648.766 2.100 -6.714 
1703416648.865 2.010 -6.758 
1703416648.965 1.921 -6.801 
1703416649.064 1.834 -6.838 
1703416649.164 1.753 -6.881 
1703416649.265 1.667 -6.923 
1703416649.364 1.583 -6.967 
1703416649.464 1.502 -7.010 
1703416649.565 1.421 -7.050 
1703416649.669 1.339 -7.095 
1703416649.768 1.265 -7.140 
1703416649.866 1.186 -7.184 
1703416649.968 1.112 -7.223 
1703416650.067 1.042 -7.252 
1703416650.167 0.971 -7.272 
1703416650.268 0.902 -7.290 
1703416650.367 0.832 -7.307 
1703416650.468 0.766 -7.322 
1703416650.568 0.700 -7.328 
1703416650.669 0.638 -7.334 
1703416650.768 0.579 -7.344 
1703416650.869 0.522 -7.356 
1703416650.969 0.457 -7.361 
1703416651.069 0.368 -7.357 
1703416651.170 0.284 -7.352 
1703416651.270 0.198 -7.352 
1703416651.370 0.129 -7.351 
1703416651.470 0.066 -7.352 
1703416651.572 -0.040 -7.391 
1703416651.673 -0.159 -7.436 
1703416651.773 -0.260 -7.459 
1703416651.873 -0.365 -7.471 
1703416651.977 -0.500 -7.519 
1703416652.075 -0.634 -7.570 
1703416652.174 -0.743 -7.619 
1703416652.274 -0.830 -7.666 
1703416652.374 -0.911 -7.721 
1703416652.474 -0.992 -7.802 
1703416652.575 -1.079 -7.900 
1703416652.675 -1.156 -7.983 
1703416652.774 -1.222 -8.055 
1703416652.874 -1.288 -8.123 
1703416652.975 -1.355 -8.187 
1703416653.075 -1.419 -8.249 
1703416653.175 -1.452 -8.305 
1703416653.276 -1.486 -8.343 
1703416653.375 -1.527 -8.375 
1703416653.476 -1.572 -8.411 
1703416653.575 -1.642 -8.444 
1703416653.678 -1.724 -8.470 
1703416653.776 -1.795 -8.493 
1703416653.876 -1.852 -8.519 
1703416653.975 -1.918 -8.544 
1703416654.076 -1.994 -8.573 
1703416654.180 -2.077 -8.602 
1703416654.280 -2.174 -8.620 
1703416654.380 -2.260 -8.640 
1703416654.480 -2.336 -8.659 
1703416654.579 -2.412 -8.679 
1703416654.679 -2.489 -8.704 
1703416654.780 -2.582 -8.724 
1703416654.880 -2.675 -8.740 
1703416654.980 -2.753 -8.745 
1703416655.080 -2.831 -8.750 
1703416655.180 -2.926 -8.755 
1703416655.280 -3.025 -8.757 
1703416655.381 -3.106 -8.768 
1703416655.480 -3.151 -8.787 
1703416655.582 -3.202 -8.801 
1703416655.683 -3.273 -8.792 
1703416655.783 -3.366 -8.777 
1703416655.883 -3.474 -8.766 
1703416655.982 -3.560 -8.755 
1703416656.083 -3.648 -8.757 
1703416656.184 -3.736 -8.743 
1703416656.283 -3.829 -8.714 
1703416656.383 -3.925 -8.691 
1703416656.483 -4.008 -8.675 
1703416656.584 -4.085 -8.657 
1703416656.684 -4.134 -8.634 
1703416656.784 -4.185 -8.606 
1703416656.884 -4.255 -8.567 
1703416656.985 -4.325 -8.537 
1703416657.085 -4.386 -8.532 
1703416657.187 -4.439 -8.503 
1703416657.287 -4.485 -8.461 
1703416657.385 -4.534 -8.418 
1703416657.486 -4.569 -8.374 
1703416657.586 -4.582 -8.317 
1703416657.686 -4.583 -8.269 
1703416657.785 -4.576 -8.233 
1703416657.886 -4.555 -8.162 
1703416657.986 -4.542 -8.091 
1703416658.087 -4.562 -8.028 
1703416658.187 -4.565 -7.949 
1703416658.287 -4.515 -7.856 
1703416658.387 -4.443 -7.758 
1703416658.487 -4.354 -7.686 
1703416658.590 -4.278 -7.642 
1703416658.690 -4.221 -7.614 
1703416658.793 -4.138 -7.580 
1703416658.890 -4.054 -7.538 
1703416658.993 -3.957 -7.480 
1703416659.092 -3.857 -7.419 
1703416659.192 -3.765 -7.371 
1703416659.292 -3.673 -7.323 
1703416659.393 -3.575 -7.268 
1703416659.493 -3.473 -7.213 
1703416659.593 -3.367 -7.159 
1703416659.692 -3.260 -7.103 
1703416659.793 -3.155 -7.043 
1703416659.893 -3.046 -6.979 
1703416659.994 -2.941 -6.928 
1703416660.094 -2.833 -6.871 
1703416660.193 -2.727 -6.814 
1703416660.294 -2.617 -6.762 
1703416660.400 -2.514 -6.707 
1703416660.516 -2.408 -6.650 
1703416660.602 -2.303 -6.595 
1703416660.697 -2.197 -6.532 
1703416660.795 -2.093 -6.474 
1703416660.895 -1.990 -6.413 
1703416660.994 -1.886 -6.353 
1703416661.094 -1.786 -6.281 
1703416661.194 -1.688 -6.207 
1703416661.294 -1.593 -6.142 
1703416661.395 -1.498 -6.072 
1703416661.495 -1.403 -6.000 
1703416661.595 -1.316 -5.912 
1703416661.695 -1.229 -5.828 
1703416661.795 -1.138 -5.753 
1703416661.896 -1.064 -5.670 
1703416661.996 -1.005 -5.575 
1703416662.095 -0.955 -5.474 
1703416662.196 -0.901 -5.370 
1703416662.295 -0.838 -5.275 
1703416662.396 -0.783 -5.178 
1703416662.496 -0.743 -5.086 
1703416662.596 -0.714 -4.996 
1703416662.696 -0.703 -4.893 
1703416662.796 -0.708 -4.781 
1703416662.898 -0.699 -4.686 
1703416662.997 -0.694 -4.588 
1703416663.098 -0.697 -4.476 
1703416663.197 -0.708 -4.373 
1703416663.298 -0.723 -4.278 
1703416663.398 -0.756 -4.180 
1703416663.498 -0.797 -4.073 
1703416663.599 -0.837 -3.974 
1703416663.698 -0.889 -3.887 
1703416663.799 -0.955 -3.800 
1703416663.900 -1.034 -3.713 
1703416664.000 -1.108 -3.630 
1703416664.102 -1.183 -3.549 
1703416664.203 -1.262 -3.468 
1703416664.302 -1.339 -3.389 
1703416664.402 -1.418 -3.308 
1703416664.502 -1.495 -3.229 
1703416664.603 -1.579 -3.146 
1703416664.703 -1.660 -3.061 
1703416664.804 -1.739 -2.976 
1703416664.903 -1.816 -2.895 
1703416665.003 -1.889 -2.818 
1703416665.104 -1.960 -2.741 
1703416665.203 -2.030 -2.640 
1703416665.303 -2.093 -2.548 
1703416665.404 -2.154 -2.465 
1703416665.504 -2.211 -2.396 
1703416665.604 -2.272 -2.318 
1703416665.704 -2.339 -2.237 
1703416665.805 -2.396 -2.159 
1703416665.904 -2.441 -2.067 
1703416666.006 -2.477 -1.975 
1703416666.106 -2.495 -1.889 
1703416666.205 -2.509 -1.810 
1703416666.306 -2.521 -1.733 
1703416666.407 -2.515 -1.611 
1703416666.506 -2.502 -1.488 
1703416666.608 -2.494 -1.394 
1703416666.707 -2.491 -1.306 
1703416666.807 -2.485 -1.206 
1703416666.911 -2.479 -1.103 
1703416667.012 -2.473 -1.004 
1703416667.110 -2.468 -0.902 
1703416667.209 -2.465 -0.806 
1703416667.311 -2.461 -0.708 
1703416667.408 -2.451 -0.600 
1703416667.508 -2.441 -0.497 
1703416667.608 -2.439 -0.402 
1703416667.709 -2.443 -0.304 
1703416667.809 -2.453 -0.204 
1703416667.908 -2.480 -0.106 
1703416668.008 -2.505 -0.014 
1703416668.110 -2.532 0.079 
1703416668.208 -2.566 0.186 
1703416668.310 -2.603 0.284 
1703416668.409 -2.655 0.373 
1703416668.514 -2.726 0.456 
1703416668.613 -2.800 0.538 
1703416668.714 -2.874 0.626 
1703416668.815 -2.950 0.702 
1703416668.916 -3.038 0.770 
1703416669.015 -3.136 0.837 
1703416669.115 -3.230 0.908 
1703416669.215 -3.323 0.974 
1703416669.315 -3.420 1.037 
1703416669.415 -3.526 1.091 
1703416669.516 -3.633 1.149 
1703416669.616 -3.736 1.207 
1703416669.716 -3.837 1.265 
1703416669.817 -3.942 1.322 
1703416669.916 -4.044 1.379 
1703416670.018 -4.146 1.446 
1703416670.118 -4.243 1.505 
1703416670.217 -4.338 1.561 
1703416670.316 -4.429 1.618 
1703416670.417 -4.517 1.680 
1703416670.517 -4.596 1.734 
1703416670.617 -4.671 1.786 
1703416670.717 -4.746 1.837 
1703416670.818 -4.814 1.886 
1703416670.922 -4.870 1.932 
1703416671.021 -4.921 2.032 
1703416671.120 -4.964 2.116 
1703416671.224 -4.999 2.174 
1703416671.324 -5.034 2.208 
1703416671.423 -5.041 2.264 
1703416672.629 -4.980 2.243 
1703416672.729 -4.898 2.260 
1703416672.828 -4.789 2.275 
1703416672.929 -4.725 2.306 
1703416673.029 -4.694 2.315 
1703416673.129 -4.631 2.318 
1703416673.230 -4.534 2.333 
1703416673.329 -4.442 2.355 
1703416673.430 -4.354 2.379 
1703416673.530 -4.258 2.389 
1703416673.631 -4.163 2.395 
1703416673.732 -4.069 2.400 
1703416673.831 -3.981 2.405 
1703416673.931 -3.887 2.410 
1703416674.035 -3.782 2.411 
1703416674.134 -3.700 2.415 
1703416674.234 -3.644 2.414 
1703416674.333 -3.579 2.406 
1703416674.434 -3.506 2.395 
1703416674.539 -3.421 2.387 
1703416674.639 -3.335 2.386 
1703416674.740 -3.247 2.388 
1703416674.840 -3.158 2.388 
1703416674.940 -3.066 2.388 
1703416675.040 -2.976 2.391 
1703416675.140 -2.884 2.393 
1703416675.240 -2.790 2.393 
1703416675.341 -2.695 2.393 
1703416675.441 -2.600 2.393 
1703416675.541 -2.506 2.394 
1703416675.641 -2.418 2.394 
1703416675.741 -2.328 2.393 
1703416675.842 -2.233 2.392 
1703416675.942 -2.143 2.392 
1703416676.042 -2.057 2.390 
1703416676.142 -1.971 2.390 
1703416676.242 -1.887 2.391 
1703416676.342 -1.807 2.393 
1703416676.446 -1.723 2.394 
1703416676.542 -1.649 2.394 
1703416676.643 -1.568 2.395 
1703416676.746 -1.468 2.403 
1703416676.842 -1.349 2.409 
1703416676.943 -1.241 2.403 
1703416677.044 -1.155 2.401 
1703416677.143 -1.091 2.418 
1703416677.244 -1.021 2.453 
1703416677.343 -0.946 2.488 
1703416677.443 -0.858 2.527 
1703416677.544 -0.769 2.575 
1703416677.643 -0.681 2.622 
1703416677.744 -0.622 2.651 
1703416677.843 -0.588 2.675 
1703416677.944 -0.592 2.711 
1703416678.044 -0.541 2.725 
1703416678.146 -0.433 2.713 
1703416678.245 -0.361 2.701 
1703416678.344 -0.301 2.676 
1703416678.444 -0.218 2.664 
1703416678.546 -0.131 2.675 
1703416678.647 -0.053 2.699 
1703416678.747 0.039 2.708 
1703416678.847 0.115 2.692 
1703416678.947 0.205 2.694 
1703416679.047 0.309 2.694 
1703416679.148 0.404 2.700 
1703416679.248 0.500 2.703 
1703416679.348 0.603 2.706 
1703416679.448 0.704 2.709 
1703416679.549 0.809 2.715 
1703416679.648 0.913 2.720 
1703416679.749 1.020 2.727 
1703416679.849 1.126 2.731 
1703416679.948 1.235 2.735 
1703416680.049 1.343 2.740 
1703416680.150 1.451 2.744 
1703416680.249 1.555 2.745 
1703416680.349 1.665 2.743 
1703416680.449 1.777 2.742 
1703416680.549 1.888 2.744 
1703416680.650 2.002 2.740 
1703416680.750 2.111 2.728 
1703416680.850 2.222 2.711 
1703416680.950 2.334 2.700 
1703416681.051 2.451 2.691 
1703416681.152 2.557 2.670 
1703416681.251 2.668 2.641 
1703416681.351 2.785 2.610 
1703416681.451 2.899 2.588 
1703416681.552 3.012 2.561 
1703416681.651 3.122 2.523 
1703416681.751 3.232 2.479 
1703416681.851 3.344 2.437 
1703416681.951 3.455 2.396 
1703416682.052 3.569 2.354 
1703416682.153 3.673 2.313 
1703416682.253 3.777 2.265 
1703416682.352 3.878 2.212 
1703416682.453 3.978 2.152 
1703416682.553 4.088 2.095 
1703416682.653 4.183 2.050 
1703416682.754 4.272 1.988 
1703416682.854 4.354 1.913 
1703416682.954 4.444 1.840 
1703416683.054 4.531 1.771 
1703416683.154 4.611 1.705 
1703416683.254 4.683 1.631 
1703416683.354 4.751 1.549 
1703416683.453 4.819 1.467 
1703416683.554 4.884 1.382 
1703416683.655 4.946 1.296 
1703416683.754 5.006 1.210 
1703416683.855 5.064 1.118 
1703416683.955 5.116 1.025 
1703416684.055 5.162 0.928 
1703416684.155 5.212 0.832 
1703416684.255 5.261 0.740 
1703416684.355 5.309 0.645 
1703416684.456 5.356 0.549 
1703416684.555 5.402 0.452 
1703416684.656 5.446 0.357 
1703416684.756 5.492 0.261 
1703416684.856 5.540 0.165 
1703416684.956 5.591 0.070 
1703416685.056 5.640 -0.027 
1703416685.158 5.686 -0.119 
1703416685.258 5.737 -0.208 
1703416685.357 5.786 -0.298 
1703416685.457 5.840 -0.388 
1703416685.557 5.891 -0.477 
1703416685.657 5.929 -0.552 
1703416685.759 5.979 -0.630 
1703416685.859 6.033 -0.706 
1703416685.958 6.089 -0.782 
1703416686.059 6.142 -0.860 
1703416686.158 6.183 -0.936 
1703416686.258 6.218 -0.997 
1703416686.358 6.251 -1.055 
1703416686.458 6.318 -1.130 
1703416686.559 6.400 -1.219 
1703416686.659 6.473 -1.300 
1703416686.759 6.527 -1.351 
1703416686.859 6.569 -1.407 
1703416686.960 6.619 -1.474 
1703416687.059 6.660 -1.519 
1703416687.160 6.689 -1.549 
1703416692.470 6.323 -2.247 
1703416692.570 6.274 -2.154 
1703416692.670 6.222 -2.036 
1703416692.770 6.150 -1.928 
1703416692.871 6.092 -1.820 
1703416692.971 6.050 -1.711 
1703416693.071 5.998 -1.598 
1703416693.171 5.942 -1.491 
1703416693.275 5.912 -1.377 
1703416693.374 5.888 -1.258 
1703416693.475 5.882 -1.138 
1703416693.575 5.882 -1.012 
1703416693.674 5.875 -0.897 
1703416693.775 5.869 -0.774 
1703416693.875 5.881 -0.656 
1703416693.976 5.903 -0.541 
1703416694.075 5.929 -0.430 
1703416694.176 5.981 -0.321 
1703416694.276 6.035 -0.218 
1703416694.376 6.080 -0.117 
1703416694.476 6.123 -0.021 
1703416694.576 6.176 0.095 
1703416694.676 6.224 0.209 
1703416694.777 6.282 0.306 
1703416694.876 6.357 0.395 
1703416694.977 6.450 0.481 
1703416695.076 6.542 0.553 
1703416695.176 6.632 0.622 
1703416695.277 6.729 0.700 
1703416695.377 6.832 0.765 
1703416695.478 6.928 0.810 
1703416695.577 7.018 0.846 
1703416695.677 7.113 0.885 
1703416695.778 7.202 0.926 
1703416695.877 7.277 0.966 
1703416695.977 7.360 1.002 
1703416696.078 7.450 1.035 
1703416696.178 7.549 1.059 
1703416696.278 7.646 1.082 
1703416696.378 7.742 1.105 
1703416699.785 7.783 1.128 
1703416699.786 7.783 1.128 
1703416699.887 7.780 1.020 
1703416699.986 7.766 0.894 
1703416700.085 7.750 0.759 
1703416700.187 7.748 0.632 
1703416700.287 7.751 0.511 
1703416700.386 7.752 0.387 
1703416700.486 7.750 0.263 
1703416700.587 7.748 0.145 
1703416700.686 7.758 0.021 
1703416700.789 7.764 -0.103 
1703416700.887 7.759 -0.222 
1703416700.987 7.760 -0.337 
1703416701.087 7.777 -0.457 
1703416701.187 7.804 -0.576 
1703416701.287 7.833 -0.688 
1703416701.390 7.861 -0.803 
1703416701.491 7.912 -0.922 
1703416701.590 7.951 -1.013 
1703416705.008 7.658 -1.145 
1703416705.109 7.658 -1.110 
1703416705.208 7.639 -1.025 
1703416705.307 7.616 -0.918 
1703416705.408 7.650 -0.867 
1703416705.508 7.656 -0.828 
1703416705.608 7.631 -0.798 
1703416705.708 7.579 -0.717 
1703416705.808 7.515 -0.582 
1703416705.908 7.462 -0.475 
1703416706.009 7.437 -0.402 
1703416706.108 7.416 -0.337 
1703416706.208 7.366 -0.268 
1703416706.309 7.306 -0.200 
1703416706.409 7.243 -0.125 
1703416706.510 7.178 -0.048 
1703416706.610 7.109 0.034 
1703416706.710 7.043 0.132 
1703416706.810 6.968 0.233 
1703416706.910 6.894 0.329 
1703416707.014 6.817 0.425 
1703416707.114 6.750 0.516 
1703416707.214 6.686 0.610 
1703416707.314 6.619 0.700 
1703416707.415 6.553 0.792 
1703416707.515 6.492 0.878 
1703416707.615 6.434 0.970 
1703416707.715 6.375 1.063 
1703416707.815 6.329 1.147 
1703416707.915 6.281 1.221 
1703416708.016 6.224 1.303 
1703416708.118 6.171 1.380 
1703416708.218 6.125 1.454 
1703416708.319 6.081 1.526 
1703416708.419 6.034 1.594 
1703416708.519 5.971 1.667 
1703416708.619 5.913 1.738 
1703416708.719 5.864 1.818 
1703416708.819 5.835 1.907 
1703416708.920 5.807 1.998 
1703416709.022 5.779 2.087 
1703416709.120 5.754 2.173 
1703416709.221 5.729 2.255 
1703416709.321 5.698 2.339 
1703416709.420 5.670 2.423 
1703416709.520 5.642 2.506 
1703416709.621 5.612 2.588 
1703416709.721 5.586 2.667 
1703416709.821 5.558 2.744 
1703416709.921 5.524 2.827 
1703416710.024 5.499 2.905 
1703416710.124 5.470 2.981 
1703416710.225 5.439 3.056 
1703416710.325 5.409 3.130 
1703416710.424 5.377 3.210 
1703416710.525 5.343 3.291 
1703416710.624 5.312 3.372 
1703416710.726 5.282 3.456 
1703416710.825 5.246 3.553 
1703416710.925 5.205 3.650 
1703416711.025 5.171 3.750 
1703416711.125 5.152 3.856 
1703416711.225 5.145 3.976 
1703416711.326 5.142 4.099 
1703416711.429 5.144 4.222 
1703416711.528 5.143 4.341 
1703416711.628 5.145 4.463 
1703416711.728 5.155 4.587 
1703416711.830 5.173 4.706 
1703416711.930 5.209 4.829 
1703416712.029 5.270 4.948 
1703416712.129 5.296 5.045 
1703416712.229 5.347 5.147 
1703416712.329 5.415 5.247 
1703416712.430 5.493 5.341 
1703416712.529 5.574 5.422 
1703416712.629 5.673 5.485 
1703416712.730 5.764 5.543 
1703416712.829 5.853 5.596 
1703416712.930 5.948 5.645 
1703416713.030 6.050 5.688 
1703416713.130 6.141 5.735 
1703416713.230 6.233 5.775 
1703416713.340 6.323 5.807 
1703416713.437 6.420 5.831 
1703416713.535 6.520 5.849 
1703416713.634 6.607 5.861 
1703416713.734 6.693 5.873 
1703416713.834 6.799 5.893 
1703416713.934 6.887 5.906 
1703416714.034 6.963 5.914 
1703416714.142 7.047 5.927 
1703416714.234 7.116 5.937 
1703416714.335 7.201 5.956 
1703416714.434 7.277 5.968 
1703416714.534 7.337 5.957 
1703416714.635 7.392 5.935 
1703416714.734 7.451 5.948 
1703416714.835 7.547 5.995 
1703416714.937 7.660 6.034 
1703416715.036 7.729 6.047 
1703416715.137 7.793 6.077 
1703416715.237 7.867 6.108 
1703416715.339 7.931 6.139 
1703416715.440 7.991 6.170 
1703416715.539 8.052 6.198 
1703416715.640 8.115 6.226 
1703416715.740 8.174 6.253 
1703416715.840 8.243 6.284 
1703416715.939 8.308 6.323 
1703416716.039 8.384 6.357 
1703416716.140 8.467 6.416 
1703416716.240 8.554 6.468 
1703416716.341 8.637 6.573 
1703416716.441 8.706 6.664 
1703416716.541 8.726 6.750 
1703416716.642 8.728 6.846 
1703416716.742 8.732 6.930 
1703416716.841 8.726 7.029 
1703416716.942 8.724 7.135 
1703416717.042 8.721 7.241 
1703416717.142 8.715 7.350 
1703416717.242 8.709 7.456 
1703416717.342 8.701 7.559 
1703416717.442 8.695 7.659 
1703416717.542 8.691 7.749 
1703416717.642 8.687 7.837 
1703416717.743 8.682 7.921 
1703416717.843 8.677 7.997 
1703416717.942 8.666 8.106 
1703416718.042 8.653 8.197 
1703416718.142 8.643 8.270 
1703416718.245 8.640 8.331 
1703416718.344 8.643 8.403 
1703416718.444 8.638 8.469 
1703416718.544 8.645 8.531 
1703416718.645 8.619 8.637 
1703416718.744 8.599 8.749 
1703416719.647 8.688 8.986 
1703416719.748 8.680 9.003 
1703416719.848 8.634 9.011 
1703416719.949 8.518 8.970 
1703416720.048 8.413 8.948 
1703416720.148 8.319 8.940 
1703416720.250 8.227 8.949 
1703416720.349 8.112 8.959 
1703416720.449 7.983 8.961 
1703416720.549 7.860 8.964 
1703416720.648 7.746 8.965 
1703416720.749 7.625 8.960 
1703416720.850 7.503 8.950 
1703416720.949 7.385 8.942 
1703416721.049 7.264 8.935 
1703416721.149 7.172 8.929 
1703416721.250 7.080 8.925 
1703416721.350 6.991 8.920 
1703416721.450 6.902 8.914 
1703416721.550 6.812 8.908 
1703416721.650 6.723 8.897 
1703416721.751 6.635 8.884 
1703416721.852 6.550 8.878 
1703416721.951 6.462 8.875 
1703416722.051 6.376 8.871 
1703416722.151 6.289 8.869 
1703416722.251 6.201 8.867 
1703416722.351 6.111 8.868 
1703416722.452 6.033 8.868 
1703416722.552 5.953 8.865 
1703416722.653 5.873 8.862 
1703416722.752 5.792 8.860 
1703416722.852 5.711 8.859 
1703416722.953 5.633 8.856 
1703416723.052 5.555 8.854 
1703416723.153 5.471 8.850 
1703416723.254 5.389 8.850 
1703416723.355 5.316 8.848 
1703416723.457 5.242 8.847 
1703416723.558 5.163 8.845 
1703416723.658 5.085 8.845 
1703416723.758 5.005 8.843 
1703416723.859 4.923 8.841 
1703416723.958 4.840 8.837 
1703416724.059 4.763 8.835 
1703416724.159 4.682 8.834 
1703416724.259 4.598 8.829 
1703416724.358 4.515 8.826 
1703416724.460 4.428 8.821 
1703416724.559 4.344 8.816 
1703416724.660 4.259 8.812 
1703416724.760 4.181 8.808 
1703416724.861 4.100 8.805 
1703416724.960 4.011 8.804 
1703416725.060 3.924 8.801 
1703416725.160 3.836 8.796 
1703416725.261 3.748 8.792 
1703416725.361 3.667 8.789 
1703416725.460 3.579 8.784 
1703416725.561 3.484 8.788 
1703416725.662 3.399 8.790 
1703416725.761 3.316 8.796 
1703416725.861 3.235 8.800 
1703416725.961 3.142 8.803 
1703416726.062 3.049 8.806 
1703416726.165 2.953 8.803 
1703416726.262 2.866 8.803 
1703416726.362 2.774 8.804 
1703416726.463 2.681 8.805 
1703416726.562 2.586 8.806 
1703416726.662 2.495 8.806 
1703416726.763 2.404 8.804 
1703416726.863 2.316 8.802 
1703416726.964 2.234 8.801 
1703416727.063 2.158 8.802 
1703416727.164 2.078 8.795 
1703416727.264 1.990 8.782 
1703416727.364 1.897 8.765 
1703416727.464 1.796 8.751 
1703416727.564 1.688 8.741 
1703416727.664 1.587 8.712 
1703416727.765 1.507 8.687 
1703416727.864 1.437 8.673 
1703416727.964 1.351 8.658 
1703416728.065 1.255 8.634 
1703416728.164 1.179 8.612 
1703416728.265 1.108 8.594 
1703416728.365 1.026 8.586 
1703416728.465 0.952 8.585 
1703416728.565 0.867 8.594 
1703416728.666 0.795 8.594 
1703416728.766 0.733 8.599 
1703416728.867 0.661 8.611 
1703416730.270 0.680 8.618 
1703416730.370 0.681 8.617 
1703416732.274 1.019 8.624 
1703416732.375 0.975 8.649 
1703416732.475 0.892 8.671 
1703416732.574 0.892 8.677 
1703416732.675 0.946 8.631 
1703416732.775 1.028 8.524 
1703416732.875 1.120 8.418 
1703416732.976 1.213 8.324 
1703416733.076 1.297 8.225 
1703416733.176 1.354 8.141 
1703416733.277 1.421 8.064 
1703416733.379 1.500 7.972 
1703416733.478 1.573 7.889 
1703416733.577 1.645 7.802 
1703416733.677 1.722 7.713 
1703416733.777 1.800 7.623 
1703416733.878 1.878 7.530 
1703416733.977 1.953 7.436 
1703416734.078 2.027 7.343 
1703416734.179 2.103 7.247 
1703416734.280 2.176 7.156 
1703416734.382 2.252 7.067 
1703416734.481 2.330 6.977 
1703416734.581 2.408 6.884 
1703416734.681 2.487 6.786 
1703416734.781 2.566 6.696 
1703416734.882 2.647 6.607 
1703416734.984 2.726 6.519 
1703416735.085 2.805 6.432 
1703416735.183 2.885 6.343 
1703416735.282 2.963 6.255 
1703416735.383 3.042 6.168 
1703416735.482 3.121 6.082 
1703416735.582 3.203 5.995 
1703416735.683 3.286 5.907 
1703416735.782 3.366 5.819 
1703416735.883 3.450 5.735 
1703416735.983 3.538 5.647 
1703416736.083 3.624 5.566 
1703416736.186 3.709 5.475 
1703416736.283 3.786 5.389 
1703416736.383 3.863 5.298 
1703416736.483 3.943 5.207 
1703416736.584 4.025 5.120 
1703416736.684 4.102 5.028 
1703416736.784 4.168 4.941 
1703416736.884 4.231 4.853 
1703416736.984 4.299 4.765 
1703416737.084 4.363 4.689 
1703416737.185 4.423 4.621 
1703416737.284 4.474 4.560 
1703416737.384 4.521 4.499 
1703416737.485 4.566 4.438 
1703416737.586 4.605 4.361 
1703416737.685 4.630 4.272 
1703416737.786 4.658 4.182 
1703416737.886 4.678 4.068 
1703416737.987 4.693 3.942 
1703416738.085 4.693 3.814 
1703416738.186 4.677 3.692 
1703416738.286 4.663 3.583 
1703416738.385 4.618 3.484 
1703416738.486 4.542 3.396 
1703416738.586 4.468 3.320 
1703416738.687 4.407 3.263 
1703416738.788 4.345 3.211 
1703416738.887 4.270 3.151 
1703416738.987 4.180 3.089 
1703416739.088 4.090 3.026 
1703416739.188 4.010 2.967 
1703416739.290 3.932 2.903 
1703416739.389 3.846 2.834 
1703416739.489 3.762 2.775 
1703416739.589 3.671 2.723 
1703416739.689 3.581 2.673 
1703416739.788 3.491 2.615 
1703416739.890 3.399 2.554 
1703416739.990 3.306 2.501 
1703416740.090 3.212 2.457 
1703416740.189 3.118 2.414 
1703416740.290 3.019 2.367 
1703416740.389 2.924 2.324 
1703416740.490 2.830 2.279 
1703416740.590 2.739 2.232 
1703416740.690 2.646 2.180 
1703416740.790 2.558 2.122 
1703416740.891 2.468 2.072 
1703416740.991 2.380 2.009 
1703416741.093 2.282 1.928 
1703416741.191 2.199 1.894 
1703416741.291 2.121 1.847 
1703416741.391 2.051 1.760 
1703416741.491 1.982 1.647 
1703416741.591 1.917 1.539 
1703416741.693 1.859 1.439 
1703416741.792 1.807 1.345 
1703416741.893 1.759 1.252 
1703416741.993 1.720 1.165 
1703416742.092 1.701 1.064 
1703416742.192 1.691 0.947 
1703416742.301 1.677 0.841 
1703416742.396 1.661 0.744 
1703416742.494 1.646 0.655 
1703416742.593 1.626 0.583 
1703416742.694 1.618 0.510 
1703416742.793 1.615 0.426 
1703416742.905 1.610 0.334 
1703416742.998 1.607 0.254 
1703416743.095 1.607 0.175 
1703416743.195 1.603 0.088 
1703416743.294 1.599 0.003 
1703416743.395 1.598 -0.085 
1703416743.494 1.598 -0.172 
1703416743.594 1.599 -0.259 
1703416743.694 1.603 -0.346 
1703416743.794 1.603 -0.431 
1703416743.895 1.598 -0.510 
1703416743.995 1.600 -0.589 
1703416744.095 1.606 -0.665 
1703416744.196 1.614 -0.739 
1703416744.295 1.618 -0.843 
1703416744.396 1.626 -0.957 
1703416744.495 1.631 -1.047 
1703416744.596 1.641 -1.141 
1703416744.696 1.649 -1.244 
1703416744.796 1.653 -1.351 
1703416744.897 1.661 -1.471 
1703416744.999 1.666 -1.584 
1703416745.099 1.671 -1.688 
1703416745.198 1.676 -1.787 
1703416745.297 1.680 -1.871 
1703416745.397 1.682 -1.930 
1703416745.498 1.676 -1.970 
1703416745.598 1.652 -1.983 
1703416745.698 1.618 -2.021 
1703416745.798 1.587 -2.120 
1703416745.899 1.568 -2.263 
1703416745.998 1.537 -2.368 
1703416746.098 1.526 -2.441 
1703416746.198 1.517 -2.527 
1703416746.298 1.508 -2.627 
1703416746.399 1.500 -2.724 
1703416746.499 1.497 -2.822 
1703416746.599 1.485 -2.909 
1703416746.701 1.470 -3.004 
1703416746.800 1.462 -3.101 
1703416746.901 1.462 -3.196 
1703416747.003 1.468 -3.300 
1703416747.102 1.476 -3.405 
1703416747.202 1.475 -3.505 
1703416747.302 1.473 -3.615 
1703416747.402 1.478 -3.716 
1703416747.502 1.489 -3.818 
1703416747.603 1.509 -3.923 
1703416747.702 1.554 -4.040 
1703416747.804 1.561 -4.143 
1703416747.903 1.576 -4.236 
1703416748.004 1.610 -4.319 
1703416748.103 1.672 -4.408 
1703416748.207 1.757 -4.488 
1703416748.306 1.845 -4.562 
1703416748.407 1.929 -4.630 
1703416748.507 2.014 -4.696 
1703416748.607 2.103 -4.757 
1703416748.709 2.201 -4.804 
1703416748.809 2.309 -4.849 
1703416748.910 2.419 -4.899 
1703416749.011 2.530 -4.945 
1703416749.111 2.640 -4.979 
1703416749.212 2.743 -5.010 
1703416749.312 2.842 -5.041 
1703416749.412 2.947 -5.062 
1703416749.512 3.062 -5.083 
1703416749.613 3.171 -5.100 
1703416749.713 3.269 -5.115 
1703416749.813 3.370 -5.130 
1703416749.913 3.473 -5.143 
1703416750.013 3.576 -5.154 
1703416750.113 3.670 -5.168 
1703416750.213 3.767 -5.182 
1703416750.313 3.866 -5.192 
1703416750.414 3.965 -5.201 
1703416750.515 4.067 -5.210 
1703416750.613 4.169 -5.223 
1703416750.716 4.271 -5.231 
1703416750.814 4.374 -5.228 
1703416750.914 4.481 -5.221 
1703416751.014 4.586 -5.219 
1703416751.114 4.688 -5.219 
1703416751.214 4.791 -5.218 
1703416751.314 4.897 -5.218 
1703416751.416 4.994 -5.216 
1703416751.516 5.091 -5.215 
1703416751.617 5.186 -5.215 
1703416751.716 5.279 -5.212 
1703416751.816 5.372 -5.211 
1703416751.917 5.461 -5.214 
1703416752.020 5.545 -5.213 
1703416752.118 5.619 -5.206 
1703416752.217 5.698 -5.200 
1703416752.317 5.782 -5.193 
1703416752.418 5.857 -5.182 
1703416752.518 5.917 -5.178 
1703416752.618 5.975 -5.165 
1703416756.829 5.888 -4.814 
1703416756.830 5.889 -4.814 
1703416756.930 5.907 -4.900 
1703416757.030 5.919 -4.998 
1703416757.130 5.941 -5.075 
1703416757.230 6.002 -5.168 
1703416757.331 6.090 -5.249 
1703416757.431 6.166 -5.343 
1703416757.530 6.235 -5.434 
1703416757.633 6.318 -5.522 
1703416757.732 6.395 -5.611 
1703416757.832 6.472 -5.701 
1703416757.933 6.549 -5.793 
1703416758.033 6.628 -5.883 
1703416758.132 6.713 -5.966 
1703416758.233 6.794 -6.045 
1703416758.333 6.891 -6.122 
1703416758.433 6.994 -6.191 
1703416758.534 7.085 -6.262 
1703416758.634 7.178 -6.331 
1703416758.733 7.283 -6.391 
1703416758.834 7.390 -6.445 
1703416758.934 7.501 -6.493 
1703416759.034 7.595 -6.543 
1703416759.134 7.688 -6.604 
1703416759.737 7.930 -6.653 
1703416759.838 7.937 -6.663 
1703416761.943 8.060 -6.582 
1703416762.044 8.045 -6.566 
1703416762.144 7.993 -6.540 
1703416762.244 7.863 -6.542 
1703416762.344 7.719 -6.545 
1703416762.444 7.649 -6.556 
1703416762.545 7.592 -6.564 
1703416762.645 7.522 -6.585 
1703416762.745 7.418 -6.626 
1703416762.845 7.321 -6.652 
1703416762.946 7.246 -6.668 
1703416763.046 7.166 -6.679 
1703416763.146 7.075 -6.697 
1703416763.246 6.956 -6.738 
1703416763.347 6.839 -6.770 
1703416763.447 6.725 -6.816 
1703416763.547 6.610 -6.872 
1703416763.647 6.500 -6.914 
1703416763.748 6.401 -6.968 
1703416763.848 6.310 -7.036 
1703416763.947 6.223 -7.103 
1703416764.048 6.144 -7.162 
1703416764.151 6.087 -7.213 
1703416764.249 6.045 -7.247 
1703416764.348 5.987 -7.262 
1703416764.448 5.903 -7.266 
1703416764.548 5.847 -7.261 
1703416764.648 5.816 -7.261 
1703416764.748 5.790 -7.250 
1703416764.849 5.762 -7.232 
1703416764.949 5.706 -7.209 
1703416765.048 5.650 -7.186 
1703416765.149 5.622 -7.180 
1703416765.248 5.603 -7.174 
1703416765.349 5.566 -7.142 
1703416765.449 5.535 -7.113 
1703416765.549 5.514 -7.101 
1703416765.649 5.469 -7.079 
1703416765.748 5.378 -7.050 
1703416765.849 5.282 -7.007 
1703416765.949 5.213 -6.986 
1703416766.049 5.139 -6.967 
1703416766.150 5.045 -6.931 
1703416766.250 4.963 -6.890 
1703416766.350 4.893 -6.856 
1703416766.451 4.800 -6.829 
1703416766.551 4.710 -6.786 
1703416766.651 4.562 -6.770 
1703416766.751 4.409 -6.754 
1703416766.851 4.259 -6.758 
1703416766.951 4.115 -6.775 
1703416767.051 3.989 -6.800 
1703416767.152 3.887 -6.841 
1703416767.253 3.802 -6.895 
1703416767.352 3.772 -6.922 
1703416767.453 3.760 -6.981 
1703416767.552 3.747 -7.043 
1703416767.652 3.698 -7.144 
1703416767.753 3.655 -7.264 
1703416767.852 3.616 -7.373 
1703416767.955 3.589 -7.488 
1703416768.054 3.550 -7.601 
1703416768.154 3.514 -7.713 
1703416770.874 3.345 -7.624 
1703416770.875 3.344 -7.623 
1703416770.978 3.274 -7.602 
1703416771.081 3.148 -7.555 
1703416771.177 3.041 -7.512 
1703416771.277 2.930 -7.475 
1703416771.380 2.811 -7.438 
1703416771.478 2.699 -7.405 
1703416771.578 2.584 -7.367 
1703416771.677 2.471 -7.334 
1703416771.778 2.354 -7.299 
1703416771.877 2.239 -7.267 
1703416771.978 2.129 -7.235 
1703416772.079 2.053 -7.211 
1703416772.178 1.971 -7.189 
1703416772.279 1.889 -7.166 
1703416772.379 1.807 -7.146 
1703416772.479 1.727 -7.125 
1703416772.580 1.645 -7.104 
1703416772.680 1.566 -7.087 
1703416772.780 1.485 -7.068 
1703416772.880 1.402 -7.051 
1703416772.980 1.322 -7.035 
1703416773.081 1.241 -7.019 
1703416773.181 1.160 -7.003 
1703416773.283 1.077 -6.990 
1703416773.382 0.999 -6.975 
1703416773.481 0.919 -6.963 
1703416773.582 0.837 -6.951 
1703416773.683 0.756 -6.939 
1703416773.783 0.675 -6.927 
1703416773.882 0.595 -6.918 
1703416773.983 0.514 -6.906 
1703416774.084 0.434 -6.898 
1703416774.184 0.355 -6.888 
1703416774.285 0.273 -6.880 
1703416774.385 0.192 -6.871 
1703416774.485 0.113 -6.865 
1703416774.584 0.032 -6.857 
1703416774.685 -0.049 -6.849 
1703416774.785 -0.128 -6.844 
1703416774.886 -0.210 -6.837 
1703416774.985 -0.290 -6.831 
1703416775.086 -0.370 -6.827 
1703416775.186 -0.451 -6.823 
1703416775.285 -0.530 -6.817 
1703416775.386 -0.612 -6.814 
1703416775.487 -0.692 -6.811 
1703416775.589 -0.775 -6.808 
1703416775.687 -0.851 -6.805 
1703416775.787 -0.934 -6.803 
1703416775.886 -1.016 -6.800 
1703416775.987 -1.097 -6.799 
1703416776.087 -1.180 -6.798 
1703416776.188 -1.261 -6.799 
1703416776.288 -1.340 -6.798 
1703416776.388 -1.422 -6.796 
1703416776.488 -1.507 -6.795 
1703416776.588 -1.589 -6.796 
1703416776.689 -1.672 -6.799 
1703416776.789 -1.754 -6.800 
1703416776.891 -1.835 -6.803 
1703416776.991 -1.919 -6.805 
1703416777.092 -2.007 -6.804 
1703416777.191 -2.088 -6.809 
1703416777.291 -2.173 -6.813 
1703416777.392 -2.257 -6.815 
1703416777.491 -2.341 -6.819 
1703416777.593 -2.425 -6.824 
1703416777.693 -2.510 -6.828 
1703416777.793 -2.595 -6.833 
1703416777.893 -2.681 -6.839 
1703416777.994 -2.765 -6.846 
1703416778.094 -2.848 -6.851 
1703416778.196 -2.934 -6.856 
1703416778.294 -3.020 -6.860 
1703416778.396 -3.106 -6.870 
1703416778.494 -3.191 -6.879 
1703416778.597 -3.279 -6.888 
1703416778.697 -3.361 -6.896 
1703416778.795 -3.444 -6.903 
1703416778.895 -3.533 -6.909 
1703416778.998 -3.621 -6.918 
1703416779.096 -3.703 -6.928 
1703416779.203 -3.791 -6.939 
1703416779.298 -3.875 -6.948 
1703416779.397 -3.961 -6.958 
1703416779.496 -4.050 -6.966 
1703416779.595 -4.134 -6.977 
1703416779.696 -4.222 -6.988 
1703416779.796 -4.306 -6.999 
1703416779.897 -4.390 -7.010 
1703416779.997 -4.475 -7.020 
1703416780.096 -4.565 -7.028 
1703416780.197 -4.652 -7.040 
1703416780.297 -4.738 -7.053 
1703416780.398 -4.823 -7.065 
1703416780.498 -4.907 -7.078 
1703416780.598 -4.992 -7.091 
1703416780.699 -5.077 -7.102 
1703416780.800 -5.164 -7.115 
1703416780.899 -5.246 -7.127 
1703416781.001 -5.331 -7.138 
1703416781.102 -5.415 -7.150 
1703416781.202 -5.499 -7.163 
1703416781.301 -5.582 -7.174 
1703416781.401 -5.663 -7.184 
1703416781.502 -5.747 -7.196 
1703416781.602 -5.829 -7.207 
1703416781.704 -5.912 -7.218 
1703416781.802 -5.992 -7.229 
1703416781.903 -6.073 -7.239 
1703416782.002 -6.153 -7.249 
1703416782.103 -6.232 -7.258 
1703416782.203 -6.312 -7.267 
1703416782.303 -6.392 -7.277 
1703416782.403 -6.467 -7.283 
1703416782.503 -6.546 -7.289 
1703416782.603 -6.623 -7.297 
1703416782.704 -6.698 -7.303 
1703416782.804 -6.771 -7.310 
1703416782.903 -6.853 -7.316 
1703416783.004 -6.927 -7.320 
1703416783.104 -7.032 -7.314 
1703416783.204 -7.148 -7.318 
1703416783.305 -7.240 -7.321 
1703416783.404 -7.306 -7.322 
1703416783.504 -7.370 -7.321 
1703416783.606 -7.436 -7.320 
1703416783.704 -7.493 -7.325 
1703416783.805 -7.541 -7.333 
1703416785.911 -7.616 -7.246 
1703416786.011 -7.582 -7.320 
1703416786.111 -7.533 -7.468 
1703416786.211 -7.509 -7.626 
1703416786.312 -7.456 -7.703 
1703416786.411 -7.412 -7.764 
1703416786.511 -7.386 -7.823 
1703416786.612 -7.392 -7.884 
1703416786.712 -7.436 -7.977 
1703416786.812 -7.475 -8.091 
1703416786.912 -7.490 -8.157 
1703416787.012 -7.518 -8.216 
1703416787.112 -7.545 -8.287 
1703416787.212 -7.579 -8.357 
1703416787.313 -7.615 -8.422 
1703416790.625 -7.561 -8.571 
1703416790.626 -7.561 -8.571 
1703416790.726 -7.591 -8.489 
1703416790.827 -7.674 -8.382 
1703416790.933 -7.754 -8.279 
1703416791.033 -7.819 -8.185 
1703416791.133 -7.884 -8.084 
1703416791.234 -7.948 -7.984 
1703416791.333 -8.017 -7.887 
1703416791.433 -8.086 -7.789 
1703416791.533 -8.147 -7.690 
1703416791.633 -8.195 -7.584 
1703416791.735 -8.248 -7.475 
1703416791.836 -8.304 -7.363 
1703416791.936 -8.348 -7.251 
1703416792.036 -8.372 -7.135 
1703416792.136 -8.391 -7.010 
1703416792.235 -8.418 -6.882 
1703416792.336 -8.444 -6.767 
1703416792.436 -8.464 -6.740 
1703416792.536 -8.485 -6.720 
1703416792.637 -8.487 -6.669 
1703416792.736 -8.486 -6.567 
1703416792.838 -8.467 -6.473 
1703416792.937 -8.471 -6.418 
1703416793.037 -8.464 -6.366 
1703416793.138 -8.435 -6.316 
1703416793.238 -8.407 -6.267 
1703416793.337 -8.371 -6.232 
1703416793.438 -8.321 -6.200 
1703416793.538 -8.254 -6.167 
1703416793.641 -8.186 -6.153 
1703416793.739 -8.096 -6.139 
1703416796.256 -7.871 -6.215 
1703416796.257 -7.871 -6.215 
1703416796.357 -7.774 -6.218 
1703416796.459 -7.642 -6.225 
1703416796.564 -7.515 -6.227 
1703416796.661 -7.401 -6.216 
1703416796.761 -7.277 -6.202 
1703416796.862 -7.152 -6.187 
1703416796.962 -7.055 -6.174 
1703416797.062 -6.956 -6.165 
1703416797.163 -6.857 -6.157 
1703416797.262 -6.758 -6.150 
1703416797.366 -6.654 -6.144 
1703416797.466 -6.595 -6.143 
1703416797.566 -6.531 -6.144 
1703416797.667 -6.446 -6.140 
1703416797.768 -6.361 -6.134 
1703416797.868 -6.283 -6.132 
1703416797.968 -6.203 -6.132 
1703416798.068 -6.120 -6.132 
1703416798.171 -6.038 -6.133 
1703416798.271 -5.956 -6.134 
1703416798.370 -5.872 -6.135 
1703416798.469 -5.788 -6.137 
1703416798.570 -5.702 -6.139 
1703416798.670 -5.617 -6.141 
1703416798.772 -5.529 -6.142 
1703416798.870 -5.447 -6.143 
1703416798.971 -5.358 -6.144 
1703416799.071 -5.270 -6.144 
1703416799.171 -5.182 -6.146 
1703416799.271 -5.092 -6.146 
1703416799.372 -5.003 -6.146 
1703416799.473 -4.913 -6.146 
1703416799.573 -4.820 -6.147 
1703416799.672 -4.730 -6.147 
1703416799.772 -4.638 -6.147 
1703416799.872 -4.544 -6.148 
1703416799.974 -4.452 -6.147 
1703416800.074 -4.356 -6.147 
1703416800.175 -4.261 -6.147 
1703416800.274 -4.166 -6.147 
1703416800.375 -4.070 -6.150 
1703416800.475 -3.973 -6.153 
1703416800.574 -3.879 -6.156 
1703416800.675 -3.780 -6.160 
1703416800.775 -3.684 -6.163 
1703416800.875 -3.588 -6.165 
1703416800.975 -3.489 -6.168 
1703416801.076 -3.391 -6.171 
1703416801.175 -3.296 -6.174 
1703416801.276 -3.197 -6.178 
1703416801.376 -3.100 -6.181 
1703416801.475 -3.004 -6.184 
1703416801.576 -2.907 -6.188 
1703416801.676 -2.812 -6.191 
1703416801.776 -2.716 -6.194 
1703416801.877 -2.620 -6.196 
1703416801.977 -2.527 -6.194 
1703416802.077 -2.437 -6.194 
1703416802.177 -2.350 -6.195 
1703416802.278 -2.256 -6.187 
1703416802.380 -2.159 -6.174 
1703416802.479 -2.069 -6.159 
1703416802.579 -1.991 -6.148 
1703416802.679 -1.914 -6.137 
1703416802.779 -1.839 -6.128 
1703416802.880 -1.752 -6.093 
1703416802.980 -1.668 -6.058 
1703416803.079 -1.596 -6.031 
1703416803.180 -1.527 -5.996 
1703416803.280 -1.457 -5.960 
1703416803.380 -1.391 -5.952 
1703416803.481 -1.323 -5.930 
1703416803.581 -1.254 -5.900 
1703416803.681 -1.188 -5.870 
1703416803.781 -1.117 -5.836 
1703416803.881 -1.052 -5.796 
1703416803.981 -0.997 -5.744 
1703416804.082 -0.954 -5.684 
1703416804.182 -0.918 -5.618 
1703416804.282 -0.884 -5.544 
1703416804.382 -0.834 -5.493 
1703416804.483 -0.787 -5.429 
1703416804.582 -0.745 -5.359 
1703416804.682 -0.706 -5.285 
1703416804.783 -0.670 -5.210 
1703416804.884 -0.641 -5.130 
1703416804.984 -0.632 -5.044 
1703416805.084 -0.636 -4.957 
1703416805.184 -0.637 -4.875 
1703416805.285 -0.637 -4.782 
1703416805.384 -0.635 -4.692 
1703416805.484 -0.644 -4.598 
1703416805.585 -0.660 -4.512 
1703416805.685 -0.682 -4.431 
1703416805.785 -0.717 -4.334 
1703416805.885 -0.768 -4.242 
1703416805.987 -0.817 -4.155 
1703416806.087 -0.866 -4.074 
1703416806.187 -0.926 -3.994 
1703416806.287 -0.990 -3.914 
1703416806.387 -1.054 -3.833 
1703416806.487 -1.116 -3.753 
1703416806.588 -1.187 -3.668 
1703416806.689 -1.261 -3.584 
1703416806.789 -1.334 -3.499 
1703416806.889 -1.404 -3.415 
1703416806.988 -1.475 -3.328 
1703416807.092 -1.553 -3.239 
1703416807.190 -1.628 -3.151 
1703416807.290 -1.704 -3.062 
1703416807.389 -1.779 -2.974 
1703416807.491 -1.850 -2.892 
1703416807.590 -1.916 -2.803 
1703416807.690 -1.976 -2.701 
1703416807.789 -2.036 -2.607 
1703416807.890 -2.098 -2.518 
1703416807.993 -2.157 -2.423 
1703416808.093 -2.214 -2.305 
1703416808.193 -2.267 -2.205 
1703416808.294 -2.323 -2.112 
1703416808.394 -2.367 -2.000 
1703416808.493 -2.410 -1.896 
1703416808.594 -2.437 -1.803 
1703416808.694 -2.465 -1.711 
1703416808.793 -2.497 -1.603 
1703416808.894 -2.514 -1.505 
1703416808.995 -2.518 -1.415 
1703416809.094 -2.520 -1.330 
1703416809.194 -2.515 -1.235 
1703416809.295 -2.490 -1.119 
1703416809.417 -2.465 -1.007 
1703416809.515 -2.453 -0.932 
1703416809.614 -2.451 -0.845 
1703416809.714 -2.458 -0.737 
1703416809.816 -2.457 -0.639 
1703416809.918 -2.454 -0.551 
1703416810.019 -2.445 -0.458 
1703416810.118 -2.429 -0.368 
1703416810.218 -2.425 -0.275 
1703416810.321 -2.438 -0.183 
1703416810.420 -2.447 -0.101 
1703416810.519 -2.471 -0.015 
1703416810.618 -2.513 0.090 
1703416810.722 -2.547 0.187 
1703416810.824 -2.584 0.261 
1703416810.923 -2.634 0.337 
1703416811.023 -2.700 0.421 
1703416811.123 -2.779 0.501 
1703416811.223 -2.869 0.569 
1703416811.324 -2.960 0.641 
1703416811.423 -3.049 0.723 
1703416811.524 -3.137 0.796 
1703416811.624 -3.227 0.844 
1703416811.724 -3.328 0.886 
1703416811.824 -3.456 0.914 
1703416811.924 -3.574 0.939 
1703416812.024 -3.689 0.970 
1703416812.124 -3.806 1.003 
1703416812.224 -3.921 1.020 
1703416812.324 -4.038 1.010 
1703416812.424 -4.158 0.995 
1703416812.526 -4.281 0.993 
1703416812.625 -4.394 0.982 
1703416812.725 -4.502 0.952 
1703416812.825 -4.611 0.907 
1703416812.926 -4.705 0.834 
1703416813.026 -4.792 0.748 
1703416813.127 -4.887 0.668 
1703416813.227 -4.987 0.605 
1703416813.327 -5.071 0.522 
1703416813.427 -5.140 0.424 
1703416813.527 -5.202 0.322 
1703416813.627 -5.249 0.212 
1703416813.727 -5.294 0.096 
1703416813.827 -5.345 -0.012 
1703416813.927 -5.382 -0.125 
1703416814.030 -5.417 -0.244 
1703416814.130 -5.452 -0.362 
1703416814.229 -5.486 -0.478 
1703416814.329 -5.522 -0.593 
1703416814.430 -5.560 -0.711 
1703416814.530 -5.595 -0.827 
1703416814.630 -5.637 -0.942 
1703416814.731 -5.687 -1.055 
1703416814.831 -5.744 -1.169 
1703416814.930 -5.791 -1.278 
1703416815.030 -5.796 -1.342 
1703416815.130 -5.811 -1.412 
1703416815.231 -5.871 -1.509 
1703416815.330 -5.965 -1.617 
1703416815.430 -6.050 -1.719 
1703416816.433 -6.037 -1.949 
1703416816.534 -6.113 -1.898 
1703416816.633 -6.199 -1.821 
1703416816.736 -6.290 -1.700 
1703416816.838 -6.386 -1.636 
1703416816.937 -6.469 -1.575 
1703416817.036 -6.525 -1.472 
1703416817.141 -6.559 -1.339 
1703416817.240 -6.569 -1.233 
1703416817.340 -6.590 -1.129 
1703416817.443 -6.617 -1.025 
1703416817.542 -6.641 -0.909 
1703416817.642 -6.652 -0.788 
1703416817.742 -6.663 -0.668 
1703416817.842 -6.674 -0.550 
1703416817.943 -6.686 -0.431 
1703416818.042 -6.690 -0.335 
1703416818.143 -6.698 -0.242 
1703416818.244 -6.696 -0.181 
1703416818.344 -6.706 -0.119 
1703416818.444 -6.727 -0.048 
1703416818.544 -6.752 0.021 
1703416818.644 -6.772 0.088 
1703416818.745 -6.811 0.189 
1703416818.845 -6.834 0.284 
1703416818.945 -6.875 0.377 
1703416819.044 -6.907 0.457 
1703416819.145 -6.936 0.531 
1703416819.249 -6.982 0.582 
1703416819.349 -7.033 0.628 
1703416819.448 -7.094 0.698 
1703416819.549 -7.170 0.759 
1703416819.648 -7.257 0.809 
1703416819.748 -7.344 0.850 
1703416819.848 -7.405 0.885 
1703416819.948 -7.465 0.899 
1703416820.050 -7.529 0.902 
1703416820.149 -7.600 0.911 
1703416820.249 -7.687 0.919 
1703416820.349 -7.772 0.928 
1703416820.451 -7.853 0.937 
1703416820.549 -7.932 0.946 
1703416820.649 -8.020 0.964 
1703416820.751 -8.100 0.970 
1703416820.850 -8.181 0.980 
1703416820.952 -8.261 0.993 
1703416821.051 -8.338 1.012 
1703416821.151 -8.426 1.041 
1703416821.250 -8.527 1.113 
1703416821.350 -8.631 1.188 
1703416821.450 -8.718 1.251 
1703416821.550 -8.798 1.292 
1703416821.656 -8.870 1.352 
1703416821.756 -8.934 1.432 
1703416821.856 -8.985 1.529 
1703416821.956 -9.036 1.630 
1703416822.056 -9.061 1.731 
1703416822.156 -9.067 1.837 
1703416822.256 -9.017 1.980 
1703416822.356 -8.965 2.098 
1703416822.456 -8.961 2.192 
1703416822.557 -8.897 2.274 
1703416822.658 -8.797 2.354 
1703416822.758 -8.709 2.424 
1703416822.857 -8.615 2.481 
1703416822.958 -8.531 2.519 
1703416823.058 -8.463 2.538 
1703416823.158 -8.393 2.556 
1703416823.259 -8.308 2.592 
1703416823.359 -8.226 2.631 
1703416823.458 -8.144 2.663 
1703416823.560 -8.066 2.694 
1703416823.659 -7.989 2.722 
1703416823.760 -7.911 2.752 
1703416823.860 -7.836 2.785 
1703416823.959 -7.756 2.815 
1703416824.059 -7.670 2.845 
1703416824.159 -7.596 2.876 
1703416824.259 -7.527 2.909 
1703416824.360 -7.451 2.940 
1703416824.460 -7.381 2.971 
1703416824.561 -7.292 3.047 
1703416824.661 -7.218 3.150 
1703416824.760 -7.162 3.227 
1703416824.861 -7.102 3.269 
1703416824.960 -7.038 3.307 
1703416825.061 -7.004 3.398 
1703416825.161 -6.980 3.487 
1703416825.262 -6.947 3.571 
1703416825.361 -6.938 3.661 
1703416825.463 -6.937 3.732 
1703416825.562 -6.952 3.806 
1703416825.662 -6.976 3.902 
1703416825.761 -7.059 3.994 
1703416825.862 -7.153 4.060 
1703416825.962 -7.213 4.109 
1703416826.061 -7.261 4.145 
1703416826.162 -7.328 4.197 
1703416826.262 -7.405 4.267 
1703416826.362 -7.453 4.298 
1703416828.266 -7.307 4.235 
1703416828.366 -7.306 4.207 
1703416828.467 -7.314 4.155 
1703416828.569 -7.314 4.108 
1703416828.666 -7.295 4.095 
1703416828.766 -7.246 4.118 
1703416828.867 -7.176 4.203 
1703416828.966 -7.102 4.327 
1703416829.066 -7.036 4.438 
1703416829.167 -6.977 4.537 
1703416829.267 -6.918 4.641 
1703416829.368 -6.871 4.721 
1703416829.467 -6.829 4.791 
1703416829.567 -6.787 4.861 
1703416829.669 -6.745 4.931 
1703416829.768 -6.706 4.996 
1703416829.868 -6.653 5.066 
1703416829.968 -6.572 5.148 
1703416830.069 -6.536 5.217 
1703416830.170 -6.500 5.279 
1703416830.269 -6.440 5.340 
1703416830.371 -6.372 5.397 
1703416830.473 -6.298 5.460 
1703416830.570 -6.227 5.512 
1703416830.670 -6.151 5.559 
1703416830.769 -6.056 5.608 
1703416834.779 -5.363 5.550 
1703416834.780 -5.363 5.550 
1703416834.882 -5.410 5.553 
1703416834.981 -5.479 5.574 
1703416835.082 -5.569 5.627 
1703416835.182 -5.682 5.722 
1703416835.284 -5.793 5.820 
1703416835.384 -5.891 5.907 
1703416835.484 -5.977 5.990 
1703416835.584 -6.068 6.076 
1703416835.695 -6.156 6.160 
1703416835.795 -6.245 6.243 
1703416835.894 -6.333 6.325 
1703416835.994 -6.421 6.407 
1703416836.093 -6.508 6.487 
1703416836.194 -6.595 6.571 
1703416836.294 -6.682 6.652 
1703416836.395 -6.770 6.735 
1703416836.498 -6.858 6.818 
1703416836.595 -6.942 6.898 
1703416836.695 -7.027 6.981 
1703416836.795 -7.113 7.064 
1703416836.895 -7.199 7.146 
1703416836.995 -7.284 7.228 
1703416837.095 -7.370 7.312 
1703416837.195 -7.454 7.394 
1703416837.295 -7.539 7.477 
1703416837.395 -7.622 7.560 
1703416837.497 -7.709 7.645 
1703416837.595 -7.792 7.727 
1703416842.808 -8.030 7.770 
1703416842.808 -8.030 7.770 
1703416842.908 -7.954 7.718 
1703416843.011 -7.869 7.614 
1703416843.110 -7.784 7.511 
1703416843.211 -7.710 7.424 
1703416843.311 -7.635 7.332 
1703416843.410 -7.558 7.240 
1703416843.511 -7.482 7.149 
1703416843.612 -7.404 7.058 
1703416843.711 -7.328 6.969 
1703416843.811 -7.250 6.879 
1703416843.911 -7.172 6.789 
1703416844.012 -7.095 6.698 
1703416844.112 -7.017 6.607 
1703416844.212 -6.940 6.516 
1703416844.313 -6.863 6.425 
1703416844.412 -6.788 6.333 
1703416844.512 -6.712 6.242 
1703416844.613 -6.635 6.146 
1703416844.712 -6.561 6.054 
1703416844.813 -6.487 5.959 
1703416844.912 -6.414 5.864 
1703416845.014 -6.337 5.770 
1703416845.114 -6.263 5.672 
1703416845.215 -6.196 5.574 
1703416845.314 -6.127 5.478 
1703416845.414 -6.063 5.384 
1703416845.514 -6.007 5.295 
1703416845.615 -5.954 5.212 
1703416845.715 -5.901 5.132 
1703416845.815 -5.848 5.052 
1703416845.915 -5.793 5.003 
1703416846.015 -5.747 4.957 
1703416846.115 -5.716 4.898 
1703416846.216 -5.698 4.812 
1703416846.315 -5.675 4.711 
1703416846.416 -5.638 4.621 
1703416846.516 -5.610 4.540 
1703416846.617 -5.593 4.477 
1703416846.716 -5.580 4.408 
1703416846.817 -5.557 4.316 
1703416846.918 -5.527 4.223 
1703416847.018 -5.510 4.158 
1703416847.118 -5.490 4.083 
1703416847.218 -5.466 4.001 
1703416847.318 -5.439 3.918 
1703416847.419 -5.418 3.840 
1703416847.523 -5.398 3.761 
1703416847.620 -5.375 3.681 
1703416847.720 -5.352 3.591 
1703416847.821 -5.329 3.500 
1703416847.921 -5.310 3.410 
1703416848.021 -5.298 3.319 
1703416848.121 -5.287 3.230 
1703416848.221 -5.274 3.141 
1703416848.321 -5.264 3.052 
1703416848.422 -5.255 2.969 
1703416848.521 -5.240 2.881 
1703416848.621 -5.226 2.790 
1703416848.721 -5.215 2.698 
1703416848.821 -5.202 2.611 
1703416848.922 -5.186 2.527 
1703416849.021 -5.171 2.441 
1703416849.122 -5.153 2.359 
1703416849.222 -5.142 2.275 
1703416849.323 -5.131 2.192 
1703416849.423 -5.119 2.109 
1703416849.522 -5.106 2.027 
1703416849.623 -5.092 1.944 
1703416849.723 -5.077 1.862 
1703416849.823 -5.065 1.786 
1703416849.923 -5.059 1.708 
1703416850.026 -5.056 1.628 
1703416850.127 -5.056 1.548 
1703416850.227 -5.057 1.470 
1703416850.330 -5.061 1.390 
1703416850.429 -5.067 1.312 
1703416850.531 -5.075 1.234 
1703416850.629 -5.084 1.157 
1703416850.731 -5.097 1.076 
1703416850.829 -5.113 1.002 
1703416850.930 -5.140 0.926 
1703416851.030 -5.164 0.850 
1703416851.131 -5.188 0.774 
1703416851.231 -5.212 0.699 
1703416851.330 -5.239 0.623 
1703416851.431 -5.265 0.549 
1703416851.532 -5.291 0.474 
1703416851.631 -5.316 0.401 
1703416851.733 -5.340 0.326 
1703416851.832 -5.361 0.254 
1703416851.932 -5.378 0.179 
1703416852.033 -5.391 0.103 
1703416852.136 -5.408 0.030 
1703416852.233 -5.430 -0.038 
1703416852.336 -5.429 -0.156 
1703416852.436 -5.454 -0.242 
1703416852.537 -5.461 -0.303 
1703416852.637 -5.459 -0.367 
1703416852.737 -5.448 -0.439 
1703416852.840 -5.415 -0.523 
1703416858.059 -5.352 -1.212 
1703416858.160 -5.354 -1.167 
1703416858.260 -5.389 -1.058 
1703416858.361 -5.405 -0.963 
1703416858.462 -5.387 -0.853 
1703416858.561 -5.348 -0.731 
1703416858.661 -5.324 -0.612 
1703416858.761 -5.294 -0.489 
1703416858.862 -5.262 -0.373 
1703416858.962 -5.229 -0.257 
1703416859.063 -5.197 -0.143 
1703416859.162 -5.135 -0.029 
1703416859.262 -5.062 0.070 
1703416859.362 -4.981 0.160 
1703416859.463 -4.897 0.245 
1703416859.564 -4.810 0.325 
1703416859.664 -4.730 0.406 
1703416859.765 -4.643 0.487 
1703416859.865 -4.535 0.545 
1703416859.964 -4.423 0.589 
1703416860.065 -4.367 0.637 
1703416860.165 -4.296 0.667 
1703416860.265 -4.204 0.677 
1703416860.365 -4.110 0.684 
1703416860.465 -4.019 0.698 
1703416860.567 -3.919 0.705 
1703416860.679 -3.820 0.689 
1703416860.771 -3.717 0.652 
1703416860.869 -3.636 0.641 
1703416860.966 -3.553 0.625 
1703416861.067 -3.449 0.584 
1703416861.166 -3.339 0.527 
1703416861.267 -3.235 0.469 
1703416861.367 -3.143 0.413 
1703416861.467 -3.043 0.357 
1703416861.567 -2.931 0.302 
1703416861.666 -2.801 0.246 
1703416861.772 -2.694 0.188 
1703416861.873 -2.639 0.130 
1703416861.973 -2.554 0.084 
1703416862.073 -2.461 0.069 
1703416862.173 -2.332 0.075 
1703416862.274 -2.199 0.089 
1703416862.373 -2.104 0.092 
1703416862.473 -1.994 0.112 
1703416862.574 -1.858 0.168 
1703416862.674 -1.756 0.194 
1703416862.774 -1.666 0.218 
1703416862.874 -1.569 0.253 
1703416862.975 -1.475 0.291 
1703416863.075 -1.393 0.317 
1703416863.176 -1.317 0.350 
1703416863.276 -1.238 0.410 
1703416863.376 -1.139 0.483 
1703416863.477 -1.042 0.562 
1703416863.576 -0.954 0.629 
1703416863.676 -0.877 0.689 
1703416863.777 -0.799 0.759 
1703416863.877 -0.714 0.842 
1703416863.977 -0.629 0.925 
1703416864.077 -0.543 1.010 
1703416864.180 -0.460 1.096 
1703416864.277 -0.381 1.180 
1703416864.377 -0.297 1.267 
1703416864.477 -0.215 1.353 
1703416864.577 -0.131 1.440 
1703416864.678 -0.048 1.526 
1703416864.777 0.034 1.611 
1703416864.878 0.118 1.698 
1703416864.978 0.200 1.784 
1703416865.078 0.285 1.870 
1703416865.178 0.367 1.957 
1703416865.279 0.451 2.043 
1703416865.379 0.534 2.131 
1703416865.479 0.616 2.217 
1703416865.579 0.697 2.304 
1703416865.679 0.775 2.392 
1703416865.779 0.856 2.477 
1703416865.881 0.938 2.568 
1703416865.979 1.015 2.657 
1703416866.079 1.089 2.751 
1703416866.180 1.166 2.844 
1703416866.280 1.242 2.935 
1703416866.380 1.317 3.027 
1703416866.481 1.382 3.121 
1703416866.582 1.444 3.217 
1703416866.681 1.510 3.320 
1703416866.781 1.577 3.423 
1703416866.881 1.632 3.526 
1703416866.982 1.675 3.630 
1703416867.082 1.727 3.735 
1703416867.182 1.778 3.844 
1703416867.283 1.824 3.953 
1703416867.382 1.862 4.067 
1703416867.482 1.887 4.167 
1703416867.582 1.900 4.268 
1703416867.683 1.915 4.365 
1703416867.784 1.919 4.466 
1703416867.883 1.924 4.562 
1703416867.983 1.921 4.658 
1703416868.083 1.911 4.757 
1703416868.183 1.898 4.856 
1703416868.286 1.873 4.956 
1703416868.388 1.825 5.050 
1703416868.488 1.774 5.141 
1703416868.587 1.759 5.211 
1703416868.687 1.718 5.291 
1703416868.788 1.647 5.373 
1703416868.888 1.580 5.448 
1703416868.987 1.521 5.519 
1703416869.088 1.452 5.585 
1703416869.189 1.369 5.644 
1703416869.288 1.299 5.704 
1703416869.389 1.232 5.755 
1703416869.489 1.158 5.806 
1703416869.589 1.062 5.855 
1703416869.689 0.955 5.901 
1703416869.789 0.867 5.948 
1703416869.894 0.778 5.996 
1703416869.991 0.688 6.038 
1703416870.090 0.593 6.086 
1703416870.190 0.501 6.132 
1703416870.290 0.408 6.179 
1703416870.390 0.314 6.228 
1703416870.491 0.219 6.276 
1703416870.590 0.122 6.325 
1703416870.690 0.029 6.375 
1703416870.792 -0.060 6.423 
1703416870.891 -0.157 6.473 
1703416870.991 -0.255 6.523 
1703416871.091 -0.353 6.576 
1703416871.192 -0.446 6.631 
1703416871.292 -0.538 6.685 
1703416871.393 -0.627 6.736 
1703416871.492 -0.716 6.786 
1703416871.593 -0.808 6.840 
1703416871.700 -0.899 6.896 
1703416871.797 -0.986 6.951 
1703416871.897 -1.076 7.007 
1703416871.996 -1.162 7.061 
1703416872.098 -1.250 7.115 
1703416872.198 -1.336 7.167 
1703416872.297 -1.427 7.218 
1703416872.398 -1.522 7.275 
1703416872.498 -1.615 7.334 
1703416872.597 -1.706 7.391 
1703416872.697 -1.796 7.446 
1703416872.798 -1.894 7.505 
