1703416956.047 1.142 0.044 
1703416956.048 1.142 0.044 
1703416956.149 1.185 0.012 
1703416956.249 1.258 -0.047 
1703416956.349 1.343 -0.145 
1703416956.449 1.419 -0.239 
1703416956.549 1.491 -0.337 
1703416956.650 1.557 -0.450 
1703416961.858 1.981 -0.856 
1703416961.958 1.982 -0.777 
1703416962.059 1.993 -0.661 
1703416962.158 1.998 -0.573 
1703416962.261 1.976 -0.459 
1703416962.361 1.937 -0.370 
1703416962.460 1.922 -0.240 
1703416962.561 1.912 -0.113 
1703416962.660 1.898 -0.031 
1703416962.761 1.897 0.017 
1703416962.860 1.908 0.058 
1703416962.962 1.929 0.089 
1703416963.062 1.954 0.115 
1703416963.162 1.972 0.153 
1703416963.261 1.981 0.199 
1703416963.362 1.995 0.256 
1703416963.461 2.027 0.343 
1703416963.562 2.071 0.442 
1703416963.662 2.110 0.542 
1703416963.763 2.145 0.641 
1703416963.862 2.184 0.742 
1703416963.963 2.237 0.851 
1703416964.062 2.276 0.944 
1703416964.162 2.293 1.012 
1703416969.879 2.331 1.209 
1703416969.880 2.332 1.209 
1703416969.980 2.373 1.246 
1703416970.079 2.479 1.320 
1703416970.180 2.571 1.394 
1703416970.280 2.668 1.471 
1703416970.381 2.771 1.535 
1703416970.481 2.860 1.584 
1703416970.581 2.923 1.640 
1703416970.682 3.000 1.703 
1703416970.781 3.113 1.753 
1703416970.881 3.246 1.791 
1703416970.981 3.359 1.824 
1703416971.081 3.480 1.827 
1703416971.181 3.572 1.832 
1703416971.282 3.641 1.834 
1703416971.382 3.722 1.837 
1703416971.483 3.811 1.838 
1703416971.583 3.900 1.832 
1703416971.683 3.988 1.836 
1703416971.782 4.075 1.843 
1703416971.883 4.157 1.841 
1703416971.983 4.267 1.870 
1703416972.085 4.380 1.888 
1703416972.183 4.482 1.906 
1703416972.282 4.584 1.921 
1703416972.383 4.686 1.936 
1703416972.484 4.772 1.957 
1703416972.584 4.846 1.986 
1703416972.685 4.935 2.032 
1703416972.784 5.012 2.087 
1703416972.885 5.073 2.146 
1703416972.984 5.131 2.200 
1703416973.085 5.218 2.255 
1703416973.185 5.329 2.309 
1703416973.285 5.430 2.378 
1703416973.385 5.500 2.471 
1703416973.485 5.531 2.588 
1703416973.585 5.541 2.713 
1703416973.686 5.522 2.838 
1703416973.789 5.489 2.956 
1703416973.885 5.443 3.062 
1703416973.986 5.355 3.162 
1703416974.086 5.292 3.256 
1703416974.185 5.243 3.347 
1703416974.285 5.168 3.439 
1703416974.385 5.074 3.516 
1703416974.494 4.967 3.573 
1703416974.589 4.847 3.615 
1703416974.688 4.727 3.645 
1703416974.786 4.618 3.676 
1703416974.887 4.504 3.704 
1703416974.988 4.390 3.729 
1703416975.087 4.274 3.752 
1703416975.186 4.175 3.778 
1703416975.287 4.106 3.787 
1703416975.387 4.035 3.810 
1703416975.489 3.965 3.840 
1703416975.589 3.894 3.870 
1703416975.689 3.830 3.904 
1703416975.789 3.766 3.944 
1703416975.890 3.690 3.985 
1703416975.990 3.606 4.036 
1703416976.090 3.532 4.079 
1703416976.190 3.459 4.129 
1703416976.290 3.388 4.180 
1703416976.391 3.313 4.239 
1703416976.491 3.234 4.306 
1703416976.591 3.161 4.365 
1703416976.691 3.090 4.420 
1703416976.791 3.017 4.479 
1703416976.892 2.944 4.542 
1703416976.991 2.868 4.610 
1703416977.092 2.793 4.674 
1703416977.192 2.722 4.737 
1703416977.294 2.647 4.804 
1703416977.393 2.568 4.871 
1703416977.493 2.491 4.931 
1703416977.593 2.412 4.986 
1703416977.692 2.333 5.040 
1703416977.793 2.250 5.104 
1703416977.893 2.171 5.163 
1703416977.993 2.092 5.211 
1703416978.093 2.009 5.249 
1703416978.193 1.920 5.283 
1703416978.293 1.822 5.324 
1703416978.393 1.735 5.364 
1703416978.496 1.658 5.390 
1703416978.595 1.578 5.408 
1703416978.694 1.489 5.416 
1703416978.793 1.398 5.425 
1703416978.895 1.321 5.439 
1703416978.994 1.230 5.469 
1703416979.094 1.141 5.489 
1703416979.196 1.072 5.489 
1703416979.296 1.010 5.485 
1703416979.396 0.939 5.530 
1703416979.495 0.876 5.553 
1703416980.498 0.975 5.559 
1703416980.598 1.033 5.622 
1703416982.803 1.284 5.488 
1703416982.903 1.262 5.479 
1703416983.004 1.187 5.486 
1703416983.104 1.066 5.526 
1703416983.206 1.027 5.548 
1703416983.304 1.058 5.560 
1703416983.404 1.164 5.527 
1703416983.505 1.275 5.528 
1703416983.604 1.398 5.509 
1703416983.704 1.516 5.468 
1703416983.805 1.625 5.404 
1703416983.905 1.717 5.318 
1703416984.004 1.766 5.218 
1703416984.105 1.800 5.103 
1703416984.204 1.839 4.986 
1703416984.306 1.877 4.871 
1703416984.407 1.896 4.751 
1703416984.519 1.908 4.631 
1703416984.612 1.906 4.506 
1703416984.709 1.901 4.383 
1703416984.807 1.888 4.263 
1703416984.908 1.863 4.142 
1703416985.008 1.831 4.024 
1703416985.107 1.786 3.913 
1703416985.208 1.723 3.806 
1703416985.308 1.659 3.700 
1703416985.408 1.598 3.597 
1703416985.508 1.533 3.498 
1703416985.608 1.456 3.404 
1703416985.709 1.369 3.323 
1703416985.809 1.274 3.252 
1703416985.908 1.177 3.187 
1703416986.009 1.072 3.131 
1703416986.109 0.961 3.081 
1703416986.209 0.849 3.039 
1703416986.309 0.731 3.010 
1703416986.409 0.615 2.990 
1703416986.510 0.503 2.967 
1703416986.610 0.394 2.943 
1703416986.710 0.276 2.930 
1703416986.810 0.157 2.917 
1703416986.911 0.043 2.903 
1703416987.013 -0.071 2.886 
1703416987.112 -0.188 2.875 
1703416987.215 -0.308 2.866 
1703416987.312 -0.420 2.857 
1703416987.413 -0.537 2.846 
1703416987.513 -0.655 2.836 
1703416987.613 -0.771 2.828 
1703416987.713 -0.881 2.812 
1703416987.812 -0.984 2.791 
1703416987.914 -1.092 2.749 
1703416988.013 -1.193 2.690 
1703416988.113 -1.273 2.611 
1703416988.213 -1.341 2.503 
1703416988.314 -1.393 2.383 
1703416988.415 -1.424 2.258 
1703416988.518 -1.431 2.120 
1703416988.618 -1.426 2.013 
1703416988.717 -1.422 1.952 
1703416988.817 -1.413 1.951 
1703416988.918 -1.415 1.951 
1703416989.017 -1.477 1.889 
1703416989.117 -1.539 1.828 
1703416989.218 -1.588 1.763 
1703416989.319 -1.618 1.659 
1703416989.419 -1.663 1.517 
1703416989.518 -1.703 1.414 
1703416989.618 -1.709 1.364 
1703416989.721 -1.728 1.312 
1703416989.821 -1.771 1.227 
1703416989.922 -1.811 1.128 
1703416990.022 -1.841 1.053 
1703416990.122 -1.858 0.999 
1703416990.221 -1.863 0.936 
1703416990.321 -1.857 0.856 
1703416990.421 -1.852 0.787 
1703416990.522 -1.847 0.720 
1703416990.622 -1.837 0.650 
1703416990.722 -1.825 0.583 
1703416990.822 -1.815 0.526 
1703416990.922 -1.809 0.481 
1703416991.022 -1.832 0.459 
1703416991.123 -1.832 0.427 
1703416991.222 -1.827 0.390 
1703416991.322 -1.790 0.332 
1703416991.423 -1.729 0.223 
1703416991.524 -1.668 0.119 
1703416991.622 -1.634 0.059 
1703416991.723 -1.600 -0.003 
1703416991.823 -1.557 -0.132 
1703416991.923 -1.506 -0.286 
1703416993.228 -1.244 -0.574 
1703416993.329 -1.230 -0.598 
1703416993.430 -1.248 -0.652 
1703416993.529 -1.347 -0.731 
1703416993.630 -1.420 -0.800 
1703416993.730 -1.485 -0.881 
1703416993.833 -1.504 -0.851 
1703416993.931 -1.522 -0.810 
1703416994.031 -1.550 -0.803 
1703416994.130 -1.554 -0.847 
1703416994.231 -1.569 -0.935 
1703416994.330 -1.590 -1.049 
1703416994.439 -1.616 -1.142 
1703416994.534 -1.647 -1.175 
1703416994.632 -1.661 -1.235 
1703416994.732 -1.685 -1.289 
1703416994.831 -1.706 -1.331 
1703416994.931 -1.726 -1.382 
1703416995.032 -1.737 -1.440 
1703416995.132 -1.735 -1.507 
1703416995.232 -1.736 -1.581 
1703416995.331 -1.736 -1.664 
1703416995.434 -1.739 -1.757 
1703416995.533 -1.744 -1.846 
1703416995.634 -1.751 -1.931 
1703416995.733 -1.749 -2.023 
1703416995.834 -1.740 -2.120 
1703416995.934 -1.732 -2.222 
1703416996.034 -1.726 -2.311 
1703416996.135 -1.719 -2.398 
1703416996.235 -1.711 -2.494 
1703416996.334 -1.704 -2.588 
1703416996.434 -1.699 -2.673 
1703416996.535 -1.695 -2.743 
1703416996.634 -1.692 -2.787 
1703416996.735 -1.712 -2.805 
1703416996.836 -1.666 -2.879 
1703416996.935 -1.569 -2.982 
1703416997.035 -1.553 -3.075 
1703416997.135 -1.545 -3.136 
1703416997.235 -1.513 -3.182 
1703416997.335 -1.445 -3.249 
1703416997.436 -1.361 -3.315 
1703416997.537 -1.271 -3.387 
1703416997.636 -1.186 -3.448 
1703416997.736 -1.098 -3.511 
1703416997.836 -1.010 -3.575 
1703416997.936 -0.921 -3.640 
1703416998.036 -0.836 -3.701 
1703416998.136 -0.752 -3.765 
1703416998.236 -0.672 -3.832 
1703416998.337 -0.591 -3.903 
1703416998.437 -0.515 -3.950 
1703416998.537 -0.404 -3.984 
1703416998.637 -0.287 -4.014 
1703416998.739 -0.175 -4.048 
1703416998.837 -0.067 -4.076 
1703416998.937 0.047 -4.109 
1703416999.037 0.161 -4.137 
1703416999.138 0.279 -4.164 
1703416999.238 0.394 -4.189 
1703416999.338 0.510 -4.215 
1703416999.441 0.629 -4.239 
1703416999.541 0.743 -4.263 
1703416999.646 0.859 -4.286 
1703416999.741 0.975 -4.310 
1703416999.839 1.090 -4.333 
1703416999.939 1.207 -4.356 
1703417000.039 1.325 -4.382 
1703417000.139 1.442 -4.407 
1703417000.240 1.558 -4.433 
1703417000.339 1.674 -4.460 
1703417000.440 1.790 -4.489 
1703417000.541 1.907 -4.520 
1703417000.647 2.009 -4.539 
1703417000.745 2.097 -4.553 
1703417000.843 2.159 -4.572 
1703417000.942 2.236 -4.607 
1703417001.041 2.327 -4.651 
1703417001.141 2.415 -4.682 
1703417001.243 2.476 -4.684 
1703417001.344 2.528 -4.701 
1703417001.444 2.584 -4.738 
1703417002.044 2.678 -4.773 
1703417002.045 2.678 -4.773 
1703417002.145 2.712 -4.796 
1703417002.246 2.798 -4.881 
1703417002.347 2.903 -4.956 
1703417002.446 3.007 -5.005 
1703417002.546 3.109 -5.059 
1703417002.649 3.210 -5.117 
1703417002.747 3.311 -5.179 
1703417002.846 3.413 -5.228 
1703417002.947 3.528 -5.267 
1703417003.047 3.647 -5.299 
1703417003.147 3.767 -5.324 
1703417003.247 3.889 -5.344 
1703417003.347 4.005 -5.380 
1703417003.447 4.113 -5.427 
1703417003.548 4.225 -5.447 
1703417003.648 4.343 -5.445 
1703417003.748 4.446 -5.450 
1703417003.848 4.472 -5.502 
1703417003.948 4.460 -5.605 
1703417006.954 4.686 -5.449 
1703417007.054 4.673 -5.432 
1703417007.154 4.572 -5.435 
1703417007.254 4.444 -5.452 
1703417007.354 4.320 -5.442 
1703417007.455 4.194 -5.466 
1703417007.555 4.082 -5.508 
1703417007.655 3.992 -5.571 
1703417007.756 3.911 -5.627 
1703417007.855 3.834 -5.681 
1703417007.955 3.772 -5.732 
1703417008.056 3.722 -5.767 
1703417008.156 3.673 -5.787 
1703417008.255 3.620 -5.800 
1703417008.355 3.568 -5.813 
1703417008.456 3.530 -5.821 
1703417008.556 3.498 -5.806 
1703417008.660 3.480 -5.791 
1703417008.762 3.452 -5.778 
1703417008.865 3.384 -5.754 
1703417008.962 3.313 -5.727 
1703417009.061 3.245 -5.701 
1703417009.161 3.174 -5.673 
1703417009.261 3.096 -5.644 
1703417009.362 3.004 -5.602 
1703417009.461 2.908 -5.562 
1703417009.561 2.803 -5.533 
1703417009.662 2.700 -5.515 
1703417009.761 2.591 -5.501 
1703417009.861 2.471 -5.481 
1703417009.961 2.357 -5.462 
1703417010.062 2.289 -5.469 
1703417010.162 2.209 -5.470 
1703417010.261 2.114 -5.473 
1703417010.364 2.015 -5.478 
1703417010.471 1.921 -5.492 
1703417010.566 1.835 -5.501 
1703417010.664 1.748 -5.508 
1703417010.763 1.657 -5.522 
1703417010.863 1.567 -5.540 
1703417010.963 1.478 -5.563 
1703417011.063 1.388 -5.584 
1703417011.163 1.299 -5.604 
1703417011.263 1.210 -5.624 
1703417011.363 1.122 -5.642 
1703417011.463 1.033 -5.661 
1703417011.563 0.945 -5.681 
1703417011.663 0.854 -5.700 
1703417011.763 0.763 -5.719 
1703417011.864 0.669 -5.737 
1703417011.963 0.575 -5.757 
1703417012.064 0.479 -5.787 
1703417012.165 0.384 -5.814 
1703417012.265 0.283 -5.841 
1703417012.366 0.182 -5.869 
1703417012.465 0.082 -5.902 
1703417012.565 -0.012 -5.944 
1703417012.665 -0.105 -5.985 
1703417012.766 -0.203 -6.037 
1703417012.865 -0.295 -6.092 
1703417012.966 -0.381 -6.146 
1703417013.066 -0.466 -6.201 
1703417013.165 -0.550 -6.256 
1703417013.265 -0.636 -6.305 
1703417013.367 -0.720 -6.349 
1703417013.466 -0.805 -6.388 
1703417013.567 -0.886 -6.425 
1703417013.666 -0.954 -6.467 
1703417013.766 -1.023 -6.503 
1703417013.866 -1.096 -6.523 
1703417013.966 -1.172 -6.538 
1703417014.066 -1.245 -6.548 
1703417014.167 -1.309 -6.555 
1703417014.266 -1.376 -6.563 
1703417014.367 -1.479 -6.574 
1703417014.467 -1.561 -6.595 
1703417014.568 -1.625 -6.615 
1703417014.668 -1.686 -6.630 
1703417014.768 -1.760 -6.623 
1703417014.870 -1.828 -6.615 
1703417014.971 -1.885 -6.640 
1703417015.071 -1.945 -6.660 
1703417015.171 -2.010 -6.655 
1703417015.272 -2.059 -6.619 
1703417015.371 -2.114 -6.578 
1703417015.471 -2.171 -6.510 
1703417015.572 -2.208 -6.412 
1703417015.672 -2.223 -6.306 
1703417015.773 -2.207 -6.258 
1703417015.873 -2.145 -6.170 
1703417015.972 -2.054 -6.062 
1703417016.074 -1.969 -5.965 
1703417016.173 -1.886 -5.879 
1703417016.273 -1.796 -5.813 
1703417016.374 -1.699 -5.745 
1703417016.474 -1.603 -5.679 
1703417016.573 -1.506 -5.630 
1703417016.673 -1.398 -5.580 
1703417022.792 -0.985 -5.389 
1703417022.793 -0.985 -5.389 
1703417022.896 -1.015 -5.413 
1703417022.996 -1.085 -5.481 
1703417023.097 -1.165 -5.555 
1703417023.197 -1.241 -5.640 
1703417023.297 -1.313 -5.730 
1703417023.397 -1.395 -5.815 
1703417023.498 -1.486 -5.901 
1703417023.597 -1.575 -5.986 
1703417023.699 -1.659 -6.072 
1703417023.798 -1.733 -6.153 
1703417023.899 -1.807 -6.232 
1703417023.998 -1.889 -6.311 
1703417024.098 -1.978 -6.393 
1703417024.198 -2.066 -6.476 
1703417024.299 -2.153 -6.555 
1703417024.398 -2.239 -6.634 
1703417024.498 -2.327 -6.713 
1703417024.599 -2.415 -6.787 
1703417024.699 -2.503 -6.858 
1703417024.800 -2.594 -6.935 
1703417024.901 -2.680 -7.014 
1703417025.001 -2.778 -7.094 
1703417025.100 -2.875 -7.174 
1703417025.201 -2.969 -7.254 
1703417025.302 -3.059 -7.327 
1703417025.401 -3.162 -7.395 
1703417025.501 -3.261 -7.457 
1703417025.602 -3.362 -7.522 
1703417025.702 -3.454 -7.590 
1703417025.803 -3.559 -7.654 
1703417025.902 -3.665 -7.715 
1703417026.003 -3.770 -7.777 
1703417026.103 -3.876 -7.847 
1703417026.203 -3.980 -7.913 
1703417026.304 -4.090 -7.969 
1703417026.403 -4.195 -8.023 
1703417026.503 -4.303 -8.077 
1703417026.604 -4.412 -8.131 
1703417026.704 -4.523 -8.180 
1703417026.805 -4.633 -8.225 
1703417026.904 -4.753 -8.261 
1703417027.004 -4.864 -8.300 
1703417027.115 -4.976 -8.339 
1703417027.209 -5.076 -8.377 
1703417027.305 -5.187 -8.406 
1703417027.406 -5.322 -8.390 
1703417027.505 -5.411 -8.377 
1703417027.606 -5.466 -8.383 
1703417027.706 -5.509 -8.408 
1703417027.806 -5.512 -8.352 
1703417027.905 -5.508 -8.282 
1703417028.005 -5.516 -8.201 
1703417028.106 -5.535 -8.105 
1703417028.206 -5.556 -8.008 
1703417028.306 -5.579 -7.907 
1703417028.407 -5.616 -7.808 
1703417028.506 -5.652 -7.719 
1703417028.607 -5.683 -7.633 
1703417028.706 -5.683 -7.572 
1703417028.807 -5.703 -7.498 
1703417028.907 -5.746 -7.418 
1703417029.007 -5.798 -7.336 
1703417029.107 -5.867 -7.252 
1703417029.207 -5.925 -7.171 
1703417029.308 -5.933 -7.122 
1703417029.408 -5.925 -7.112 
1703417029.507 -5.944 -7.141 
1703417029.607 -5.944 -7.099 
1703417029.707 -5.876 -6.991 
1703417029.808 -5.783 -6.896 
1703417029.909 -5.785 -6.821 
1703417030.008 -5.805 -6.755 
1703417030.111 -5.814 -6.684 
1703417030.210 -5.787 -6.611 
1703417030.309 -5.683 -6.585 
1703417030.409 -5.558 -6.580 
1703417030.509 -5.469 -6.596 
1703417030.609 -5.407 -6.644 
1703417030.709 -5.313 -6.695 
1703417030.810 -5.213 -6.750 
1703417030.909 -5.122 -6.802 
1703417031.009 -5.024 -6.857 
1703417031.109 -4.917 -6.916 
1703417031.209 -4.815 -6.974 
1703417031.310 -4.722 -7.036 
1703417031.409 -4.623 -7.106 
1703417031.510 -4.520 -7.180 
1703417031.611 -4.425 -7.254 
1703417031.711 -4.331 -7.326 
1703417031.811 -4.237 -7.398 
1703417031.910 -4.142 -7.470 
1703417032.011 -4.049 -7.541 
1703417032.111 -3.954 -7.613 
1703417032.210 -3.861 -7.688 
1703417032.311 -3.765 -7.766 
1703417032.414 -3.670 -7.846 
1703417032.513 -3.571 -7.918 
1703417032.614 -3.472 -7.992 
1703417032.714 -3.374 -8.061 
1703417032.814 -3.279 -8.129 
1703417032.916 -3.184 -8.193 
1703417033.016 -3.078 -8.259 
1703417033.117 -2.974 -8.322 
1703417033.218 -2.873 -8.389 
1703417033.317 -2.774 -8.455 
1703417033.418 -2.665 -8.521 
1703417033.518 -2.551 -8.583 
1703417033.617 -2.459 -8.625 
1703417033.718 -2.387 -8.663 
1703417033.818 -2.260 -8.671 
1703417033.918 -2.114 -8.664 
1703417034.018 -1.981 -8.666 
1703417034.118 -1.850 -8.663 
1703417034.218 -1.769 -8.665 
1703417034.318 -1.747 -8.697 
1703417034.418 -1.735 -8.737 
1703417034.518 -1.714 -8.683 
1703417034.619 -1.672 -8.548 
1703417034.718 -1.584 -8.382 
1703417034.819 -1.521 -8.250 
1703417034.919 -1.475 -8.148 
1703417035.019 -1.440 -8.070 
1703417035.119 -1.400 -7.996 
1703417035.220 -1.369 -7.925 
1703417035.319 -1.376 -7.880 
1703417035.420 -1.361 -7.829 
1703417035.520 -1.248 -7.770 
1703417035.622 -1.147 -7.709 
1703417035.722 -1.040 -7.646 
1703417035.822 -0.916 -7.599 
1703417035.923 -0.818 -7.545 
1703417036.023 -0.702 -7.506 
1703417036.123 -0.586 -7.489 
1703417036.223 -0.464 -7.497 
1703417036.323 -0.341 -7.514 
1703417036.423 -0.201 -7.538 
1703417036.523 -0.047 -7.594 
1703417036.623 -0.000 -7.601 
1703417036.723 0.036 -7.593 
1703417036.823 0.114 -7.613 
1703417036.923 0.214 -7.683 
1703417037.025 0.319 -7.764 
1703417037.126 0.386 -7.826 
1703417037.225 0.435 -7.857 
1703417037.325 0.500 -7.903 
1703417037.426 0.576 -7.957 
1703417037.526 0.651 -7.995 
1703417037.625 0.722 -8.029 
1703417037.726 0.792 -8.065 
1703417037.831 0.869 -8.106 
1703417037.926 0.930 -8.142 
1703417038.028 1.000 -8.181 
1703417038.126 1.085 -8.216 
1703417038.226 1.170 -8.245 
1703417038.326 1.248 -8.272 
1703417038.427 1.322 -8.299 
1703417038.526 1.385 -8.327 
1703417038.628 1.457 -8.355 
1703417038.728 1.537 -8.383 
1703417038.828 1.615 -8.413 
1703417038.928 1.686 -8.442 
1703417039.028 1.754 -8.469 
1703417039.128 1.831 -8.496 
1703417039.228 1.929 -8.530 
1703417039.329 2.045 -8.567 
1703417039.432 2.162 -8.603 
1703417039.532 2.232 -8.623 
1703417039.630 2.247 -8.647 
1703417039.729 2.232 -8.677 
1703417039.830 2.280 -8.655 
1703417039.932 2.391 -8.566 
1703417040.030 2.453 -8.560 
1703417040.131 2.526 -8.571 
1703417040.230 2.614 -8.513 
1703417040.331 2.687 -8.425 
1703417040.431 2.742 -8.312 
1703417040.531 2.775 -8.229 
1703417040.631 2.815 -8.172 
1703417040.732 2.871 -8.097 
1703417040.832 2.930 -8.009 
1703417040.933 2.977 -7.923 
1703417041.032 3.030 -7.845 
1703417041.132 3.089 -7.776 
1703417041.233 3.149 -7.706 
1703417041.333 3.228 -7.634 
1703417041.433 3.304 -7.562 
1703417041.533 3.351 -7.485 
1703417041.633 3.378 -7.415 
1703417041.733 3.423 -7.362 
1703417041.833 3.504 -7.320 
1703417041.934 3.606 -7.275 
1703417042.033 3.690 -7.223 
1703417042.134 3.753 -7.169 
1703417042.235 3.865 -7.133 
1703417042.334 4.008 -7.105 
1703417042.435 4.137 -7.089 
1703417042.534 4.248 -7.103 
1703417042.634 4.345 -7.117 
1703417042.734 4.441 -7.145 
1703417042.834 4.535 -7.178 
1703417045.553 4.629 -6.970 
1703417045.554 4.629 -6.970 
1703417045.655 4.637 -6.939 
1703417045.755 4.682 -6.856 
1703417045.855 4.765 -6.740 
1703417045.955 4.842 -6.627 
1703417046.054 4.915 -6.528 
1703417046.155 4.985 -6.432 
1703417046.257 5.060 -6.340 
1703417046.356 5.123 -6.260 
1703417046.458 5.174 -6.202 
1703417046.556 5.228 -6.144 
1703417046.656 5.279 -6.079 
1703417046.757 5.333 -6.016 
1703417046.857 5.388 -5.956 
1703417046.957 5.441 -5.898 
1703417047.056 5.492 -5.844 
1703417047.156 5.565 -5.771 
1703417047.257 5.650 -5.680 
1703417047.358 5.719 -5.597 
1703417047.458 5.770 -5.559 
1703417047.558 5.853 -5.515 
1703417047.658 5.945 -5.455 
1703417047.758 6.020 -5.398 
1703417047.858 6.081 -5.344 
1703417047.958 6.147 -5.300 
1703417048.059 6.226 -5.265 
1703417048.157 6.339 -5.277 
1703417048.258 6.453 -5.305 
1703417048.359 6.566 -5.348 
1703417048.462 6.675 -5.405 
1703417048.560 6.754 -5.448 
1703417048.659 6.806 -5.480 
1703417048.759 6.855 -5.525 
1703417048.859 6.908 -5.607 
1703417048.959 6.962 -5.689 
1703417049.060 7.022 -5.758 
1703417049.162 7.077 -5.814 
1703417049.263 7.129 -5.884 
1703417049.362 7.177 -5.980 
1703417049.462 7.227 -6.075 
1703417049.563 7.278 -6.155 
1703417049.662 7.326 -6.232 
1703417049.762 7.366 -6.289 
1703417049.863 7.394 -6.347 
1703417049.963 7.427 -6.424 
1703417050.065 7.464 -6.501 
1703417050.182 7.499 -6.573 
1703417050.272 7.535 -6.642 
1703417050.368 7.568 -6.722 
1703417050.467 7.601 -6.806 
1703417050.567 7.632 -6.889 
1703417050.671 7.664 -6.970 
1703417050.766 7.692 -7.049 
1703417050.868 7.717 -7.137 
1703417050.969 7.744 -7.225 
1703417051.070 7.771 -7.312 
1703417051.169 7.797 -7.398 
1703417051.269 7.823 -7.485 
1703417051.369 7.848 -7.584 
1703417054.981 8.012 -7.948 
1703417054.981 8.012 -7.948 
1703417055.082 7.968 -7.917 
1703417055.182 7.891 -7.846 
1703417055.283 7.799 -7.770 
1703417055.382 7.726 -7.706 
1703417055.484 7.659 -7.623 
1703417055.583 7.568 -7.539 
1703417055.685 7.478 -7.452 
1703417055.789 7.389 -7.362 
1703417055.883 7.310 -7.279 
1703417055.983 7.226 -7.190 
1703417056.084 7.142 -7.101 
1703417056.183 7.057 -7.010 
1703417056.283 6.975 -6.919 
1703417056.384 6.890 -6.832 
1703417056.484 6.804 -6.745 
1703417056.584 6.718 -6.658 
1703417056.684 6.633 -6.571 
1703417056.784 6.547 -6.485 
1703417056.885 6.460 -6.399 
1703417056.984 6.373 -6.313 
1703417057.084 6.286 -6.227 
1703417057.185 6.201 -6.144 
1703417057.285 6.115 -6.061 
1703417057.386 6.030 -5.977 
1703417057.487 5.939 -5.891 
1703417057.585 5.858 -5.804 
1703417057.686 5.768 -5.717 
1703417057.786 5.677 -5.637 
1703417057.886 5.583 -5.562 
1703417057.985 5.478 -5.488 
1703417058.087 5.390 -5.402 
1703417058.190 5.287 -5.336 
1703417058.288 5.184 -5.282 
1703417058.387 5.077 -5.238 
1703417058.487 4.967 -5.204 
1703417058.587 4.855 -5.176 
1703417058.687 4.738 -5.156 
1703417058.787 4.625 -5.145 
1703417058.888 4.511 -5.144 
1703417058.988 4.396 -5.140 
1703417059.088 4.303 -5.148 
1703417059.187 4.231 -5.150 
1703417059.287 4.165 -5.137 
1703417059.388 4.058 -5.125 
1703417059.488 3.940 -5.112 
1703417059.588 3.855 -5.111 
1703417059.688 3.778 -5.104 
1703417059.789 3.717 -5.085 
1703417059.889 3.666 -5.067 
1703417059.990 3.600 -5.062 
1703417060.089 3.494 -5.043 
1703417060.190 3.370 -5.021 
1703417060.290 3.260 -5.010 
1703417060.389 3.156 -5.004 
1703417060.490 3.049 -4.987 
1703417060.593 2.948 -4.965 
1703417060.691 2.861 -4.963 
1703417060.791 2.770 -4.953 
1703417060.891 2.672 -4.935 
1703417060.991 2.564 -4.883 
1703417061.091 2.461 -4.833 
1703417061.192 2.367 -4.788 
1703417061.292 2.279 -4.764 
1703417061.393 2.190 -4.726 
1703417061.493 2.105 -4.675 
1703417061.593 2.016 -4.617 
1703417061.695 1.927 -4.543 
1703417061.795 1.853 -4.466 
1703417061.893 1.789 -4.393 
1703417061.994 1.724 -4.328 
1703417062.094 1.657 -4.240 
1703417062.193 1.598 -4.141 
1703417062.294 1.542 -4.037 
1703417062.394 1.491 -3.934 
1703417062.494 1.443 -3.832 
1703417062.594 1.396 -3.731 
1703417062.694 1.346 -3.632 
1703417062.796 1.296 -3.533 
1703417062.896 1.248 -3.439 
1703417062.996 1.200 -3.342 
1703417063.097 1.138 -3.242 
1703417063.196 1.073 -3.150 
1703417063.297 1.014 -3.060 
1703417063.397 0.958 -2.961 
1703417063.498 0.893 -2.861 
1703417063.597 0.818 -2.768 
1703417063.697 0.748 -2.679 
1703417063.798 0.685 -2.592 
1703417063.897 0.624 -2.512 
1703417063.997 0.538 -2.426 
1703417064.098 0.453 -2.353 
1703417064.198 0.381 -2.289 
1703417064.298 0.306 -2.215 
1703417064.398 0.224 -2.136 
1703417064.499 0.142 -2.051 
1703417064.599 0.066 -1.971 
1703417064.700 -0.006 -1.896 
1703417064.799 -0.077 -1.821 
1703417064.900 -0.150 -1.745 
1703417064.999 -0.220 -1.672 
1703417065.101 -0.290 -1.601 
1703417065.200 -0.358 -1.530 
1703417065.299 -0.426 -1.440 
1703417065.400 -0.502 -1.342 
1703417065.500 -0.566 -1.257 
1703417065.601 -0.636 -1.177 
1703417065.700 -0.705 -1.100 
1703417065.800 -0.787 -1.024 
1703417065.900 -0.867 -0.959 
1703417066.000 -0.943 -0.894 
1703417066.100 -1.019 -0.822 
1703417066.200 -1.097 -0.750 
1703417066.301 -1.174 -0.686 
1703417066.401 -1.253 -0.633 
1703417066.503 -1.324 -0.583 
1703417066.602 -1.397 -0.534 
1703417066.701 -1.480 -0.485 
1703417066.801 -1.555 -0.439 
1703417066.903 -1.627 -0.397 
1703417067.001 -1.699 -0.353 
1703417067.101 -1.763 -0.312 
1703417067.202 -1.826 -0.272 
1703417067.307 -1.891 -0.228 
1703417067.403 -1.967 -0.172 
1703417067.503 -2.044 -0.116 
1703417067.610 -2.113 -0.065 
1703417067.707 -2.176 -0.022 
1703417067.806 -2.236 0.019 
1703417067.903 -2.302 0.083 
1703417068.004 -2.376 0.173 
1703417068.104 -2.440 0.246 
1703417068.205 -2.503 0.314 
1703417068.305 -2.573 0.383 
1703417068.405 -2.641 0.451 
1703417068.505 -2.709 0.520 
1703417068.605 -2.776 0.589 
1703417068.706 -2.849 0.656 
1703417068.807 -2.919 0.720 
1703417068.907 -2.986 0.782 
1703417069.007 -3.056 0.848 
1703417069.107 -3.125 0.923 
1703417069.206 -3.201 0.990 
1703417069.306 -3.273 1.034 
1703417069.406 -3.353 1.075 
1703417069.507 -3.456 1.114 
1703417069.610 -3.561 1.145 
1703417069.710 -3.653 1.170 
1703417069.810 -3.744 1.200 
1703417069.910 -3.826 1.240 
1703417070.010 -3.910 1.277 
1703417070.110 -3.997 1.287 
1703417070.211 -4.080 1.268 
1703417070.311 -4.172 1.234 
1703417070.411 -4.248 1.203 
1703417070.511 -4.305 1.160 
1703417070.611 -4.354 1.108 
1703417070.711 -4.404 1.060 
1703417070.811 -4.460 1.022 
1703417070.911 -4.525 0.985 
1703417071.011 -4.586 0.941 
1703417071.112 -4.645 0.876 
1703417071.212 -4.697 0.805 
1703417071.312 -4.741 0.750 
1703417071.413 -4.829 0.682 
1703417071.512 -4.921 0.612 
1703417075.122 -4.668 0.381 
1703417075.221 -4.654 0.376 
1703417075.322 -4.619 0.407 
1703417075.424 -4.534 0.498 
1703417075.525 -4.472 0.593 
1703417075.625 -4.408 0.684 
1703417075.725 -4.362 0.755 
1703417075.826 -4.352 0.801 
1703417075.925 -4.335 0.833 
1703417076.026 -4.304 0.856 
1703417076.126 -4.276 0.879 
1703417076.225 -4.246 0.901 
1703417076.326 -4.176 0.908 
1703417076.428 -4.106 0.914 
1703417076.526 -4.048 0.920 
1703417076.626 -3.984 0.921 
1703417076.727 -3.923 0.923 
1703417076.828 -3.874 0.935 
1703417076.927 -3.819 0.930 
1703417077.028 -3.757 0.922 
1703417077.127 -3.665 0.905 
1703417077.227 -3.582 0.902 
1703417077.328 -3.506 0.908 
1703417077.429 -3.460 0.903 
1703417077.528 -3.407 0.884 
1703417077.629 -3.337 0.863 
1703417077.729 -3.266 0.843 
1703417077.829 -3.190 0.822 
1703417077.930 -3.109 0.795 
1703417078.030 -3.028 0.770 
1703417078.130 -2.944 0.746 
1703417078.230 -2.860 0.729 
1703417078.331 -2.772 0.725 
1703417078.430 -2.675 0.723 
1703417078.530 -2.580 0.711 
1703417078.630 -2.489 0.703 
1703417078.730 -2.403 0.702 
1703417078.830 -2.319 0.710 
1703417078.932 -2.231 0.716 
1703417079.031 -2.150 0.721 
1703417079.131 -2.067 0.727 
1703417079.231 -1.988 0.735 
1703417079.331 -1.909 0.740 
1703417079.431 -1.831 0.744 
1703417079.531 -1.755 0.749 
1703417079.631 -1.676 0.752 
1703417079.732 -1.598 0.756 
1703417079.833 -1.522 0.761 
1703417079.933 -1.446 0.765 
1703417080.033 -1.368 0.765 
1703417080.132 -1.290 0.766 
1703417080.233 -1.224 0.773 
1703417080.334 -1.152 0.769 
1703417080.433 -1.072 0.763 
1703417080.534 -0.955 0.758 
1703417080.635 -0.852 0.734 
1703417080.736 -0.762 0.733 
1703417080.836 -0.666 0.744 
1703417080.935 -0.556 0.754 
1703417081.036 -0.446 0.760 
1703417081.135 -0.361 0.752 
1703417081.235 -0.280 0.756 
1703417081.335 -0.195 0.752 
1703417081.436 -0.085 0.738 
1703417081.535 0.017 0.727 
1703417081.636 0.090 0.715 
1703417081.736 0.178 0.715 
1703417081.836 0.279 0.718 
1703417081.936 0.383 0.717 
1703417082.035 0.516 0.734 
1703417082.137 0.659 0.758 
1703417082.237 0.796 0.779 
1703417082.337 0.928 0.798 
1703417082.437 1.039 0.817 
1703417082.537 1.075 0.788 
1703417082.637 1.063 0.725 
1703417082.737 1.079 0.736 
1703417082.837 1.138 0.792 
1703417082.938 1.199 0.857 
1703417083.042 1.303 0.924 
1703417083.138 1.412 0.995 
1703417083.238 1.523 1.068 
1703417083.338 1.591 1.127 
1703417083.439 1.653 1.167 
1703417083.538 1.725 1.231 
1703417083.638 1.804 1.304 
1703417083.738 1.878 1.368 
1703417083.838 1.949 1.431 
1703417083.939 2.019 1.495 
1703417084.039 2.109 1.554 
1703417084.142 2.213 1.609 
1703417084.239 2.309 1.664 
1703417084.340 2.422 1.718 
1703417084.440 2.507 1.784 
1703417084.541 2.615 1.837 
1703417084.639 2.722 1.863 
1703417084.739 2.844 1.894 
1703417084.839 2.971 1.933 
1703417084.939 3.090 1.955 
1703417085.043 3.206 1.952 
1703417085.142 3.326 1.942 
1703417085.243 3.447 1.941 
1703417085.342 3.566 1.934 
1703417085.446 3.703 1.928 
1703417085.542 3.817 1.917 
1703417085.643 3.905 1.924 
1703417085.743 3.985 1.908 
1703417085.843 4.062 1.874 
1703417085.943 4.140 1.827 
1703417086.046 4.212 1.768 
1703417086.144 4.275 1.705 
1703417086.243 4.335 1.636 
1703417086.344 4.390 1.563 
1703417086.444 4.437 1.495 
1703417086.544 4.482 1.432 
1703417086.644 4.550 1.351 
1703417086.744 4.603 1.264 
1703417086.845 4.648 1.214 
1703417086.944 4.694 1.176 
1703417087.045 4.732 1.113 
1703417087.145 4.790 1.027 
1703417087.246 4.872 0.929 
1703417087.345 4.940 0.840 
1703417087.446 4.991 0.763 
1703417087.548 5.060 0.688 
1703417087.645 5.109 0.627 
1703417087.746 5.136 0.577 
1703417087.846 5.138 0.532 
1703417087.946 5.155 0.489 
1703417088.048 5.219 0.464 
1703417088.150 5.318 0.400 
1703417088.247 5.423 0.321 
1703417088.347 5.490 0.270 
1703417088.447 5.579 0.241 
1703417088.548 5.697 0.207 
1703417088.648 5.809 0.178 
1703417088.749 5.896 0.145 
1703417088.849 5.960 0.108 
1703417088.949 6.067 0.100 
1703417089.048 6.192 0.124 
1703417089.149 6.278 0.112 
1703417089.249 6.389 0.153 
1703417089.349 6.506 0.224 
1703417089.449 6.609 0.279 
1703417089.549 6.675 0.327 
1703417089.649 6.726 0.382 
1703417089.750 6.789 0.460 
1703417089.849 6.855 0.532 
1703417089.949 6.922 0.603 
1703417090.050 6.990 0.681 
1703417090.151 7.059 0.752 
1703417090.250 7.128 0.815 
1703417090.350 7.204 0.884 
1703417090.451 7.273 0.959 
1703417090.551 7.348 1.028 
1703417090.658 7.426 1.102 
1703417090.751 7.490 1.163 
1703417090.851 7.565 1.238 
1703417090.951 7.635 1.311 
1703417091.053 7.709 1.384 
1703417091.154 7.778 1.454 
1703417091.251 7.842 1.521 
1703417091.352 7.906 1.591 
1703417091.452 7.965 1.659 
1703417091.554 8.021 1.728 
1703417091.654 8.080 1.791 
1703417091.754 8.133 1.851 
1703417091.856 8.206 1.929 
1703417091.956 8.272 2.019 
1703417092.056 8.315 2.087 
1703417092.156 8.359 2.146 
1703417092.256 8.412 2.219 
1703417092.356 8.462 2.329 
1703417092.456 8.509 2.406 
1703417092.557 8.547 2.493 
1703417092.656 8.554 2.601 
1703417092.757 8.547 2.716 
1703417092.857 8.529 2.835 
1703417092.957 8.473 2.958 
1703417093.057 8.422 3.071 
1703417093.158 8.351 3.176 
1703417093.258 8.258 3.267 
1703417093.358 8.151 3.328 
1703417093.457 8.047 3.344 
1703417093.558 7.927 3.327 
1703417093.658 7.788 3.319 
1703417093.758 7.671 3.313 
1703417093.858 7.556 3.298 
1703417093.958 7.432 3.286 
1703417094.059 7.325 3.269 
1703417094.158 7.206 3.263 
1703417094.259 7.080 3.263 
1703417094.359 6.954 3.262 
1703417094.459 6.830 3.269 
1703417094.559 6.704 3.287 
1703417094.660 6.569 3.326 
1703417094.760 6.443 3.359 
1703417094.860 6.343 3.363 
1703417094.960 6.241 3.395 
1703417095.059 6.139 3.461 
1703417095.160 6.048 3.553 
1703417095.260 5.952 3.636 
1703417095.361 5.850 3.673 
1703417095.461 5.745 3.718 
1703417095.561 5.655 3.795 
1703417095.661 5.580 3.892 
1703417095.761 5.504 3.990 
1703417095.860 5.442 4.091 
1703417095.962 5.399 4.197 
1703417096.061 5.378 4.311 
1703417096.161 5.370 4.426 
1703417096.262 5.361 4.542 
1703417096.362 5.381 4.668 
1703417096.462 5.419 4.789 
1703417096.569 5.452 4.896 
1703417096.667 5.487 5.006 
1703417096.764 5.540 5.114 
1703417096.863 5.601 5.206 
1703417096.964 5.672 5.295 
1703417097.062 5.758 5.369 
1703417097.163 5.845 5.431 
1703417097.262 5.916 5.482 
1703417097.364 5.990 5.530 
1703417097.463 6.062 5.592 
1703417097.564 6.118 5.652 
1703417097.664 6.157 5.713 
1703417097.764 6.184 5.760 
1703417097.864 6.210 5.840 
1703417097.965 6.233 5.970 
1703417098.064 6.254 6.066 
1703417098.165 6.269 6.131 
1703417098.264 6.275 6.191 
1703417098.364 6.269 6.254 
1703417098.464 6.259 6.306 
1703417098.564 6.270 6.313 
1703417098.664 6.256 6.334 
1703417098.765 6.213 6.397 
1703417098.865 6.113 6.503 
1703417098.965 6.032 6.600 
1703417099.065 5.955 6.695 
1703417099.166 5.872 6.778 
1703417099.266 5.786 6.844 
1703417099.366 5.718 6.888 
1703417099.465 5.649 6.925 
1703417099.566 5.577 6.953 
1703417099.666 5.509 6.973 
1703417099.765 5.449 7.008 
1703417099.866 5.389 7.095 
1703417099.966 5.325 7.195 
1703417100.066 5.267 7.293 
1703417100.166 5.219 7.361 
1703417100.267 5.178 7.399 
1703417100.366 5.141 7.459 
1703417100.466 5.120 7.560 
1703417100.567 5.090 7.679 
1703417100.667 5.063 7.784 
1703417100.767 5.052 7.852 
1703417100.867 5.058 7.907 
1703417100.967 5.073 7.959 
1703417101.067 5.091 8.021 
1703417101.770 5.178 8.196 
1703417101.871 5.173 8.214 
1703417101.971 5.098 8.206 
1703417102.070 4.974 8.173 
1703417102.171 4.872 8.168 
1703417102.272 4.765 8.148 
1703417102.371 4.661 8.141 
1703417102.471 4.578 8.137 
1703417102.572 4.519 8.132 
1703417102.671 4.456 8.128 
1703417102.772 4.379 8.127 
1703417102.871 4.260 8.158 
1703417102.972 4.157 8.174 
1703417103.072 4.077 8.189 
1703417103.173 3.992 8.211 
1703417103.272 3.899 8.250 
1703417103.374 3.817 8.296 
1703417103.472 3.736 8.331 
1703417103.577 3.652 8.360 
1703417103.674 3.571 8.391 
1703417103.775 3.474 8.456 
1703417103.874 3.386 8.527 
1703417103.975 3.324 8.572 
1703417104.074 3.275 8.591 
1703417104.175 3.246 8.630 
1703417104.275 3.207 8.700 
1703417104.374 3.156 8.771 
1703417104.475 3.057 8.842 
1703417104.574 2.950 8.900 
1703417104.674 2.849 8.952 
1703417104.775 2.742 8.991 
1703417104.876 2.631 9.015 
1703417104.977 2.514 9.029 
1703417105.076 2.398 9.036 
1703417105.177 2.303 9.025 
1703417105.278 2.236 9.014 
1703417105.378 2.160 9.010 
1703417105.477 2.066 9.002 
1703417105.579 1.981 8.995 
1703417105.677 1.901 8.986 
1703417105.777 1.811 8.973 
1703417105.878 1.726 8.962 
1703417105.978 1.637 8.959 
1703417106.079 1.547 8.951 
1703417106.179 1.457 8.943 
1703417106.279 1.363 8.934 
1703417106.379 1.273 8.922 
1703417106.479 1.181 8.912 
1703417106.579 1.088 8.908 
1703417106.679 0.999 8.904 
1703417106.780 0.913 8.898 
1703417106.880 0.832 8.894 
1703417106.981 0.745 8.891 
1703417107.080 0.650 8.893 
1703417107.180 0.557 8.896 
1703417107.280 0.463 8.897 
1703417107.381 0.369 8.899 
1703417107.481 0.274 8.901 
1703417107.581 0.178 8.901 
1703417107.681 0.084 8.898 
1703417107.782 -0.012 8.895 
1703417107.882 -0.104 8.894 
1703417107.982 -0.193 8.893 
1703417108.082 -0.280 8.895 
1703417108.182 -0.362 8.896 
1703417108.282 -0.441 8.895 
1703417108.382 -0.517 8.892 
1703417108.482 -0.613 8.891 
1703417108.582 -0.715 8.895 
1703417108.683 -0.828 8.887 
1703417108.782 -0.939 8.870 
1703417108.882 -1.026 8.849 
1703417108.982 -1.104 8.829 
1703417109.084 -1.185 8.824 
1703417109.183 -1.269 8.821 
1703417109.284 -1.365 8.796 
1703417109.389 -1.439 8.775 
1703417109.488 -1.514 8.761 
1703417109.589 -1.596 8.745 
1703417109.689 -1.684 8.739 
1703417109.789 -1.774 8.718 
1703417109.889 -1.856 8.678 
1703417109.990 -1.929 8.622 
1703417110.092 -1.999 8.548 
1703417110.190 -2.049 8.481 
1703417110.291 -2.093 8.427 
1703417110.392 -2.128 8.365 
1703417110.492 -2.147 8.274 
1703417110.591 -2.152 8.189 
1703417110.691 -2.147 8.111 
1703417110.792 -2.120 8.014 
1703417110.893 -2.084 7.931 
1703417110.996 -2.042 7.865 
1703417111.092 -1.993 7.812 
1703417111.193 -1.934 7.765 
1703417111.293 -1.890 7.724 
1703417111.393 -1.857 7.689 
1703417111.493 -1.811 7.629 
1703417111.592 -1.771 7.546 
1703417111.693 -1.755 7.441 
1703417111.794 -1.745 7.322 
1703417111.894 -1.726 7.217 
1703417111.994 -1.710 7.170 
1703417112.093 -1.692 7.104 
1703417112.194 -1.679 6.994 
1703417112.294 -1.664 6.888 
1703417112.394 -1.653 6.795 
1703417112.494 -1.648 6.718 
1703417115.410 -1.532 6.499 
1703417115.410 -1.532 6.499 
1703417115.511 -1.506 6.493 
1703417115.611 -1.414 6.500 
1703417115.711 -1.279 6.496 
1703417115.813 -1.131 6.481 
1703417115.912 -1.005 6.447 
1703417116.012 -0.886 6.424 
1703417116.112 -0.772 6.403 
1703417116.212 -0.656 6.379 
1703417116.312 -0.543 6.353 
1703417116.413 -0.427 6.328 
1703417116.512 -0.310 6.304 
1703417116.613 -0.190 6.276 
1703417116.712 -0.070 6.241 
1703417116.813 0.039 6.217 
1703417116.913 0.154 6.183 
1703417117.014 0.268 6.150 
1703417117.113 0.381 6.108 
1703417117.214 0.495 6.074 
1703417117.314 0.613 6.039 
1703417117.413 0.726 5.996 
1703417117.514 0.837 5.949 
1703417117.614 0.949 5.886 
1703417117.714 1.057 5.839 
1703417117.814 1.163 5.782 
1703417117.915 1.234 5.720 
1703417118.014 1.304 5.655 
1703417118.114 1.377 5.572 
1703417118.215 1.455 5.489 
1703417118.315 1.534 5.406 
1703417118.415 1.615 5.321 
1703417118.515 1.687 5.239 
1703417118.622 1.755 5.163 
1703417118.718 1.815 5.095 
1703417118.817 1.876 5.039 
1703417118.916 1.938 4.981 
1703417119.015 1.989 4.886 
1703417119.115 2.029 4.780 
1703417119.216 2.066 4.683 
1703417119.316 2.070 4.575 
1703417119.416 2.080 4.460 
1703417119.517 2.085 4.355 
1703417119.617 2.077 4.239 
1703417119.718 2.065 4.125 
1703417119.817 2.045 4.012 
1703417119.918 2.019 3.899 
1703417120.018 1.990 3.788 
1703417120.118 1.948 3.677 
1703417120.218 1.903 3.565 
1703417120.319 1.853 3.456 
1703417120.419 1.789 3.351 
1703417120.519 1.732 3.247 
1703417120.623 1.665 3.142 
1703417120.718 1.601 3.051 
1703417120.819 1.524 2.956 
1703417120.919 1.444 2.866 
1703417121.019 1.368 2.777 
1703417121.119 1.292 2.688 
1703417121.219 1.212 2.601 
1703417121.319 1.131 2.517 
1703417121.421 1.049 2.430 
1703417121.520 0.969 2.345 
1703417121.620 0.887 2.260 
1703417121.720 0.802 2.174 
1703417121.820 0.718 2.089 
1703417121.920 0.636 2.004 
1703417122.021 0.552 1.920 
1703417122.122 0.466 1.834 
1703417122.221 0.380 1.751 
1703417122.321 0.297 1.672 
1703417122.421 0.215 1.596 
1703417122.522 0.134 1.515 
1703417122.622 0.047 1.430 
1703417122.722 -0.041 1.353 
1703417122.822 -0.133 1.277 
1703417122.922 -0.226 1.200 
1703417123.022 -0.321 1.124 
1703417123.122 -0.415 1.050 
1703417123.222 -0.502 0.977 
1703417123.323 -0.593 0.900 
1703417123.422 -0.690 0.833 
1703417123.522 -0.789 0.768 
1703417123.622 -0.884 0.703 
1703417123.722 -0.970 0.641 
1703417123.823 -1.057 0.588 
1703417123.923 -1.146 0.538 
1703417124.024 -1.232 0.492 
1703417124.125 -1.335 0.455 
1703417124.223 -1.439 0.429 
1703417124.324 -1.521 0.392 
1703417124.424 -1.609 0.360 
1703417124.524 -1.720 0.343 
1703417124.624 -1.833 0.336 
1703417124.724 -1.951 0.347 
1703417124.824 -2.065 0.358 
1703417124.924 -2.187 0.379 
1703417125.025 -2.305 0.396 
1703417125.125 -2.390 0.379 
1703417125.226 -2.464 0.365 
1703417125.325 -2.515 0.370 
1703417125.425 -2.582 0.403 
1703417125.526 -2.703 0.442 
1703417125.625 -2.829 0.507 
1703417125.732 -2.954 0.558 
1703417125.826 -3.045 0.607 
1703417125.929 -3.145 0.692 
1703417126.027 -3.241 0.769 
1703417126.127 -3.349 0.855 
1703417126.227 -3.466 0.931 
1703417126.327 -3.562 0.993 
1703417126.426 -3.677 1.040 
1703417126.527 -3.790 1.078 
1703417126.629 -3.904 1.093 
1703417126.728 -4.023 1.099 
1703417126.827 -4.145 1.108 
1703417126.927 -4.265 1.103 
1703417127.027 -4.385 1.077 
1703417127.130 -4.505 1.035 
1703417127.228 -4.601 0.966 
1703417127.327 -4.684 0.878 
1703417127.428 -4.762 0.801 
1703417127.528 -4.824 0.722 
1703417127.629 -4.877 0.641 
1703417127.729 -4.921 0.552 
1703417127.828 -4.950 0.458 
1703417127.928 -4.965 0.359 
1703417128.028 -4.978 0.265 
1703417128.129 -4.989 0.179 
1703417128.229 -4.999 0.098 
1703417128.328 -5.005 0.025 
1703417128.429 -5.017 -0.061 
1703417128.530 -5.053 -0.175 
1703417128.630 -5.093 -0.293 
1703417128.730 -5.115 -0.382 
1703417130.736 -4.982 -0.670 
1703417130.837 -5.007 -0.673 
1703417130.937 -5.086 -0.671 
1703417131.038 -5.211 -0.662 
1703417131.137 -5.342 -0.662 
1703417131.238 -5.478 -0.627 
1703417131.337 -5.598 -0.589 
1703417131.438 -5.677 -0.543 
1703417131.538 -5.711 -0.491 
1703417131.639 -5.791 -0.394 
1703417131.739 -5.884 -0.293 
1703417131.838 -5.988 -0.200 
1703417131.938 -6.079 -0.109 
1703417132.038 -6.177 -0.021 
1703417132.139 -6.266 0.044 
1703417132.238 -6.318 0.114 
1703417132.339 -6.358 0.181 
1703417132.439 -6.411 0.250 
1703417132.539 -6.470 0.328 
1703417132.639 -6.529 0.424 
1703417132.739 -6.603 0.521 
1703417132.839 -6.684 0.609 
1703417132.939 -6.767 0.698 
1703417133.039 -6.847 0.788 
1703417133.139 -6.923 0.875 
1703417133.240 -7.000 0.957 
1703417133.340 -7.084 1.034 
1703417133.440 -7.176 1.115 
1703417133.540 -7.268 1.191 
1703417133.640 -7.360 1.263 
1703417133.740 -7.454 1.332 
1703417133.840 -7.551 1.392 
1703417133.940 -7.654 1.448 
1703417134.041 -7.762 1.502 
1703417134.142 -7.876 1.560 
1703417134.241 -7.987 1.614 
1703417134.342 -8.094 1.638 
1703417134.441 -8.205 1.638 
1703417134.541 -8.245 1.686 
1703417138.352 -8.608 1.699 
1703417138.452 -8.563 1.702 
1703417138.552 -8.446 1.763 
1703417138.653 -8.326 1.798 
1703417138.753 -8.218 1.822 
1703417138.854 -8.103 1.858 
1703417138.953 -7.989 1.891 
1703417139.054 -7.877 1.928 
1703417139.154 -7.762 1.967 
1703417139.254 -7.647 2.010 
1703417139.354 -7.531 2.049 
1703417139.454 -7.417 2.087 
1703417139.554 -7.304 2.129 
1703417139.655 -7.209 2.171 
1703417139.755 -7.131 2.204 
1703417139.855 -7.055 2.235 
1703417139.955 -6.975 2.264 
1703417140.058 -6.887 2.303 
1703417140.158 -6.801 2.347 
1703417140.258 -6.719 2.391 
1703417140.359 -6.640 2.442 
1703417140.460 -6.566 2.493 
1703417140.561 -6.493 2.545 
1703417140.661 -6.419 2.597 
1703417140.762 -6.345 2.654 
1703417140.862 -6.274 2.705 
1703417140.962 -6.209 2.760 
1703417141.064 -6.136 2.817 
1703417141.163 -6.062 2.884 
1703417141.262 -5.996 2.949 
1703417141.363 -5.931 3.012 
1703417141.463 -5.867 3.082 
1703417141.563 -5.803 3.145 
1703417145.371 -5.500 3.585 
1703417145.372 -5.500 3.585 
1703417145.474 -5.503 3.602 
1703417145.572 -5.562 3.659 
1703417145.673 -5.631 3.734 
1703417145.774 -5.710 3.805 
1703417145.873 -5.796 3.883 
1703417145.973 -5.908 3.943 
1703417146.074 -6.017 3.996 
1703417146.175 -6.122 4.047 
1703417146.274 -6.225 4.108 
1703417146.374 -6.321 4.164 
1703417146.474 -6.416 4.206 
1703417146.574 -6.519 4.250 
1703417146.675 -6.634 4.298 
1703417146.774 -6.745 4.342 
1703417146.874 -6.857 4.389 
1703417146.975 -6.969 4.431 
1703417147.076 -7.078 4.483 
1703417147.176 -7.183 4.543 
1703417147.276 -7.287 4.602 
1703417147.376 -7.376 4.659 
1703417147.477 -7.467 4.711 
1703417147.579 -7.599 4.744 
1703417147.677 -7.727 4.768 
1703417147.777 -7.810 4.808 
1703417147.876 -7.919 4.834 
1703417147.977 -8.049 4.846 
1703417148.076 -8.215 4.874 
1703417148.177 -8.344 4.865 
1703417148.278 -8.453 4.846 
1703417148.377 -8.564 4.865 
1703417152.091 -8.601 4.478 
1703417152.192 -8.572 4.441 
1703417152.291 -8.512 4.409 
1703417152.391 -8.366 4.414 
1703417152.492 -8.251 4.393 
1703417152.592 -8.135 4.374 
1703417152.692 -8.013 4.361 
1703417152.792 -7.895 4.373 
1703417152.892 -7.807 4.398 
1703417152.992 -7.730 4.423 
1703417153.092 -7.600 4.439 
1703417153.193 -7.466 4.462 
1703417153.293 -7.367 4.477 
1703417153.393 -7.254 4.507 
1703417153.492 -7.134 4.551 
1703417153.593 -7.009 4.600 
1703417153.694 -6.891 4.627 
1703417153.794 -6.787 4.645 
1703417153.894 -6.689 4.668 
1703417153.995 -6.593 4.690 
1703417154.096 -6.500 4.703 
1703417154.195 -6.407 4.718 
1703417154.296 -6.317 4.736 
1703417154.396 -6.250 4.756 
1703417154.497 -6.187 4.784 
1703417154.597 -6.114 4.792 
1703417154.696 -6.044 4.784 
1703417154.796 -5.982 4.761 
1703417154.897 -5.874 4.775 
1703417154.996 -5.758 4.786 
1703417155.096 -5.626 4.809 
1703417155.197 -5.495 4.852 
1703417155.297 -5.378 4.922 
1703417155.399 -5.306 5.029 
1703417155.499 -5.291 5.142 
1703417155.599 -5.305 5.263 
1703417155.699 -5.330 5.371 
1703417155.799 -5.340 5.489 
1703417155.899 -5.343 5.612 
1703417155.999 -5.347 5.734 
1703417156.100 -5.355 5.856 
1703417156.200 -5.364 5.980 
1703417156.300 -5.372 6.104 
1703417156.400 -5.377 6.223 
1703417156.504 -5.391 6.324 
1703417156.604 -5.408 6.406 
1703417156.703 -5.410 6.483 
1703417156.803 -5.406 6.573 
1703417156.904 -5.405 6.671 
1703417157.004 -5.403 6.772 
1703417157.103 -5.403 6.873 
1703417157.203 -5.414 6.990 
1703417157.304 -5.435 7.109 
1703417157.403 -5.467 7.225 
1703417157.503 -5.493 7.345 
1703417157.604 -5.512 7.467 
1703417157.703 -5.539 7.577 
1703417157.805 -5.578 7.675 
1703417157.904 -5.616 7.764 
1703417158.004 -5.653 7.848 
1703417158.103 -5.685 7.919 
1703417158.204 -5.714 7.995 
1703417158.305 -5.743 8.079 
1703417158.405 -5.777 8.160 
1703417158.505 -5.807 8.241 
1703417158.608 -5.833 8.316 
1703417158.706 -5.873 8.341 
1703417158.805 -5.879 8.405 
1703417158.906 -5.809 8.529 
1703417162.722 -5.696 8.634 
1703417162.723 -5.696 8.634 
1703417162.823 -5.686 8.599 
1703417162.923 -5.673 8.514 
1703417163.023 -5.669 8.370 
1703417163.123 -5.644 8.255 
1703417163.223 -5.640 8.153 
1703417163.323 -5.648 8.035 
1703417163.426 -5.651 7.914 
1703417163.525 -5.648 7.802 
1703417163.626 -5.648 7.690 
1703417163.726 -5.656 7.573 
1703417163.826 -5.663 7.453 
1703417163.926 -5.671 7.335 
1703417164.042 -5.679 7.215 
1703417164.133 -5.686 7.100 
1703417164.232 -5.692 6.981 
1703417164.331 -5.696 6.860 
1703417164.431 -5.700 6.742 
1703417164.531 -5.705 6.624 
1703417164.630 -5.712 6.502 
1703417164.731 -5.716 6.393 
1703417164.830 -5.720 6.315 
1703417164.932 -5.718 6.235 
1703417165.031 -5.717 6.146 
1703417165.132 -5.719 6.048 
1703417165.232 -5.720 5.949 
1703417165.332 -5.720 5.852 
1703417165.432 -5.720 5.756 
1703417165.532 -5.719 5.655 
1703417165.632 -5.718 5.554 
1703417165.733 -5.715 5.453 
1703417165.833 -5.716 5.352 
1703417165.932 -5.714 5.255 
1703417166.033 -5.705 5.154 
1703417166.133 -5.690 5.044 
1703417166.235 -5.684 4.946 
1703417166.338 -5.683 4.848 
1703417166.434 -5.675 4.752 
1703417166.534 -5.653 4.664 
1703417166.652 -5.627 4.575 
1703417166.740 -5.600 4.486 
1703417166.836 -5.589 4.404 
1703417166.935 -5.569 4.324 
1703417167.035 -5.536 4.235 
1703417167.135 -5.502 4.146 
1703417167.235 -5.493 4.081 
1703417167.335 -5.474 4.014 
1703417167.435 -5.445 3.938 
1703417167.535 -5.407 3.868 
1703417167.635 -5.357 3.800 
1703417167.742 -5.312 3.736 
1703417167.838 -5.278 3.665 
1703417167.938 -5.230 3.583 
1703417168.038 -5.175 3.504 
1703417168.138 -5.125 3.433 
1703417168.238 -5.080 3.373 
1703417168.337 -5.030 3.320 
1703417168.438 -4.965 3.265 
1703417168.540 -4.940 3.204 
1703417168.639 -4.920 3.145 
1703417168.742 -4.869 3.105 
1703417168.842 -4.780 3.052 
1703417168.943 -4.687 2.985 
1703417169.042 -4.597 2.916 
1703417169.143 -4.499 2.848 
1703417169.242 -4.408 2.799 
1703417169.343 -4.321 2.751 
1703417169.444 -4.223 2.690 
1703417169.544 -4.125 2.625 
1703417169.643 -4.031 2.569 
1703417169.743 -3.937 2.513 
1703417169.843 -3.838 2.454 
1703417169.944 -3.740 2.395 
1703417170.043 -3.643 2.336 
1703417170.144 -3.546 2.278 
1703417170.244 -3.452 2.223 
1703417170.344 -3.357 2.163 
1703417170.445 -3.260 2.099 
1703417170.544 -3.165 2.038 
1703417170.645 -3.079 1.982 
1703417170.745 -2.987 1.921 
1703417170.844 -2.896 1.862 
1703417170.945 -2.810 1.797 
1703417171.046 -2.728 1.729 
1703417171.146 -2.648 1.674 
1703417171.245 -2.572 1.612 
1703417171.345 -2.496 1.542 
1703417171.446 -2.423 1.471 
1703417171.546 -2.354 1.398 
1703417171.645 -2.284 1.328 
1703417171.746 -2.210 1.258 
1703417171.846 -2.141 1.186 
1703417171.950 -2.067 1.110 
1703417172.047 -1.995 1.042 
1703417172.147 -1.919 0.970 
1703417172.248 -1.853 0.901 
1703417172.347 -1.785 0.830 
1703417172.448 -1.713 0.754 
1703417172.548 -1.644 0.680 
1703417172.649 -1.574 0.608 
1703417172.749 -1.500 0.538 
1703417172.849 -1.418 0.477 
1703417172.950 -1.344 0.413 
1703417173.050 -1.262 0.347 
1703417173.150 -1.184 0.283 
1703417173.250 -1.104 0.217 
1703417173.351 -1.050 0.150 
1703417173.450 -0.986 0.091 
1703417173.550 -0.907 0.042 
1703417173.651 -0.826 -0.008 
1703417173.751 -0.755 -0.061 
1703417173.850 -0.677 -0.104 
1703417173.951 -0.583 -0.141 
1703417174.051 -0.515 -0.186 
1703417174.151 -0.460 -0.232 
1703417174.251 -0.392 -0.273 
1703417174.352 -0.316 -0.285 
1703417174.451 -0.225 -0.293 
1703417174.552 -0.074 -0.278 
1703417174.653 0.071 -0.279 
1703417174.753 0.184 -0.277 
1703417174.853 0.283 -0.274 
1703417174.952 0.386 -0.273 
1703417175.053 0.463 -0.271 
1703417175.152 0.508 -0.274 
1703417175.253 0.564 -0.256 
1703417175.354 0.644 -0.235 
1703417175.454 0.722 -0.207 
1703417175.553 0.817 -0.147 
1703417175.654 0.912 -0.054 
1703417175.754 0.965 0.038 
1703417175.854 1.025 0.134 
1703417175.954 1.092 0.234 
1703417176.059 1.156 0.337 
1703417176.158 1.219 0.440 
1703417176.258 1.279 0.542 
1703417176.359 1.341 0.645 
1703417176.459 1.404 0.749 
1703417176.559 1.468 0.852 
1703417176.659 1.528 0.955 
1703417176.761 1.587 1.052 
1703417176.861 1.656 1.145 
1703417176.961 1.734 1.240 
1703417177.062 1.808 1.331 
1703417177.163 1.877 1.425 
1703417177.262 1.952 1.515 
1703417177.363 2.034 1.599 
1703417177.463 2.119 1.681 
1703417177.563 2.207 1.759 
1703417177.662 2.296 1.836 
1703417177.763 2.391 1.904 
1703417177.862 2.490 1.951 
1703417177.963 2.602 2.006 
1703417178.063 2.721 2.066 
1703417178.164 2.833 2.105 
1703417178.264 2.951 2.133 
1703417178.366 3.071 2.155 
1703417178.467 3.182 2.172 
1703417178.566 3.267 2.178 
1703417178.667 3.357 2.185 
1703417178.767 3.454 2.188 
1703417178.868 3.531 2.196 
1703417178.968 3.610 2.176 
1703417179.069 3.683 2.142 
1703417179.168 3.752 2.102 
1703417179.269 3.844 2.038 
1703417179.368 3.937 1.969 
1703417179.469 4.001 1.924 
1703417179.569 4.059 1.885 
1703417179.669 4.141 1.839 
1703417179.769 4.233 1.786 
1703417179.869 4.312 1.743 
1703417179.969 4.374 1.692 
1703417180.070 4.441 1.605 
1703417180.170 4.515 1.506 
1703417180.269 4.591 1.408 
1703417180.369 4.661 1.314 
1703417180.470 4.730 1.215 
1703417180.570 4.792 1.112 
1703417180.670 4.849 1.009 
1703417180.770 4.903 0.900 
1703417180.871 4.960 0.795 
1703417180.971 5.014 0.689 
1703417181.072 5.065 0.579 
1703417181.170 5.113 0.470 
1703417181.271 5.164 0.360 
1703417181.371 5.216 0.249 
1703417181.472 5.265 0.139 
1703417181.572 5.313 0.030 
1703417181.673 5.361 -0.080 
1703417181.772 5.407 -0.189 
1703417181.872 5.453 -0.297 
1703417181.972 5.500 -0.406 
1703417182.072 5.546 -0.515 
1703417182.173 5.592 -0.622 
1703417182.272 5.639 -0.731 
1703417182.372 5.690 -0.842 
1703417182.473 5.739 -0.954 
1703417182.572 5.786 -1.063 
1703417182.673 5.835 -1.172 
1703417182.773 5.887 -1.281 
1703417182.872 5.951 -1.391 
1703417182.973 5.995 -1.488 
1703417183.074 6.045 -1.594 
1703417183.173 6.105 -1.692 
1703417183.273 6.179 -1.785 
1703417183.373 6.255 -1.872 
1703417183.473 6.336 -1.960 
1703417183.576 6.427 -2.036 
1703417183.675 6.504 -2.091 
1703417183.774 6.570 -2.136 
1703417183.874 6.656 -2.164 
1703417183.975 6.746 -2.190 
1703417184.074 6.827 -2.204 
1703417184.176 6.910 -2.208 
1703417184.277 7.005 -2.218 
1703417184.377 7.097 -2.225 
1703417184.477 7.188 -2.223 
1703417184.577 7.281 -2.225 
1703417184.677 7.369 -2.225 
1703417184.777 7.457 -2.226 
1703417184.877 7.537 -2.225 
1703417184.978 7.611 -2.223 
1703417185.078 7.695 -2.233 
1703417185.178 7.786 -2.254 
1703417185.278 7.868 -2.273 
1703417185.378 7.937 -2.282 
1703417185.478 7.999 -2.289 
1703417185.578 8.084 -2.304 
1703417185.679 8.196 -2.330 
1703417185.779 8.289 -2.352 
1703417185.879 8.354 -2.364 
1703417185.980 8.403 -2.365 
1703417186.079 8.460 -2.372 
1703417186.181 8.486 -2.356 
1703417190.090 8.303 -2.297 
1703417190.191 8.286 -2.292 
1703417190.291 8.272 -2.263 
1703417190.392 8.256 -2.131 
1703417190.492 8.225 -2.038 
1703417190.592 8.178 -1.949 
1703417190.691 8.164 -1.838 
1703417190.792 8.196 -1.782 
1703417190.892 8.198 -1.681 
1703417190.992 8.198 -1.575 
1703417191.093 8.199 -1.462 
1703417191.192 8.214 -1.343 
1703417191.293 8.237 -1.231 
1703417191.393 8.250 -1.120 
1703417191.492 8.259 -1.012 
1703417191.594 8.263 -0.896 
1703417191.694 8.273 -0.775 
1703417191.794 8.284 -0.656 
1703417191.893 8.295 -0.542 
1703417191.993 8.300 -0.425 
1703417192.093 8.301 -0.314 
1703417192.193 8.303 -0.200 
1703417192.294 8.308 -0.087 
1703417192.394 8.312 0.022 
1703417192.494 8.315 0.127 
1703417192.595 8.319 0.223 
1703417192.696 8.321 0.314 
1703417192.796 8.324 0.405 
1703417192.897 8.327 0.491 
1703417192.997 8.324 0.578 
1703417193.096 8.318 0.658 
1703417193.197 8.306 0.739 
1703417193.296 8.310 0.801 
1703417193.396 8.314 0.860 
1703417193.497 8.281 0.959 
1703417193.597 8.232 1.077 
1703417193.697 8.214 1.166 
1703417193.797 8.182 1.251 
1703417193.908 8.154 1.312 
1703417194.002 8.117 1.350 
1703417194.100 8.058 1.410 
1703417194.200 8.001 1.471 
1703417194.300 7.946 1.531 
1703417194.399 7.881 1.598 
1703417194.500 7.801 1.664 
1703417194.600 7.727 1.729 
1703417194.700 7.655 1.795 
1703417194.800 7.577 1.867 
1703417194.900 7.493 1.938 
1703417195.000 7.393 2.004 
1703417195.102 7.294 2.077 
1703417195.203 7.199 2.147 
1703417195.303 7.103 2.219 
1703417195.403 7.007 2.288 
1703417195.503 6.907 2.359 
1703417195.603 6.797 2.429 
1703417195.703 6.697 2.498 
1703417195.803 6.594 2.568 
1703417195.903 6.494 2.642 
1703417196.003 6.399 2.711 
1703417196.103 6.304 2.784 
1703417196.204 6.200 2.856 
1703417196.304 6.100 2.936 
1703417196.404 6.003 3.021 
1703417196.504 5.918 3.097 
1703417196.605 5.837 3.178 
1703417196.704 5.752 3.258 
1703417196.805 5.672 3.344 
1703417196.905 5.594 3.439 
1703417197.005 5.522 3.535 
1703417197.106 5.451 3.630 
1703417197.205 5.389 3.726 
1703417197.307 5.338 3.827 
1703417197.406 5.280 3.938 
1703417197.506 5.230 4.051 
1703417197.606 5.196 4.169 
1703417197.707 5.176 4.290 
1703417197.807 5.160 4.411 
1703417197.907 5.167 4.536 
1703417198.007 5.177 4.659 
1703417198.109 5.183 4.785 
1703417198.207 5.202 4.908 
1703417198.308 5.235 5.025 
1703417198.407 5.273 5.131 
1703417198.509 5.325 5.229 
1703417198.608 5.397 5.311 
1703417198.708 5.482 5.388 
1703417198.807 5.592 5.446 
1703417198.908 5.690 5.500 
1703417199.009 5.739 5.559 
1703417199.109 5.822 5.596 
1703417199.209 5.915 5.612 
1703417199.309 6.027 5.628 
1703417199.409 6.137 5.643 
1703417199.508 6.256 5.655 
1703417199.608 6.367 5.674 
1703417199.709 6.471 5.680 
1703417199.809 6.544 5.669 
1703417199.909 6.618 5.665 
1703417200.009 6.700 5.662 
1703417200.110 6.785 5.656 
1703417200.209 6.896 5.630 
1703417200.309 7.014 5.612 
1703417200.412 7.100 5.596 
1703417200.511 7.179 5.583 
1703417200.611 7.269 5.577 
1703417200.712 7.351 5.569 
1703417200.812 7.436 5.563 
1703417200.912 7.521 5.557 
1703417201.012 7.607 5.554 
1703417201.113 7.698 5.550 
1703417201.213 7.790 5.538 
1703417201.313 7.885 5.526 
1703417201.413 7.968 5.531 
1703417201.514 8.058 5.536 
1703417201.621 8.156 5.540 
1703417205.329 8.715 6.019 
1703417205.330 8.715 6.019 
1703417205.430 8.687 6.029 
1703417205.531 8.555 6.029 
1703417205.631 8.446 6.038 
1703417205.731 8.338 6.075 
1703417205.831 8.204 6.119 
1703417205.931 8.058 6.164 
1703417206.032 7.929 6.187 
1703417206.131 7.790 6.176 
1703417206.232 7.665 6.157 
1703417206.332 7.545 6.151 
1703417206.431 7.413 6.144 
1703417206.532 7.262 6.139 
1703417206.632 7.155 6.148 
1703417206.733 7.028 6.133 
1703417206.833 6.905 6.103 
1703417206.938 6.799 6.074 
1703417207.037 6.726 6.050 
1703417207.138 6.652 6.022 
1703417207.238 6.568 5.976 
1703417207.338 6.493 5.940 
1703417207.439 6.421 5.902 
1703417207.538 6.340 5.856 
1703417207.638 6.246 5.810 
1703417207.738 6.146 5.761 
1703417207.838 6.063 5.711 
1703417207.939 5.985 5.660 
1703417208.039 5.902 5.615 
1703417208.139 5.818 5.564 
1703417208.241 5.734 5.507 
1703417208.342 5.648 5.449 
1703417208.443 5.563 5.388 
1703417208.542 5.482 5.326 
1703417208.642 5.400 5.263 
1703417208.742 5.318 5.198 
1703417208.842 5.239 5.131 
1703417208.942 5.163 5.056 
1703417209.043 5.080 4.976 
1703417209.142 5.005 4.901 
1703417209.243 4.931 4.825 
1703417209.343 4.860 4.752 
1703417209.443 4.785 4.674 
1703417209.545 4.703 4.590 
1703417209.644 4.629 4.508 
1703417209.744 4.555 4.428 
1703417209.846 4.482 4.351 
1703417209.946 4.406 4.273 
1703417210.046 4.330 4.192 
1703417210.146 4.254 4.110 
1703417210.246 4.176 4.031 
1703417210.346 4.099 3.952 
1703417210.447 4.022 3.872 
1703417210.547 3.946 3.794 
1703417210.646 3.867 3.714 
1703417210.747 3.790 3.636 
1703417210.846 3.715 3.558 
1703417210.949 3.634 3.476 
1703417211.047 3.561 3.402 
1703417211.149 3.484 3.323 
1703417211.251 3.405 3.243 
1703417211.350 3.328 3.165 
1703417211.450 3.248 3.087 
1703417211.551 3.168 3.007 
1703417211.650 3.087 2.928 
1703417211.751 3.006 2.848 
1703417211.850 2.924 2.767 
1703417211.951 2.842 2.687 
1703417212.050 2.760 2.605 
1703417212.151 2.678 2.523 
1703417212.251 2.597 2.440 
1703417212.351 2.515 2.359 
1703417212.451 2.432 2.275 
1703417212.551 2.352 2.192 
1703417212.651 2.272 2.109 
1703417212.751 2.188 2.023 
1703417212.852 2.106 1.938 
1703417212.952 2.025 1.852 
1703417213.052 1.944 1.766 
1703417213.152 1.864 1.680 
1703417213.253 1.782 1.591 
1703417213.352 1.704 1.506 
1703417213.452 1.623 1.418 
1703417213.553 1.542 1.330 
1703417213.652 1.463 1.246 
1703417213.756 1.381 1.161 
1703417213.854 1.299 1.076 
1703417213.953 1.217 0.990 
1703417214.053 1.138 0.907 
1703417214.153 1.057 0.825 
1703417214.254 0.975 0.738 
1703417214.354 0.897 0.655 
1703417214.454 0.818 0.574 
1703417214.557 0.737 0.491 
1703417214.655 0.661 0.412 
1703417214.754 0.580 0.329 
1703417214.856 0.500 0.247 
1703417214.956 0.425 0.163 
1703417215.055 0.348 0.087 
1703417215.155 0.271 0.012 
1703417215.255 0.192 -0.066 
1703417215.356 0.116 -0.142 
1703417215.456 0.041 -0.216 
1703417215.557 -0.035 -0.289 
1703417215.657 -0.111 -0.363 
1703417215.757 -0.187 -0.443 
1703417215.856 -0.258 -0.513 
1703417215.957 -0.331 -0.585 
1703417216.057 -0.406 -0.658 
1703417216.157 -0.479 -0.730 
1703417216.257 -0.551 -0.800 
1703417216.358 -0.624 -0.872 
1703417216.458 -0.698 -0.944 
1703417216.558 -0.763 -1.020 
1703417216.669 -0.830 -1.089 
1703417216.762 -0.892 -1.158 
1703417216.860 -0.956 -1.234 
1703417216.959 -1.018 -1.309 
1703417217.059 -1.084 -1.382 
1703417217.159 -1.147 -1.441 
1703417217.259 -1.198 -1.507 
1703417217.360 -1.247 -1.583 
1703417217.459 -1.289 -1.660 
1703417217.561 -1.328 -1.734 
1703417217.660 -1.365 -1.808 
1703417217.761 -1.401 -1.884 
1703417217.862 -1.441 -1.934 
1703417217.962 -1.481 -1.997 
1703417218.062 -1.513 -2.061 
1703417218.163 -1.542 -2.141 
1703417218.263 -1.550 -2.279 
1703417218.363 -1.568 -2.414 
1703417218.463 -1.584 -2.506 
1703417218.563 -1.591 -2.586 
1703417218.664 -1.600 -2.677 
1703417218.764 -1.620 -2.753 
1703417218.864 -1.655 -2.792 
1703417218.964 -1.676 -2.852 
1703417219.066 -1.657 -2.932 
1703417219.166 -1.601 -3.020 
1703417219.267 -1.520 -3.149 
1703417219.367 -1.450 -3.237 
1703417219.467 -1.396 -3.314 
1703417219.567 -1.343 -3.388 
1703417219.667 -1.286 -3.470 
1703417219.767 -1.226 -3.555 
1703417219.867 -1.162 -3.637 
1703417219.967 -1.098 -3.708 
1703417220.067 -1.039 -3.788 
1703417220.168 -0.982 -3.871 
1703417220.267 -0.929 -3.957 
1703417220.367 -0.886 -4.059 
1703417220.468 -0.846 -4.177 
1703417220.568 -0.803 -4.286 
1703417220.668 -0.744 -4.337 
1703417220.768 -0.710 -4.398 
1703417220.869 -0.704 -4.482 
1703417220.968 -0.700 -4.594 
1703417221.068 -0.701 -4.715 
1703417221.169 -0.698 -4.856 
1703417221.269 -0.700 -5.003 
1703417221.370 -0.685 -5.098 
1703417221.469 -0.665 -5.167 
1703417221.568 -0.673 -5.241 
1703417221.669 -0.732 -5.342 
1703417221.769 -0.809 -5.458 
1703417221.869 -0.873 -5.566 
1703417221.970 -0.921 -5.672 
1703417222.069 -0.974 -5.765 
1703417222.169 -1.040 -5.844 
1703417222.270 -1.116 -5.929 
1703417222.370 -1.190 -6.019 
1703417222.470 -1.263 -6.098 
1703417222.571 -1.345 -6.171 
1703417222.670 -1.431 -6.246 
1703417222.770 -1.524 -6.319 
1703417222.871 -1.619 -6.391 
1703417222.970 -1.711 -6.460 
1703417223.071 -1.808 -6.528 
1703417223.171 -1.906 -6.599 
1703417223.271 -2.004 -6.670 
1703417223.372 -2.097 -6.736 
1703417223.471 -2.184 -6.799 
1703417223.571 -2.277 -6.859 
1703417223.671 -2.379 -6.922 
1703417223.772 -2.478 -6.989 
1703417223.875 -2.574 -7.057 
1703417223.976 -2.675 -7.130 
1703417224.075 -2.780 -7.203 
1703417224.176 -2.884 -7.273 
1703417224.275 -2.983 -7.340 
1703417224.375 -3.082 -7.402 
1703417224.476 -3.186 -7.464 
1703417224.576 -3.290 -7.526 
1703417224.676 -3.393 -7.589 
1703417224.776 -3.491 -7.652 
1703417224.880 -3.603 -7.712 
1703417224.976 -3.708 -7.769 
1703417225.077 -3.818 -7.830 
1703417225.177 -3.924 -7.892 
1703417225.278 -4.035 -7.946 
1703417225.378 -4.141 -7.997 
1703417225.477 -4.249 -8.047 
1703417225.578 -4.354 -8.097 
1703417225.678 -4.455 -8.146 
1703417225.778 -4.557 -8.188 
1703417225.879 -4.659 -8.227 
1703417225.979 -4.768 -8.264 
1703417226.079 -4.873 -8.303 
1703417226.179 -4.979 -8.338 
1703417226.279 -5.086 -8.370 
1703417226.381 -5.197 -8.401 
1703417226.479 -5.307 -8.426 
1703417226.580 -5.413 -8.456 
1703417226.681 -5.522 -8.478 
1703417226.779 -5.628 -8.498 
1703417226.880 -5.736 -8.520 
1703417226.980 -5.848 -8.544 
1703417227.080 -5.957 -8.561 
1703417227.180 -6.063 -8.576 
1703417227.280 -6.171 -8.587 
1703417227.381 -6.277 -8.601 
1703417227.480 -6.380 -8.614 
1703417227.580 -6.483 -8.628 
1703417227.680 -6.583 -8.638 
1703417227.781 -6.683 -8.650 
1703417227.882 -6.783 -8.660 
1703417227.981 -6.881 -8.668 
1703417228.081 -6.973 -8.678 
1703417228.181 -7.065 -8.686 
1703417228.281 -7.155 -8.694 
1703417228.384 -7.245 -8.700 
1703417228.482 -7.327 -8.703 
1703417228.583 -7.415 -8.705 
1703417228.682 -7.492 -8.710 
1703417228.782 -7.571 -8.716 
1703417228.883 -7.647 -8.723 
1703417228.983 -7.750 -8.718 
1703417229.083 -7.868 -8.699 
1703417229.183 -7.974 -8.680 
1703417229.283 -8.069 -8.667 
1703417229.384 -8.153 -8.652 
1703417229.485 -8.236 -8.630 
1703417229.586 -8.303 -8.606 
1703417229.687 -8.355 -8.582 
1703417229.787 -8.394 -8.571 
1703417229.887 -8.446 -8.555 
1703417229.986 -8.518 -8.468 
1703417230.086 -8.583 -8.383 
1703417230.186 -8.647 -8.295 
1703417230.287 -8.701 -8.196 
1703417230.387 -8.731 -8.138 
1703417230.487 -8.753 -8.077 
1703417230.587 -8.765 -8.008 
1703417230.687 -8.782 -7.959 
1703417230.787 -8.775 -7.871 
1703417230.888 -8.753 -7.770 
1703417230.988 -8.721 -7.671 
1703417231.088 -8.679 -7.568 
1703417231.189 -8.635 -7.461 
1703417231.288 -8.598 -7.363 
1703417231.390 -8.575 -7.318 
1703417231.489 -8.550 -7.283 
1703417231.589 -8.526 -7.213 
1703417231.689 -8.505 -7.115 
1703417231.790 -8.474 -7.044 
1703417231.891 -8.460 -6.966 
1703417231.990 -8.451 -6.882 
1703417232.090 -8.449 -6.789 
1703417232.190 -8.465 -6.695 
1703417232.290 -8.488 -6.608 
1703417232.390 -8.499 -6.550 
1703417232.493 -8.509 -6.499 
1703417232.593 -8.529 -6.439 
1703417232.692 -8.549 -6.359 
1703417232.792 -8.550 -6.214 
1703417232.893 -8.560 -6.096 
