1703420175.919 1.042 0.004 
1703420175.920 1.041 0.004 
1703420176.021 1.045 -0.040 
1703420176.124 1.086 -0.132 
1703420176.221 1.172 -0.243 
1703420179.431 1.357 -0.740 
1703420179.530 1.375 -0.678 
1703420179.630 1.370 -0.567 
1703420179.730 1.362 -0.448 
1703420179.831 1.389 -0.319 
1703420179.930 1.429 -0.200 
1703420180.031 1.464 -0.087 
1703420180.132 1.500 0.028 
1703420180.231 1.535 0.136 
1703420180.338 1.566 0.238 
1703420180.436 1.604 0.341 
1703420180.533 1.652 0.447 
1703420180.632 1.696 0.557 
1703420180.734 1.740 0.670 
1703420180.832 1.782 0.776 
1703420180.931 1.834 0.884 
1703420181.032 1.888 0.992 
1703420181.132 1.939 1.098 
1703420181.231 1.981 1.203 
1703420181.333 2.048 1.320 
1703420181.436 2.140 1.439 
1703420181.534 2.211 1.541 
1703420181.636 2.218 1.610 
1703420181.738 2.275 1.670 
1703420181.836 2.352 1.725 
1703420181.935 2.433 1.765 
1703420182.034 2.490 1.792 
1703420182.134 2.544 1.811 
1703420182.235 2.606 1.834 
1703420188.065 2.670 2.191 
1703420188.066 2.670 2.192 
1703420188.167 2.704 2.203 
1703420188.267 2.769 2.218 
1703420188.367 2.840 2.231 
1703420188.466 2.913 2.225 
1703420188.567 3.025 2.177 
1703420188.666 3.151 2.106 
1703420188.767 3.264 2.069 
1703420188.867 3.392 2.024 
1703420188.968 3.502 1.992 
1703420189.067 3.609 1.935 
1703420189.166 3.712 1.874 
1703420189.267 3.822 1.819 
1703420189.368 3.931 1.764 
1703420189.469 4.036 1.705 
1703420189.570 4.143 1.647 
1703420189.671 4.247 1.589 
1703420189.770 4.353 1.527 
1703420189.870 4.460 1.467 
1703420189.969 4.562 1.407 
1703420190.071 4.661 1.348 
1703420190.175 4.764 1.291 
1703420190.275 4.873 1.251 
1703420190.373 4.989 1.228 
1703420190.472 5.110 1.221 
1703420190.572 5.205 1.211 
1703420190.673 5.290 1.215 
1703420190.772 5.364 1.224 
1703420190.878 5.429 1.226 
1703420190.974 5.505 1.218 
1703420191.074 5.570 1.207 
1703420191.175 5.615 1.199 
1703420191.274 5.633 1.188 
1703420191.374 5.662 1.178 
1703420193.685 5.525 0.993 
1703420193.786 5.516 1.082 
1703420193.886 5.489 1.213 
1703420193.986 5.469 1.350 
1703420194.087 5.470 1.479 
1703420194.186 5.452 1.629 
1703420194.287 5.436 1.753 
1703420194.387 5.427 1.855 
1703420194.489 5.400 1.974 
1703420194.589 5.376 2.091 
1703420194.689 5.367 2.181 
1703420194.790 5.354 2.252 
1703420194.889 5.356 2.311 
1703420194.990 5.342 2.376 
1703420195.090 5.318 2.457 
1703420195.190 5.288 2.561 
1703420195.291 5.265 2.660 
1703420195.390 5.248 2.754 
1703420195.490 5.231 2.845 
1703420195.590 5.213 2.938 
1703420195.692 5.194 3.039 
1703420195.792 5.176 3.143 
1703420195.890 5.161 3.237 
1703420195.991 5.149 3.337 
1703420196.091 5.142 3.444 
1703420196.193 5.132 3.552 
1703420196.291 5.121 3.652 
1703420196.391 5.115 3.751 
1703420196.491 5.112 3.852 
1703420196.592 5.109 3.954 
1703420196.692 5.103 4.047 
1703420196.792 5.095 4.139 
1703420196.892 5.092 4.227 
1703420196.992 5.088 4.315 
1703420197.099 5.088 4.400 
1703420197.201 5.084 4.484 
1703420197.296 5.076 4.564 
1703420197.394 5.065 4.638 
1703420197.495 5.055 4.712 
1703420197.593 5.033 4.789 
1703420197.693 4.993 4.861 
1703420197.793 4.949 4.932 
1703420197.894 4.881 5.020 
1703420197.995 4.811 5.101 
1703420198.093 4.751 5.173 
1703420198.194 4.703 5.233 
1703420198.294 4.670 5.282 
1703420198.395 4.658 5.322 
1703420198.497 4.659 5.357 
1703420199.599 4.699 5.526 
1703420199.698 4.620 5.477 
1703420199.799 4.522 5.399 
1703420199.899 4.422 5.307 
1703420199.999 4.292 5.232 
1703420200.098 4.160 5.166 
1703420200.200 4.053 5.113 
1703420200.300 3.990 5.088 
1703420200.400 3.946 5.062 
1703420200.500 3.908 5.043 
1703420200.605 3.833 5.043 
1703420200.702 3.735 5.043 
1703420200.801 3.641 5.036 
1703420200.901 3.545 5.036 
1703420201.001 3.466 5.020 
1703420201.105 3.373 5.023 
1703420201.202 3.273 5.033 
1703420201.302 3.176 5.051 
1703420201.401 3.079 5.068 
1703420201.502 2.982 5.102 
1703420201.601 2.890 5.136 
1703420201.702 2.797 5.169 
1703420201.802 2.705 5.202 
1703420201.904 2.615 5.231 
1703420202.006 2.518 5.258 
1703420202.105 2.426 5.280 
1703420202.203 2.338 5.299 
1703420202.303 2.260 5.323 
1703420202.402 2.198 5.350 
1703420202.502 2.137 5.372 
1703420202.603 2.058 5.387 
1703420202.707 1.979 5.372 
1703420202.806 1.926 5.367 
1703420202.907 1.866 5.342 
1703420203.006 1.795 5.310 
1703420203.108 1.753 5.283 
1703420203.208 1.735 5.242 
1703420203.308 1.719 5.195 
1703420203.409 1.710 5.151 
1703420203.510 1.723 5.072 
1703420203.612 1.715 5.000 
1703420203.709 1.719 4.913 
1703420203.810 1.741 4.809 
1703420203.910 1.769 4.718 
1703420204.010 1.796 4.627 
1703420204.109 1.824 4.538 
1703420204.210 1.852 4.445 
1703420204.310 1.870 4.338 
1703420204.413 1.872 4.219 
1703420204.510 1.863 4.102 
1703420204.611 1.850 3.980 
1703420204.710 1.825 3.860 
1703420204.810 1.790 3.743 
1703420204.910 1.749 3.628 
1703420205.011 1.697 3.517 
1703420205.111 1.633 3.413 
1703420205.212 1.560 3.318 
1703420205.312 1.472 3.229 
1703420205.414 1.389 3.142 
1703420205.513 1.305 3.061 
1703420205.613 1.216 2.983 
1703420205.711 1.128 2.908 
1703420205.811 1.041 2.832 
1703420205.915 0.950 2.749 
1703420206.013 0.867 2.667 
1703420206.112 0.789 2.576 
1703420206.212 0.733 2.486 
1703420206.313 0.691 2.398 
1703420206.413 0.648 2.303 
1703420206.513 0.606 2.232 
1703420206.614 0.574 2.210 
1703420206.714 0.542 2.225 
1703420206.816 0.523 2.226 
1703420206.915 0.547 2.156 
1703420207.015 0.613 2.035 
1703420207.118 0.652 1.938 
1703420207.216 0.697 1.854 
1703420207.316 0.739 1.796 
1703420207.416 0.767 1.721 
1703420207.518 0.784 1.626 
1703420207.619 0.791 1.526 
1703420207.718 0.799 1.433 
1703420207.818 0.808 1.340 
1703420207.919 0.810 1.239 
1703420208.018 0.814 1.139 
1703420208.120 0.819 1.039 
1703420208.220 0.833 0.952 
1703420208.320 0.839 0.902 
1703420208.420 0.852 0.855 
1703420208.524 0.868 0.778 
1703420208.621 0.874 0.701 
1703420208.720 0.909 0.600 
1703420208.822 0.938 0.496 
1703420208.923 0.964 0.411 
1703420209.022 0.990 0.323 
1703420209.121 1.015 0.232 
1703420209.223 1.035 0.138 
1703420209.323 1.062 0.039 
1703420209.421 1.080 -0.072 
1703420209.520 1.109 -0.160 
1703420209.621 1.136 -0.249 
1703420209.723 1.142 -0.347 
1703420209.822 1.143 -0.453 
1703420209.922 1.142 -0.561 
1703420210.022 1.145 -0.662 
1703420210.122 1.149 -0.759 
1703420210.222 1.148 -0.854 
1703420210.322 1.146 -0.954 
1703420210.423 1.142 -1.057 
1703420210.524 1.139 -1.156 
1703420210.623 1.136 -1.255 
1703420210.724 1.131 -1.352 
1703420210.824 1.125 -1.453 
1703420210.924 1.122 -1.529 
1703420211.024 1.118 -1.588 
1703420211.125 1.117 -1.663 
1703420211.225 1.117 -1.748 
1703420211.325 1.108 -1.829 
1703420211.425 1.095 -1.910 
1703420211.526 1.084 -2.000 
1703420211.627 1.070 -2.087 
1703420211.727 1.056 -2.176 
1703420211.830 1.042 -2.271 
1703420211.927 1.025 -2.355 
1703420212.028 1.007 -2.445 
1703420212.127 0.988 -2.535 
1703420212.227 0.969 -2.622 
1703420212.327 0.949 -2.711 
1703420212.428 0.926 -2.802 
1703420212.540 0.900 -2.887 
1703420212.632 0.882 -2.958 
1703420212.729 0.869 -3.043 
1703420212.828 0.855 -3.126 
1703420212.933 0.843 -3.206 
1703420213.035 0.831 -3.290 
1703420213.133 0.816 -3.356 
1703420213.234 0.803 -3.427 
1703420213.335 0.785 -3.530 
1703420213.435 0.761 -3.652 
1703420213.535 0.742 -3.770 
1703420213.635 0.721 -3.854 
1703420213.736 0.733 -3.901 
1703420213.835 0.738 -3.966 
1703420213.935 0.708 -4.047 
1703420214.039 0.670 -4.124 
1703420214.140 0.634 -4.209 
1703420214.238 0.610 -4.268 
1703420214.338 0.587 -4.335 
1703420214.440 0.561 -4.433 
1703420217.847 0.582 -4.899 
1703420217.948 0.621 -4.874 
1703420218.047 0.729 -4.798 
1703420218.147 0.846 -4.740 
1703420218.254 0.964 -4.681 
1703420218.354 1.076 -4.610 
1703420218.450 1.162 -4.557 
1703420218.549 1.214 -4.551 
1703420218.648 1.209 -4.563 
1703420218.748 1.133 -4.608 
1703420218.848 1.058 -4.655 
1703420218.950 1.034 -4.684 
1703420219.051 1.078 -4.683 
1703420219.153 1.195 -4.697 
1703420219.253 1.274 -4.668 
1703420219.354 1.328 -4.634 
1703420219.454 1.373 -4.623 
1703420219.555 1.406 -4.625 
1703420219.655 1.428 -4.627 
1703420219.754 1.457 -4.632 
1703420219.854 1.494 -4.647 
1703420219.954 1.550 -4.670 
1703420220.053 1.616 -4.704 
1703420220.154 1.681 -4.741 
1703420220.254 1.742 -4.772 
1703420221.569 1.779 -4.802 
1703420221.571 1.779 -4.802 
1703420221.669 1.809 -4.849 
1703420221.771 1.878 -4.941 
1703420221.870 1.960 -5.040 
1703420221.970 2.035 -5.143 
1703420222.076 2.108 -5.235 
1703420222.172 2.185 -5.311 
1703420222.271 2.272 -5.385 
1703420222.373 2.364 -5.471 
1703420222.473 2.456 -5.548 
1703420222.575 2.553 -5.602 
1703420222.677 2.658 -5.642 
1703420222.777 2.769 -5.676 
1703420222.881 2.894 -5.700 
1703420222.988 3.021 -5.722 
1703420223.086 3.130 -5.758 
1703420223.187 3.228 -5.771 
1703420223.286 3.285 -5.775 
1703420223.389 3.313 -5.787 
1703420223.485 3.361 -5.775 
1703420223.584 3.408 -5.753 
1703420223.684 3.456 -5.731 
1703420223.783 3.510 -5.708 
1703420223.885 3.567 -5.684 
1703420223.985 3.624 -5.659 
1703420224.083 3.684 -5.628 
1703420224.184 3.743 -5.597 
1703420224.285 3.802 -5.573 
1703420224.385 3.864 -5.549 
1703420224.486 3.927 -5.521 
1703420224.587 3.986 -5.495 
1703420224.686 4.073 -5.453 
1703420224.786 4.175 -5.401 
1703420224.886 4.253 -5.363 
1703420224.990 4.322 -5.324 
1703420225.089 4.395 -5.282 
1703420225.187 4.460 -5.245 
1703420225.288 4.537 -5.204 
1703420225.387 4.610 -5.163 
1703420225.489 4.691 -5.127 
1703420225.590 4.756 -5.097 
1703420231.015 4.867 -4.690 
1703420231.112 4.823 -4.695 
1703420231.211 4.721 -4.688 
1703420231.312 4.600 -4.688 
1703420231.414 4.472 -4.699 
1703420231.512 4.349 -4.747 
1703420231.612 4.252 -4.811 
1703420231.713 4.190 -4.896 
1703420231.816 4.124 -5.001 
1703420231.915 4.045 -5.097 
1703420232.015 3.971 -5.183 
1703420232.115 3.880 -5.259 
1703420232.217 3.784 -5.327 
1703420232.317 3.684 -5.389 
1703420232.416 3.593 -5.449 
1703420232.518 3.510 -5.503 
1703420232.618 3.438 -5.539 
1703420232.718 3.381 -5.559 
1703420232.818 3.356 -5.566 
1703420232.919 3.350 -5.548 
1703420233.019 3.355 -5.510 
1703420233.118 3.329 -5.472 
1703420233.219 3.294 -5.452 
1703420233.319 3.272 -5.449 
1703420233.419 3.253 -5.438 
1703420233.520 3.235 -5.419 
1703420233.618 3.214 -5.401 
1703420233.719 3.189 -5.391 
1703420233.821 3.152 -5.380 
1703420233.920 3.109 -5.368 
1703420234.020 3.041 -5.335 
1703420234.120 2.953 -5.291 
1703420234.220 2.864 -5.252 
1703420234.321 2.785 -5.218 
1703420234.421 2.699 -5.181 
1703420234.521 2.592 -5.141 
1703420234.622 2.479 -5.109 
1703420234.723 2.366 -5.093 
1703420234.824 2.246 -5.077 
1703420234.925 2.114 -5.065 
1703420235.022 1.997 -5.057 
1703420235.122 1.877 -5.063 
1703420235.223 1.756 -5.077 
1703420235.323 1.636 -5.110 
1703420235.423 1.518 -5.149 
1703420235.525 1.401 -5.182 
1703420235.624 1.291 -5.228 
1703420235.725 1.182 -5.281 
1703420235.824 1.075 -5.334 
1703420235.925 0.967 -5.387 
1703420236.025 0.863 -5.437 
1703420236.125 0.756 -5.490 
1703420236.228 0.651 -5.542 
1703420236.333 0.550 -5.584 
1703420236.429 0.465 -5.618 
1703420236.530 0.377 -5.650 
1703420236.631 0.291 -5.683 
1703420236.731 0.203 -5.718 
1703420236.829 0.124 -5.746 
1703420236.930 0.041 -5.770 
1703420237.029 -0.046 -5.789 
1703420237.130 -0.129 -5.810 
1703420237.229 -0.212 -5.828 
1703420237.330 -0.298 -5.845 
1703420237.434 -0.381 -5.863 
1703420237.536 -0.468 -5.880 
1703420237.639 -0.554 -5.898 
1703420237.739 -0.643 -5.918 
1703420237.841 -0.733 -5.940 
1703420237.941 -0.827 -5.964 
1703420238.040 -0.919 -5.981 
1703420238.141 -1.018 -5.999 
1703420238.241 -1.114 -6.024 
1703420238.340 -1.207 -6.059 
1703420238.442 -1.300 -6.098 
1703420238.541 -1.393 -6.133 
1703420238.642 -1.486 -6.166 
1703420238.749 -1.581 -6.203 
1703420238.844 -1.663 -6.236 
1703420238.943 -1.748 -6.273 
1703420239.042 -1.830 -6.304 
1703420239.142 -1.909 -6.332 
1703420239.242 -1.988 -6.355 
1703420239.343 -2.060 -6.373 
1703420239.446 -2.130 -6.386 
1703420239.547 -2.194 -6.394 
1703420239.646 -2.277 -6.408 
1703420239.747 -2.369 -6.411 
1703420239.847 -2.443 -6.413 
1703420239.952 -2.504 -6.420 
1703420240.051 -2.556 -6.421 
1703420240.151 -2.593 -6.405 
1703420240.250 -2.595 -6.399 
1703420240.351 -2.544 -6.454 
1703420242.559 -2.281 -6.434 
1703420242.660 -2.299 -6.461 
1703420242.759 -2.333 -6.514 
1703420244.064 -2.464 -6.469 
1703420244.164 -2.471 -6.446 
1703420244.266 -2.464 -6.417 
1703420244.366 -2.410 -6.425 
1703420244.466 -2.287 -6.414 
1703420244.568 -2.188 -6.424 
1703420244.668 -2.121 -6.418 
1703420244.767 -2.045 -6.411 
1703420244.868 -1.954 -6.386 
1703420244.970 -1.868 -6.357 
1703420245.069 -1.789 -6.327 
1703420245.167 -1.715 -6.288 
1703420245.270 -1.640 -6.239 
1703420245.369 -1.570 -6.192 
1703420245.468 -1.511 -6.158 
1703420245.568 -1.446 -6.129 
1703420245.670 -1.371 -6.092 
1703420245.770 -1.284 -6.036 
1703420245.872 -1.195 -5.969 
1703420245.971 -1.121 -5.895 
1703420246.072 -1.053 -5.799 
1703420246.173 -0.997 -5.711 
1703420246.271 -0.955 -5.615 
1703420246.373 -0.912 -5.516 
1703420246.476 -0.871 -5.409 
1703420246.573 -0.851 -5.289 
1703420246.673 -0.834 -5.176 
1703420246.774 -0.813 -5.068 
1703420246.873 -0.797 -4.959 
1703420246.975 -0.800 -4.839 
1703420247.075 -0.795 -4.726 
1703420247.174 -0.800 -4.611 
1703420247.274 -0.822 -4.499 
1703420247.374 -0.844 -4.387 
1703420247.475 -0.861 -4.281 
1703420247.574 -0.881 -4.173 
1703420247.680 -0.912 -4.062 
1703420247.780 -0.935 -3.954 
1703420247.878 -0.956 -3.841 
1703420247.975 -0.980 -3.730 
1703420248.076 -1.001 -3.616 
1703420248.176 -1.022 -3.505 
1703420248.276 -1.048 -3.397 
1703420248.382 -1.073 -3.278 
1703420248.477 -1.076 -3.168 
1703420248.577 -1.082 -3.053 
1703420248.676 -1.087 -2.945 
1703420248.778 -1.103 -2.831 
1703420248.879 -1.113 -2.719 
1703420248.982 -1.100 -2.609 
1703420249.076 -1.085 -2.517 
1703420249.178 -1.073 -2.427 
1703420249.278 -1.067 -2.353 
1703420249.380 -1.044 -2.284 
1703420249.482 -1.017 -2.221 
1703420249.581 -0.994 -2.154 
1703420249.685 -0.976 -2.082 
1703420249.784 -0.969 -1.973 
1703420249.884 -0.948 -1.889 
1703420249.984 -0.925 -1.819 
1703420250.084 -0.915 -1.736 
1703420250.184 -0.939 -1.629 
1703420250.284 -0.954 -1.539 
1703420250.386 -0.964 -1.459 
1703420250.484 -0.991 -1.368 
1703420250.584 -1.022 -1.256 
1703420250.685 -1.043 -1.184 
1703420250.786 -1.059 -1.138 
1703420250.891 -1.091 -1.078 
1703420250.991 -1.119 -1.012 
1703420251.089 -1.151 -0.935 
1703420251.190 -1.176 -0.854 
1703420251.292 -1.207 -0.778 
1703420252.507 -1.244 -0.595 
1703420252.510 -1.243 -0.595 
1703420252.610 -1.245 -0.576 
1703420252.716 -1.284 -0.526 
1703420252.812 -1.406 -0.445 
1703420252.910 -1.502 -0.373 
1703420253.010 -1.583 -0.306 
1703420253.109 -1.660 -0.244 
1703420253.210 -1.758 -0.177 
1703420253.309 -1.846 -0.101 
1703420253.409 -1.917 -0.022 
1703420253.509 -1.998 0.061 
1703420253.608 -2.083 0.146 
1703420253.712 -2.165 0.233 
1703420253.813 -2.249 0.318 
1703420253.915 -2.329 0.406 
1703420254.013 -2.408 0.497 
1703420254.113 -2.491 0.586 
1703420254.215 -2.568 0.671 
1703420254.318 -2.642 0.752 
1703420254.422 -2.711 0.853 
1703420254.519 -2.780 0.949 
1703420254.619 -2.851 1.040 
1703420254.725 -2.923 1.123 
1703420254.827 -2.992 1.225 
1703420254.923 -3.052 1.327 
1703420255.030 -3.106 1.424 
1703420255.126 -3.158 1.527 
1703420255.223 -3.203 1.633 
1703420255.324 -3.253 1.745 
1703420255.422 -3.302 1.850 
1703420255.524 -3.350 1.957 
1703420255.623 -3.395 2.050 
1703420255.723 -3.439 2.143 
1703420255.824 -3.541 2.273 
1703420257.632 -3.744 2.148 
1703420257.734 -3.770 2.136 
1703420257.833 -3.833 2.128 
1703420257.933 -3.946 2.068 
1703420258.034 -4.054 2.007 
1703420258.134 -4.120 1.943 
1703420258.237 -4.183 1.887 
1703420258.336 -4.262 1.881 
1703420258.438 -4.380 1.867 
1703420258.539 -4.476 1.858 
1703420258.640 -4.554 1.852 
1703420258.741 -4.642 1.854 
1703420258.841 -4.729 1.852 
1703420258.941 -4.816 1.851 
1703420259.041 -4.903 1.854 
1703420259.140 -4.989 1.862 
1703420259.241 -5.073 1.866 
1703420259.342 -5.155 1.871 
1703420259.443 -5.236 1.876 
1703420259.545 -5.314 1.879 
1703420259.644 -5.415 1.897 
1703420259.744 -5.525 1.926 
1703420259.844 -5.606 1.920 
1703420259.948 -5.679 1.919 
1703420260.048 -5.739 1.929 
1703420264.363 -5.459 1.728 
1703420264.462 -5.538 1.758 
1703420264.564 -5.655 1.798 
1703420264.663 -5.741 1.821 
1703420264.763 -5.750 1.830 
1703420264.864 -5.684 1.782 
1703420264.963 -5.573 1.700 
1703420265.064 -5.436 1.614 
1703420265.167 -5.334 1.544 
1703420265.265 -5.266 1.496 
1703420265.365 -5.215 1.472 
1703420265.466 -5.158 1.440 
1703420265.570 -5.053 1.390 
1703420265.669 -4.939 1.334 
1703420265.770 -4.851 1.286 
1703420265.872 -4.754 1.235 
1703420265.970 -4.659 1.183 
1703420266.069 -4.561 1.133 
1703420266.171 -4.464 1.082 
1703420266.271 -4.366 1.034 
1703420266.369 -4.267 0.987 
1703420266.470 -4.163 0.946 
1703420266.570 -4.056 0.906 
1703420266.671 -3.948 0.872 
1703420266.770 -3.840 0.846 
1703420266.871 -3.728 0.822 
1703420266.972 -3.621 0.804 
1703420267.071 -3.520 0.785 
1703420267.171 -3.415 0.764 
1703420267.270 -3.303 0.718 
1703420267.371 -3.198 0.662 
1703420267.471 -3.096 0.603 
1703420267.572 -2.998 0.540 
1703420267.671 -2.907 0.481 
1703420267.772 -2.823 0.425 
1703420267.873 -2.748 0.378 
1703420267.973 -2.678 0.342 
1703420268.074 -2.606 0.303 
1703420268.175 -2.513 0.207 
1703420268.276 -2.423 0.092 
1703420268.375 -2.338 -0.011 
1703420268.476 -2.252 -0.130 
1703420268.577 -2.170 -0.246 
1703420268.677 -2.092 -0.361 
1703420268.778 -2.012 -0.481 
1703420268.877 -1.939 -0.606 
1703420268.980 -1.881 -0.737 
1703420269.079 -1.844 -0.863 
1703420269.180 -1.821 -0.997 
1703420269.280 -1.823 -1.081 
1703420269.379 -1.845 -1.165 
1703420269.482 -1.866 -1.270 
1703420269.582 -1.874 -1.405 
1703420269.682 -1.883 -1.529 
1703420269.783 -1.902 -1.647 
1703420269.886 -1.922 -1.756 
1703420269.985 -1.940 -1.867 
1703420270.087 -1.959 -1.975 
1703420270.187 -1.977 -2.064 
1703420270.287 -1.999 -2.137 
1703420270.386 -2.026 -2.208 
1703420270.487 -2.038 -2.299 
1703420270.591 -2.046 -2.385 
1703420270.690 -2.057 -2.449 
1703420270.791 -2.085 -2.470 
1703420270.891 -2.119 -2.452 
1703420270.991 -2.132 -2.466 
1703420271.092 -2.090 -2.536 
1703420271.191 -2.047 -2.626 
1703420271.293 -2.002 -2.734 
1703420271.391 -1.964 -2.838 
1703420271.491 -1.965 -2.904 
1703420271.592 -2.063 -2.906 
1703420271.692 -2.169 -2.910 
1703420271.795 -2.237 -2.924 
1703420271.894 -2.214 -2.985 
1703420271.994 -2.145 -3.077 
1703420272.096 -2.052 -3.175 
1703420272.196 -1.926 -3.278 
1703420272.295 -1.808 -3.371 
1703420272.395 -1.717 -3.439 
1703420272.501 -1.625 -3.498 
1703420272.599 -1.535 -3.577 
1703420272.700 -1.447 -3.662 
1703420272.799 -1.367 -3.750 
1703420272.900 -1.283 -3.828 
1703420272.999 -1.197 -3.912 
1703420273.097 -1.125 -4.004 
1703420273.199 -1.064 -4.111 
1703420273.297 -1.019 -4.242 
1703420273.400 -0.963 -4.372 
1703420273.499 -0.902 -4.476 
1703420273.598 -0.868 -4.593 
1703420273.700 -0.862 -4.718 
1703420273.799 -0.878 -4.833 
1703420273.899 -0.894 -4.972 
1703420274.003 -0.906 -5.106 
1703420274.103 -0.896 -5.194 
1703420274.202 -0.899 -5.278 
1703420274.305 -0.963 -5.369 
1703420274.403 -1.056 -5.464 
1703420274.504 -1.139 -5.547 
1703420274.603 -1.205 -5.638 
1703420274.703 -1.261 -5.727 
1703420274.803 -1.325 -5.804 
1703420274.903 -1.405 -5.860 
1703420275.003 -1.500 -5.925 
1703420275.105 -1.596 -5.992 
1703420275.206 -1.694 -6.047 
1703420275.305 -1.792 -6.096 
1703420275.405 -1.903 -6.126 
1703420275.505 -2.009 -6.134 
1703420275.605 -2.114 -6.137 
1703420275.707 -2.220 -6.139 
1703420275.806 -2.318 -6.144 
1703420275.906 -2.413 -6.146 
1703420276.009 -2.512 -6.141 
1703420276.129 -2.611 -6.141 
1703420276.214 -2.704 -6.141 
1703420276.310 -2.801 -6.141 
1703420276.408 -2.894 -6.140 
1703420276.509 -2.987 -6.135 
1703420276.610 -3.075 -6.137 
1703420276.709 -3.169 -6.136 
1703420276.812 -3.266 -6.134 
1703420276.907 -3.351 -6.132 
1703420277.011 -3.437 -6.130 
1703420277.110 -3.520 -6.130 
1703420277.208 -3.603 -6.132 
1703420277.309 -3.691 -6.133 
1703420277.411 -3.778 -6.133 
1703420277.510 -3.860 -6.133 
1703420277.610 -3.948 -6.133 
1703420277.711 -4.034 -6.132 
1703420277.809 -4.124 -6.138 
1703420277.910 -4.219 -6.144 
1703420278.013 -4.310 -6.151 
1703420278.112 -4.402 -6.157 
1703420278.212 -4.495 -6.163 
1703420278.310 -4.583 -6.169 
1703420278.414 -4.676 -6.172 
1703420278.513 -4.778 -6.166 
1703420278.613 -4.874 -6.161 
1703420278.714 -4.963 -6.159 
1703420278.814 -5.043 -6.160 
1703420278.914 -5.129 -6.154 
1703420279.015 -5.231 -6.134 
1703420279.116 -5.327 -6.121 
1703420279.216 -5.410 -6.111 
1703420279.315 -5.490 -6.100 
1703420279.415 -5.576 -6.094 
1703420279.517 -5.659 -6.088 
1703420279.618 -5.738 -6.080 
1703420279.718 -5.856 -6.093 
1703420279.819 -5.972 -6.103 
1703420279.919 -6.036 -6.086 
1703420280.019 -6.106 -6.079 
1703420280.122 -6.193 -6.093 
1703420280.221 -6.270 -6.125 
1703420280.323 -6.344 -6.154 
1703420280.421 -6.424 -6.185 
1703420280.521 -6.505 -6.271 
1703420280.621 -6.590 -6.356 
1703420280.721 -6.664 -6.440 
1703420280.824 -6.718 -6.493 
1703420280.924 -6.754 -6.542 
1703420281.024 -6.793 -6.628 
1703420281.129 -6.844 -6.710 
1703420281.231 -6.883 -6.786 
1703420281.328 -6.918 -6.866 
1703420281.430 -6.962 -6.951 
1703420281.532 -6.997 -7.035 
1703420281.631 -7.023 -7.116 
1703420281.731 -7.037 -7.196 
1703420281.832 -7.052 -7.281 
1703420281.933 -7.065 -7.363 
1703420282.031 -7.083 -7.444 
1703420282.130 -7.102 -7.522 
1703420282.231 -7.118 -7.603 
1703420282.331 -7.132 -7.681 
1703420282.432 -7.145 -7.757 
1703420282.532 -7.130 -7.871 
1703420282.631 -7.125 -7.983 
1703420282.732 -7.118 -8.070 
1703420282.832 -7.101 -8.154 
1703420282.932 -7.076 -8.241 
1703420283.038 -7.049 -8.325 
1703420283.138 -7.024 -8.404 
1703420283.238 -6.993 -8.484 
1703420283.338 -6.943 -8.573 
1703420283.438 -6.897 -8.679 
1703420283.541 -6.850 -8.779 
1703420283.640 -6.790 -8.881 
1703420283.739 -6.711 -8.983 
1703420283.840 -6.615 -9.071 
1703420283.940 -6.496 -9.123 
1703420284.040 -6.371 -9.142 
1703420284.140 -6.231 -9.119 
1703420284.240 -6.168 -9.064 
1703420284.341 -6.113 -9.023 
1703420284.442 -6.034 -9.015 
1703420284.540 -5.906 -8.980 
1703420284.643 -5.779 -8.948 
1703420284.743 -5.708 -8.919 
1703420284.842 -5.626 -8.903 
1703420284.945 -5.529 -8.889 
1703420285.043 -5.434 -8.875 
1703420285.144 -5.346 -8.861 
1703420285.246 -5.260 -8.847 
1703420285.350 -5.178 -8.839 
1703420285.452 -5.094 -8.834 
1703420285.552 -5.009 -8.831 
1703420285.655 -4.924 -8.825 
1703420285.762 -4.845 -8.815 
1703420285.855 -4.775 -8.807 
1703420285.958 -4.699 -8.799 
1703420286.057 -4.620 -8.799 
1703420286.155 -4.542 -8.808 
1703420286.255 -4.466 -8.819 
1703420286.355 -4.388 -8.827 
1703420286.455 -4.310 -8.837 
1703420286.555 -4.231 -8.848 
1703420286.657 -4.144 -8.857 
1703420286.757 -4.064 -8.869 
1703420286.860 -3.980 -8.882 
1703420286.963 -3.896 -8.895 
1703420287.059 -3.823 -8.907 
1703420287.157 -3.740 -8.917 
1703420287.258 -3.662 -8.930 
1703420287.358 -3.586 -8.943 
1703420287.459 -3.493 -8.954 
1703420287.558 -3.374 -8.949 
1703420287.661 -3.254 -8.938 
1703420287.761 -3.169 -8.934 
1703420287.859 -3.090 -8.934 
1703420287.958 -3.005 -8.934 
1703420288.062 -2.913 -8.928 
1703420288.161 -2.823 -8.924 
1703420288.260 -2.736 -8.920 
1703420288.359 -2.669 -8.918 
1703420288.459 -2.592 -8.917 
1703420288.560 -2.517 -8.920 
1703420288.661 -2.404 -8.897 
1703420288.760 -2.294 -8.877 
1703420288.860 -2.210 -8.873 
1703420288.961 -2.109 -8.855 
1703420289.061 -1.980 -8.819 
1703420289.162 -1.892 -8.789 
1703420289.261 -1.867 -8.777 
1703420289.361 -1.827 -8.751 
1703420289.460 -1.745 -8.688 
1703420289.565 -1.644 -8.612 
1703420289.662 -1.553 -8.541 
1703420289.761 -1.485 -8.474 
1703420289.861 -1.415 -8.418 
1703420289.962 -1.338 -8.368 
1703420290.061 -1.258 -8.329 
1703420290.165 -1.182 -8.289 
1703420290.262 -1.111 -8.248 
1703420290.362 -1.027 -8.212 
1703420290.462 -0.962 -8.170 
1703420290.565 -0.896 -8.135 
1703420290.663 -0.821 -8.110 
1703420290.763 -0.749 -8.084 
1703420290.862 -0.672 -8.059 
1703420290.966 -0.589 -8.047 
1703420291.065 -0.509 -8.038 
1703420291.164 -0.429 -8.034 
1703420291.266 -0.347 -8.038 
1703420291.364 -0.280 -8.047 
1703420291.464 -0.202 -8.070 
1703420291.565 -0.122 -8.102 
1703420291.664 -0.052 -8.139 
1703420291.765 0.006 -8.177 
1703420291.865 0.068 -8.215 
1703420291.968 0.152 -8.260 
1703420292.067 0.244 -8.322 
1703420292.166 0.302 -8.373 
1703420292.268 0.345 -8.400 
1703420292.367 0.402 -8.441 
1703420292.467 0.474 -8.498 
1703420292.568 0.530 -8.554 
1703420292.669 0.588 -8.600 
1703420292.772 0.659 -8.642 
1703420292.871 0.762 -8.684 
1703420292.972 0.923 -8.727 
1703420293.072 1.017 -8.789 
1703420293.174 1.065 -8.830 
1703420293.275 1.116 -8.837 
1703420293.373 1.191 -8.829 
1703420293.475 1.279 -8.815 
1703420293.574 1.366 -8.803 
1703420293.672 1.451 -8.788 
1703420293.774 1.544 -8.773 
1703420293.874 1.634 -8.760 
1703420293.973 1.723 -8.746 
1703420294.074 1.805 -8.730 
1703420294.174 1.887 -8.714 
1703420294.277 1.976 -8.695 
1703420294.376 2.072 -8.678 
1703420294.477 2.165 -8.659 
1703420294.578 2.254 -8.639 
1703420294.677 2.329 -8.619 
1703420294.777 2.411 -8.601 
1703420294.877 2.493 -8.585 
1703420294.995 2.574 -8.574 
1703420295.095 2.655 -8.569 
1703420295.193 2.732 -8.563 
1703420295.293 2.811 -8.559 
1703420295.392 2.883 -8.554 
1703420295.493 2.984 -8.563 
1703420295.594 3.103 -8.568 
1703420295.694 3.208 -8.569 
1703420295.795 3.274 -8.586 
1703420295.895 3.338 -8.601 
1703420295.996 3.406 -8.598 
1703420296.096 3.459 -8.579 
1703420296.196 3.551 -8.522 
1703420296.296 3.663 -8.435 
1703420296.396 3.745 -8.401 
1703420296.497 3.824 -8.392 
1703420296.596 3.888 -8.313 
1703420296.696 3.932 -8.219 
1703420296.797 3.968 -8.106 
1703420296.903 3.998 -7.976 
1703420296.999 3.999 -7.841 
1703420297.097 3.990 -7.720 
1703420297.198 3.982 -7.646 
1703420297.298 3.969 -7.612 
1703420297.397 3.971 -7.592 
1703420297.501 3.997 -7.498 
1703420297.601 4.053 -7.359 
1703420297.701 4.096 -7.247 
1703420297.801 4.158 -7.170 
1703420297.902 4.205 -7.085 
1703420298.003 4.216 -6.977 
1703420298.102 4.167 -6.850 
1703420301.108 3.785 -5.955 
1703420301.210 3.771 -6.015 
1703420301.309 3.755 -6.132 
1703420301.409 3.742 -6.257 
1703420301.509 3.736 -6.372 
1703420301.610 3.733 -6.456 
1703420301.710 3.733 -6.494 
1703420301.810 3.744 -6.431 
1703420301.910 3.760 -6.308 
1703420302.010 3.776 -6.188 
1703420302.114 3.787 -6.078 
1703420302.216 3.799 -5.959 
1703420302.312 3.811 -5.861 
1703420302.413 3.826 -5.770 
1703420302.511 3.842 -5.695 
1703420302.612 3.855 -5.623 
1703420302.713 3.875 -5.565 
1703420302.813 3.904 -5.504 
1703420302.915 3.921 -5.416 
1703420303.018 3.943 -5.339 
1703420303.115 3.951 -5.265 
1703420304.022 4.041 -5.106 
1703420304.122 4.030 -5.088 
1703420304.222 3.980 -5.065 
1703420304.323 3.845 -5.071 
1703420304.422 3.721 -5.085 
1703420304.522 3.608 -5.082 
1703420304.622 3.480 -5.063 
1703420304.722 3.359 -5.046 
1703420304.828 3.244 -5.028 
1703420304.923 3.173 -5.038 
1703420305.024 3.102 -5.024 
1703420305.126 3.032 -5.012 
1703420305.224 2.963 -5.006 
1703420305.323 2.878 -4.962 
1703420305.423 2.790 -4.915 
1703420305.523 2.710 -4.870 
1703420305.624 2.628 -4.811 
1703420305.724 2.542 -4.744 
1703420305.824 2.457 -4.675 
1703420305.924 2.377 -4.599 
1703420306.024 2.305 -4.518 
1703420306.126 2.242 -4.433 
1703420306.226 2.176 -4.341 
1703420306.327 2.102 -4.257 
1703420306.428 2.034 -4.179 
1703420306.527 1.971 -4.088 
1703420306.626 1.923 -3.994 
1703420306.727 1.877 -3.906 
1703420306.828 1.835 -3.827 
1703420306.927 1.793 -3.745 
1703420307.027 1.754 -3.643 
1703420307.127 1.727 -3.525 
1703420307.228 1.698 -3.422 
1703420307.328 1.666 -3.333 
1703420307.428 1.648 -3.239 
1703420307.531 1.637 -3.149 
1703420307.630 1.628 -3.065 
1703420307.729 1.620 -2.988 
1703420307.834 1.632 -2.884 
1703420307.932 1.652 -2.772 
1703420308.031 1.664 -2.688 
1703420308.132 1.664 -2.602 
1703420308.232 1.663 -2.503 
1703420308.332 1.662 -2.398 
1703420308.434 1.660 -2.300 
1703420308.534 1.662 -2.208 
1703420308.635 1.666 -2.113 
1703420308.735 1.673 -2.026 
1703420308.835 1.671 -1.936 
1703420308.934 1.669 -1.854 
1703420309.036 1.665 -1.776 
1703420309.137 1.664 -1.703 
1703420309.237 1.661 -1.619 
1703420309.337 1.658 -1.503 
1703420309.439 1.653 -1.396 
1703420309.540 1.652 -1.300 
1703420309.640 1.655 -1.211 
1703420309.739 1.655 -1.118 
1703420309.840 1.654 -1.026 
1703420309.939 1.654 -0.935 
1703420310.039 1.647 -0.850 
1703420310.139 1.640 -0.766 
1703420310.239 1.632 -0.676 
1703420310.341 1.623 -0.589 
1703420310.440 1.615 -0.500 
1703420310.539 1.627 -0.394 
1703420310.643 1.651 -0.294 
1703420310.743 1.666 -0.228 
1703420310.841 1.679 -0.184 
1703420310.942 1.701 -0.130 
1703420311.042 1.725 -0.059 
1703420311.142 1.749 0.030 
1703420311.243 1.769 0.125 
1703420311.342 1.784 0.211 
1703420311.443 1.803 0.300 
1703420311.543 1.824 0.397 
1703420311.646 1.844 0.497 
1703420311.744 1.864 0.600 
1703420311.844 1.887 0.705 
1703420311.945 1.905 0.813 
1703420312.045 1.921 0.923 
1703420312.144 1.939 1.039 
1703420312.245 1.961 1.155 
1703420312.345 1.986 1.265 
1703420312.445 1.999 1.363 
1703420312.545 2.018 1.463 
1703420312.645 2.039 1.560 
1703420312.745 2.058 1.647 
1703420312.846 2.091 1.728 
1703420312.945 2.161 1.814 
1703420313.045 2.253 1.889 
1703420313.146 2.340 1.955 
1703420313.249 2.431 2.018 
1703420313.349 2.515 2.084 
1703420313.451 2.596 2.147 
1703420313.549 2.673 2.204 
1703420313.652 2.746 2.238 
1703420313.750 2.824 2.263 
1703420313.853 2.952 2.286 
1703420313.952 3.106 2.294 
1703420314.052 3.241 2.315 
1703420314.153 3.373 2.335 
1703420314.253 3.500 2.344 
1703420314.353 3.623 2.342 
1703420314.454 3.747 2.329 
1703420314.555 3.871 2.300 
1703420314.655 3.973 2.243 
1703420314.754 4.075 2.176 
1703420314.855 4.170 2.092 
1703420314.957 4.243 1.997 
1703420315.056 4.318 1.894 
1703420315.155 4.395 1.791 
1703420315.256 4.457 1.686 
1703420315.355 4.499 1.572 
1703420315.457 4.527 1.453 
1703420315.556 4.545 1.333 
1703420315.657 4.558 1.214 
1703420315.758 4.575 1.095 
1703420315.859 4.592 0.975 
1703420315.958 4.613 0.853 
1703420316.059 4.629 0.733 
1703420316.159 4.640 0.614 
1703420316.260 4.661 0.496 
1703420316.359 4.694 0.379 
1703420316.460 4.734 0.260 
1703420316.559 4.767 0.143 
1703420316.660 4.802 0.027 
1703420316.761 4.841 -0.086 
1703420316.860 4.881 -0.198 
1703420316.961 4.922 -0.288 
1703420317.060 4.937 -0.352 
1703420318.280 4.889 -0.664 
1703420318.282 4.889 -0.664 
1703420318.384 4.922 -0.678 
1703420318.481 5.000 -0.697 
1703420318.580 5.094 -0.729 
1703420318.682 5.174 -0.741 
1703420318.784 5.280 -0.755 
1703420318.884 5.411 -0.778 
1703420318.982 5.548 -0.805 
1703420319.088 5.646 -0.841 
1703420319.194 5.750 -0.860 
1703420319.290 5.861 -0.841 
1703420319.390 5.954 -0.813 
1703420319.493 6.058 -0.770 
1703420319.591 6.161 -0.698 
1703420319.697 6.251 -0.644 
1703420319.794 6.340 -0.612 
1703420319.892 6.464 -0.592 
1703420319.992 6.577 -0.560 
1703420320.091 6.692 -0.528 
1703420320.191 6.826 -0.508 
1703420320.291 6.939 -0.489 
1703420320.395 7.060 -0.477 
1703420320.492 7.177 -0.470 
1703420320.592 7.287 -0.461 
1703420320.693 7.393 -0.455 
1703420320.797 7.473 -0.445 
1703420320.896 7.539 -0.434 
1703420320.996 7.615 -0.433 
1703420321.096 7.706 -0.452 
1703420321.197 7.783 -0.460 
1703420321.296 7.843 -0.474 
1703420321.397 7.901 -0.494 
1703420321.496 7.969 -0.527 
1703420321.598 8.043 -0.575 
1703420327.118 8.346 -0.905 
1703420327.219 8.301 -0.908 
1703420327.319 8.177 -0.904 
1703420327.418 8.052 -0.884 
1703420327.519 7.937 -0.845 
1703420327.620 7.803 -0.784 
1703420327.720 7.664 -0.741 
1703420327.821 7.553 -0.698 
1703420327.920 7.453 -0.668 
1703420328.020 7.355 -0.651 
1703420328.122 7.250 -0.629 
1703420328.221 7.141 -0.612 
1703420328.321 7.039 -0.604 
1703420328.421 6.941 -0.587 
1703420328.523 6.861 -0.565 
1703420328.624 6.792 -0.538 
1703420328.725 6.704 -0.496 
1703420328.829 6.614 -0.474 
1703420328.927 6.535 -0.452 
1703420329.030 6.462 -0.411 
1703420329.138 6.380 -0.362 
1703420329.231 6.288 -0.319 
1703420329.331 6.196 -0.269 
1703420329.430 6.113 -0.210 
1703420329.532 6.026 -0.140 
1703420329.627 5.950 -0.076 
1703420329.727 5.868 -0.012 
1703420329.827 5.790 0.053 
1703420329.928 5.708 0.125 
1703420330.029 5.620 0.215 
1703420330.129 5.540 0.297 
1703420330.230 5.470 0.374 
1703420330.330 5.395 0.448 
1703420330.430 5.314 0.520 
1703420330.529 5.238 0.612 
1703420330.630 5.161 0.703 
1703420330.729 5.086 0.788 
1703420330.829 5.010 0.882 
1703420330.930 4.940 0.969 
1703420331.031 4.869 1.060 
1703420331.130 4.797 1.151 
1703420331.230 4.726 1.242 
1703420331.330 4.652 1.327 
1703420331.430 4.578 1.406 
1703420331.531 4.511 1.482 
1703420331.630 4.448 1.556 
1703420331.731 4.365 1.630 
1703420331.832 4.283 1.699 
1703420331.932 4.211 1.760 
1703420332.032 4.139 1.818 
1703420332.133 4.073 1.875 
1703420332.232 3.977 1.930 
1703420332.332 3.892 1.992 
1703420332.433 3.811 2.045 
1703420332.532 3.719 2.090 
1703420332.632 3.619 2.124 
1703420332.732 3.526 2.153 
1703420332.833 3.475 2.192 
1703420332.933 3.407 2.222 
1703420333.035 3.303 2.233 
1703420333.134 3.192 2.235 
1703420333.236 3.104 2.246 
1703420333.335 3.016 2.244 
1703420333.436 2.915 2.214 
1703420333.535 2.822 2.180 
1703420333.636 2.744 2.164 
1703420333.736 2.660 2.144 
1703420333.840 2.568 2.110 
1703420333.937 2.465 2.040 
1703420334.036 2.379 1.986 
1703420334.138 2.305 1.941 
1703420334.236 2.220 1.890 
1703420334.344 2.141 1.829 
1703420334.440 2.063 1.762 
1703420334.539 1.983 1.699 
1703420334.638 1.905 1.636 
1703420334.737 1.828 1.574 
1703420334.837 1.749 1.509 
1703420334.941 1.670 1.444 
1703420335.039 1.592 1.379 
1703420335.139 1.529 1.316 
1703420335.245 1.459 1.260 
1703420335.346 1.377 1.213 
1703420335.445 1.301 1.164 
1703420335.545 1.217 1.120 
1703420335.645 1.140 1.082 
1703420335.745 1.069 1.048 
1703420335.846 0.999 1.010 
1703420335.950 0.934 0.973 
1703420336.051 0.844 0.931 
1703420336.153 0.723 0.887 
1703420336.252 0.617 0.845 
1703420336.352 0.562 0.823 
1703420336.452 0.501 0.799 
1703420336.555 0.415 0.765 
1703420336.653 0.329 0.726 
1703420336.753 0.259 0.687 
1703420336.854 0.206 0.654 
1703420336.956 0.167 0.630 
1703420337.056 0.119 0.592 
1703420337.159 0.048 0.535 
1703420337.259 -0.022 0.483 
1703420337.358 -0.066 0.485 
1703420337.458 -0.105 0.472 
1703420337.557 -0.155 0.413 
1703420337.661 -0.189 0.319 
1703420337.764 -0.211 0.238 
1703420337.864 -0.202 0.170 
1703420337.963 -0.169 0.112 
1703420338.066 -0.142 0.049 
1703420338.170 -0.137 -0.034 
1703420338.270 -0.133 -0.111 
1703420338.371 -0.131 -0.165 
1703420338.470 -0.130 -0.223 
1703420338.570 -0.129 -0.293 
1703420338.669 -0.141 -0.348 
1703420338.770 -0.134 -0.426 
1703420338.872 -0.110 -0.530 
1703420338.972 -0.093 -0.620 
1703420339.072 -0.068 -0.712 
1703420339.173 -0.041 -0.803 
1703420339.274 -0.013 -0.871 
1703420339.373 0.006 -0.945 
1703420339.472 0.026 -1.034 
1703420339.572 0.045 -1.121 
1703420339.672 0.066 -1.210 
1703420339.772 0.090 -1.298 
1703420339.873 0.108 -1.381 
1703420339.972 0.130 -1.462 
1703420340.075 0.157 -1.542 
1703420340.176 0.175 -1.616 
1703420340.279 0.165 -1.670 
1703420340.379 0.176 -1.734 
1703420340.478 0.225 -1.801 
1703420340.577 0.284 -1.891 
1703420340.676 0.337 -1.990 
1703420340.776 0.392 -2.098 
1703420340.878 0.446 -2.203 
1703420340.977 0.494 -2.291 
1703420341.080 0.536 -2.379 
1703420341.180 0.590 -2.471 
1703420341.279 0.646 -2.568 
1703420341.378 0.700 -2.660 
1703420341.480 0.756 -2.758 
1703420341.579 0.813 -2.849 
1703420341.679 0.871 -2.949 
1703420341.778 0.929 -3.045 
1703420341.878 0.985 -3.141 
1703420341.979 1.043 -3.242 
1703420342.079 1.096 -3.339 
1703420342.178 1.153 -3.438 
1703420342.282 1.211 -3.537 
1703420342.386 1.272 -3.635 
1703420342.487 1.328 -3.731 
1703420342.587 1.390 -3.826 
1703420342.691 1.452 -3.919 
1703420342.787 1.516 -4.016 
1703420342.887 1.586 -4.114 
1703420342.987 1.648 -4.205 
1703420343.088 1.710 -4.289 
1703420343.187 1.780 -4.377 
1703420343.288 1.850 -4.475 
1703420343.387 1.923 -4.565 
1703420343.487 1.998 -4.641 
1703420343.588 2.077 -4.714 
1703420343.688 2.163 -4.787 
1703420343.788 2.250 -4.863 
1703420343.889 2.327 -4.933 
1703420343.992 2.394 -4.996 
1703420344.092 2.488 -5.055 
1703420344.191 2.597 -5.103 
1703420344.293 2.695 -5.142 
1703420344.392 2.781 -5.182 
1703420344.493 2.869 -5.232 
1703420344.592 2.959 -5.280 
1703420344.694 3.060 -5.305 
1703420344.796 3.163 -5.319 
1703420344.895 3.267 -5.331 
1703420344.995 3.366 -5.351 
1703420345.095 3.466 -5.377 
1703420345.196 3.558 -5.385 
1703420345.296 3.660 -5.383 
1703420345.398 3.772 -5.380 
1703420345.498 3.880 -5.376 
1703420345.598 3.987 -5.372 
1703420345.697 4.095 -5.369 
1703420345.797 4.206 -5.367 
1703420345.899 4.322 -5.362 
1703420345.998 4.435 -5.353 
1703420346.099 4.546 -5.345 
1703420346.198 4.653 -5.339 
1703420346.299 4.763 -5.332 
1703420346.400 4.873 -5.326 
1703420346.499 4.982 -5.317 
1703420346.598 5.092 -5.307 
1703420346.698 5.203 -5.299 
1703420346.799 5.314 -5.290 
1703420346.899 5.425 -5.280 
1703420347.000 5.539 -5.270 
1703420347.100 5.645 -5.264 
1703420347.202 5.749 -5.256 
1703420347.302 5.854 -5.248 
1703420347.404 5.962 -5.241 
1703420347.504 6.059 -5.233 
1703420347.604 6.161 -5.227 
1703420347.703 6.253 -5.223 
1703420347.804 6.341 -5.217 
1703420347.904 6.426 -5.212 
1703420348.004 6.508 -5.206 
1703420348.104 6.588 -5.201 
1703420348.205 6.663 -5.196 
1703420348.305 6.763 -5.191 
1703420348.404 6.868 -5.185 
1703420348.504 6.951 -5.178 
1703420348.605 7.011 -5.170 
1703420348.705 7.066 -5.162 
1703420348.804 7.123 -5.151 
1703420348.906 7.175 -5.151 
1703420349.006 7.253 -5.189 
1703420349.909 7.381 -5.121 
1703420350.011 7.372 -5.155 
1703420350.109 7.356 -5.274 
1703420350.210 7.347 -5.382 
1703420350.309 7.338 -5.475 
1703420350.410 7.318 -5.586 
1703420350.512 7.312 -5.729 
1703420350.612 7.311 -5.814 
1703420350.716 7.319 -5.833 
1703420350.813 7.320 -5.871 
1703420350.912 7.322 -5.960 
1703420351.011 7.294 -6.099 
1703420351.112 7.268 -6.213 
1703420351.213 7.253 -6.296 
1703420351.324 7.236 -6.368 
1703420351.413 7.215 -6.435 
1703420351.515 7.188 -6.517 
1703420351.613 7.172 -6.594 
1703420351.714 7.156 -6.669 
1703420351.820 7.125 -6.749 
1703420351.919 7.096 -6.827 
1703420352.023 7.070 -6.901 
1703420352.123 7.038 -6.973 
1703420352.222 6.998 -7.066 
1703420352.323 6.973 -7.160 
1703420352.424 6.940 -7.225 
1703420352.523 6.922 -7.297 
1703420352.622 6.915 -7.379 
1703420352.722 6.898 -7.472 
1703420352.823 6.878 -7.564 
1703420352.923 6.871 -7.663 
1703420353.025 6.861 -7.779 
1703420353.124 6.885 -7.915 
1703420353.224 6.910 -8.033 
1703420353.326 6.963 -8.137 
1703420353.427 7.042 -8.234 
1703420358.254 6.836 -8.666 
1703420358.254 6.836 -8.666 
1703420358.355 6.813 -8.619 
1703420358.455 6.764 -8.533 
1703420358.557 6.691 -8.431 
1703420358.656 6.626 -8.336 
1703420358.756 6.545 -8.255 
1703420358.858 6.463 -8.170 
1703420358.959 6.377 -8.077 
1703420359.059 6.293 -7.985 
1703420359.159 6.210 -7.896 
1703420359.260 6.126 -7.805 
1703420359.360 6.043 -7.715 
1703420359.459 5.962 -7.627 
1703420359.558 5.881 -7.539 
1703420359.660 5.793 -7.445 
1703420359.759 5.706 -7.357 
1703420359.859 5.624 -7.269 
1703420359.960 5.537 -7.181 
1703420360.061 5.450 -7.097 
1703420360.160 5.359 -7.012 
1703420360.260 5.271 -6.925 
1703420360.363 5.181 -6.836 
1703420360.460 5.092 -6.759 
1703420360.561 4.996 -6.683 
1703420360.661 4.894 -6.603 
1703420360.762 4.810 -6.523 
1703420360.861 4.716 -6.452 
1703420360.962 4.617 -6.384 
1703420361.062 4.516 -6.318 
1703420361.162 4.416 -6.255 
1703420361.265 4.313 -6.192 
1703420361.363 4.216 -6.135 
1703420361.463 4.115 -6.075 
1703420361.566 4.012 -6.016 
1703420361.668 3.911 -5.957 
1703420361.770 3.807 -5.896 
1703420361.867 3.710 -5.841 
1703420361.967 3.615 -5.787 
1703420362.068 3.523 -5.736 
1703420362.167 3.432 -5.686 
1703420362.267 3.340 -5.638 
1703420362.367 3.248 -5.591 
1703420362.468 3.157 -5.543 
1703420362.568 3.067 -5.498 
1703420362.669 2.978 -5.453 
1703420362.780 2.886 -5.404 
1703420362.877 2.796 -5.338 
1703420362.973 2.710 -5.272 
1703420363.072 2.623 -5.222 
1703420363.172 2.531 -5.172 
1703420363.273 2.434 -5.111 
1703420363.372 2.346 -5.041 
1703420363.475 2.264 -4.970 
1703420363.575 2.193 -4.890 
1703420363.675 2.123 -4.814 
1703420363.774 2.060 -4.726 
1703420363.876 1.992 -4.636 
1703420363.977 1.925 -4.537 
1703420364.076 1.858 -4.444 
1703420364.175 1.804 -4.365 
1703420364.275 1.756 -4.278 
1703420364.375 1.714 -4.187 
1703420364.475 1.666 -4.081 
1703420364.575 1.619 -3.988 
1703420364.676 1.580 -3.903 
1703420364.776 1.549 -3.813 
1703420364.877 1.526 -3.724 
1703420364.977 1.503 -3.618 
1703420365.079 1.496 -3.507 
1703420365.181 1.484 -3.407 
1703420365.281 1.467 -3.316 
1703420365.380 1.452 -3.221 
1703420365.481 1.454 -3.111 
1703420365.581 1.460 -3.007 
1703420365.682 1.462 -2.905 
1703420365.781 1.460 -2.806 
1703420365.883 1.466 -2.702 
1703420365.982 1.472 -2.610 
1703420366.083 1.477 -2.518 
1703420366.183 1.486 -2.422 
1703420366.284 1.493 -2.324 
1703420366.384 1.503 -2.233 
1703420366.484 1.509 -2.148 
1703420366.585 1.519 -2.062 
1703420366.685 1.529 -1.979 
1703420366.785 1.537 -1.895 
1703420366.885 1.545 -1.813 
1703420366.986 1.550 -1.729 
1703420367.086 1.551 -1.639 
1703420367.185 1.551 -1.554 
1703420367.285 1.550 -1.473 
1703420367.388 1.544 -1.391 
1703420367.487 1.532 -1.309 
1703420367.587 1.529 -1.226 
1703420367.687 1.525 -1.144 
1703420367.786 1.520 -1.063 
1703420367.886 1.517 -0.983 
1703420367.986 1.518 -0.897 
1703420368.087 1.520 -0.808 
1703420368.187 1.520 -0.722 
1703420368.289 1.522 -0.635 
1703420368.388 1.521 -0.552 
1703420368.488 1.520 -0.471 
1703420368.590 1.529 -0.378 
1703420368.691 1.539 -0.278 
1703420368.791 1.547 -0.185 
1703420368.891 1.557 -0.095 
1703420368.991 1.559 -0.008 
1703420369.093 1.564 0.088 
1703420369.193 1.578 0.193 
1703420369.292 1.591 0.290 
1703420369.392 1.600 0.386 
1703420369.492 1.608 0.481 
1703420369.593 1.622 0.583 
1703420369.693 1.641 0.686 
1703420369.795 1.660 0.784 
1703420369.896 1.674 0.877 
1703420369.997 1.685 0.965 
1703420370.105 1.715 1.067 
1703420370.197 1.748 1.151 
1703420370.300 1.782 1.239 
1703420370.402 1.820 1.328 
1703420370.502 1.862 1.414 
1703420370.603 1.911 1.494 
1703420370.704 1.957 1.566 
1703420370.803 1.997 1.634 
1703420370.907 2.035 1.703 
1703420371.006 2.122 1.784 
1703420371.105 2.224 1.865 
1703420371.206 2.284 1.920 
1703420371.308 2.344 1.971 
1703420371.409 2.436 2.033 
1703420371.510 2.522 2.094 
1703420371.609 2.597 2.143 
1703420371.710 2.662 2.177 
1703420371.811 2.725 2.198 
1703420371.911 2.794 2.211 
1703420372.011 2.901 2.221 
1703420372.109 2.982 2.215 
1703420372.211 3.052 2.200 
1703420372.313 3.146 2.189 
1703420372.413 3.257 2.187 
1703420372.515 3.368 2.183 
1703420372.615 3.482 2.175 
1703420372.715 3.597 2.162 
1703420372.815 3.709 2.145 
1703420372.915 3.815 2.123 
1703420373.022 3.917 2.099 
1703420373.119 4.014 2.077 
1703420373.220 4.118 2.057 
1703420373.322 4.226 2.035 
1703420373.423 4.315 2.010 
1703420373.522 4.392 1.979 
1703420373.629 4.493 1.905 
1703420373.724 4.580 1.803 
1703420373.824 4.644 1.709 
1703420373.924 4.708 1.610 
1703420374.024 4.771 1.504 
1703420374.124 4.824 1.394 
1703420374.225 4.879 1.288 
1703420374.324 4.937 1.181 
1703420374.424 4.993 1.076 
1703420374.525 5.038 0.965 
1703420374.625 5.084 0.852 
1703420374.726 5.134 0.740 
1703420374.828 5.182 0.630 
1703420374.929 5.224 0.517 
1703420375.029 5.265 0.403 
1703420375.128 5.308 0.290 
1703420375.228 5.351 0.176 
1703420375.329 5.391 0.063 
1703420375.429 5.432 -0.047 
1703420375.530 5.472 -0.158 
1703420375.630 5.512 -0.269 
1703420375.730 5.553 -0.382 
1703420375.830 5.593 -0.496 
1703420375.931 5.634 -0.608 
1703420376.032 5.677 -0.718 
1703420376.134 5.723 -0.828 
1703420376.235 5.771 -0.943 
1703420376.332 5.812 -1.052 
1703420376.433 5.857 -1.163 
1703420376.533 5.902 -1.272 
1703420376.633 5.954 -1.376 
1703420376.733 5.990 -1.461 
1703420376.833 6.022 -1.538 
1703420376.934 6.061 -1.616 
1703420377.035 6.100 -1.686 
1703420377.135 6.137 -1.757 
1703420377.234 6.193 -1.849 
1703420377.335 6.262 -1.953 
1703420377.436 6.316 -2.027 
1703420377.542 6.356 -2.090 
1703420377.636 6.381 -2.137 
1703420377.737 6.443 -2.179 
1703420377.837 6.538 -2.200 
1703420377.937 6.643 -2.213 
1703420378.038 6.746 -2.236 
1703420378.138 6.833 -2.261 
1703420378.238 6.903 -2.286 
1703420378.339 6.955 -2.304 
1703420378.440 6.997 -2.301 
1703420378.543 7.035 -2.296 
1703420378.643 7.098 -2.290 
1703420378.741 7.214 -2.296 
1703420378.843 7.352 -2.290 
1703420378.942 7.425 -2.296 
1703420379.043 7.441 -2.296 
1703420379.141 7.467 -2.302 
1703420379.243 7.551 -2.314 
1703420379.343 7.682 -2.313 
1703420379.442 7.794 -2.315 
1703420379.544 7.854 -2.336 
1703420379.642 7.916 -2.342 
1703420379.742 8.003 -2.326 
1703420379.841 8.126 -2.248 
1703420379.942 8.238 -2.183 
1703420380.043 8.346 -2.124 
1703420380.143 8.437 -2.049 
1703420380.245 8.510 -1.973 
1703420380.346 8.551 -1.865 
1703420380.446 8.568 -1.745 
1703420380.549 8.592 -1.635 
1703420380.650 8.614 -1.524 
1703420380.750 8.624 -1.441 
1703420380.850 8.621 -1.368 
1703420380.950 8.615 -1.273 
1703420381.051 8.616 -1.176 
1703420381.150 8.617 -1.090 
1703420381.250 8.618 -1.001 
1703420381.350 8.612 -0.904 
1703420381.450 8.607 -0.811 
1703420381.550 8.605 -0.721 
1703420381.651 8.602 -0.626 
1703420381.751 8.604 -0.528 
1703420381.851 8.603 -0.440 
1703420381.952 8.598 -0.348 
1703420382.054 8.596 -0.252 
1703420382.156 8.593 -0.162 
1703420382.257 8.591 -0.073 
1703420382.356 8.589 0.016 
1703420382.457 8.577 0.118 
1703420382.557 8.567 0.208 
1703420382.657 8.555 0.292 
1703420382.757 8.547 0.373 
1703420382.858 8.540 0.457 
1703420382.958 8.530 0.552 
1703420383.058 8.517 0.635 
1703420383.160 8.490 0.716 
1703420383.260 8.472 0.793 
1703420383.358 8.446 0.875 
1703420383.459 8.421 0.959 
1703420383.559 8.393 1.039 
1703420383.662 8.362 1.120 
1703420383.762 8.329 1.201 
1703420383.862 8.293 1.281 
1703420383.964 8.243 1.357 
1703420384.063 8.179 1.418 
1703420384.163 8.108 1.482 
1703420384.263 8.045 1.551 
1703420384.362 7.982 1.624 
1703420384.463 7.907 1.696 
1703420384.563 7.829 1.761 
1703420384.663 7.751 1.828 
1703420384.765 7.673 1.894 
1703420384.864 7.584 1.961 
1703420384.963 7.486 2.027 
1703420385.064 7.388 2.099 
1703420385.167 7.297 2.166 
1703420385.264 7.206 2.235 
1703420385.364 7.112 2.308 
1703420385.465 7.018 2.382 
1703420385.565 6.920 2.456 
1703420385.664 6.814 2.527 
1703420385.765 6.716 2.599 
1703420385.868 6.616 2.675 
1703420385.971 6.517 2.750 
1703420386.072 6.422 2.823 
1703420386.173 6.329 2.899 
1703420386.273 6.232 2.981 
1703420386.373 6.136 3.064 
1703420386.474 6.051 3.140 
1703420386.573 5.973 3.224 
1703420386.673 5.890 3.309 
1703420386.777 5.806 3.395 
1703420386.877 5.724 3.480 
1703420386.976 5.645 3.567 
1703420387.077 5.569 3.657 
1703420387.178 5.512 3.758 
1703420387.277 5.471 3.857 
1703420387.377 5.420 3.968 
1703420387.477 5.360 4.084 
1703420387.578 5.313 4.198 
1703420387.677 5.281 4.317 
1703420387.777 5.258 4.438 
1703420387.878 5.253 4.560 
1703420387.978 5.254 4.681 
1703420388.082 5.272 4.814 
1703420388.179 5.286 4.932 
1703420388.280 5.314 5.037 
1703420388.384 5.355 5.141 
1703420388.484 5.415 5.239 
1703420388.585 5.484 5.324 
1703420388.684 5.565 5.401 
1703420388.783 5.658 5.467 
1703420388.884 5.746 5.529 
1703420388.985 5.841 5.582 
1703420389.089 5.933 5.628 
1703420389.188 6.021 5.671 
1703420389.287 6.105 5.718 
1703420389.388 6.182 5.765 
1703420389.487 6.256 5.822 
1703420389.587 6.318 5.877 
1703420389.687 6.374 5.930 
1703420389.787 6.430 5.974 
1703420389.888 6.486 6.007 
1703420389.988 6.550 6.062 
1703420390.090 6.635 6.189 
1703420390.188 6.710 6.287 
1703420390.288 6.742 6.333 
1703420390.388 6.761 6.343 
1703420390.489 6.774 6.314 
1703420390.589 6.767 6.388 
1703420390.691 6.735 6.511 
1703420390.791 6.760 6.558 
1703420390.890 6.811 6.600 
1703420390.996 6.829 6.670 
1703420391.093 6.819 6.745 
1703420391.191 6.763 6.810 
1703420391.290 6.687 6.907 
1703420391.396 6.609 6.992 
1703420391.494 6.536 7.071 
1703420391.592 6.495 7.123 
1703420391.691 6.453 7.169 
1703420391.790 6.371 7.232 
1703420391.890 6.277 7.293 
1703420391.991 6.205 7.349 
1703420392.091 6.137 7.408 
1703420392.191 6.055 7.473 
1703420392.291 5.974 7.541 
1703420392.394 5.897 7.606 
1703420392.492 5.822 7.668 
1703420392.597 5.737 7.735 
1703420392.693 5.662 7.797 
1703420392.793 5.578 7.865 
1703420392.893 5.495 7.934 
1703420392.994 5.419 8.007 
1703420393.094 5.342 8.077 
1703420393.194 5.264 8.145 
1703420393.293 5.186 8.210 
1703420393.393 5.097 8.265 
1703420393.495 5.007 8.312 
1703420393.595 4.923 8.362 
1703420393.695 4.837 8.416 
1703420393.795 4.730 8.460 
1703420393.898 4.633 8.499 
1703420393.996 4.550 8.529 
1703420394.096 4.470 8.562 
1703420394.196 4.385 8.597 
1703420394.296 4.290 8.636 
1703420394.396 4.192 8.656 
1703420394.498 4.111 8.665 
1703420394.598 4.037 8.680 
1703420394.698 3.952 8.713 
1703420394.798 3.860 8.740 
1703420394.899 3.771 8.757 
1703420395.000 3.675 8.744 
1703420395.100 3.564 8.698 
1703420395.199 3.447 8.641 
1703420395.299 3.347 8.590 
1703420395.399 3.273 8.575 
1703420395.499 3.200 8.511 
1703420395.599 3.129 8.432 
1703420395.709 3.062 8.363 
1703420395.803 3.009 8.302 
1703420395.904 2.945 8.201 
1703420396.006 2.888 8.081 
1703420396.104 2.843 8.008 
1703420396.204 2.806 7.951 
1703420396.303 2.780 7.884 
1703420396.403 2.750 7.800 
1703420396.507 2.723 7.730 
1703420396.606 2.697 7.674 
1703420396.705 2.656 7.617 
1703420396.808 2.600 7.557 
1703420396.908 2.531 7.488 
1703420397.009 2.452 7.411 
1703420397.106 2.387 7.350 
1703420397.205 2.323 7.298 
1703420397.306 2.249 7.245 
1703420397.405 2.155 7.207 
1703420397.505 2.061 7.177 
1703420397.612 1.991 7.136 
1703420397.708 1.912 7.099 
1703420397.809 1.798 7.078 
1703420397.909 1.684 7.058 
1703420398.009 1.590 7.060 
1703420398.110 1.490 7.061 
1703420398.210 1.357 7.062 
1703420398.310 1.242 7.069 
1703420398.410 1.174 7.090 
1703420398.512 1.096 7.118 
1703420398.612 0.983 7.172 
1703420398.718 0.867 7.212 
1703420398.821 0.755 7.252 
1703420398.925 0.654 7.290 
1703420399.020 0.558 7.324 
1703420399.119 0.455 7.352 
1703420399.219 0.356 7.376 
1703420399.319 0.265 7.401 
1703420399.418 0.182 7.428 
1703420399.518 0.089 7.449 
1703420399.620 -0.040 7.445 
1703420399.723 -0.152 7.441 
1703420399.822 -0.212 7.439 
1703420399.922 -0.267 7.431 
1703420400.021 -0.351 7.402 
1703420400.123 -0.445 7.361 
1703420400.222 -0.523 7.325 
1703420400.323 -0.578 7.303 
1703420400.424 -0.632 7.269 
1703420400.526 -0.697 7.234 
1703420400.624 -0.749 7.203 
1703420400.723 -0.779 7.162 
1703420400.825 -0.795 7.095 
1703420400.927 -0.781 7.000 
1703420401.026 -0.749 6.920 
1703420401.125 -0.726 6.869 
1703420401.225 -0.692 6.805 
1703420405.348 -0.317 6.368 
1703420405.349 -0.317 6.368 
1703420405.451 -0.398 6.393 
1703420405.550 -0.505 6.435 
1703420405.653 -0.589 6.476 
1703420405.750 -0.703 6.499 
1703420405.851 -0.820 6.504 
1703420405.950 -0.939 6.521 
1703420406.050 -1.061 6.562 
1703420406.150 -1.181 6.591 
1703420406.250 -1.299 6.605 
1703420406.351 -1.410 6.614 
1703420406.458 -1.516 6.635 
1703420406.555 -1.621 6.661 
1703420406.658 -1.732 6.685 
1703420406.759 -1.848 6.706 
1703420406.860 -1.959 6.734 
1703420406.957 -2.063 6.779 
1703420407.058 -2.167 6.842 
1703420407.159 -2.263 6.905 
1703420407.258 -2.355 6.973 
1703420407.359 -2.444 7.044 
1703420407.458 -2.523 7.131 
1703420407.559 -2.586 7.228 
1703420407.659 -2.638 7.279 
1703420407.759 -2.686 7.300 
1703420407.861 -2.724 7.300 
1703420407.961 -2.737 7.316 
1703420408.062 -2.737 7.382 
1703420408.162 -2.740 7.428 
1703420408.262 -2.742 7.458 
1703420408.367 -2.741 7.515 
1703420408.469 -2.743 7.607 
1703420408.570 -2.746 7.698 
1703420408.670 -2.742 7.775 
1703420408.766 -2.729 7.832 
1703420408.866 -2.711 7.910 
1703420408.966 -2.704 7.995 
1703420409.066 -2.700 8.081 
1703420409.167 -2.683 8.179 
1703420409.271 -2.661 8.257 
1703420409.367 -2.665 8.249 
1703420411.980 -2.456 8.320 
1703420412.079 -2.474 8.300 
1703420413.389 -2.465 8.290 
1703420413.491 -2.461 8.295 
1703420413.590 -2.492 8.307 
1703420413.689 -2.579 8.385 
1703420413.789 -2.615 8.405 
1703420413.889 -2.537 8.357 
1703420413.990 -2.434 8.302 
1703420414.090 -2.310 8.233 
1703420414.190 -2.192 8.173 
1703420414.292 -2.107 8.122 
1703420414.391 -2.038 8.074 
1703420414.491 -1.962 8.026 
1703420414.592 -1.868 7.981 
1703420414.693 -1.791 7.940 
1703420414.794 -1.704 7.877 
1703420414.894 -1.606 7.812 
1703420414.993 -1.507 7.742 
1703420415.092 -1.409 7.672 
1703420415.195 -1.312 7.603 
1703420415.293 -1.218 7.535 
1703420415.393 -1.122 7.466 
1703420415.495 -1.026 7.395 
1703420415.593 -0.929 7.324 
1703420415.693 -0.832 7.252 
1703420415.795 -0.733 7.179 
1703420415.895 -0.635 7.106 
1703420415.995 -0.541 7.037 
1703420416.094 -0.445 6.971 
1703420416.196 -0.343 6.899 
1703420416.295 -0.242 6.824 
1703420416.397 -0.142 6.752 
1703420416.495 -0.046 6.686 
1703420416.596 0.054 6.614 
1703420416.699 0.156 6.540 
1703420416.798 0.252 6.471 
1703420416.897 0.343 6.396 
1703420416.997 0.438 6.323 
1703420417.097 0.537 6.248 
1703420417.197 0.637 6.172 
1703420417.298 0.731 6.105 
1703420417.398 0.822 6.027 
1703420417.499 0.913 5.945 
1703420417.599 1.004 5.865 
1703420417.699 1.095 5.779 
1703420417.802 1.181 5.700 
1703420417.899 1.257 5.613 
1703420418.003 1.326 5.519 
1703420418.101 1.395 5.422 
1703420418.200 1.457 5.324 
1703420418.300 1.513 5.218 
1703420418.401 1.557 5.108 
1703420418.500 1.592 4.998 
1703420418.600 1.622 4.883 
1703420418.701 1.648 4.768 
1703420418.800 1.668 4.653 
1703420418.904 1.680 4.532 
1703420419.005 1.688 4.415 
1703420419.105 1.687 4.302 
1703420419.204 1.678 4.177 
1703420419.304 1.679 4.055 
1703420419.404 1.678 3.943 
1703420419.505 1.664 3.875 
1703420419.605 1.650 3.807 
1703420419.705 1.620 3.727 
1703420419.805 1.581 3.648 
1703420419.907 1.544 3.576 
1703420420.007 1.509 3.504 
1703420420.108 1.471 3.431 
1703420420.210 1.427 3.363 
1703420420.307 1.372 3.297 
1703420420.406 1.314 3.233 
1703420420.507 1.249 3.171 
1703420420.609 1.179 3.112 
1703420420.710 1.104 3.069 
1703420420.807 1.024 3.036 
1703420420.909 0.954 3.000 
1703420421.010 0.884 2.961 
1703420421.111 0.810 2.920 
1703420421.213 0.727 2.886 
1703420421.312 0.646 2.859 
1703420421.411 0.564 2.836 
1703420421.515 0.481 2.813 
1703420421.612 0.382 2.782 
1703420421.716 0.283 2.763 
1703420421.812 0.182 2.748 
1703420421.911 0.083 2.737 
1703420422.014 -0.022 2.730 
1703420422.112 -0.133 2.736 
1703420422.211 -0.244 2.739 
1703420422.311 -0.351 2.738 
1703420422.414 -0.457 2.738 
1703420422.513 -0.573 2.751 
1703420422.612 -0.690 2.764 
1703420422.712 -0.803 2.773 
1703420422.812 -0.914 2.781 
1703420422.913 -1.028 2.793 
1703420423.013 -1.136 2.803 
1703420423.114 -1.243 2.812 
1703420423.215 -1.352 2.820 
1703420423.314 -1.465 2.817 
1703420423.414 -1.573 2.815 
1703420423.514 -1.671 2.813 
1703420423.615 -1.769 2.809 
1703420423.716 -1.880 2.809 
1703420423.816 -1.989 2.797 
1703420423.916 -2.082 2.789 
1703420424.019 -2.181 2.782 
1703420424.117 -2.285 2.769 
1703420424.218 -2.392 2.760 
1703420424.317 -2.492 2.748 
1703420424.418 -2.596 2.738 
1703420424.518 -2.702 2.727 
1703420424.619 -2.811 2.714 
1703420424.719 -2.916 2.701 
1703420424.818 -3.024 2.688 
1703420424.923 -3.138 2.681 
1703420425.019 -3.236 2.672 
1703420425.119 -3.344 2.666 
1703420425.219 -3.453 2.659 
1703420425.318 -3.566 2.651 
1703420425.422 -3.680 2.655 
1703420425.519 -3.774 2.654 
1703420425.619 -3.878 2.656 
1703420425.720 -3.979 2.656 
1703420425.819 -4.093 2.667 
1703420425.919 -4.206 2.685 
1703420426.027 -4.303 2.690 
1703420426.121 -4.366 2.685 
1703420426.219 -4.446 2.694 
1703420426.322 -4.559 2.757 
1703420426.421 -4.643 2.827 
1703420426.522 -4.728 2.882 
1703420426.621 -4.812 2.921 
1703420426.723 -4.899 2.972 
1703420426.823 -4.980 3.030 
1703420426.923 -5.054 3.096 
1703420427.023 -5.122 3.174 
1703420427.125 -5.192 3.260 
1703420427.224 -5.256 3.343 
1703420427.324 -5.320 3.428 
1703420427.423 -5.376 3.534 
1703420427.525 -5.426 3.644 
1703420427.626 -5.480 3.722 
1703420427.724 -5.526 3.798 
1703420427.824 -5.566 3.891 
1703420427.925 -5.594 4.005 
1703420428.025 -5.617 4.121 
1703420428.125 -5.649 4.225 
1703420428.224 -5.669 4.338 
1703420428.325 -5.679 4.439 
1703420428.425 -5.675 4.527 
1703420428.525 -5.665 4.599 
1703420428.625 -5.646 4.679 
1703420428.726 -5.636 4.763 
1703420428.829 -5.626 4.841 
1703420428.927 -5.600 4.935 
1703420429.027 -5.588 5.009 
1703420429.127 -5.566 5.077 
1703420429.226 -5.553 5.128 
1703420430.935 -5.576 5.015 
1703420431.036 -5.578 5.017 
1703420431.136 -5.645 5.018 
1703420431.235 -5.786 4.989 
1703420431.338 -5.929 4.950 
1703420431.443 -6.058 4.898 
1703420431.540 -6.163 4.851 
1703420431.638 -6.252 4.814 
1703420431.737 -6.309 4.784 
1703420431.838 -6.343 4.750 
1703420431.938 -6.371 4.706 
1703420432.038 -6.438 4.655 
1703420432.139 -6.524 4.596 
1703420432.238 -6.590 4.546 
1703420432.339 -6.657 4.490 
1703420432.439 -6.725 4.432 
1703420432.540 -6.781 4.374 
1703420432.639 -6.832 4.318 
1703420432.741 -6.889 4.282 
1703420432.839 -6.973 4.262 
1703420432.940 -7.070 4.242 
1703420433.039 -7.171 4.222 
1703420433.139 -7.261 4.204 
1703420433.240 -7.339 4.205 
1703420433.342 -7.412 4.199 
1703420433.442 -7.503 4.212 
1703420433.540 -7.594 4.235 
1703420433.640 -7.672 4.255 
1703420433.741 -7.747 4.280 
1703420433.842 -7.832 4.317 
1703420433.943 -7.913 4.358 
1703420434.043 -7.991 4.389 
1703420434.141 -8.061 4.420 
1703420434.242 -8.131 4.454 
1703420434.343 -8.200 4.488 
1703420434.444 -8.276 4.523 
1703420434.543 -8.348 4.559 
1703420434.643 -8.457 4.606 
1703420434.743 -8.536 4.652 
1703420434.842 -8.601 4.693 
1703420438.449 -8.357 4.471 
1703420438.450 -8.357 4.471 
1703420438.551 -8.306 4.486 
1703420438.651 -8.217 4.523 
1703420438.750 -8.107 4.569 
1703420438.851 -7.995 4.614 
1703420438.951 -7.884 4.658 
1703420439.051 -7.773 4.703 
1703420439.151 -7.662 4.745 
1703420439.251 -7.550 4.787 
1703420439.351 -7.439 4.828 
1703420439.450 -7.325 4.871 
1703420439.551 -7.211 4.911 
1703420439.651 -7.097 4.949 
1703420439.751 -6.985 4.986 
1703420439.852 -6.869 5.021 
1703420439.952 -6.752 5.054 
1703420440.052 -6.637 5.089 
1703420440.154 -6.519 5.120 
1703420440.252 -6.402 5.148 
1703420440.356 -6.284 5.177 
1703420440.455 -6.167 5.207 
1703420440.556 -6.059 5.227 
1703420440.655 -5.978 5.240 
1703420440.756 -5.894 5.256 
1703420440.855 -5.815 5.271 
1703420440.955 -5.721 5.296 
1703420441.055 -5.629 5.303 
1703420441.155 -5.545 5.305 
1703420441.258 -5.483 5.315 
1703420441.356 -5.403 5.325 
1703420441.456 -5.330 5.326 
1703420441.555 -5.265 5.326 
1703420441.655 -5.212 5.316 
1703420446.368 -4.935 4.725 
1703420446.468 -4.962 4.703 
1703420446.568 -4.980 4.694 
1703420446.669 -4.934 4.719 
1703420446.769 -4.928 4.745 
1703420448.576 -5.003 4.637 
1703420448.677 -4.979 4.662 
1703420448.777 -4.937 4.713 
1703420448.877 -4.910 4.776 
1703420448.976 -4.912 4.832 
1703420449.077 -4.950 4.841 
1703420449.178 -4.990 4.788 
1703420449.279 -5.068 4.673 
1703420449.378 -5.144 4.558 
1703420449.478 -5.197 4.499 
1703420449.586 -5.236 4.448 
1703420449.682 -5.264 4.363 
1703420449.783 -5.286 4.276 
1703420449.883 -5.301 4.196 
1703420449.981 -5.325 4.112 
1703420450.083 -5.354 4.021 
1703420450.181 -5.383 3.927 
1703420450.284 -5.417 3.825 
1703420450.383 -5.459 3.722 
1703420450.486 -5.501 3.621 
1703420450.588 -5.541 3.519 
1703420450.687 -5.588 3.407 
1703420450.787 -5.632 3.293 
1703420450.887 -5.668 3.182 
1703420450.987 -5.708 3.095 
1703420451.088 -5.750 2.984 
1703420451.187 -5.806 2.871 
1703420451.288 -5.854 2.755 
1703420451.389 -5.901 2.660 
1703420451.489 -5.952 2.552 
1703420451.589 -6.006 2.444 
1703420451.693 -6.063 2.336 
1703420451.792 -6.119 2.231 
1703420451.892 -6.176 2.128 
1703420451.995 -6.234 2.025 
1703420452.096 -6.292 1.922 
1703420452.195 -6.351 1.818 
1703420452.300 -6.415 1.715 
1703420452.395 -6.472 1.617 
1703420452.493 -6.528 1.519 
1703420452.594 -6.591 1.417 
1703420452.696 -6.658 1.315 
1703420452.797 -6.728 1.210 
1703420452.899 -6.791 1.110 
1703420452.996 -6.853 1.009 
1703420453.094 -6.916 0.908 
1703420453.196 -6.976 0.812 
1703420453.294 -7.030 0.719 
1703420453.394 -7.083 0.622 
1703420453.494 -7.146 0.522 
1703420453.595 -7.201 0.433 
1703420453.694 -7.253 0.340 
1703420453.797 -7.304 0.247 
1703420453.896 -7.351 0.156 
1703420453.997 -7.400 0.065 
1703420454.096 -7.447 -0.014 
1703420454.196 -7.490 -0.100 
1703420454.297 -7.532 -0.187 
1703420454.397 -7.569 -0.267 
1703420454.497 -7.596 -0.351 
1703420454.596 -7.627 -0.435 
1703420454.698 -7.661 -0.507 
1703420454.796 -7.692 -0.571 
1703420454.897 -7.721 -0.641 
1703420454.997 -7.736 -0.751 
1703420455.098 -7.744 -0.853 
1703420455.198 -7.764 -0.924 
1703420455.298 -7.793 -0.980 
1703420455.397 -7.817 -1.038 
1703420455.498 -7.822 -1.112 
1703420455.598 -7.824 -1.199 
1703420455.698 -7.789 -1.299 
1703420455.798 -7.726 -1.403 
1703420455.898 -7.643 -1.502 
1703420455.999 -7.542 -1.573 
1703420456.098 -7.434 -1.604 
1703420456.201 -7.314 -1.615 
1703420456.300 -7.221 -1.624 
1703420456.399 -7.171 -1.626 
1703420456.500 -7.116 -1.628 
1703420456.600 -7.028 -1.637 
1703420456.700 -6.937 -1.651 
1703420456.800 -6.849 -1.659 
1703420456.901 -6.785 -1.667 
1703420457.003 -6.737 -1.689 
1703420457.103 -6.665 -1.714 
1703420457.201 -6.576 -1.739 
1703420457.301 -6.493 -1.766 
1703420457.404 -6.416 -1.794 
