1703420548.874 1.462 0.140 
1703420548.875 1.463 0.140 
1703420548.974 1.445 0.060 
1703420551.591 1.568 -0.363 
1703420551.699 1.543 -0.375 
1703420554.209 1.844 -0.497 
1703420554.310 1.855 -0.478 
1703420554.410 1.853 -0.445 
1703420554.510 1.870 -0.327 
1703420554.610 1.887 -0.200 
1703420554.710 1.879 -0.155 
1703420554.818 1.872 -0.184 
1703420554.916 1.869 -0.217 
1703420555.016 1.887 -0.217 
1703420555.116 1.921 -0.162 
1703420555.218 1.948 -0.100 
1703420555.321 1.959 -0.055 
1703420555.424 1.979 -0.014 
1703420555.519 2.003 0.041 
1703420555.617 2.034 0.128 
1703420555.717 2.084 0.228 
1703420555.816 2.125 0.323 
1703420555.917 2.164 0.416 
1703420556.016 2.203 0.509 
1703420563.165 2.154 0.291 
1703420563.166 2.155 0.291 
1703420563.262 2.185 0.337 
1703420563.357 2.212 0.451 
1703420563.454 2.231 0.597 
1703420563.554 2.233 0.703 
1703420563.653 2.231 0.792 
1703420563.757 2.281 0.909 
1703420563.854 2.322 1.013 
1703420563.954 2.372 1.114 
1703420564.053 2.458 1.212 
1703420564.153 2.514 1.294 
1703420564.257 2.574 1.367 
1703420564.354 2.651 1.433 
1703420564.454 2.721 1.494 
1703420564.555 2.748 1.512 
1703420564.659 2.783 1.535 
1703420564.759 2.828 1.557 
1703420564.860 2.862 1.593 
1703420564.963 2.914 1.640 
1703420565.061 2.968 1.688 
1703420565.160 3.059 1.735 
1703420565.261 3.184 1.764 
1703420565.361 3.323 1.771 
1703420565.461 3.425 1.787 
1703420565.563 3.494 1.805 
1703420565.665 3.580 1.826 
1703420565.764 3.669 1.834 
1703420565.864 3.761 1.836 
1703420565.964 3.860 1.834 
1703420566.065 3.951 1.819 
1703420566.172 4.044 1.828 
1703420566.269 4.149 1.854 
1703420566.367 4.267 1.892 
1703420566.467 4.387 1.928 
1703420566.567 4.504 1.960 
1703420566.667 4.608 1.991 
1703420566.771 4.700 2.020 
1703420566.891 4.788 2.047 
1703420566.980 4.857 2.071 
1703420567.075 4.902 2.097 
1703420567.174 4.965 2.142 
1703420567.276 5.061 2.257 
1703420567.373 5.153 2.374 
1703420567.473 5.253 2.466 
1703420567.572 5.347 2.545 
1703420567.674 5.426 2.644 
1703420567.772 5.465 2.757 
1703420567.873 5.480 2.871 
1703420567.973 5.472 2.994 
1703420568.073 5.439 3.121 
1703420568.174 5.386 3.239 
1703420568.273 5.296 3.345 
1703420568.375 5.202 3.426 
1703420568.474 5.125 3.449 
1703420568.575 5.046 3.466 
1703420568.679 4.956 3.482 
1703420568.776 4.831 3.525 
1703420568.878 4.708 3.564 
1703420568.978 4.593 3.598 
1703420569.076 4.484 3.633 
1703420569.180 4.371 3.666 
1703420569.279 4.256 3.701 
1703420569.379 4.147 3.739 
1703420569.479 4.042 3.775 
1703420569.579 3.928 3.823 
1703420569.681 3.818 3.870 
1703420569.781 3.712 3.921 
1703420569.881 3.609 3.979 
1703420569.981 3.508 4.046 
1703420570.085 3.407 4.108 
1703420570.190 3.305 4.171 
1703420570.288 3.201 4.237 
1703420570.392 3.098 4.301 
1703420570.492 2.999 4.370 
1703420570.590 2.905 4.438 
1703420570.690 2.816 4.515 
1703420570.790 2.727 4.593 
1703420570.890 2.633 4.670 
1703420570.990 2.543 4.742 
1703420571.095 2.452 4.823 
1703420571.191 2.364 4.900 
1703420571.292 2.276 4.978 
1703420571.392 2.189 5.056 
1703420571.495 2.103 5.132 
1703420571.597 2.010 5.208 
1703420571.693 1.921 5.281 
1703420571.793 1.835 5.356 
1703420571.892 1.776 5.413 
1703420571.995 1.709 5.461 
1703420572.093 1.615 5.515 
1703420572.193 1.533 5.571 
1703420572.293 1.463 5.612 
1703420572.396 1.397 5.653 
1703420572.494 1.341 5.682 
1703420576.924 1.755 5.562 
1703420577.023 1.724 5.585 
1703420577.126 1.638 5.676 
1703420577.227 1.586 5.715 
1703420577.325 1.634 5.698 
1703420577.428 1.728 5.623 
1703420577.526 1.837 5.526 
1703420577.625 1.949 5.475 
1703420577.725 2.044 5.408 
1703420577.825 2.113 5.308 
1703420577.925 2.125 5.238 
1703420578.026 2.156 5.157 
1703420578.126 2.198 5.068 
1703420578.226 2.223 4.941 
1703420578.326 2.273 4.867 
1703420578.428 2.292 4.757 
1703420578.527 2.277 4.629 
1703420578.628 2.267 4.509 
1703420578.728 2.254 4.386 
1703420578.830 2.232 4.267 
1703420578.928 2.193 4.161 
1703420579.028 2.145 4.051 
1703420579.127 2.086 3.942 
1703420579.228 2.022 3.839 
1703420579.329 1.967 3.738 
1703420579.430 1.901 3.638 
1703420579.531 1.827 3.542 
1703420579.633 1.748 3.451 
1703420579.733 1.653 3.370 
1703420579.840 1.567 3.282 
1703420579.933 1.481 3.212 
1703420580.034 1.383 3.147 
1703420580.136 1.279 3.088 
1703420580.235 1.168 3.043 
1703420580.336 1.060 2.999 
1703420580.448 0.952 2.954 
1703420580.540 0.842 2.913 
1703420580.638 0.727 2.882 
1703420580.737 0.613 2.853 
1703420580.836 0.501 2.824 
1703420580.938 0.385 2.800 
1703420581.039 0.269 2.772 
1703420581.140 0.154 2.746 
1703420581.239 0.039 2.720 
1703420581.341 -0.076 2.693 
1703420581.444 -0.192 2.665 
1703420581.542 -0.307 2.638 
1703420581.640 -0.420 2.609 
1703420581.741 -0.532 2.576 
1703420581.841 -0.645 2.539 
1703420581.942 -0.754 2.502 
1703420582.042 -0.860 2.463 
1703420582.141 -0.964 2.420 
1703420582.241 -1.069 2.363 
1703420582.341 -1.174 2.302 
1703420582.441 -1.274 2.239 
1703420582.543 -1.369 2.167 
1703420582.642 -1.459 2.091 
1703420582.742 -1.551 2.014 
1703420582.842 -1.641 1.956 
1703420582.943 -1.728 1.879 
1703420583.043 -1.805 1.769 
1703420583.143 -1.868 1.659 
1703420583.243 -1.928 1.591 
1703420583.343 -1.977 1.549 
1703420583.450 -2.016 1.504 
1703420583.550 -2.051 1.454 
1703420583.650 -2.080 1.404 
1703420583.750 -2.105 1.350 
1703420583.852 -2.119 1.282 
1703420583.951 -2.121 1.211 
1703420584.051 -2.120 1.143 
1703420584.151 -2.115 1.070 
1703420584.253 -2.110 1.007 
1703420584.353 -2.109 0.941 
1703420584.453 -2.108 0.864 
1703420584.557 -2.106 0.784 
1703420584.657 -2.104 0.709 
1703420584.756 -2.102 0.632 
1703420584.856 -2.100 0.549 
1703420584.958 -2.098 0.466 
1703420585.057 -2.098 0.383 
1703420585.161 -2.102 0.295 
1703420585.260 -2.103 0.205 
1703420585.360 -2.103 0.114 
1703420585.460 -2.105 0.022 
1703420585.560 -2.106 -0.075 
1703420585.664 -2.111 -0.177 
1703420585.761 -2.114 -0.279 
1703420585.864 -2.116 -0.355 
1703420585.961 -2.119 -0.415 
1703420586.061 -2.121 -0.491 
1703420586.160 -2.124 -0.571 
1703420586.260 -2.127 -0.650 
1703420586.360 -2.128 -0.732 
1703420586.461 -2.129 -0.814 
1703420586.561 -2.132 -0.898 
1703420586.661 -2.135 -0.982 
1703420586.763 -2.135 -1.071 
1703420586.862 -2.134 -1.159 
1703420586.964 -2.139 -1.223 
1703420587.062 -2.120 -1.282 
1703420587.163 -2.096 -1.350 
1703420587.263 -2.082 -1.429 
1703420587.365 -2.070 -1.514 
1703420587.463 -2.072 -1.586 
1703420587.564 -2.056 -1.650 
1703420587.664 -2.031 -1.729 
1703420587.764 -2.005 -1.811 
1703420587.863 -1.990 -1.888 
1703420587.963 -1.966 -1.970 
1703420588.065 -1.935 -2.053 
1703420588.166 -1.901 -2.119 
1703420588.267 -1.872 -2.196 
1703420588.366 -1.843 -2.278 
1703420588.469 -1.819 -2.355 
1703420588.567 -1.797 -2.427 
1703420588.667 -1.768 -2.500 
1703420588.767 -1.734 -2.570 
1703420588.867 -1.703 -2.642 
1703420588.969 -1.672 -2.718 
1703420589.069 -1.635 -2.797 
1703420589.168 -1.568 -2.912 
1703420589.268 -1.500 -3.032 
1703420589.370 -1.439 -3.123 
1703420589.469 -1.391 -3.199 
1703420589.570 -1.365 -3.265 
1703420589.670 -1.340 -3.342 
1703420589.776 -1.316 -3.416 
1703420589.877 -1.274 -3.472 
1703420589.978 -1.202 -3.542 
1703420590.080 -1.137 -3.627 
1703420590.181 -1.071 -3.709 
1703420590.279 -0.999 -3.760 
1703420590.381 -0.894 -3.795 
1703420590.480 -0.772 -3.831 
1703420590.581 -0.678 -3.866 
1703420590.684 -0.593 -3.897 
1703420590.786 -0.505 -3.905 
1703420590.886 -0.434 -3.919 
1703420590.986 -0.361 -3.934 
1703420591.090 -0.270 -3.947 
1703420591.205 -0.184 -3.957 
1703420591.304 -0.098 -3.967 
1703420591.407 -0.004 -3.979 
1703420591.502 0.086 -3.990 
1703420591.602 0.176 -4.004 
1703420591.704 0.270 -4.019 
1703420591.803 0.359 -4.031 
1703420591.907 0.450 -4.043 
1703420592.011 0.546 -4.062 
1703420592.109 0.636 -4.080 
1703420592.209 0.727 -4.101 
1703420592.309 0.818 -4.123 
1703420592.409 0.908 -4.139 
1703420592.510 0.999 -4.156 
1703420592.610 1.087 -4.182 
1703420592.710 1.174 -4.207 
1703420592.812 1.261 -4.234 
1703420592.911 1.346 -4.257 
1703420593.012 1.430 -4.277 
1703420593.111 1.514 -4.301 
1703420593.212 1.595 -4.331 
1703420593.311 1.673 -4.362 
1703420593.412 1.751 -4.388 
1703420593.511 1.824 -4.426 
1703420593.612 1.895 -4.453 
1703420593.715 1.962 -4.484 
1703420593.814 2.030 -4.524 
1703420593.915 2.109 -4.583 
1703420596.043 2.133 -4.752 
1703420596.045 2.133 -4.752 
1703420596.145 2.135 -4.850 
1703420596.247 2.175 -4.995 
1703420596.352 2.225 -5.128 
1703420596.461 2.229 -5.228 
1703420596.562 2.240 -5.330 
1703420596.665 2.291 -5.418 
1703420596.759 2.383 -5.493 
1703420596.857 2.478 -5.575 
1703420596.959 2.575 -5.650 
1703420597.056 2.680 -5.708 
1703420597.156 2.798 -5.750 
1703420597.255 2.913 -5.759 
1703420597.355 3.035 -5.739 
1703420597.455 3.150 -5.713 
1703420597.557 3.255 -5.680 
1703420597.657 3.328 -5.657 
1703420597.757 3.403 -5.639 
1703420597.858 3.479 -5.627 
1703420597.959 3.547 -5.603 
1703420598.059 3.604 -5.569 
1703420598.159 3.636 -5.545 
1703420598.258 3.672 -5.531 
1703420598.359 3.745 -5.484 
1703420598.458 3.823 -5.438 
1703420598.562 3.891 -5.394 
1703420598.660 3.963 -5.332 
1703420598.759 4.030 -5.286 
1703420598.862 4.070 -5.262 
1703420598.960 4.118 -5.222 
1703420599.065 4.179 -5.179 
1703420599.167 4.242 -5.140 
1703420603.808 4.466 -4.799 
1703420603.907 4.433 -4.817 
1703420604.008 4.372 -4.858 
1703420604.111 4.303 -4.958 
1703420604.209 4.219 -5.053 
1703420604.310 4.125 -5.119 
1703420604.409 4.030 -5.188 
1703420604.509 3.936 -5.261 
1703420604.610 3.843 -5.342 
1703420604.708 3.753 -5.421 
1703420604.808 3.660 -5.490 
1703420604.913 3.553 -5.546 
1703420605.011 3.464 -5.580 
1703420605.109 3.404 -5.597 
1703420605.209 3.330 -5.610 
1703420605.310 3.258 -5.625 
1703420605.409 3.187 -5.648 
1703420605.510 3.132 -5.676 
1703420605.611 3.082 -5.694 
1703420605.712 3.032 -5.697 
1703420605.814 2.973 -5.695 
1703420605.914 2.907 -5.695 
1703420606.014 2.809 -5.654 
1703420606.115 2.705 -5.615 
1703420606.214 2.628 -5.589 
1703420606.315 2.567 -5.547 
1703420606.415 2.502 -5.520 
1703420606.515 2.421 -5.503 
1703420606.620 2.316 -5.476 
1703420606.718 2.200 -5.452 
1703420606.818 2.103 -5.433 
1703420606.918 2.019 -5.418 
1703420607.017 1.923 -5.413 
1703420607.119 1.816 -5.410 
1703420607.221 1.710 -5.405 
1703420607.319 1.609 -5.400 
1703420607.419 1.505 -5.404 
1703420607.519 1.432 -5.410 
1703420607.618 1.358 -5.419 
1703420607.719 1.263 -5.434 
1703420607.821 1.168 -5.453 
1703420607.921 1.076 -5.468 
1703420608.020 0.989 -5.476 
1703420608.128 0.896 -5.490 
1703420608.229 0.807 -5.509 
1703420608.328 0.715 -5.536 
1703420608.424 0.635 -5.558 
1703420608.526 0.545 -5.583 
1703420608.625 0.462 -5.605 
1703420608.723 0.381 -5.625 
1703420608.824 0.301 -5.641 
1703420608.926 0.224 -5.658 
1703420609.025 0.148 -5.676 
1703420609.126 0.071 -5.691 
1703420609.227 -0.013 -5.707 
1703420609.327 -0.091 -5.727 
1703420609.427 -0.174 -5.750 
1703420609.526 -0.254 -5.774 
1703420609.627 -0.334 -5.798 
1703420609.728 -0.413 -5.822 
1703420609.827 -0.491 -5.845 
1703420609.927 -0.570 -5.866 
1703420610.028 -0.645 -5.887 
1703420610.130 -0.720 -5.908 
1703420610.231 -0.794 -5.931 
1703420610.336 -0.867 -5.953 
1703420610.434 -0.938 -5.970 
1703420610.536 -1.023 -5.993 
1703420610.635 -1.141 -6.017 
1703420610.736 -1.242 -6.034 
1703420610.834 -1.315 -6.051 
1703420610.935 -1.381 -6.070 
1703420611.035 -1.435 -6.082 
1703420611.134 -1.499 -6.084 
1703420611.236 -1.534 -6.106 
1703420611.337 -1.577 -6.124 
1703420612.438 -1.601 -6.095 
1703420612.539 -1.592 -6.105 
1703420612.639 -1.598 -6.148 
1703420612.739 -1.574 -6.112 
1703420612.841 -1.517 -6.022 
1703420612.940 -1.509 -5.933 
1703420613.041 -1.502 -5.822 
1703420613.141 -1.474 -5.731 
1703420613.242 -1.401 -5.663 
1703420613.343 -1.312 -5.589 
1703420613.444 -1.225 -5.524 
1703420613.544 -1.148 -5.460 
1703420613.644 -1.076 -5.410 
1703420613.746 -0.991 -5.347 
1703420613.846 -0.911 -5.264 
1703420613.947 -0.838 -5.182 
1703420614.048 -0.769 -5.099 
1703420614.148 -0.720 -5.018 
1703420614.247 -0.686 -4.922 
1703420614.347 -0.669 -4.808 
1703420614.448 -0.656 -4.703 
1703420614.547 -0.662 -4.598 
1703420614.648 -0.676 -4.495 
1703420614.748 -0.708 -4.392 
1703420614.848 -0.751 -4.284 
1703420614.948 -0.800 -4.180 
1703420615.048 -0.846 -4.076 
1703420615.149 -0.905 -3.977 
1703420615.248 -0.975 -3.885 
1703420615.350 -1.046 -3.795 
1703420615.449 -1.117 -3.706 
1703420615.549 -1.187 -3.611 
1703420615.649 -1.271 -3.533 
1703420615.750 -1.353 -3.459 
1703420615.850 -1.443 -3.385 
1703420615.953 -1.530 -3.306 
1703420616.053 -1.617 -3.228 
1703420616.155 -1.704 -3.151 
1703420616.254 -1.792 -3.072 
1703420616.357 -1.879 -2.993 
1703420616.462 -1.963 -2.917 
1703420616.556 -2.040 -2.848 
1703420616.655 -2.117 -2.769 
1703420616.757 -2.191 -2.681 
1703420616.856 -2.268 -2.597 
1703420616.959 -2.341 -2.501 
1703420617.061 -2.411 -2.397 
1703420617.158 -2.470 -2.335 
1703420617.259 -2.518 -2.269 
1703420617.358 -2.554 -2.193 
1703420617.458 -2.565 -2.086 
1703420617.559 -2.584 -2.005 
1703420617.662 -2.596 -1.937 
1703420617.761 -2.592 -1.869 
1703420617.861 -2.582 -1.783 
1703420617.960 -2.560 -1.692 
1703420618.060 -2.542 -1.606 
1703420618.159 -2.536 -1.531 
1703420618.260 -2.527 -1.458 
1703420618.360 -2.511 -1.374 
1703420618.459 -2.487 -1.276 
1703420618.566 -2.465 -1.183 
1703420618.659 -2.447 -1.109 
1703420618.760 -2.428 -1.016 
1703420618.864 -2.427 -0.898 
1703420618.962 -2.426 -0.792 
1703420619.068 -2.422 -0.696 
1703420619.170 -2.411 -0.594 
1703420619.269 -2.403 -0.469 
1703420619.370 -2.384 -0.367 
1703420619.469 -2.386 -0.256 
1703420619.569 -2.417 -0.140 
1703420619.669 -2.469 -0.017 
1703420619.772 -2.520 0.108 
1703420619.871 -2.571 0.227 
1703420619.970 -2.597 0.324 
1703420620.071 -2.644 0.423 
1703420620.172 -2.710 0.504 
1703420620.273 -2.793 0.589 
1703420620.372 -2.879 0.683 
1703420620.476 -2.967 0.778 
1703420620.574 -3.053 0.849 
1703420620.676 -3.153 0.912 
1703420620.775 -3.251 0.977 
1703420620.875 -3.349 1.043 
1703420620.974 -3.452 1.108 
1703420621.074 -3.560 1.166 
1703420621.174 -3.675 1.205 
1703420621.274 -3.784 1.216 
1703420621.375 -3.900 1.210 
1703420621.475 -4.020 1.199 
1703420621.577 -4.134 1.183 
1703420621.678 -4.259 1.169 
1703420621.780 -4.380 1.146 
1703420621.879 -4.484 1.088 
1703420621.979 -4.566 1.030 
1703420622.079 -4.643 0.993 
1703420622.180 -4.703 0.935 
1703420622.283 -4.743 0.856 
1703420622.381 -4.780 0.770 
1703420622.493 -4.822 0.685 
1703420622.584 -4.856 0.614 
1703420622.683 -4.882 0.535 
1703420622.781 -4.905 0.459 
1703420622.881 -4.939 0.362 
1703420622.981 -4.974 0.263 
1703420623.082 -4.997 0.179 
1703420624.285 -4.882 -0.030 
1703420624.386 -4.951 -0.023 
1703420626.097 -5.129 -0.272 
1703420626.194 -5.087 -0.193 
1703420626.292 -5.045 -0.081 
1703420626.391 -5.019 0.058 
1703420626.494 -4.989 0.159 
1703420626.592 -5.002 0.268 
1703420626.691 -5.013 0.385 
1703420626.792 -5.015 0.505 
1703420626.893 -5.017 0.626 
1703420626.991 -5.020 0.743 
1703420627.092 -5.030 0.862 
1703420627.194 -5.038 0.979 
1703420627.295 -5.046 1.096 
1703420627.395 -5.048 1.212 
1703420627.498 -5.049 1.335 
1703420627.595 -5.051 1.448 
1703420627.696 -5.053 1.565 
1703420627.796 -5.054 1.682 
1703420627.897 -5.052 1.798 
1703420627.996 -5.048 1.915 
1703420628.096 -5.042 2.030 
1703420628.196 -5.038 2.147 
1703420628.297 -5.031 2.264 
1703420628.398 -5.033 2.384 
1703420628.500 -5.035 2.500 
1703420628.602 -5.028 2.600 
1703420628.703 -5.018 2.693 
1703420628.803 -5.020 2.760 
1703420628.904 -5.038 2.825 
1703420629.004 -5.033 2.883 
1703420629.105 -5.026 2.910 
1703420629.204 -4.995 2.942 
1703420629.306 -4.933 2.974 
1703420629.404 -4.871 3.001 
1703420629.504 -4.820 3.031 
1703420629.606 -4.773 3.064 
1703420629.705 -4.707 3.085 
1703420629.807 -4.632 3.112 
1703420629.906 -4.553 3.136 
1703420630.015 -4.480 3.126 
1703420630.107 -4.360 3.099 
1703420630.208 -4.237 3.063 
1703420630.308 -4.185 3.059 
1703420630.409 -4.140 3.055 
1703420630.510 -4.059 3.029 
1703420630.610 -3.951 2.993 
1703420630.710 -3.839 2.953 
1703420630.810 -3.739 2.918 
1703420630.910 -3.656 2.907 
1703420631.009 -3.566 2.868 
1703420631.113 -3.464 2.807 
1703420631.211 -3.356 2.748 
1703420631.313 -3.251 2.699 
1703420631.412 -3.152 2.659 
1703420631.511 -3.062 2.605 
1703420631.615 -2.963 2.540 
1703420631.716 -2.860 2.473 
1703420631.816 -2.762 2.411 
1703420631.917 -2.663 2.346 
1703420632.016 -2.560 2.283 
1703420632.117 -2.464 2.220 
1703420632.217 -2.366 2.156 
1703420632.317 -2.267 2.098 
1703420632.416 -2.171 2.039 
1703420632.517 -2.078 1.974 
1703420632.617 -1.983 1.910 
1703420632.717 -1.891 1.848 
1703420632.817 -1.814 1.790 
1703420632.918 -1.732 1.729 
1703420633.017 -1.650 1.667 
1703420633.119 -1.569 1.606 
1703420633.221 -1.486 1.546 
1703420633.324 -1.400 1.499 
1703420633.424 -1.327 1.450 
1703420633.526 -1.254 1.403 
1703420633.624 -1.173 1.353 
1703420633.723 -1.095 1.305 
1703420633.823 -1.021 1.256 
1703420633.924 -0.963 1.213 
1703420634.030 -0.889 1.169 
1703420634.125 -0.828 1.131 
1703420634.225 -0.758 1.097 
1703420634.324 -0.696 1.060 
1703420634.425 -0.608 1.027 
1703420634.526 -0.477 1.000 
1703420634.626 -0.367 0.963 
1703420634.726 -0.330 0.912 
1703420634.827 -0.299 0.870 
1703420634.927 -0.267 0.857 
1703420635.026 -0.200 0.864 
1703420635.126 -0.058 0.843 
1703420635.227 0.084 0.832 
1703420635.327 0.234 0.841 
1703420635.427 0.381 0.843 
1703420635.527 0.509 0.851 
1703420635.630 0.628 0.860 
1703420635.733 0.737 0.869 
1703420635.838 0.826 0.872 
1703420635.943 0.908 0.867 
1703420636.043 1.002 0.862 
1703420636.144 1.124 0.876 
1703420636.252 1.235 0.892 
1703420636.349 1.297 0.902 
1703420636.449 1.344 0.925 
1703420636.548 1.420 0.974 
1703420636.650 1.497 1.034 
1703420636.747 1.552 1.085 
1703420636.850 1.611 1.132 
1703420636.951 1.678 1.180 
1703420637.052 1.751 1.235 
1703420637.154 1.820 1.285 
1703420637.253 1.890 1.336 
1703420637.352 1.963 1.388 
1703420637.452 2.038 1.443 
1703420637.553 2.116 1.500 
1703420637.656 2.200 1.553 
1703420637.756 2.289 1.602 
1703420637.855 2.379 1.656 
1703420637.954 2.475 1.714 
1703420638.054 2.572 1.770 
1703420638.155 2.672 1.833 
1703420638.255 2.769 1.891 
1703420638.356 2.868 1.949 
1703420638.459 2.953 2.006 
1703420638.558 3.036 2.056 
1703420638.658 3.118 2.097 
1703420638.757 3.198 2.112 
1703420638.858 3.278 2.118 
1703420638.957 3.359 2.128 
1703420639.058 3.434 2.149 
1703420639.160 3.512 2.169 
1703420639.260 3.592 2.183 
1703420639.360 3.681 2.194 
1703420639.460 3.758 2.200 
1703420639.560 3.834 2.204 
1703420639.661 3.916 2.207 
1703420639.761 3.978 2.199 
1703420639.861 4.033 2.171 
1703420639.963 4.113 2.071 
1703420640.064 4.196 1.958 
1703420640.163 4.271 1.859 
1703420640.263 4.349 1.767 
1703420640.365 4.430 1.679 
1703420640.464 4.510 1.585 
1703420640.564 4.586 1.492 
1703420640.671 4.671 1.395 
1703420640.764 4.746 1.314 
1703420640.864 4.834 1.227 
1703420640.963 4.913 1.137 
1703420641.064 4.987 1.056 
1703420641.164 5.054 0.993 
1703420641.264 5.119 0.929 
1703420641.364 5.185 0.870 
1703420641.466 5.252 0.812 
1703420641.568 5.294 0.762 
1703420641.669 5.342 0.712 
1703420641.769 5.429 0.653 
1703420641.869 5.529 0.591 
1703420641.968 5.614 0.532 
1703420642.071 5.672 0.489 
1703420642.174 5.713 0.463 
1703420642.271 5.768 0.438 
1703420642.370 5.873 0.418 
1703420642.470 5.962 0.379 
1703420642.571 6.031 0.360 
1703420642.671 6.100 0.352 
1703420642.772 6.183 0.347 
1703420642.874 6.337 0.374 
1703420642.971 6.465 0.387 
1703420643.071 6.555 0.387 
1703420643.171 6.641 0.415 
1703420643.271 6.716 0.432 
1703420643.371 6.778 0.440 
1703420643.474 6.860 0.503 
1703420643.573 6.955 0.626 
1703420643.676 7.028 0.709 
1703420643.773 7.070 0.760 
1703420643.873 7.119 0.824 
1703420643.980 7.201 0.919 
1703420644.080 7.283 1.013 
1703420644.176 7.354 1.094 
1703420644.276 7.427 1.164 
1703420644.376 7.496 1.235 
1703420644.476 7.554 1.313 
1703420644.575 7.607 1.389 
1703420644.677 7.661 1.462 
1703420644.778 7.709 1.531 
1703420644.877 7.752 1.596 
1703420644.979 7.809 1.693 
1703420645.079 7.870 1.779 
1703420645.178 7.907 1.844 
1703420645.278 7.948 1.906 
1703420645.378 8.001 1.968 
1703420645.478 8.061 2.052 
1703420645.577 8.114 2.147 
1703420645.678 8.158 2.252 
1703420645.778 8.172 2.362 
1703420645.880 8.159 2.482 
1703420645.981 8.143 2.594 
1703420646.080 8.101 2.718 
1703420646.180 8.023 2.853 
1703420646.279 8.001 2.966 
1703420646.379 7.955 3.071 
1703420646.480 7.895 3.176 
1703420646.586 7.804 3.269 
1703420646.682 7.689 3.333 
1703420646.780 7.570 3.357 
1703420646.881 7.481 3.356 
1703420646.980 7.414 3.339 
1703420647.081 7.301 3.365 
1703420647.181 7.178 3.389 
1703420647.282 7.056 3.413 
1703420647.385 6.920 3.443 
1703420647.484 6.797 3.458 
1703420647.583 6.676 3.472 
1703420647.682 6.567 3.511 
1703420647.783 6.455 3.562 
1703420647.883 6.328 3.624 
1703420647.984 6.208 3.658 
1703420648.099 6.096 3.700 
1703420648.189 5.995 3.757 
1703420648.285 5.892 3.819 
1703420648.385 5.790 3.882 
1703420648.485 5.688 3.949 
1703420649.403 5.522 3.978 
1703420649.404 5.522 3.978 
1703420649.508 5.475 4.016 
1703420649.604 5.382 4.090 
1703420649.705 5.282 4.180 
1703420649.806 5.191 4.255 
1703420649.904 5.110 4.330 
1703420650.017 5.028 4.410 
1703420650.117 4.944 4.496 
1703420650.216 4.859 4.582 
1703420650.315 4.777 4.670 
1703420650.420 4.699 4.755 
1703420650.520 4.624 4.844 
1703420650.628 4.542 4.932 
1703420650.728 4.463 5.021 
1703420650.830 4.389 5.116 
1703420650.935 4.322 5.209 
1703420651.031 4.250 5.307 
1703420651.133 4.181 5.403 
1703420651.234 4.117 5.501 
1703420651.336 4.055 5.592 
1703420651.434 3.996 5.694 
1703420651.533 3.943 5.812 
1703420651.635 3.894 5.919 
1703420651.735 3.849 6.023 
1703420651.835 3.809 6.123 
1703420651.937 3.758 6.230 
1703420652.038 3.715 6.326 
1703420652.142 3.698 6.379 
1703420652.240 3.686 6.438 
1703420652.343 3.675 6.512 
1703420652.443 3.674 6.607 
1703420652.544 3.677 6.708 
1703420652.645 3.682 6.794 
1703420652.745 3.687 6.863 
1703420652.844 3.683 6.941 
1703420652.945 3.684 7.046 
1703420653.045 3.678 7.156 
1703420653.145 3.673 7.261 
1703420653.245 3.674 7.347 
1703420653.348 3.670 7.437 
1703420653.448 3.662 7.541 
1703420653.547 3.653 7.644 
1703420653.652 3.642 7.745 
1703420653.750 3.631 7.838 
1703420653.848 3.627 7.925 
1703420653.949 3.617 8.016 
1703420654.050 3.604 8.099 
1703420654.150 3.592 8.185 
1703420654.250 3.578 8.268 
1703420654.351 3.537 8.394 
1703420654.450 3.511 8.502 
1703420654.550 3.508 8.555 
1703420654.651 3.506 8.616 
1703420654.751 3.503 8.662 
1703420654.850 3.497 8.681 
1703420658.075 3.848 8.725 
1703420658.175 3.809 8.755 
1703420658.275 3.753 8.804 
1703420658.375 3.679 8.894 
1703420658.477 3.627 8.910 
1703420658.575 3.608 8.870 
1703420658.675 3.661 8.805 
1703420658.775 3.791 8.701 
1703420658.875 3.908 8.594 
1703420658.976 3.975 8.491 
1703420659.077 4.039 8.401 
1703420659.182 4.085 8.335 
1703420659.281 4.122 8.317 
1703420659.380 4.223 8.309 
1703420659.480 4.362 8.294 
1703420659.585 4.466 8.293 
1703420659.686 4.525 8.290 
1703420659.786 4.569 8.304 
1703420659.888 4.659 8.332 
1703420659.989 4.785 8.385 
1703420660.088 4.886 8.414 
1703420660.188 4.973 8.439 
1703420660.287 5.053 8.465 
1703420660.389 5.124 8.493 
1703420660.488 5.204 8.513 
1703420660.588 5.315 8.516 
1703420660.688 5.417 8.520 
1703420660.788 5.491 8.531 
1703420660.889 5.551 8.541 
1703420660.988 5.606 8.552 
1703420661.089 5.700 8.541 
1703420661.190 5.803 8.502 
1703420661.291 5.914 8.439 
1703420661.390 6.016 8.378 
1703420661.491 6.095 8.298 
1703420661.592 6.137 8.197 
1703420661.693 6.161 8.082 
1703420661.794 6.184 7.970 
1703420661.893 6.192 7.885 
1703420661.995 6.195 7.806 
1703420662.093 6.196 7.716 
1703420662.197 6.194 7.626 
1703420662.295 6.199 7.533 
1703420662.395 6.204 7.445 
1703420662.494 6.202 7.348 
1703420662.599 6.195 7.245 
1703420662.699 6.192 7.139 
1703420662.799 6.188 7.044 
1703420662.899 6.199 6.974 
1703420663.005 6.224 6.886 
1703420663.100 6.265 6.790 
1703420663.202 6.291 6.711 
1703420663.302 6.313 6.639 
1703420663.403 6.327 6.552 
1703420663.502 6.339 6.469 
1703420663.602 6.355 6.396 
1703420663.703 6.377 6.331 
1703420663.804 6.403 6.261 
1703420663.905 6.437 6.190 
1703420664.004 6.443 6.044 
1703420664.105 6.475 5.953 
1703420664.206 6.497 5.858 
1703420664.307 6.449 5.734 
1703420664.409 6.390 5.627 
1703420664.508 6.337 5.523 
1703420664.611 6.274 5.435 
1703420664.711 6.204 5.394 
1703420664.812 6.131 5.389 
1703420664.911 6.072 5.355 
1703420665.012 5.996 5.291 
1703420665.112 5.887 5.222 
1703420665.213 5.791 5.150 
1703420665.313 5.707 5.070 
1703420665.411 5.626 4.982 
1703420665.515 5.537 4.899 
1703420665.621 5.454 4.817 
1703420665.716 5.392 4.754 
1703420665.817 5.328 4.681 
1703420665.916 5.301 4.573 
1703420666.016 5.279 4.476 
1703420666.116 5.262 4.375 
1703420666.222 5.256 4.264 
1703420666.321 5.263 4.150 
1703420666.421 5.280 4.040 
1703420666.522 5.316 3.927 
1703420666.624 5.357 3.820 
1703420666.722 5.395 3.722 
1703420666.824 5.445 3.622 
1703420666.924 5.500 3.520 
1703420667.022 5.576 3.426 
1703420667.123 5.658 3.334 
1703420667.224 5.730 3.238 
1703420667.324 5.808 3.147 
1703420667.423 5.886 3.064 
1703420667.524 5.975 2.985 
1703420667.624 6.067 2.911 
1703420667.723 6.162 2.835 
1703420667.824 6.259 2.770 
1703420667.924 6.364 2.709 
1703420668.023 6.472 2.645 
1703420668.125 6.583 2.586 
1703420668.226 6.690 2.530 
1703420668.325 6.795 2.480 
1703420668.425 6.900 2.424 
1703420668.528 7.011 2.370 
1703420668.628 7.131 2.319 
1703420668.728 7.244 2.269 
1703420668.830 7.353 2.216 
1703420668.929 7.456 2.162 
1703420669.029 7.553 2.102 
1703420669.130 7.662 2.039 
1703420669.230 7.772 1.983 
1703420669.333 7.863 1.934 
1703420669.433 7.933 1.880 
1703420669.533 7.996 1.824 
1703420669.633 8.074 1.765 
1703420669.734 8.155 1.700 
1703420669.834 8.212 1.638 
1703420669.935 8.268 1.572 
1703420670.034 8.324 1.504 
1703420670.135 8.372 1.428 
1703420670.235 8.400 1.349 
1703420670.335 8.412 1.263 
1703420670.436 8.425 1.175 
1703420670.536 8.445 1.091 
1703420670.635 8.463 1.009 
1703420670.736 8.477 0.931 
1703420670.836 8.480 0.851 
1703420670.936 8.478 0.770 
1703420671.037 8.479 0.691 
1703420671.139 8.482 0.619 
1703420671.240 8.486 0.541 
1703420671.340 8.498 0.423 
1703420671.439 8.501 0.358 
1703420671.540 8.513 0.316 
1703420671.640 8.496 0.233 
1703420671.740 8.475 0.121 
1703420671.841 8.466 0.027 
1703420671.942 8.457 -0.056 
1703420672.040 8.441 -0.119 
1703420672.141 8.424 -0.183 
1703420672.241 8.422 -0.271 
1703420672.342 8.419 -0.372 
1703420672.445 8.417 -0.462 
1703420672.544 8.417 -0.539 
1703420672.644 8.419 -0.625 
1703420672.742 8.417 -0.714 
1703420672.844 8.413 -0.802 
1703420672.944 8.415 -0.880 
1703420673.044 8.424 -0.967 
1703420673.144 8.429 -1.058 
1703420673.245 8.430 -1.147 
1703420673.345 8.431 -1.231 
1703420673.445 8.437 -1.312 
1703420673.548 8.447 -1.400 
1703420673.648 8.452 -1.476 
1703420673.747 8.460 -1.547 
1703420673.847 8.479 -1.636 
1703420673.950 8.522 -1.758 
1703420674.052 8.579 -1.893 
1703420674.152 8.619 -1.987 
1703420674.252 8.642 -2.031 
1703420677.167 8.493 -1.944 
1703420677.268 8.488 -1.948 
1703420677.368 8.505 -1.969 
1703420677.469 8.501 -1.978 
1703420677.569 8.405 -1.962 
1703420677.668 8.271 -1.960 
1703420677.769 8.166 -1.947 
1703420677.870 8.073 -1.936 
1703420677.971 7.989 -1.929 
1703420678.071 7.903 -1.934 
1703420678.170 7.807 -1.945 
1703420678.270 7.710 -1.959 
1703420678.373 7.614 -1.964 
1703420678.475 7.514 -1.971 
1703420678.576 7.421 -1.979 
1703420678.676 7.334 -1.997 
1703420678.777 7.244 -2.015 
1703420678.876 7.159 -2.031 
1703420678.976 7.067 -2.043 
1703420679.076 6.977 -2.058 
1703420679.177 6.884 -2.075 
1703420679.277 6.788 -2.090 
1703420679.377 6.708 -2.114 
1703420679.477 6.623 -2.122 
1703420679.582 6.518 -2.118 
1703420679.678 6.429 -2.115 
1703420679.778 6.331 -2.115 
1703420679.878 6.232 -2.116 
1703420679.979 6.136 -2.117 
1703420680.078 6.041 -2.116 
1703420680.178 5.946 -2.116 
1703420680.278 5.852 -2.117 
1703420680.379 5.753 -2.114 
1703420680.479 5.664 -2.120 
1703420680.579 5.574 -2.119 
1703420680.680 5.484 -2.116 
1703420680.780 5.400 -2.113 
1703420680.880 5.323 -2.108 
1703420680.980 5.219 -2.095 
1703420681.080 5.094 -2.073 
1703420681.181 4.993 -2.058 
1703420681.284 4.897 -2.059 
1703420681.383 4.797 -1.996 
1703420681.484 4.692 -1.927 
1703420681.584 4.608 -1.836 
1703420681.684 4.560 -1.723 
1703420681.785 4.546 -1.645 
1703420681.885 4.514 -1.545 
1703420681.985 4.503 -1.469 
1703420682.087 4.497 -1.410 
1703420682.186 4.479 -1.346 
1703420682.286 4.475 -1.252 
1703420682.386 4.464 -1.179 
1703420682.485 4.453 -1.110 
1703420682.586 4.447 -1.024 
1703420682.689 4.439 -0.923 
1703420682.790 4.432 -0.827 
1703420682.889 4.432 -0.731 
1703420682.989 4.438 -0.640 
1703420683.089 4.463 -0.525 
1703420683.189 4.484 -0.411 
1703420683.288 4.498 -0.313 
1703420683.393 4.505 -0.247 
1703420683.494 4.514 -0.179 
1703420683.594 4.523 -0.094 
1703420683.694 4.532 -0.010 
1703420683.794 4.540 0.078 
1703420683.894 4.549 0.166 
1703420683.994 4.557 0.260 
1703420684.094 4.562 0.361 
1703420684.194 4.568 0.463 
1703420684.295 4.571 0.567 
1703420684.396 4.575 0.662 
1703420684.495 4.583 0.772 
1703420684.595 4.587 0.894 
1703420684.695 4.577 1.014 
1703420684.795 4.558 1.121 
1703420684.898 4.523 1.229 
1703420685.003 4.453 1.331 
1703420685.100 4.385 1.425 
1703420685.200 4.325 1.520 
1703420685.300 4.241 1.608 
1703420685.400 4.158 1.693 
1703420685.500 4.078 1.773 
1703420685.599 3.990 1.847 
1703420685.699 3.893 1.920 
1703420685.800 3.797 1.990 
1703420685.900 3.694 2.055 
1703420686.000 3.575 2.103 
1703420686.103 3.430 2.130 
1703420686.211 3.322 2.168 
1703420686.306 3.227 2.206 
1703420686.405 3.098 2.215 
1703420686.504 2.982 2.220 
1703420686.606 2.859 2.199 
1703420686.706 2.743 2.158 
1703420686.805 2.631 2.102 
1703420686.908 2.521 2.040 
1703420687.006 2.440 2.018 
1703420687.110 2.362 1.955 
1703420687.209 2.290 1.883 
1703420687.313 2.212 1.798 
1703420687.411 2.121 1.706 
1703420687.510 2.020 1.605 
1703420687.610 1.945 1.542 
1703420687.710 1.880 1.458 
1703420687.811 1.830 1.349 
1703420687.912 1.799 1.239 
1703420688.011 1.780 1.133 
1703420688.113 1.753 1.027 
1703420688.213 1.724 0.932 
1703420688.312 1.710 0.834 
1703420688.413 1.704 0.733 
1703420688.514 1.700 0.627 
1703420688.616 1.692 0.529 
1703420688.716 1.682 0.430 
1703420688.816 1.687 0.343 
1703420688.915 1.694 0.261 
1703420689.015 1.698 0.170 
1703420689.117 1.704 0.081 
1703420689.216 1.706 -0.001 
1703420689.319 1.714 -0.086 
1703420689.422 1.720 -0.169 
1703420689.522 1.725 -0.251 
1703420689.622 1.731 -0.333 
1703420689.723 1.736 -0.416 
1703420689.824 1.740 -0.500 
1703420689.924 1.745 -0.584 
1703420690.023 1.753 -0.667 
1703420690.123 1.762 -0.741 
1703420690.225 1.765 -0.820 
1703420690.324 1.767 -0.898 
1703420690.424 1.766 -0.975 
1703420690.527 1.756 -1.093 
1703420690.624 1.753 -1.213 
1703420690.725 1.743 -1.286 
1703420690.825 1.745 -1.366 
1703420690.926 1.744 -1.458 
1703420691.024 1.741 -1.552 
1703420691.125 1.740 -1.653 
1703420691.226 1.741 -1.754 
1703420691.327 1.740 -1.849 
1703420691.426 1.740 -1.944 
1703420691.526 1.740 -2.039 
1703420691.626 1.724 -2.111 
1703420691.727 1.719 -2.186 
1703420691.827 1.734 -2.274 
1703420691.928 1.756 -2.374 
1703420692.029 1.770 -2.465 
1703420692.126 1.779 -2.539 
1703420692.228 1.786 -2.600 
1703420692.331 1.793 -2.653 
1703420692.430 1.795 -2.726 
1703420692.531 1.785 -2.819 
1703420692.632 1.771 -2.911 
1703420692.731 1.765 -2.998 
1703420692.831 1.758 -3.089 
1703420692.932 1.745 -3.175 
1703420693.032 1.740 -3.267 
1703420693.131 1.737 -3.362 
1703420693.231 1.733 -3.459 
1703420693.330 1.740 -3.562 
1703420693.431 1.749 -3.670 
1703420693.532 1.736 -3.760 
1703420693.631 1.737 -3.852 
1703420693.732 1.764 -3.952 
1703420693.832 1.800 -4.067 
1703420693.936 1.842 -4.196 
1703420694.033 1.883 -4.312 
1703420694.133 1.921 -4.421 
1703420694.233 1.955 -4.523 
1703420694.333 1.987 -4.622 
1703420694.435 2.022 -4.709 
1703420694.533 2.057 -4.780 
1703420694.635 2.094 -4.853 
1703420694.734 2.130 -4.946 
1703420694.835 2.168 -5.026 
1703420694.935 2.213 -5.128 
1703420695.034 2.262 -5.238 
1703420695.135 2.336 -5.338 
1703420695.236 2.430 -5.419 
1703420695.336 2.513 -5.466 
1703420695.437 2.581 -5.465 
1703420695.537 2.699 -5.478 
1703420695.637 2.830 -5.482 
1703420695.737 2.951 -5.487 
1703420695.838 3.067 -5.479 
1703420695.938 3.187 -5.465 
1703420696.040 3.308 -5.452 
1703420696.143 3.429 -5.435 
1703420696.240 3.544 -5.415 
1703420696.342 3.661 -5.396 
1703420696.440 3.781 -5.376 
1703420696.541 3.900 -5.355 
1703420696.642 4.018 -5.335 
1703420696.741 4.136 -5.316 
1703420696.842 4.255 -5.298 
1703420696.946 4.369 -5.279 
1703420697.043 4.459 -5.270 
1703420697.144 4.539 -5.251 
1703420697.246 4.620 -5.239 
1703420697.345 4.704 -5.231 
1703420697.444 4.790 -5.223 
1703420697.543 4.877 -5.218 
1703420697.645 4.964 -5.219 
1703420697.745 5.052 -5.223 
1703420697.845 5.144 -5.226 
1703420697.946 5.238 -5.230 
1703420698.048 5.331 -5.233 
1703420698.149 5.428 -5.236 
1703420698.248 5.521 -5.235 
1703420698.349 5.602 -5.236 
1703420698.450 5.683 -5.234 
1703420698.551 5.791 -5.209 
1703420698.654 5.896 -5.171 
1703420698.752 5.973 -5.144 
1703420698.852 6.025 -5.135 
1703420701.762 5.966 -5.002 
1703420701.763 5.966 -5.002 
1703420701.863 5.969 -5.074 
1703420701.963 6.011 -5.201 
1703420702.064 6.078 -5.324 
1703420702.163 6.127 -5.432 
1703420702.265 6.177 -5.529 
1703420702.366 6.245 -5.633 
1703420702.467 6.306 -5.734 
1703420702.565 6.359 -5.834 
1703420702.666 6.418 -5.934 
1703420702.781 6.500 -6.032 
1703420702.873 6.570 -6.120 
1703420702.971 6.640 -6.219 
1703420703.069 6.712 -6.315 
1703420703.172 6.805 -6.395 
1703420703.277 6.901 -6.472 
1703420703.376 6.999 -6.543 
1703420703.476 7.103 -6.606 
1703420703.577 7.201 -6.672 
1703420703.676 7.293 -6.742 
1703420703.776 7.401 -6.805 
1703420703.876 7.529 -6.849 
1703420703.977 7.646 -6.891 
1703420704.077 7.757 -6.937 
1703420704.176 7.864 -6.982 
1703420704.278 7.990 -7.015 
1703420707.793 7.878 -7.158 
1703420707.894 7.879 -7.169 
1703420707.995 7.942 -7.176 
1703420708.095 7.926 -7.218 
1703420708.196 7.883 -7.271 
1703420708.296 7.830 -7.294 
1703420708.396 7.773 -7.296 
1703420708.497 7.714 -7.288 
1703420708.596 7.647 -7.275 
1703420708.700 7.563 -7.259 
1703420708.798 7.465 -7.220 
1703420708.897 7.331 -7.177 
1703420708.997 7.184 -7.133 
1703420709.097 7.029 -7.090 
1703420709.197 6.875 -7.059 
1703420709.300 6.751 -7.041 
1703420709.399 6.662 -7.037 
1703420709.499 6.561 -7.039 
1703420709.600 6.468 -7.036 
1703420709.701 6.392 -7.019 
1703420709.801 6.344 -6.984 
1703420709.903 6.276 -6.967 
1703420710.003 6.153 -7.043 
1703420710.103 6.048 -7.103 
1703420710.203 5.955 -7.172 
1703420710.304 5.860 -7.251 
1703420710.404 5.781 -7.321 
1703420710.507 5.710 -7.385 
1703420710.605 5.633 -7.449 
1703420710.704 5.551 -7.515 
1703420710.803 5.483 -7.575 
1703420710.904 5.411 -7.627 
1703420711.005 5.323 -7.676 
1703420711.107 5.247 -7.718 
1703420711.206 5.174 -7.758 
1703420711.304 5.115 -7.799 
1703420711.404 5.058 -7.837 
1703420711.503 4.981 -7.868 
1703420711.603 4.886 -7.886 
1703420711.706 4.798 -7.896 
1703420711.805 4.739 -7.905 
1703420711.911 4.687 -7.917 
1703420712.012 4.628 -7.933 
1703420712.112 4.551 -7.948 
1703420712.212 4.455 -7.959 
1703420712.313 4.361 -7.975 
1703420712.414 4.274 -7.990 
1703420712.517 4.219 -8.006 
1703420712.618 4.161 -8.019 
1703420712.718 4.072 -8.039 
1703420712.819 3.967 -8.059 
1703420712.919 3.872 -8.083 
1703420713.021 3.803 -8.104 
1703420713.122 3.746 -8.124 
1703420713.221 3.674 -8.143 
1703420713.319 3.565 -8.171 
1703420713.420 3.441 -8.197 
1703420713.519 3.327 -8.222 
1703420713.621 3.262 -8.247 
1703420713.722 3.206 -8.267 
1703420713.821 3.125 -8.276 
1703420713.922 3.030 -8.280 
1703420714.022 2.931 -8.283 
1703420714.123 2.835 -8.289 
1703420714.222 2.749 -8.298 
1703420714.326 2.657 -8.305 
1703420714.423 2.567 -8.310 
1703420714.525 2.471 -8.314 
1703420714.624 2.379 -8.319 
1703420714.724 2.284 -8.324 
1703420714.829 2.189 -8.329 
1703420714.930 2.102 -8.334 
1703420715.030 2.008 -8.337 
1703420715.133 1.914 -8.338 
1703420715.233 1.825 -8.339 
1703420715.332 1.735 -8.337 
1703420715.431 1.660 -8.334 
1703420715.531 1.584 -8.320 
1703420715.632 1.499 -8.295 
1703420715.731 1.414 -8.268 
1703420715.832 1.337 -8.245 
1703420715.932 1.266 -8.228 
1703420716.034 1.186 -8.212 
1703420716.133 1.105 -8.193 
1703420717.153 0.909 -8.228 
1703420717.154 0.909 -8.228 
1703420717.257 0.833 -8.252 
1703420717.353 0.694 -8.291 
1703420717.453 0.557 -8.328 
1703420717.554 0.448 -8.352 
1703420717.659 0.322 -8.359 
1703420717.762 0.200 -8.368 
1703420717.860 0.084 -8.383 
1703420717.966 -0.035 -8.401 
1703420718.063 -0.152 -8.417 
1703420718.164 -0.271 -8.434 
1703420718.263 -0.392 -8.452 
1703420718.368 -0.510 -8.469 
1703420718.467 -0.630 -8.487 
1703420718.570 -0.748 -8.504 
1703420718.670 -0.868 -8.522 
1703420718.767 -0.971 -8.539 
1703420718.866 -1.062 -8.549 
1703420718.966 -1.154 -8.563 
1703420719.067 -1.248 -8.578 
1703420719.166 -1.337 -8.593 
1703420719.267 -1.430 -8.608 
1703420719.367 -1.520 -8.624 
1703420719.469 -1.611 -8.641 
1703420719.569 -1.700 -8.657 
1703420719.670 -1.789 -8.673 
1703420719.768 -1.877 -8.689 
1703420719.871 -1.969 -8.706 
1703420719.969 -2.054 -8.722 
1703420720.071 -2.141 -8.740 
1703420720.171 -2.229 -8.757 
1703420720.270 -2.313 -8.774 
1703420720.370 -2.401 -8.792 
1703420720.471 -2.486 -8.810 
1703420720.570 -2.569 -8.827 
1703420720.671 -2.654 -8.843 
1703420720.770 -2.736 -8.860 
1703420720.872 -2.821 -8.878 
1703420720.972 -2.902 -8.893 
1703420721.071 -2.981 -8.907 
1703420721.173 -3.058 -8.919 
1703420721.273 -3.136 -8.929 
1703420721.373 -3.223 -8.942 
1703420721.473 -3.306 -8.955 
1703420721.575 -3.387 -8.964 
1703420721.675 -3.456 -8.971 
1703420721.775 -3.528 -8.977 
1703420721.876 -3.597 -8.980 
1703420721.981 -3.676 -8.983 
1703420722.081 -3.768 -8.993 
1703420722.181 -3.849 -8.989 
1703420722.285 -3.928 -8.985 
1703420722.385 -4.021 -8.985 
1703420722.484 -4.138 -8.977 
1703420722.587 -4.250 -8.958 
1703420722.683 -4.326 -8.938 
1703420722.793 -4.408 -8.925 
1703420722.890 -4.503 -8.913 
1703420722.988 -4.581 -8.904 
1703420723.087 -4.658 -8.894 
1703420723.186 -4.717 -8.869 
1703420723.286 -4.756 -8.830 
1703420723.387 -4.808 -8.753 
1703420723.488 -4.864 -8.662 
1703420723.587 -4.916 -8.634 
1703420723.687 -4.975 -8.590 
1703420723.788 -5.022 -8.519 
1703420723.888 -5.049 -8.429 
1703420723.987 -5.065 -8.334 
1703420724.088 -5.075 -8.223 
1703420724.189 -5.075 -8.126 
1703420724.290 -5.071 -8.054 
1703420724.390 -5.056 -7.975 
1703420726.410 -5.056 -7.833 
1703420726.412 -5.056 -7.833 
1703420726.514 -5.088 -7.814 
1703420726.613 -5.208 -7.778 
1703420726.715 -5.332 -7.728 
1703420726.814 -5.419 -7.674 
1703420726.918 -5.514 -7.620 
1703420727.016 -5.620 -7.565 
1703420727.121 -5.727 -7.508 
1703420727.217 -5.833 -7.449 
1703420727.315 -5.938 -7.393 
1703420727.415 -6.044 -7.338 
1703420727.515 -6.149 -7.280 
1703420727.618 -6.255 -7.220 
1703420727.717 -6.360 -7.160 
1703420727.817 -6.465 -7.104 
1703420727.917 -6.569 -7.048 
1703420728.017 -6.673 -6.988 
1703420728.117 -6.775 -6.924 
1703420728.217 -6.880 -6.858 
1703420728.318 -6.987 -6.796 
1703420728.418 -7.091 -6.738 
1703420728.520 -7.192 -6.683 
1703420728.618 -7.294 -6.627 
1703420728.719 -7.397 -6.564 
1703420728.819 -7.495 -6.495 
1703420728.918 -7.592 -6.425 
1703420732.738 -7.418 -6.175 
1703420732.838 -7.406 -6.185 
1703420732.939 -7.387 -6.242 
1703420733.042 -7.379 -6.386 
1703420733.140 -7.361 -6.507 
1703420733.240 -7.350 -6.625 
1703420733.339 -7.349 -6.748 
1703420733.439 -7.354 -6.850 
1703420733.540 -7.358 -6.928 
1703420733.639 -7.370 -7.012 
1703420733.743 -7.395 -7.115 
1703420733.843 -7.416 -7.211 
1703420733.943 -7.439 -7.308 
1703420734.044 -7.453 -7.411 
1703420734.146 -7.471 -7.523 
1703420734.249 -7.498 -7.638 
1703420734.345 -7.529 -7.751 
1703420734.444 -7.561 -7.815 
1703420734.545 -7.602 -7.881 
1703420734.647 -7.658 -7.967 
1703420734.747 -7.710 -8.049 
1703420734.847 -7.764 -8.126 
1703420734.947 -7.824 -8.202 
1703420735.049 -7.888 -8.287 
1703420739.577 -7.935 -8.936 
1703420739.578 -7.935 -8.936 
1703420739.680 -7.879 -8.918 
1703420739.780 -7.788 -8.871 
1703420739.880 -7.681 -8.813 
1703420739.981 -7.608 -8.746 
1703420740.080 -7.544 -8.667 
1703420740.179 -7.457 -8.583 
1703420740.280 -7.375 -8.495 
1703420740.381 -7.295 -8.401 
1703420740.482 -7.220 -8.314 
1703420740.583 -7.137 -8.225 
1703420740.682 -7.054 -8.140 
1703420740.783 -6.968 -8.055 
1703420740.887 -6.883 -7.971 
1703420740.988 -6.796 -7.887 
1703420741.084 -6.712 -7.805 
1703420741.185 -6.627 -7.722 
1703420741.286 -6.534 -7.641 
1703420741.385 -6.442 -7.560 
1703420741.486 -6.351 -7.476 
1703420741.587 -6.261 -7.391 
1703420741.686 -6.164 -7.318 
1703420741.785 -6.071 -7.241 
1703420741.885 -5.976 -7.167 
1703420741.986 -5.879 -7.096 
1703420742.086 -5.770 -7.026 
1703420742.186 -5.657 -6.956 
1703420742.286 -5.574 -6.890 
1703420742.387 -5.504 -6.853 
1703420742.487 -5.445 -6.821 
1703420742.587 -5.382 -6.786 
1703420742.688 -5.307 -6.755 
1703420742.789 -5.224 -6.729 
1703420742.892 -5.143 -6.699 
1703420742.992 -5.091 -6.665 
1703420743.092 -5.039 -6.636 
1703420743.198 -4.959 -6.623 
1703420743.298 -4.868 -6.610 
1703420743.396 -4.778 -6.597 
1703420743.496 -4.703 -6.582 
1703420743.601 -4.621 -6.573 
1703420743.699 -4.537 -6.565 
1703420743.798 -4.451 -6.555 
1703420743.899 -4.364 -6.549 
1703420744.000 -4.274 -6.545 
1703420744.100 -4.183 -6.541 
1703420744.200 -4.091 -6.539 
1703420744.302 -3.997 -6.538 
1703420744.401 -3.906 -6.537 
1703420744.500 -3.813 -6.535 
1703420744.600 -3.714 -6.534 
1703420744.701 -3.616 -6.533 
1703420744.800 -3.517 -6.531 
1703420744.901 -3.416 -6.529 
1703420745.004 -3.314 -6.525 
1703420745.101 -3.217 -6.521 
1703420745.203 -3.115 -6.522 
1703420745.304 -3.012 -6.512 
1703420745.407 -2.909 -6.502 
1703420745.504 -2.815 -6.491 
1703420745.604 -2.710 -6.476 
1703420745.704 -2.608 -6.461 
1703420745.808 -2.512 -6.449 
1703420745.907 -2.417 -6.436 
1703420746.005 -2.321 -6.418 
1703420746.110 -2.210 -6.378 
1703420746.207 -2.100 -6.335 
1703420746.306 -2.003 -6.310 
1703420746.406 -1.913 -6.291 
1703420746.507 -1.816 -6.263 
1703420746.609 -1.721 -6.214 
1703420746.707 -1.634 -6.162 
1703420746.807 -1.544 -6.109 
1703420746.907 -1.456 -6.076 
1703420747.012 -1.368 -6.034 
1703420747.113 -1.280 -5.981 
1703420747.212 -1.199 -5.928 
1703420747.314 -1.117 -5.867 
1703420747.415 -1.046 -5.784 
1703420747.515 -0.982 -5.700 
1703420747.616 -0.924 -5.647 
1703420747.716 -0.861 -5.572 
1703420747.816 -0.802 -5.482 
1703420747.918 -0.754 -5.386 
1703420748.017 -0.701 -5.296 
1703420748.117 -0.660 -5.203 
1703420748.218 -0.626 -5.113 
1703420748.317 -0.598 -5.023 
1703420748.418 -0.576 -4.929 
1703420748.517 -0.560 -4.824 
1703420748.617 -0.557 -4.714 
1703420748.721 -0.565 -4.610 
1703420748.818 -0.573 -4.514 
1703420748.918 -0.585 -4.407 
1703420749.018 -0.605 -4.300 
1703420749.119 -0.631 -4.198 
1703420749.219 -0.660 -4.105 
1703420749.321 -0.703 -4.006 
1703420749.419 -0.757 -3.903 
1703420749.521 -0.815 -3.812 
1703420749.619 -0.886 -3.730 
1703420749.720 -0.965 -3.649 
1703420749.819 -1.040 -3.571 
1703420749.920 -1.112 -3.493 
1703420750.020 -1.184 -3.416 
1703420750.123 -1.275 -3.338 
1703420750.221 -1.359 -3.262 
1703420750.322 -1.445 -3.180 
1703420750.421 -1.524 -3.105 
1703420750.522 -1.603 -3.029 
1703420750.623 -1.682 -2.947 
1703420750.724 -1.755 -2.864 
1703420750.823 -1.825 -2.790 
1703420750.924 -1.893 -2.719 
1703420751.026 -1.957 -2.653 
1703420751.126 -2.021 -2.556 
1703420751.224 -2.080 -2.458 
1703420751.325 -2.135 -2.388 
1703420751.425 -2.190 -2.320 
1703420751.525 -2.236 -2.237 
1703420751.626 -2.272 -2.158 
1703420751.727 -2.294 -2.088 
1703420751.828 -2.313 -2.026 
1703420751.927 -2.337 -1.957 
1703420752.027 -2.346 -1.837 
1703420752.128 -2.359 -1.735 
1703420752.227 -2.366 -1.644 
1703420752.327 -2.377 -1.552 
1703420752.430 -2.388 -1.461 
1703420752.527 -2.391 -1.382 
1703420752.628 -2.396 -1.296 
1703420752.731 -2.393 -1.201 
1703420752.830 -2.387 -1.096 
1703420752.930 -2.386 -0.986 
1703420753.030 -2.382 -0.901 
1703420753.129 -2.386 -0.817 
1703420753.231 -2.393 -0.718 
1703420753.329 -2.396 -0.628 
1703420753.430 -2.397 -0.533 
1703420753.534 -2.412 -0.416 
1703420753.631 -2.408 -0.324 
1703420753.732 -2.414 -0.232 
1703420753.832 -2.438 -0.130 
1703420753.931 -2.465 -0.027 
1703420754.032 -2.490 0.088 
1703420754.132 -2.525 0.195 
1703420754.234 -2.562 0.299 
1703420754.334 -2.594 0.404 
1703420754.438 -2.621 0.503 
1703420754.537 -2.646 0.591 
1703420754.636 -2.671 0.672 
1703420754.737 -2.699 0.759 
1703420754.837 -2.738 0.848 
1703420754.938 -2.793 0.926 
1703420755.040 -2.878 0.996 
1703420755.139 -2.956 1.053 
1703420755.238 -3.044 1.106 
1703420755.338 -3.140 1.171 
1703420755.441 -3.231 1.238 
1703420755.541 -3.312 1.291 
1703420755.643 -3.396 1.346 
1703420755.741 -3.491 1.384 
1703420755.840 -3.596 1.389 
1703420755.942 -3.704 1.384 
1703420756.047 -3.817 1.382 
1703420756.145 -3.924 1.392 
1703420756.243 -4.021 1.391 
1703420756.350 -4.133 1.365 
1703420756.447 -4.231 1.331 
1703420756.545 -4.336 1.276 
1703420756.645 -4.439 1.216 
1703420756.746 -4.540 1.174 
1703420756.845 -4.645 1.137 
1703420756.945 -4.742 1.080 
1703420757.047 -4.828 1.002 
1703420757.150 -4.915 0.920 
1703420757.250 -5.001 0.837 
1703420757.349 -5.084 0.750 
1703420757.448 -5.164 0.662 
1703420757.549 -5.244 0.572 
1703420757.650 -5.324 0.481 
1703420757.749 -5.400 0.389 
1703420757.850 -5.476 0.298 
1703420757.951 -5.553 0.203 
1703420758.055 -5.628 0.103 
1703420758.150 -5.696 0.011 
1703420758.250 -5.768 -0.084 
1703420758.359 -5.842 -0.180 
1703420758.453 -5.909 -0.279 
1703420758.552 -5.979 -0.385 
1703420758.652 -6.047 -0.486 
1703420758.754 -6.117 -0.587 
1703420758.853 -6.182 -0.688 
1703420758.952 -6.249 -0.788 
1703420759.053 -6.318 -0.892 
1703420759.152 -6.383 -0.998 
1703420759.252 -6.445 -1.101 
1703420759.352 -6.506 -1.209 
1703420759.454 -6.568 -1.318 
1703420759.551 -6.626 -1.428 
1703420759.652 -6.673 -1.541 
1703420759.752 -6.723 -1.663 
1703420759.855 -6.766 -1.776 
1703420759.956 -6.819 -1.890 
1703420760.057 -6.879 -1.987 
1703420760.158 -6.931 -2.100 
1703420760.259 -6.967 -2.215 
1703420760.359 -7.012 -2.333 
1703420760.458 -7.070 -2.448 
1703420760.558 -7.131 -2.548 
1703420760.660 -7.161 -2.642 
1703420760.759 -7.199 -2.765 
1703420764.184 -7.031 -3.294 
1703420764.286 -7.007 -3.229 
1703420764.387 -6.966 -3.075 
1703420764.486 -6.930 -2.926 
1703420764.587 -6.889 -2.836 
1703420764.687 -6.845 -2.759 
1703420764.787 -6.824 -2.681 
1703420765.695 -6.876 -2.760 
1703420765.796 -6.899 -2.788 
1703420765.895 -6.941 -2.799 
1703420765.995 -7.057 -2.817 
1703420766.097 -7.180 -2.812 
1703420766.197 -7.300 -2.817 
1703420766.298 -7.409 -2.806 
1703420766.401 -7.519 -2.763 
1703420766.499 -7.636 -2.716 
1703420766.599 -7.762 -2.666 
1703420766.698 -7.867 -2.643 
1703420766.797 -7.952 -2.595 
1703420766.898 -8.022 -2.506 
1703420766.999 -8.071 -2.416 
1703420767.101 -8.121 -2.338 
1703420767.200 -8.189 -2.247 
1703420767.300 -8.247 -2.164 
1703420767.402 -8.268 -2.095 
1703420767.505 -8.313 -2.001 
1703420767.602 -8.363 -1.889 
1703420767.701 -8.399 -1.780 
1703420767.802 -8.430 -1.667 
1703420767.903 -8.459 -1.555 
1703420768.003 -8.494 -1.438 
1703420768.103 -8.524 -1.325 
1703420768.203 -8.543 -1.208 
1703420768.303 -8.559 -1.090 
1703420768.406 -8.577 -0.968 
1703420768.505 -8.590 -0.847 
1703420768.609 -8.602 -0.729 
1703420768.706 -8.614 -0.617 
1703420768.806 -8.620 -0.496 
1703420768.905 -8.628 -0.376 
1703420769.005 -8.637 -0.255 
1703420769.105 -8.647 -0.136 
1703420769.206 -8.656 -0.013 
1703420769.306 -8.665 0.106 
1703420769.412 -8.675 0.232 
1703420769.507 -8.682 0.344 
1703420769.606 -8.688 0.459 
1703420769.707 -8.693 0.578 
1703420769.807 -8.699 0.696 
1703420769.906 -8.706 0.812 
1703420770.008 -8.712 0.926 
1703420770.108 -8.713 1.042 
1703420770.208 -8.717 1.158 
1703420770.308 -8.719 1.274 
1703420770.409 -8.722 1.383 
1703420770.513 -8.724 1.492 
1703420770.610 -8.726 1.602 
1703420770.709 -8.722 1.710 
1703420770.813 -8.715 1.816 
1703420770.911 -8.705 1.911 
1703420771.012 -8.655 2.024 
1703420771.112 -8.608 2.114 
1703420771.214 -8.528 2.196 
1703420771.318 -8.433 2.251 
1703420771.419 -8.368 2.287 
1703420771.516 -8.344 2.309 
1703420771.614 -8.307 2.298 
1703420771.715 -8.266 2.284 
1703420771.815 -8.184 2.281 
1703420771.915 -8.072 2.282 
1703420772.015 -8.009 2.295 
1703420772.116 -7.920 2.313 
1703420772.216 -7.805 2.334 
1703420772.317 -7.675 2.363 
1703420772.416 -7.586 2.352 
1703420772.516 -7.496 2.338 
1703420772.616 -7.408 2.359 
1703420772.723 -7.315 2.424 
1703420772.819 -7.216 2.500 
1703420772.917 -7.107 2.574 
1703420773.016 -6.993 2.645 
1703420773.117 -6.897 2.711 
1703420773.218 -6.826 2.775 
1703420773.317 -6.764 2.865 
1703420773.418 -6.711 2.987 
1703420773.521 -6.668 3.107 
1703420773.621 -6.663 3.243 
1703420773.718 -6.690 3.380 
1703420773.818 -6.711 3.505 
1703420773.919 -6.740 3.603 
1703420774.018 -6.777 3.705 
1703420774.119 -6.818 3.815 
1703420774.222 -6.861 3.894 
1703420774.320 -6.897 3.953 
1703420774.419 -6.924 4.017 
1703420774.520 -6.964 4.091 
1703420774.621 -7.033 4.184 
1703420774.720 -7.095 4.270 
1703420774.820 -7.133 4.333 
1703420774.921 -7.169 4.397 
1703420775.021 -7.214 4.469 
1703420775.121 -7.277 4.543 
1703420775.220 -7.336 4.616 
1703420775.321 -7.393 4.681 
1703420775.423 -7.463 4.746 
1703420775.522 -7.530 4.807 
1703420775.621 -7.579 4.853 
1703420775.725 -7.629 4.897 
1703420775.824 -7.681 4.944 
1703420775.923 -7.699 5.023 
1703420776.026 -7.700 5.126 
1703420776.130 -7.651 5.248 
1703420776.233 -7.581 5.373 
1703420776.330 -7.523 5.495 
1703420776.430 -7.465 5.606 
1703420776.529 -7.414 5.668 
1703420776.630 -7.369 5.683 
1703420776.730 -7.261 5.743 
1703420776.830 -7.149 5.825 
1703420776.931 -7.046 5.874 
1703420777.031 -6.982 5.906 
1703420777.131 -6.945 5.937 
1703420777.231 -6.899 5.964 
1703420777.331 -6.841 5.991 
1703420777.431 -6.788 6.020 
1703420777.532 -6.744 6.049 
1703420777.632 -6.710 6.085 
1703420777.732 -6.674 6.122 
1703420777.832 -6.634 6.150 
1703420777.937 -6.621 6.242 
1703420778.035 -6.592 6.305 
1703420778.134 -6.559 6.349 
1703420778.234 -6.519 6.378 
1703420778.335 -6.485 6.423 
1703420778.434 -6.479 6.486 
1703420778.535 -6.462 6.540 
1703420778.634 -6.448 6.554 
1703420778.736 -6.474 6.614 
1703420778.834 -6.514 6.730 
1703420782.153 -6.703 6.758 
1703420782.253 -6.667 6.734 
1703420782.355 -6.609 6.698 
1703420782.455 -6.532 6.601 
1703420782.554 -6.452 6.534 
1703420782.656 -6.392 6.458 
1703420782.756 -6.265 6.370 
1703420782.855 -6.180 6.299 
1703420782.954 -6.113 6.279 
1703420783.055 -6.057 6.293 
1703420784.560 -6.083 6.138 
1703420784.660 -6.031 6.198 
1703420784.761 -5.946 6.280 
1703420784.861 -5.917 6.326 
1703420784.963 -5.924 6.339 
1703420785.063 -5.976 6.310 
1703420785.164 -6.053 6.182 
1703420785.265 -6.134 6.046 
1703420785.365 -6.230 5.913 
1703420785.465 -6.317 5.785 
1703420785.568 -6.373 5.671 
1703420785.669 -6.406 5.574 
1703420785.770 -6.413 5.492 
1703420785.869 -6.395 5.419 
1703420785.969 -6.371 5.336 
1703420786.068 -6.350 5.250 
1703420786.168 -6.326 5.158 
1703420786.269 -6.298 5.063 
1703420786.370 -6.281 4.978 
1703420786.470 -6.282 4.910 
1703420786.575 -6.263 4.824 
1703420786.681 -6.217 4.729 
1703420786.779 -6.164 4.616 
1703420786.878 -6.102 4.495 
1703420786.978 -6.042 4.391 
1703420787.078 -5.993 4.294 
1703420787.180 -5.930 4.199 
1703420787.279 -5.857 4.109 
1703420787.382 -5.777 4.011 
1703420787.486 -5.697 3.911 
1703420787.584 -5.620 3.814 
1703420787.686 -5.550 3.729 
1703420787.791 -5.474 3.639 
1703420787.888 -5.399 3.552 
1703420787.987 -5.327 3.463 
1703420788.086 -5.250 3.373 
1703420788.186 -5.169 3.286 
1703420788.287 -5.067 3.206 
1703420788.388 -4.959 3.118 
1703420788.486 -4.869 3.047 
1703420788.590 -4.763 2.995 
1703420788.687 -4.650 2.944 
1703420788.787 -4.525 2.894 
1703420788.888 -4.431 2.839 
1703420788.989 -4.354 2.782 
1703420789.090 -4.277 2.743 
1703420789.187 -4.186 2.726 
1703420789.295 -4.066 2.699 
1703420789.393 -3.957 2.673 
1703420789.491 -3.857 2.651 
1703420789.591 -3.744 2.635 
1703420789.689 -3.633 2.640 
1703420789.790 -3.534 2.643 
1703420789.891 -3.431 2.644 
1703420789.990 -3.336 2.645 
1703420790.089 -3.240 2.648 
1703420790.191 -3.141 2.651 
1703420790.291 -3.046 2.654 
1703420790.390 -2.951 2.658 
1703420790.492 -2.854 2.662 
1703420790.592 -2.754 2.663 
1703420790.691 -2.654 2.663 
1703420790.791 -2.559 2.660 
1703420790.895 -2.465 2.657 
1703420790.997 -2.367 2.653 
1703420791.095 -2.266 2.647 
1703420791.197 -2.160 2.648 
1703420791.297 -2.053 2.654 
1703420791.396 -1.951 2.659 
1703420791.497 -1.846 2.662 
1703420791.598 -1.741 2.665 
1703420791.702 -1.636 2.668 
1703420791.800 -1.526 2.674 
1703420791.901 -1.418 2.679 
1703420792.000 -1.313 2.684 
1703420792.101 -1.207 2.688 
1703420792.201 -1.104 2.693 
1703420792.301 -1.002 2.698 
1703420792.404 -0.900 2.703 
1703420792.502 -0.794 2.709 
1703420792.605 -0.688 2.710 
1703420792.702 -0.592 2.711 
1703420792.803 -0.490 2.712 
1703420792.903 -0.389 2.714 
1703420793.005 -0.292 2.717 
1703420793.106 -0.191 2.717 
1703420793.207 -0.095 2.715 
1703420793.308 -0.001 2.719 
1703420793.410 0.099 2.721 
1703420793.513 0.199 2.717 
1703420793.610 0.289 2.709 
1703420793.711 0.384 2.710 
1703420793.812 0.477 2.717 
1703420793.912 0.572 2.731 
1703420794.012 0.664 2.751 
1703420794.112 0.756 2.777 
1703420794.212 0.849 2.808 
1703420794.315 0.940 2.843 
1703420794.414 1.032 2.886 
1703420794.514 1.120 2.934 
1703420794.615 1.202 2.994 
1703420794.715 1.279 3.058 
1703420794.814 1.366 3.124 
1703420794.914 1.447 3.196 
1703420795.016 1.518 3.278 
1703420795.117 1.574 3.369 
1703420795.216 1.633 3.467 
1703420795.320 1.694 3.559 
1703420795.420 1.751 3.650 
1703420795.519 1.803 3.741 
1703420795.620 1.847 3.847 
1703420795.722 1.886 3.949 
1703420795.822 1.916 4.055 
1703420795.921 1.943 4.163 
1703420796.021 1.956 4.278 
1703420796.122 1.967 4.390 
1703420796.223 1.967 4.509 
1703420796.322 1.953 4.627 
1703420796.421 1.928 4.744 
1703420796.523 1.883 4.861 
1703420796.623 1.853 4.968 
1703420796.723 1.826 5.078 
1703420796.824 1.784 5.195 
1703420796.924 1.725 5.296 
1703420797.024 1.660 5.391 
1703420797.124 1.570 5.475 
1703420797.223 1.480 5.543 
1703420797.326 1.394 5.614 
1703420797.426 1.308 5.678 
1703420797.525 1.204 5.733 
1703420797.626 1.093 5.777 
1703420797.726 0.984 5.820 
1703420797.826 0.874 5.866 
1703420797.927 0.758 5.894 
1703420798.026 0.640 5.909 
1703420798.129 0.517 5.920 
1703420798.228 0.399 5.926 
1703420798.328 0.280 5.931 
1703420798.430 0.161 5.934 
1703420798.529 0.045 5.934 
1703420798.630 -0.074 5.936 
1703420798.730 -0.188 5.938 
1703420798.829 -0.295 5.936 
1703420798.932 -0.398 5.932 
1703420799.033 -0.512 5.914 
1703420799.135 -0.634 5.902 
1703420799.234 -0.744 5.891 
1703420799.337 -0.856 5.884 
1703420799.448 -0.967 5.875 
1703420799.545 -1.080 5.866 
1703420799.644 -1.192 5.863 
1703420799.740 -1.303 5.858 
1703420799.839 -1.418 5.855 
1703420799.939 -1.519 5.858 
1703420800.042 -1.600 5.868 
1703420800.141 -1.675 5.869 
1703420800.241 -1.804 5.912 
1703420800.340 -1.937 5.969 
1703420800.441 -2.003 5.952 
1703420800.543 -2.072 5.926 
1703420800.643 -2.144 5.976 
1703420800.743 -2.188 6.043 
1703420800.843 -2.220 6.152 
1703420800.943 -2.262 6.280 
1703420801.044 -2.287 6.407 
1703420801.146 -2.302 6.519 
1703420801.249 -2.308 6.616 
1703420801.347 -2.301 6.700 
1703420801.447 -2.291 6.758 
1703420801.546 -2.300 6.781 
1703420801.646 -2.293 6.825 
1703420801.747 -2.257 6.931 
1703420801.847 -2.221 7.045 
1703420801.948 -2.195 7.146 
1703420802.047 -2.170 7.240 
1703420802.146 -2.148 7.298 
1703420802.250 -2.136 7.365 
1703420802.348 -2.122 7.441 
1703420802.455 -2.109 7.521 
1703420802.553 -2.094 7.606 
1703420802.651 -2.078 7.692 
1703420803.857 -1.929 7.771 
1703420803.859 -1.929 7.771 
1703420803.957 -1.857 7.792 
1703420804.059 -1.761 7.834 
1703420804.158 -1.653 7.883 
1703420804.258 -1.574 7.947 
1703420804.358 -1.500 8.015 
1703420804.461 -1.401 8.087 
1703420804.559 -1.303 8.154 
1703420804.661 -1.194 8.210 
1703420804.761 -1.075 8.262 
1703420804.867 -1.021 8.312 
1703420804.973 -0.992 8.336 
1703420805.076 -0.932 8.348 
1703420805.178 -0.862 8.362 
1703420805.276 -0.804 8.383 
1703420805.376 -0.743 8.401 
1703420805.474 -0.678 8.415 
1703420805.581 -0.610 8.425 
1703420805.680 -0.541 8.433 
1703420805.789 -0.470 8.440 
1703420805.892 -0.398 8.446 
1703420805.992 -0.325 8.450 
1703420806.091 -0.252 8.452 
1703420806.190 -0.177 8.454 
1703420806.289 -0.104 8.455 
1703420806.389 -0.028 8.458 
1703420806.491 0.048 8.459 
1703420806.589 0.125 8.460 
1703420806.690 0.202 8.462 
1703420806.791 0.283 8.466 
1703420806.892 0.356 8.465 
1703420806.990 0.430 8.468 
1703420807.094 0.507 8.473 
1703420807.191 0.584 8.477 
1703420807.295 0.684 8.475 
1703420807.394 0.808 8.477 
1703420807.500 0.919 8.480 
1703420807.593 0.999 8.484 
1703420807.693 1.102 8.492 
1703420807.793 1.199 8.500 
1703420807.895 1.298 8.506 
1703420807.999 1.400 8.515 
1703420808.096 1.499 8.519 
1703420808.199 1.595 8.527 
1703420808.297 1.699 8.538 
1703420808.396 1.794 8.548 
1703420808.498 1.891 8.554 
1703420808.598 1.989 8.561 
1703420808.697 2.090 8.565 
1703420808.801 2.189 8.571 
1703420808.900 2.283 8.575 
1703420808.998 2.383 8.576 
1703420809.098 2.481 8.574 
1703420809.199 2.581 8.576 
1703420809.298 2.683 8.581 
1703420809.402 2.782 8.592 
1703420809.509 2.875 8.592 
1703420809.622 2.989 8.590 
1703420809.710 3.067 8.589 
1703420809.809 3.141 8.587 
1703420809.908 3.213 8.591 
1703420810.008 3.279 8.602 
1703420810.112 3.351 8.604 
1703420810.210 3.437 8.601 
1703420810.311 3.510 8.598 
1703420810.410 3.581 8.597 
1703420810.509 3.656 8.595 
1703420810.610 3.735 8.595 
1703420810.710 3.815 8.599 
1703420810.814 3.892 8.604 
1703420810.913 3.967 8.603 
1703420811.014 4.043 8.597 
1703420811.115 4.119 8.595 
1703420811.217 4.197 8.595 
1703420811.319 4.278 8.597 
1703420811.419 4.360 8.601 
1703420811.518 4.432 8.600 
1703420811.618 4.510 8.599 
1703420811.719 4.590 8.598 
1703420811.825 4.668 8.597 
1703420811.925 4.748 8.596 
1703420812.023 4.826 8.596 
1703420812.123 4.909 8.595 
1703420812.222 4.987 8.595 
1703420812.322 5.064 8.594 
1703420812.424 5.144 8.594 
1703420812.525 5.224 8.594 
1703420812.624 5.303 8.594 
1703420812.724 5.383 8.593 
1703420812.824 5.466 8.594 
1703420812.924 5.547 8.593 
1703420813.025 5.625 8.593 
1703420813.125 5.702 8.596 
1703420813.226 5.785 8.598 
1703420813.325 5.861 8.599 
1703420813.428 5.942 8.602 
1703420813.526 6.022 8.605 
1703420813.632 6.106 8.605 
1703420813.729 6.186 8.606 
1703420813.826 6.265 8.606 
1703420813.927 6.339 8.610 
1703420814.026 6.417 8.610 
1703420814.126 6.492 8.611 
1703420814.227 6.565 8.611 
1703420814.326 6.641 8.611 
1703420814.427 6.719 8.611 
1703420814.526 6.797 8.612 
1703420814.627 6.876 8.614 
1703420814.727 6.953 8.615 
1703420814.827 7.028 8.613 
1703420814.927 7.104 8.610 
1703420815.029 7.180 8.609 
1703420815.128 7.254 8.613 
1703420815.228 7.329 8.620 
1703420815.328 7.401 8.623 
1703420815.432 7.478 8.632 
1703420815.530 7.565 8.653 
1703420815.630 7.671 8.688 
1703420815.730 7.774 8.706 
1703420815.845 7.840 8.707 
